0.0002
0.001725
0.004375
0.012025
0.019925
0.034175
0.052
0.06065
0.0882
0.0995
0.105675
0.133175
0.167925
0.20255
0.22075
0.2294
0.236275
0.24025
0.256925
0.28585
0.29775
0.31915
0.3304
0.34455
0.36515
0.3663
0.378825
0.381175
0.394175
0.4061
0.42885
0.46055
0.46545
0.475475
0.478625
0.572125
0.62525
0.630375
0.644775
0.647825
0.6706
0.677475
0.68385
0.72365
0.7238
0.803375
0.899175
0.9023
0.988125
1.007525
1.020375
1.03
1.123625
1.15
1.150825
1.16715
1.20055
1.228
1.235775
1.249575
1.2733
1.282575
1.28665
1.332075
1.3575
1.361
1.399475
1.40125
1.4623
1.498
1.643025
1.695625
1.7286
1.72935
1.743725
1.8106
1.815225
1.850375
1.908925
1.947025
1.9626
2.089925
2.091725
2.174175
2.20785
2.26465
2.271675
2.326925
2.54875
2.552975
2.643125
2.649875
2.813475
2.91805
3.072125
3.091275
3.155075
3.2132
3.25895
3.297825
3.327375
3.35205
3.621175
3.725875
3.731325
3.937375
4.2196
4.827475
5.073025
5.19675
5.2401
5.28515
5.573575
6.3951
6.6692
6.699175
7.114475
7.3107
7.340375
7.462175
7.46865
7.50695
7.508325
7.760525
7.80865
8.382025
8.7971
8.848525
8.8979
9.396125
9.475775
9.551475
9.555475
133
