0.00045
0.001775
0.005275
0.016025
0.035325
0.03635
0.03825
0.04785
0.050175
0.066625
0.084825
0.090825
0.09635
0.1169
0.129
0.136575
0.155125
0.1694
0.213975
0.2267
0.2294
0.2398
0.244075
0.248725
0.278775
0.28715
0.291475
0.29815
0.314525
0.35675
0.367975
0.3918
0.40395
0.4088
0.450375
0.473775
0.4922
0.49355
0.52085
0.545525
0.597875
0.6016
0.635
0.64285
0.644275
0.6479
0.664175
0.66835
0.689
0.69785
0.72945
0.76845
0.8128
0.851325
0.88765
0.88995
0.94025
1.013625
1.0151
1.214525
1.2371
1.351425
1.416725
1.416825
1.43345
1.495875
1.620225
1.623625
1.637
1.7221
1.7874
1.945725
1.947125
1.956875
2.0309
2.0514
2.0698
2.076725
2.101525
2.146775
2.16775
2.1995
2.297775
2.2981
2.343275
2.355975
2.3842
2.40405
2.4615
2.680825
2.7477
2.80255
2.860375
2.952325
3.126775
3.238925
3.30675
3.389675
3.40435
3.50325
3.57365
3.60305
3.622775
3.667725
3.708
3.73155
3.766525
3.855025
3.910975
3.9204
3.947775
3.9737
4.2463
4.29385
4.61045
4.681375
4.886975
5.15375
5.160425
5.483075
5.773175
5.814925
5.92585
6.17085
6.198825
6.56735
7.213825
7.249475
7.7511
8.352525
8.362925
8.5782
8.716525
8.805125
9.008525
9.098925
9.516925
9.605975
138
