0.008725
0.012825
0.01845
0.024375
0.02655
0.03805
0.038125
0.0529
0.065525
0.07875
0.088
0.132675
0.137175
0.140175
0.1523
0.1547
0.155325
0.167325
0.169375
0.174075
0.1905
0.1914
0.192525
0.19295
0.195825
0.196225
0.226
0.227925
0.2606
0.2965
0.30245
0.310975
0.3217
0.325625
0.342275
0.3644
0.4138
0.45025
0.461575
0.4665
0.518925
0.530475
0.559125
0.5602
0.561775
0.566525
0.5712
0.6305
0.67895
0.687125
0.7212
0.728975
0.745025
0.7965
0.846675
0.851725
1.07145
1.0983
1.14355
1.1832
1.2259
1.254375
1.26345
1.292475
1.332875
1.3986
1.442325
1.484925
1.5006
1.51255
1.525375
1.5795
1.6211
1.713025
1.7648
1.830975
1.8338
1.838275
1.846775
2.00945
2.022475
2.14935
2.1723
2.216725
2.2908
2.298825
2.3213
2.36925
2.45315
2.551375
2.57945
2.60385
2.68295
2.8086
2.996525
3.048825
3.08465
3.379625
3.489175
3.511375
3.524275
3.59015
3.833825
4.1071
4.466675
4.548875
4.565775
4.58455
4.724825
4.762525
4.907225
4.949025
5.417325
5.431
5.7199
5.856675
6.13745
6.13805
6.4532
6.49425
6.902725
6.92585
7.0767
7.740075
8.077075
8.1676
8.5254
8.653575
9.2193
9.725525
130
