0.002975
0.020675
0.021375
0.02145
0.029725
0.0388
0.053525
0.0548
0.05865
0.066375
0.078425
0.105825
0.118875
0.1252
0.137925
0.146075
0.155975
0.160475
0.1757
0.176225
0.181925
0.212975
0.224275
0.225475
0.25125
0.2546
0.267725
0.2696
0.310625
0.348725
0.3529
0.360775
0.364175
0.3825
0.3864
0.3967
0.4225
0.43385
0.473375
0.53555
0.542775
0.56605
0.57575
0.594025
0.7066
0.742325
0.8035
0.822625
0.8343
0.846775
0.869425
0.886525
0.892725
0.9093
0.93295
0.975225
1.000225
1.01715
1.0593
1.094425
1.12965
1.211825
1.2672
1.2948
1.400775
1.406875
1.448475
1.539925
1.5422
1.546925
1.67965
1.686675
1.7032
1.7087
1.763125
1.772975
1.813475
1.8565
1.88235
1.8911
1.9625
1.965775
1.9998
2.051675
2.063075
2.1992
2.298625
2.51325
2.72955
2.851375
2.854425
2.95635
3.040225
3.27315
3.41215
3.500275
3.52785
3.62595
3.6687
3.725175
3.8136
3.813725
3.99335
4.16645
4.17475
4.566425
4.59315
4.61295
4.89125
5.0648
5.08625
5.2418
5.5988
6.06995
6.570625
6.6411
7.18395
7.316675
7.37765
7.78625
7.9217
7.9784
8.07325
8.26865
8.287975
8.4482
8.464275
8.6377
8.644825
8.6997
8.8991
8.926425
9.22335
9.2818
9.363525
9.393875
9.753075
137
