0.0054
0.01675
0.0196
0.039675
0.051925
0.056325
0.06185
0.06535
0.070225
0.0744
0.107125
0.1511
0.1536
0.161075
0.1628
0.1807
0.18595
0.190075
0.1997
0.20105
0.204575
0.229375
0.231225
0.26815
0.28765
0.299525
0.306375
0.325425
0.3272
0.3525
0.4593
0.478275
0.490275
0.505675
0.505975
0.534175
0.5563
0.563625
0.5681
0.571375
0.626575
0.664675
0.7012
0.703025
0.74185
0.758475
0.7713
0.8072
0.831775
0.8479
0.8675
0.9094
0.919
0.974975
0.9899
1.035375
1.043775
1.051025
1.05765
1.07225
1.084575
1.09545
1.17715
1.1794
1.24865
1.2717
1.2803
1.344275
1.399825
1.423975
1.490875
1.5822
1.64255
1.66735
1.6805
1.710125
1.7897
1.795125
1.8644
1.92355
2.0098
2.150825
2.181175
2.192975
2.27005
2.29155
2.470075
2.47125
2.511825
2.65985
2.7898
3.0322
3.07575
3.0824
3.210675
3.34985
3.46015
3.526075
3.767675
3.78505
3.882425
3.900975
3.959525
4.137775
4.164875
4.24185
4.79445
4.913225
5.05805
5.48265
5.673475
5.760325
5.81085
5.854975
6.105475
6.220925
6.805675
6.881125
6.961325
7.0308
7.5029
7.95395
8.230325
8.23325
8.3512
8.382325
8.404275
8.633025
8.676375
8.9751
8.983625
9.075125
9.2461
133
