0.007375
0.0238
0.026375
0.056425
0.0683
0.104375
0.1237
0.1245
0.127675
0.14655
0.1503
0.16925
0.19535
0.232275
0.24485
0.2497
0.253625
0.26115
0.266125
0.276225
0.296375
0.30295
0.30415
0.30875
0.324325
0.36485
0.364925
0.480475
0.508375
0.51205
0.5268
0.535275
0.542925
0.56995
0.592275
0.597925
0.61745
0.625825
0.66535
0.66545
0.6705
0.696025
0.7664
0.770475
0.7884
0.807075
0.891225
0.897025
0.941575
0.947075
1.0252
1.03575
1.079625
1.0881
1.092725
1.1116
1.1303
1.16055
1.16805
1.2288
1.334925
1.374925
1.438225
1.591325
1.64405
1.651075
1.68125
1.712575
1.71815
1.843125
1.900675
1.91655
2.027225
2.086
2.14155
2.167825
2.18365
2.1977
2.1993
2.235475
2.258675
2.293925
2.311475
2.33715
2.3414
2.3546
2.401275
2.44655
2.53435
2.612075
2.6173
2.6924
2.699125
2.830175
2.9131
2.981575
3.093125
3.17955
3.271625
3.31955
3.42335
3.4464
3.53135
3.560025
3.7668
3.7972
3.912025
3.917725
3.960725
4.0873
4.193125
4.211275
4.56305
4.6467
4.758625
4.78825
4.99385
5.086925
5.1286
5.25545
5.28825
5.3279
5.438625
5.46475
6.00295
6.109025
6.249975
6.411675
6.62845
6.628875
7.303775
7.9517
7.960275
8.0056
8.028875
8.036175
8.72855
8.830125
9.110875
9.992275
140
