0.038075
0.045275
0.07775
0.09285
0.095625
0.0994
0.10775
0.111475
0.1186
0.124175
0.1268
0.158275
0.161075
0.1693
0.17395
0.1824
0.191175
0.191475
0.193825
0.19415
0.20935
0.211775
0.23115
0.234675
0.235425
0.23975
0.240375
0.25265
0.26275
0.26605
0.2791
0.340875
0.3419
0.34575
0.356825
0.37015
0.388625
0.392675
0.39985
0.419
0.4391
0.441125
0.4876
0.50905
0.54925
0.599975
0.606825
0.626025
0.685825
0.69515
0.74215
0.742775
0.776225
0.80275
0.827125
0.83335
0.896425
0.905925
0.921125
0.9608
0.9659
0.968725
1.003325
1.00585
1.0177
1.01875
1.0863
1.102975
1.111875
1.16985
1.240575
1.2481
1.258425
1.28675
1.4089
1.424925
1.470775
1.50265
1.54535
1.547075
1.589025
1.62805
1.7273
1.735475
1.7448
1.802125
1.80785
1.897075
1.967875
2.089875
2.130625
2.199425
2.21635
2.253375
2.432025
2.54995
2.5906
2.635075
2.641575
2.714325
2.942375
2.967975
2.995975
3.0367
3.11175
3.174675
3.353525
3.3856
3.44935
3.514325
3.556025
3.631025
3.86295
3.95715
4.03
4.0614
4.21505
4.2435
4.284775
4.322925
4.56295
4.6712
4.810075
5.06285
5.1569
5.412125
5.444575
7.553175
7.56095
7.577125
8.2033
8.4261
8.686925
9.222925
9.262325
9.389225
9.8901
137
