0.00295
0.0253
0.03985
0.042425
0.066525
0.0868
0.095675
0.110025
0.1111
0.1131
0.137325
0.188575
0.213775
0.214575
0.227075
0.23875
0.30035
0.305725
0.337875
0.36045
0.3664
0.424075
0.43375
0.4716
0.495875
0.5249
0.543675
0.54645
0.54895
0.6634
0.6814
0.702525
0.71775
0.740225
0.7575
0.9037
0.904575
0.957975
0.964175
0.983975
1.03545
1.1181
1.1438
1.2139
1.215475
1.269425
1.302725
1.31505
1.3272
1.364175
1.39615
1.439375
1.56475
1.59455
1.675175
1.703275
1.8419
1.857925
1.88435
1.8867
2.016875
2.183
2.20135
2.24705
2.26745
2.3218
2.348775
2.354225
2.354925
2.35915
2.398225
2.455275
2.574775
2.66765
2.73665
2.76555
2.816675
3.01375
3.3181
3.721625
3.72525
3.844075
3.89245
4.13025
4.2627
4.324475
4.3567
4.801525
4.914825
5.1301
5.3382
5.7523
5.95665
5.980475
6.1203
6.21125
6.472675
6.807425
6.90145
8.15895
8.46035
8.95305
8.9577
9.069775
9.0996
9.582825
9.61075
9.62965
9.916525
109
