0.004875
0.01885
0.035575
0.0573
0.057725
0.139425
0.144175
0.172925
0.18465
0.19585
0.21015
0.221425
0.22325
0.223675
0.23095
0.235575
0.238425
0.295725
0.3052
0.32305
0.388875
0.3991
0.40005
0.419225
0.4326
0.435725
0.46355
0.48105
0.544425
0.574975
0.59575
0.697425
0.708475
0.754675
0.7611
0.762875
0.828525
0.97735
1.027525
1.043475
1.054875
1.07465
1.16125
1.162975
1.34085
1.35945
1.413675
1.437
1.43975
1.49175
1.5051
1.572575
1.7219
1.72325
1.7407
1.856875
1.865675
1.885525
1.910125
1.94575
2.381025
2.43765
2.58975
2.69985
2.848575
2.8778
2.9737
3.045625
3.06785
3.140775
3.284225
3.382775
3.386575
3.4274
3.50275
3.52685
3.531775
3.737275
3.78625
4.016725
4.016925
4.02265
4.02305
4.170825
4.270275
4.531575
4.7668
4.82445
4.92415
4.96835
5.123875
5.25515
5.35855
5.488075
5.59975
5.638675
5.888075
6.019825
6.163975
6.27165
6.516
6.6879
7.0031
7.652975
8.41185
8.6446
8.998175
9.14845
9.593425
9.705075
9.8424
111
