0.00535
0.011275
0.0154
0.026225
0.046025
0.072875
0.079525
0.083975
0.09865
0.12775
0.1297
0.142975
0.1465
0.15065
0.15365
0.157375
0.175175
0.2057
0.229325
0.243525
0.25075
0.25255
0.252575
0.272425
0.28045
0.32815
0.3385
0.35785
0.3828
0.404825
0.422
0.431175
0.4316
0.4388
0.45475
0.4555
0.472475
0.527325
0.5565
0.557925
0.573725
0.6147
0.66865
0.758825
0.762425
0.769225
0.818775
0.87035
0.886825
0.974425
0.981325
1.03575
1.054775
1.10875
1.1094
1.161175
1.237725
1.27605
1.288625
1.329425
1.534775
1.582575
1.634775
1.66905
1.675675
1.679975
1.690225
1.7018
1.730225
1.81015
1.828
1.898
1.904825
1.9267
1.967425
2.052125
2.1887
2.345675
2.3941
2.42525
2.457875
2.48485
2.50105
2.543025
2.6868
3.171125
3.5777
3.666575
3.80465
3.891625
3.94535
4.0442
4.30845
4.74215
5.02835
5.195775
5.393225
6.261975
6.47295
6.9808
7.09285
7.283825
7.3422
7.6541
8.084275
8.232
8.2734
9.1755
9.24745
9.63535
9.726125
9.926
112
