0.02445
0.042425
0.062975
0.084325
0.08865
0.094175
0.1465
0.147125
0.148125
0.152075
0.15845
0.1621
0.17615
0.1801
0.185175
0.191125
0.195525
0.1974
0.216875
0.2394
0.2622
0.287375
0.323975
0.364625
0.369625
0.39345
0.464675
0.471325
0.4939
0.4996
0.504925
0.535525
0.579275
0.5856
0.586525
0.591825
0.6214
0.6791
0.68505
0.74015
0.765375
0.7678
0.79685
0.852075
0.8668
0.869725
0.89705
0.90145
0.9029
1.008825
1.01755
1.02055
1.03305
1.034875
1.080275
1.0935
1.14985
1.180175
1.194425
1.19675
1.226875
1.2558
1.296825
1.3246
1.328625
1.36925
1.3843
1.42145
1.440475
1.454725
1.4748
1.6061
1.6553
1.69585
1.75555
1.8229
1.869225
1.931575
1.9427
1.9627
2.0025
2.05395
2.220425
2.22145
2.249925
2.332175
2.4213
2.58075
2.681
2.872025
2.89055
3.03405
3.069
3.190025
3.355025
3.4026
3.557575
3.77205
3.773975
3.82675
3.88795
3.912475
3.9789
4.0271
4.1441
4.243525
4.3194
4.32485
4.3523
4.359325
5.044025
5.177375
5.273975
5.4946
5.924525
6.2992
6.48165
6.49205
6.632475
6.752675
6.849875
6.90825
7.14975
7.1512
7.369125
7.78775
8.17565
8.776275
8.990925
9.081925
9.1297
9.1821
9.2032
9.29415
9.40235
9.411575
9.449925
137
