0.0363
0.04075
0.049075
0.0553
0.058725
0.0755
0.079925
0.085175
0.11425
0.1165
0.116975
0.127075
0.127375
0.1304
0.1583
0.15835
0.21135
0.242525
0.2559
0.261625
0.263025
0.267725
0.26775
0.2848
0.289075
0.2947
0.306325
0.3182
0.336575
0.355
0.36135
0.3713
0.391725
0.42505
0.446
0.448075
0.471175
0.489775
0.562475
0.56875
0.67965
0.7068
0.7651
0.792975
0.817875
0.9321
0.9772
0.982325
0.99185
0.9996
1.086075
1.09595
1.123575
1.1983
1.2192
1.280925
1.349875
1.359175
1.3807
1.399725
1.446225
1.509025
1.511575
1.59135
1.61935
1.68975
1.7896
1.800375
1.812175
1.931375
1.9827
2.000675
2.1515
2.155575
2.2236
2.273775
2.28
2.2978
2.49575
2.5879
2.610675
2.633675
2.818925
2.819925
2.83435
2.876375
3.0758
3.152
3.2481
3.433725
3.5503
3.845075
3.877375
4.0556
4.3811
5.00405
5.008
5.138225
5.146575
5.45935
5.66005
5.6765
5.7744
5.87465
5.914975
6.052325
6.616625
6.62745
6.681825
6.748825
7.07905
7.272575
7.4333
7.50355
7.6144
8.105025
8.15485
8.41015
8.43335
8.616025
9.06905
9.264
9.307
123
