0.0053
0.02465
0.02625
0.0264
0.03255
0.048725
0.072575
0.090725
0.096925
0.1106
0.11565
0.11655
0.12275
0.153575
0.180175
0.2085
0.256
0.28365
0.286925
0.35915
0.402675
0.4154
0.4486
0.453925
0.460175
0.50855
0.545925
0.5496
0.5512
0.560975
0.59395
0.659225
0.71325
0.7189
0.722675
0.75895
0.7883
0.91965
0.94685
1.027
1.073825
1.092575
1.284875
1.363875
1.367475
1.368825
1.492925
1.54155
1.5758
1.59905
1.60455
1.6279
1.67795
1.687225
1.693075
1.724075
1.79475
1.80935
1.846025
1.9027
2.090475
2.26275
2.271925
2.299075
2.3111
2.3251
2.39075
2.41075
2.4535
2.469075
2.5413
2.5747
2.686975
2.786325
2.8038
2.903675
2.955
3.018375
3.036075
3.096
3.115525
3.12545
3.1669
3.18165
3.2363
3.245275
3.3887
3.4831
3.541025
3.603775
3.8414
3.9687
4.05315
4.487325
4.6061
5.2741
5.2871
5.89245
6.279975
6.726775
6.744575
6.7782
6.78875
7.986875
9.00115
9.03535
9.662925
107
