0.0141
0.018125
0.037575
0.06915
0.071575
0.092525
0.10495
0.1087
0.119075
0.126975
0.127325
0.135975
0.1428
0.1447
0.169175
0.1813
0.21035
0.2183
0.222925
0.228025
0.23985
0.249
0.269875
0.275625
0.282675
0.295025
0.3093
0.32265
0.325075
0.326125
0.343725
0.34515
0.34795
0.3535
0.3544
0.3719
0.38785
0.398525
0.44825
0.469675
0.489175
0.513725
0.5152
0.5269
0.533225
0.53495
0.541825
0.554725
0.594575
0.616825
0.6328
0.679125
0.727925
0.788
0.793275
0.82025
0.85575
0.908975
0.931725
0.93445
1.03035
1.0374
1.054525
1.17765
1.198025
1.19855
1.2709
1.295975
1.31945
1.378175
1.386775
1.39465
1.482175
1.53685
1.573675
1.598325
1.7137
1.7157
1.773275
1.822775
1.911575
1.990325
2.052825
2.22395
2.3657
2.5311
2.749325
2.771775
2.838975
2.8806
2.991625
2.99885
3.042475
3.224675
3.243275
3.3028
3.342625
3.519125
3.539475
3.637075
3.6565
3.68365
3.839575
4.03005
4.67085
4.8113
5.1555
5.40765
5.729475
5.95015
5.966325
5.987825
6.05365
6.673125
7.238675
7.34805
7.42115
7.558775
7.615125
7.632125
7.682775
8.0655
8.215225
8.5481
8.807475
9.125025
9.2081
9.3964
9.405875
9.495825
9.695425
131
