0.01915
0.0215
0.074375
0.074475
0.07575
0.0892
0.143125
0.161725
0.217925
0.221825
0.23205
0.24795
0.255675
0.2683
0.28345
0.34385
0.365225
0.376625
0.42045
0.449225
0.471175
0.48665
0.543225
0.555525
0.5634
0.564
0.5872
0.620475
0.637775
0.649625
0.651
0.6726
0.69695
0.707525
0.712525
0.7127
0.7234
0.739875
0.797925
0.8531
0.88775
0.94475
0.976875
1.023025
1.062025
1.070625
1.07425
1.082475
1.1254
1.16455
1.1762
1.192325
1.209175
1.220025
1.241125
1.245325
1.274875
1.3286
1.4795
1.735975
1.75155
1.83815
1.84175
1.871225
1.8791
1.913125
1.917675
2.0674
2.1355
2.27455
2.4792
2.51375
2.519775
2.6059
2.715575
2.7401
2.80595
3.064775
3.072875
3.4914
3.494475
3.550825
3.555675
3.809325
3.886775
3.920125
4.122275
4.228375
4.286025
4.3299
4.627875
4.7112
4.772575
4.794875
4.852225
4.92325
4.92845
5.16125
5.2923
5.293975
5.336
5.426925
5.5905
5.900825
5.913075
5.9194
6.091575
6.174675
6.25435
6.28705
6.632225
6.69365
6.908325
6.92575
7.176325
7.447225
8.35995
8.541425
8.661075
8.791225
9.2645
121
