0.0067
0.00685
0.0075
0.0092
0.019225
0.033125
0.03945
0.0453
0.05875
0.071525
0.087825
0.088375
0.120125
0.137675
0.138275
0.151825
0.1952
0.2144
0.232725
0.233575
0.24745
0.25635
0.296075
0.299925
0.337225
0.33945
0.3431
0.3532
0.4568
0.473725
0.52245
0.532125
0.5346
0.54085
0.597725
0.611275
0.615675
0.6208
0.660925
0.6761
0.6901
0.70815
0.770625
0.870175
0.912925
0.92265
0.9578
0.97805
1.0482
1.065725
1.169025
1.178825
1.1872
1.1916
1.23515
1.289075
1.31185
1.3631
1.434925
1.438725
1.45135
1.56905
1.60645
1.644375
1.647075
1.668325
1.679975
1.6959
1.70735
1.76535
1.789325
1.897975
1.903075
1.91835
2.00105
2.063725
2.06645
2.073025
2.08945
2.0933
2.1067
2.116875
2.15875
2.210325
2.263625
2.266375
2.37745
2.383325
2.501975
2.518475
2.6804
2.685875
2.783225
2.85775
2.887575
3.002675
3.13015
3.17725
3.400925
3.40435
3.52185
3.931125
4.021825
4.08145
4.12615
4.480375
4.579725
4.716175
4.77265
5.058675
5.095775
5.3175
5.3495
5.42615
5.4574
5.4972
5.70825
5.872675
6.0839
6.657125
6.944425
7.60435
7.8519
8.0549
8.31555
8.40425
8.52485
8.5905
8.749575
9.08665
9.1971
9.307725
9.659425
9.778425
134
