0.00985
0.012325
0.01585
0.017575
0.021925
0.026
0.06915
0.0742
0.07505
0.0803
0.1209
0.134575
0.154325
0.174575
0.17565
0.176475
0.1789
0.181375
0.1879
0.1906
0.1976
0.201925
0.208775
0.2194
0.24525
0.2511
0.256
0.26705
0.276275
0.2933
0.29525
0.30055
0.304025
0.304425
0.306
0.363325
0.382775
0.38675
0.413825
0.421125
0.4592
0.465425
0.514625
0.560075
0.595275
0.5956
0.6252
0.65885
0.67305
0.677375
0.7206
0.7299
0.73495
0.745175
0.7512
0.78885
0.794
0.8261
0.846325
0.8613
0.888
0.896225
0.899575
0.94715
0.9776
0.987775
1.035475
1.04215
1.04965
1.059825
1.1373
1.146975
1.160225
1.160325
1.328175
1.338975
1.35615
1.3798
1.4804
1.481975
1.5168
1.5232
1.53175
1.6057
1.628375
1.780725
1.8159
1.897575
1.968225
1.97085
1.990575
2.09845
2.1472
2.172225
2.34615
2.34955
2.36975
2.380475
2.381575
2.382
2.468075
2.49705
2.596275
2.70975
2.805375
2.87325
2.877525
2.97785
3.0561
3.084075
3.154775
3.312225
3.505325
3.751125
4.0672
4.11525
4.139325
4.370775
4.3798
4.40845
4.506575
4.816575
4.82505
4.8254
4.858525
5.026675
5.039125
5.472025
5.82545
5.86495
5.899925
6.24665
6.3874
6.7189
7.315225
7.373225
7.56515
7.867575
7.9008
8.19115
8.523
8.576575
9.2526
9.3502
144
