0.0113
0.01575
0.024675
0.0291
0.034575
0.039675
0.0647
0.086475
0.12285
0.1272
0.176925
0.207
0.221275
0.226725
0.232125
0.241975
0.24495
0.26935
0.305
0.324475
0.33995
0.37535
0.425825
0.428075
0.45145
0.46205
0.4964
0.52695
0.531025
0.54395
0.570975
0.575675
0.583125
0.60995
0.6116
0.614975
0.67015
0.670225
0.722025
0.7411
0.81585
0.90795
0.938
0.977275
0.98185
1.0657
1.1217
1.1346
1.1991
1.206225
1.26455
1.2793
1.3016
1.343925
1.350425
1.38785
1.390075
1.39675
1.406325
1.4678
1.497325
1.590225
1.6053
1.654125
1.6649
1.680025
1.6904
1.719425
1.753275
1.8517
1.89195
1.964825
2.10035
2.301125
2.415775
2.461475
2.4911
2.511225
2.5155
2.53105
2.61725
2.62505
2.712675
2.715125
2.793225
3.113025
3.11705
3.1241
3.242
3.270075
3.3264
3.415225
3.43605
3.526625
3.577575
3.9242
3.98
4.102975
4.2556
4.287125
4.310575
4.41605
4.437225
4.487525
4.557525
4.642575
4.68755
4.853875
4.91915
5.2584
5.323575
5.368825
5.37345
5.418425
5.5014
5.545
5.6911
6.09635
6.15525
6.39685
6.65755
6.7792
6.938425
7.114725
7.37085
7.6622
7.8911
8.524875
9.253225
9.617425
9.657125
9.811225
9.816375
9.90365
134
