0.01535
0.039525
0.064475
0.081875
0.0863
0.135225
0.148425
0.148575
0.156925
0.17005
0.19115
0.200325
0.20195
0.204225
0.20485
0.213075
0.269725
0.29645
0.298825
0.3011
0.313575
0.322825
0.3321
0.3377
0.37565
0.39105
0.393975
0.39795
0.40575
0.4231
0.433775
0.43745
0.43935
0.46325
0.4959
0.501575
0.552925
0.586
0.60735
0.617425
0.61915
0.625325
0.636
0.666725
0.679375
0.72035
0.85745
0.8956
0.910225
0.9215
0.9573
0.960125
0.9969
1.009325
1.031475
1.0692
1.08185
1.1907
1.230825
1.25605
1.35355
1.493675
1.508725
1.60075
1.62095
1.647375
1.66
1.669275
1.678325
1.6927
1.749025
1.8325
1.847975
1.859325
1.907225
1.9635
2.075875
2.09535
2.127175
2.184875
2.2137
2.25875
2.32695
2.630225
2.6317
2.7429
2.747775
2.76275
2.862825
3.1967
3.259825
3.3711
3.48635
3.490325
3.582775
3.897
3.899675
4.129625
4.17995
4.2543
4.273625
4.3926
4.687
4.72115
4.839175
5.369175
5.4071
5.6231
5.74575
5.75335
6.012575
6.793875
7.00245
7.4353
7.486125
7.644875
7.834275
7.83565
7.96705
8.0426
8.04695
8.054925
8.1029
9.460375
9.487975
9.719275
9.732425
9.776625
9.9753
129
