0.005875
0.008325
0.014775
0.05655
0.056925
0.06115
0.0662
0.06785
0.0872
0.109975
0.114025
0.114275
0.1178
0.122125
0.13045
0.147125
0.14855
0.1488
0.150525
0.1709
0.1736
0.195625
0.1988
0.2068
0.207025
0.2195
0.2264
0.250125
0.251825
0.316175
0.357425
0.364125
0.385575
0.4391
0.462125
0.538525
0.5474
0.585325
0.610125
0.6106
0.67645
0.691
0.692125
0.728225
0.749025
0.761875
0.763575
0.801875
0.8137
0.83465
0.938775
1.019175
1.034875
1.044175
1.0791
1.08035
1.080675
1.099225
1.109375
1.18935
1.19615
1.257975
1.269825
1.46165
1.50025
1.524625
1.5377
1.55275
1.580225
1.643
1.69375
1.6964
1.727475
1.79855
1.83445
1.8532
1.87755
2.0227
2.0785
2.08275
2.188525
2.23045
2.33235
2.3509
2.3708
2.40795
2.4329
2.46085
2.468025
2.653075
2.69015
2.769625
2.867425
2.9348
3.0173
3.148975
3.167325
3.204225
3.216225
3.413275
3.669725
3.688225
3.7566
3.77595
3.859175
3.978725
4.200825
4.212875
4.254775
4.469825
4.478725
4.664475
4.676325
4.899575
5.0447
5.1639
5.30515
5.3173
5.318575
5.364025
5.7834
5.99115
6.337225
6.656
6.7648
6.8215
6.93285
7.0219
7.144225
7.152925
7.210175
7.85525
7.931425
8.4214
8.655475
8.741425
9.1245
9.181025
9.219875
9.2794
9.4494
9.6546
9.747525
9.987275
144
