0.00085
0.00415
0.0195
0.030475
0.03895
0.039075
0.064625
0.067775
0.07675
0.07995
0.083575
0.09765
0.10225
0.120675
0.12785
0.128175
0.130275
0.147275
0.164875
0.19545
0.213425
0.230325
0.24195
0.2658
0.299525
0.306175
0.321925
0.322275
0.328225
0.351425
0.382825
0.394225
0.4266
0.435125
0.457425
0.458875
0.4801
0.5049
0.5187
0.56505
0.571275
0.595225
0.6147
0.649475
0.691575
0.737825
0.75145
0.803425
0.81265
0.833
0.8751
0.8828
0.890625
0.900125
0.913625
1.002625
1.0498
1.076925
1.122575
1.1469
1.174825
1.220125
1.224975
1.237425
1.25445
1.29255
1.336375
1.4481
1.455475
1.50165
1.5814
1.70405
1.737275
1.75495
1.820925
1.917325
1.94685
2.0231
2.04205
2.04555
2.0499
2.08505
2.189925
2.1918
2.21355
2.228225
2.270325
2.3009
2.39225
2.395125
2.461675
2.514625
2.518525
2.545375
2.552825
2.60035
2.604425
2.6147
2.6461
2.808375
2.9043
2.935325
2.94745
3.028525
3.0608
3.136575
3.315925
3.48535
3.6767
3.76125
3.8212
3.99
4.258775
4.291125
4.454925
4.470075
4.5606
5.085875
5.22175
5.343975
5.503825
5.664225
5.82195
6.047625
6.304925
6.399
6.413875
6.515925
7.0401
7.095625
7.132825
7.44045
8.16165
8.224775
8.373
9.2017
9.30225
9.4023
9.427225
9.453025
9.671725
9.70395
9.842475
9.87675
144
