0.017475
0.029275
0.04345
0.06635
0.073675
0.086325
0.08895
0.10315
0.105875
0.113775
0.132475
0.1647
0.182325
0.184375
0.1845
0.2088
0.237575
0.2589
0.260125
0.2968
0.310575
0.323475
0.325325
0.33155
0.34925
0.353425
0.36755
0.398075
0.40665
0.4422
0.4516
0.46545
0.523325
0.54205
0.55235
0.57345
0.60085
0.621075
0.62455
0.655575
0.672
0.68305
0.703925
0.78685
0.81655
0.83985
0.8608
0.869025
0.95405
0.9575
0.9896
1.038225
1.06785
1.068675
1.130225
1.182
1.211225
1.223225
1.238925
1.269075
1.2716
1.291325
1.363375
1.4702
1.48115
1.49055
1.52685
1.5521
1.644925
1.681625
1.749175
1.771225
1.8985
1.954325
1.970075
2.099325
2.363225
2.390575
2.40725
2.44175
2.444
2.5359
2.752775
2.756225
2.779425
3.198225
3.3362
3.461025
3.6438
3.672875
3.755075
3.895475
4.0619
4.247425
4.4727
4.5431
4.85915
4.92385
4.977425
5.24555
5.253275
5.2868
5.66095
5.743725
5.784775
6.2009
6.45585
6.555825
6.58255
6.7635
7.30005
7.833625
7.87095
8.240025
8.2767
8.385325
8.4874
8.780975
8.89045
9.224125
9.602025
9.9784
122
