0.01055
0.0253
0.02805
0.0313
0.03725
0.072775
0.0738
0.0794
0.100125
0.10085
0.106675
0.13185
0.13455
0.1346
0.139575
0.14055
0.160575
0.16855
0.174875
0.19645
0.2122
0.24215
0.256425
0.259025
0.2692
0.27835
0.3552
0.3663
0.427225
0.427775
0.429075
0.488525
0.5047
0.539575
0.59285
0.602075
0.61245
0.63545
0.645675
0.66855
0.7024
0.786575
0.78965
0.799725
0.965
1.0132
1.079375
1.12605
1.1546
1.185475
1.21875
1.23945
1.3001
1.335225
1.347875
1.50785
1.567925
1.6147
1.659775
1.74565
1.7547
1.760125
1.798175
1.81025
1.8127
1.8978
1.9291
1.934475
1.93675
1.9827
2.011925
2.0237
2.074
2.097675
2.1052
2.13285
2.331325
2.35625
2.4733
2.600725
2.63445
2.6643
2.687375
2.758475
2.792025
2.80405
2.8592
3.04685
3.050775
3.061725
3.173
3.19835
3.21785
3.261525
3.26385
3.297475
3.470325
3.537475
3.6588
4.4046
4.74705
4.977675
5.14205
5.190475
5.2736
5.567075
5.706625
5.8089
6.466725
6.74545
7.141675
7.22335
7.2342
7.303025
7.3378
7.50445
8.104725
8.282225
8.300025
8.332575
8.885325
9.138275
9.613025
123
