0.025175
0.029925
0.036825
0.04135
0.0467
0.066325
0.06985
0.072275
0.08335
0.084675
0.110525
0.1148
0.12805
0.1383
0.1411
0.159025
0.16195
0.181875
0.199575
0.201625
0.2042
0.205375
0.2056
0.22465
0.231075
0.23345
0.29125
0.314975
0.3215
0.32495
0.368225
0.37675
0.405875
0.42545
0.45625
0.461
0.468625
0.4815
0.50445
0.519
0.535675
0.542275
0.5871
0.58855
0.637825
0.6421
0.6526
0.66625
0.678925
0.68165
0.745975
0.822675
0.82415
0.8393
0.8695
1.0055
1.0114
1.067
1.111
1.11625
1.19415
1.201325
1.251275
1.264075
1.272375
1.29655
1.3554
1.388125
1.393975
1.425425
1.4471
1.517425
1.5176
1.5185
1.577175
1.596525
1.654925
1.678075
1.682975
1.710425
1.799975
1.852275
1.89605
1.967275
2.05695
2.1379
2.148175
2.2094
2.332225
2.3641
2.36705
2.3693
2.4571
2.9262
3.02745
3.102125
3.1115
3.135125
3.22175
3.286575
3.507375
3.54585
3.5519
3.681
3.772675
3.836975
3.944575
4.191125
4.19225
4.3138
4.7024
5.0482
5.057925
5.135875
5.1999
5.322975
5.433025
5.700125
5.908275
5.9648
6.282275
6.52195
6.5571
6.654
7.26135
8.48135
8.660375
9.01085
9.3336
9.9163
130
