0.006175
0.0149
0.0161
0.0285
0.0286
0.035675
0.055025
0.0811
0.111225
0.121375
0.126475
0.129525
0.132975
0.150475
0.154375
0.1715
0.182425
0.203025
0.231275
0.262675
0.264775
0.268025
0.269025
0.280375
0.3063
0.328325
0.328575
0.34455
0.356925
0.3969
0.40905
0.473975
0.494075
0.511625
0.524925
0.558675
0.558875
0.6069
0.606925
0.6109
0.626575
0.6392
0.6784
0.70655
0.7857
0.8067
0.840375
0.845525
0.88445
0.9314
0.937675
0.950425
1.15015
1.1743
1.279825
1.3555
1.433325
1.436725
1.4401
1.455025
1.46275
1.4792
1.5203
1.637525
1.665675
1.674175
1.7137
1.764
1.87565
1.89775
1.976675
2.010325
2.099575
2.104575
2.160625
2.182375
2.188475
2.195675
2.202625
2.215025
2.235625
2.249175
2.2651
2.3646
2.5656
2.573925
2.7779
2.810075
2.88235
2.963075
3.008925
3.219525
3.475125
3.532825
3.687475
4.111875
4.4738
4.5718
4.609675
4.799575
4.8275
5.019775
5.99725
6.201025
6.25245
6.348925
7.6068
8.050975
8.57
9.1471
9.268175
9.406525
9.981325
113
