0.004125
0.0048
0.01035
0.036625
0.040825
0.043825
0.05065
0.052725
0.0624
0.0941
0.1169
0.1205
0.1321
0.158875
0.159875
0.1881
0.200075
0.213975
0.229275
0.2498
0.2565
0.2624
0.288025
0.325175
0.327125
0.32965
0.3403
0.3459
0.346125
0.352525
0.359125
0.3637
0.3738
0.39505
0.39875
0.425225
0.42625
0.463375
0.50405
0.506525
0.51765
0.584625
0.60555
0.61105
0.621275
0.657025
0.6642
0.703375
0.7545
0.8294
0.85205
0.8587
0.88675
0.9065
0.912975
0.9592
0.96935
0.9767
1.0566
1.059225
1.061425
1.15455
1.1555
1.1811
1.2225
1.263625
1.342875
1.3885
1.4829
1.513425
1.56245
1.585125
1.5853
1.60615
1.724125
1.76545
1.829775
1.839225
1.8684
1.928625
2.210475
2.26285
2.28605
2.3211
2.4446
2.531025
2.55705
2.602525
2.647625
2.674575
2.6997
2.71595
2.716825
2.7181
2.736075
2.7513
2.881225
2.89675
2.94345
3.0761
3.19135
3.268325
3.4629
3.471425
3.57985
3.58585
3.607075
3.691625
3.87125
4.10535
4.5111
4.635225
4.7018
4.87335
5.5304
5.53185
5.8495
6.2328
6.53445
7.582025
7.624275
7.642925
7.791575
7.833775
7.970325
8.32695
8.708
9.27515
9.4329
9.513225
9.998275
131
