0.000325
0.01425
0.0184
0.043375
0.055225
0.08085
0.096325
0.102325
0.10505
0.13425
0.13655
0.1409
0.154675
0.16275
0.20755
0.27065
0.282175
0.284225
0.29725
0.299
0.301675
0.340675
0.367175
0.376375
0.392775
0.3945
0.432375
0.4368
0.465
0.514825
0.51495
0.515475
0.532425
0.534275
0.552175
0.5672
0.567275
0.590225
0.5963
0.600925
0.625525
0.65405
0.6709
0.6766
0.688925
0.713025
0.73905
0.7793
0.789625
0.816075
0.856925
0.899525
0.984425
0.989125
1.050675
1.118
1.1379
1.1833
1.187125
1.26155
1.30835
1.3323
1.353825
1.429925
1.4462
1.47325
1.476975
1.55
1.58585
1.6094
1.66745
1.683525
1.6964
1.805825
1.9335
2.122875
2.137625
2.188775
2.218725
2.221225
2.27575
2.2874
2.39155
2.46975
2.471625
2.493275
2.63625
2.7991
2.815325
2.8782
2.9857
3.053275
3.1605
3.237625
3.47665
3.60815
3.898
3.98125
4.0363
4.052825
4.15225
4.33885
4.422375
4.760175
4.885175
4.91435
5.211
5.28355
5.3532
5.363025
5.530675
5.89665
5.90805
6.15205
6.456675
6.5191
6.608775
6.6117
6.9977
7.099225
7.115175
7.4665
7.609575
7.664625
7.905875
7.9555
8.6041
8.81075
9.209975
9.216975
9.401625
9.528475
9.695875
9.8708
134
