0.040475
0.048575
0.0571
0.064325
0.07195
0.090675
0.09725
0.09765
0.099325
0.126625
0.142825
0.14535
0.178725
0.209825
0.215475
0.229275
0.2435
0.25915
0.286475
0.295275
0.299175
0.302225
0.30775
0.32305
0.332475
0.34635
0.351675
0.362175
0.372975
0.420775
0.43275
0.490125
0.505725
0.51145
0.5214
0.617525
0.641275
0.69615
0.703725
0.717025
0.777875
0.78515
0.80295
0.867425
0.87415
0.8813
0.9213
0.9269
0.999975
1.0147
1.026175
1.045775
1.1193
1.14205
1.1543
1.19755
1.209875
1.21625
1.240175
1.273875
1.296025
1.38385
1.415325
1.422775
1.4573
1.462525
1.465025
1.493375
1.53705
1.60725
1.636125
1.8309
1.882175
2.00785
2.01895
2.121325
2.154625
2.1685
2.1739
2.24475
2.2961
2.5155
2.66995
2.67075
2.82785
3.06995
3.147625
3.164125
3.168
3.2281
3.2859
3.3159
3.345025
3.391425
3.42565
3.6164
4.070825
4.2314
4.453175
4.9908
5.220375
5.3582
5.422475
5.877
6.30385
6.319025
6.745175
6.82925
6.882475
7.039725
7.085975
7.11515
7.526925
7.65545
7.87045
8.045175
8.08625
8.2736
8.345125
8.401375
120
