0.0085
0.00925
0.011125
0.017325
0.0238
0.033125
0.0671
0.08225
0.096425
0.110225
0.1122
0.11235
0.134175
0.134975
0.17465
0.185425
0.257275
0.26395
0.34465
0.38095
0.403875
0.42905
0.439475
0.455575
0.4562
0.464775
0.482575
0.5085
0.530275
0.590975
0.61295
0.614325
0.6521
0.658
0.66475
0.726825
0.739825
0.7767
0.845475
0.898125
0.920625
0.939
0.9484
0.980325
0.993725
1.002575
1.0252
1.07055
1.112025
1.146575
1.2196
1.43505
1.461475
1.483625
1.4873
1.531025
1.573575
1.580125
1.66475
1.676475
1.6947
1.717425
1.82865
1.90285
1.9335
2.008
2.03185
2.066325
2.12815
2.16005
2.17635
2.22325
2.288925
2.34595
2.484975
2.50995
2.52115
2.568375
2.64015
2.8105
3.06505
3.0783
3.0872
3.170475
3.214175
3.2386
3.3406
3.471025
3.5069
3.5976
3.99955
4.08265
4.151775
4.446125
4.549575
4.6736
4.6909
4.823825
5.199325
5.403875
5.7452
6.1775
6.22095
6.2465
6.276325
6.3619
6.968275
7.37325
7.546475
7.609025
7.7582
7.819225
7.9222
8.597725
8.652675
9.025025
9.282275
9.58985
9.80045
119
