0.017025
0.024525
0.047675
0.04955
0.0918
0.100275
0.11145
0.126575
0.137
0.157025
0.17945
0.20135
0.20785
0.24795
0.28365
0.303425
0.35565
0.390075
0.4124
0.421025
0.4535
0.461275
0.478925
0.486375
0.54245
0.578175
0.597225
0.610775
0.62315
0.657475
0.6601
0.661425
0.68385
0.701925
0.703075
0.721675
0.7572
0.77145
0.773725
0.778175
0.800675
0.86045
0.877025
0.89995
0.908925
0.911
0.978775
1.011625
1.0247
1.081725
1.13155
1.186225
1.189575
1.22505
1.26635
1.2914
1.321725
1.37875
1.433925
1.4422
1.482525
1.4949
1.515925
1.5232
1.540975
1.5668
1.6888
1.782825
1.870775
1.899425
1.94455
1.967175
1.976125
2.06835
2.28585
2.330075
2.357975
2.4471
2.629175
2.7071
2.742275
2.866975
2.90005
2.948075
3.209275
3.32525
3.522225
3.542275
3.947725
3.95325
4.15385
4.15495
4.21135
4.25315
4.305225
4.724575
4.973075
5.288875
5.30915
5.391725
5.541375
5.689925
6.408975
6.429025
6.4855
6.534625
6.596725
6.6183
6.649475
6.92925
7.189825
7.4358
7.4361
7.59145
8.019675
8.13945
8.22205
8.3549
118
