0.006125
0.010875
0.032725
0.05295
0.060625
0.0796
0.098625
0.1513
0.159625
0.178725
0.187875
0.193425
0.1943
0.194825
0.19965
0.227425
0.24335
0.249175
0.26195
0.280825
0.2812
0.2853
0.321625
0.34165
0.342275
0.353025
0.3628
0.39085
0.420775
0.42345
0.42865
0.461725
0.471575
0.50475
0.585
0.64535
0.6571
0.6713
0.6826
0.698125
0.718925
0.832375
0.860075
0.881675
0.90945
0.9663
1.0425
1.06515
1.087275
1.278625
1.304875
1.317975
1.327025
1.331825
1.3354
1.3389
1.42385
1.47645
1.49965
1.58275
1.6015
1.61315
1.640225
1.6595
1.676475
1.684875
1.699975
1.73215
1.791625
1.796625
1.836725
1.848475
1.89395
1.910175
1.948025
2.01465
2.024825
2.109175
2.255225
2.289775
2.4555
2.56195
2.6327
2.639525
2.804775
2.933375
2.99905
3.035
3.091825
3.09665
3.150925
3.3728
3.37805
3.38465
3.4622
3.56365
3.591925
3.655375
3.790925
3.81265
4.00725
4.0489
4.073775
4.0981
4.8144
4.8149
4.992175
5.214575
5.32895
5.543175
5.6675
5.77355
5.991625
6.239375
6.637675
6.724175
6.799725
7.043325
7.3971
7.6301
7.7506
8.066525
8.604875
9.17105
9.265275
9.5541
9.9082
127
