0.000375
0.000925
0.01395
0.0283
0.0608
0.064825
0.06565
0.0701
0.078025
0.093625
0.0983
0.1472
0.15725
0.169425
0.1856
0.225325
0.266775
0.268475
0.3056
0.306625
0.404125
0.446075
0.5098
0.560725
0.609675
0.63625
0.651725
0.658925
0.683775
0.706
0.748975
0.766425
0.8357
0.88895
0.9819
1.008725
1.0486
1.074375
1.13375
1.187425
1.236325
1.325875
1.498075
1.5108
1.528925
1.5515
1.6144
1.6369
1.7449
1.78595
1.80345
1.80755
1.88255
1.910475
1.952925
1.9708
1.9963
2.1022
2.139025
2.311675
2.3139
2.389625
2.415425
2.5072
2.57745
2.633625
2.668975
2.684575
2.840875
2.912725
2.964725
3.01345
3.10945
3.4035
3.54695
3.595
3.62505
3.681375
3.71745
3.85005
3.8527
4.073525
4.168875
4.203625
4.2734
4.35765
4.59695
4.613
4.823775
4.857025
4.90845
4.928825
5.422975
5.601775
6.29595
6.855775
7.432275
7.474175
7.55935
7.974375
8.40895
8.67815
8.852775
8.939475
9.1597
9.539825
106
