0.0008
0.01885
0.037325
0.0558
0.077525
0.0874
0.1115
0.122525
0.1409
0.145875
0.165525
0.1674
0.1793
0.1952
0.1982
0.2369
0.29915
0.2993
0.312275
0.31365
0.34175
0.37245
0.37665
0.397375
0.4289
0.43245
0.45935
0.475525
0.47575
0.47965
0.482275
0.50125
0.516425
0.5344
0.537325
0.5748
0.603275
0.63885
0.66425
0.6781
0.68665
0.69205
0.712725
0.755925
0.764
0.7897
0.8264
0.84145
0.881675
0.88605
0.952325
0.95855
0.9617
0.970625
0.98845
1.029125
1.0375
1.046675
1.0554
1.112
1.370225
1.41525
1.505075
1.5186
1.546275
1.65595
1.682825
1.876725
1.91045
1.927925
1.972375
2.179175
2.4092
2.461525
2.4704
2.516125
2.571975
2.65305
2.681075
2.704625
2.71355
3.069725
3.0767
3.37835
3.406625
3.4078
3.606075
3.8121
3.849975
3.93295
4.02375
4.068025
4.08675
4.089525
4.104925
4.1295
4.341725
4.399375
4.4636
4.76485
4.83665
4.898575
5.150375
5.15575
5.358225
5.597925
5.636525
5.910775
6.136825
6.203775
6.502775
6.555075
6.8002
7.0247
7.25445
7.423125
7.50035
7.665925
8.2159
8.385825
8.547625
8.68505
9.205625
9.6011
9.7386
9.913575
9.97895
127
