0.01145
0.0396
0.048775
0.058375
0.059475
0.10465
0.1095
0.117425
0.1517
0.154125
0.23955
0.25115
0.333
0.350375
0.361375
0.3619
0.414375
0.423025
0.4263
0.474025
0.4884
0.49905
0.547675
0.54805
0.558275
0.569325
0.587675
0.594475
0.609775
0.715125
0.71735
0.76875
0.9145
0.959625
1.020975
1.042525
1.049725
1.05115
1.06795
1.116425
1.152125
1.160525
1.16645
1.19625
1.211775
1.239225
1.272375
1.299025
1.328325
1.360425
1.381325
1.4026
1.4658
1.499425
1.56575
1.58045
1.618825
1.622025
1.772675
1.892125
1.947
1.9878
1.989725
2.12065
2.130775
2.133025
2.13355
2.1697
2.278975
2.280375
2.305675
2.354325
2.39345
2.525325
2.5431
2.624175
2.82785
2.849775
2.92695
2.9708
2.9896
3.023575
3.06545
3.1094
3.403675
3.4159
3.4429
3.469475
3.4799
3.549
3.573875
3.574525
3.720975
3.72585
3.853575
4.041575
4.145025
4.2494
4.690075
4.843125
4.92285
5.03395
5.202125
5.52585
6.141425
6.174925
6.30695
6.38845
6.544925
7.0642
7.74355
7.77885
7.83795
8.392375
8.858625
8.91215
8.91705
9.444825
9.551275
9.588425
120
