0.000775
0.0261
0.03065
0.03835
0.042325
0.045925
0.048675
0.052425
0.0711
0.082075
0.104125
0.123675
0.1452
0.1884
0.206625
0.209625
0.2337
0.254275
0.2608
0.273125
0.329025
0.329775
0.35515
0.40125
0.40855
0.414225
0.4433
0.4852
0.490925
0.4947
0.503375
0.51625
0.52835
0.547775
0.54945
0.56985
0.58245
0.584825
0.5985
0.617125
0.6859
0.695725
0.722
0.72235
0.74985
0.769575
0.78775
0.8102
0.811
0.811375
0.81785
0.889925
0.90495
0.9074
0.916975
0.937375
0.948
0.9792
0.99725
1.011975
1.04965
1.052875
1.100725
1.128625
1.143625
1.159
1.187525
1.251375
1.26475
1.34395
1.34995
1.385625
1.442525
1.447125
1.494025
1.5654
1.566975
1.610125
1.6157
1.664975
1.734775
1.749975
1.769175
1.87715
1.88215
1.936925
1.94365
2.02345
2.126975
2.1648
2.252625
2.402225
2.4219
2.471725
2.588075
2.599325
2.61545
2.63185
2.6878
2.71995
2.774775
2.8832
2.9336
2.947475
3.185375
3.191025
3.2718
3.431275
3.511575
3.525225
3.5253
3.69555
3.85325
3.853675
3.909875
4.03915
4.03945
4.161825
4.338525
4.348325
4.415675
4.42995
4.431025
4.803125
5.14275
5.29565
5.39955
5.4621
5.503325
5.65115
5.707975
5.754875
5.792775
6.1883
6.534875
6.727325
6.848875
6.86475
7.497175
7.583425
8.6441
9.4398
9.76495
9.99875
144
