0.04555
0.0487
0.050025
0.10435
0.1509
0.155025
0.163975
0.174625
0.18255
0.1907
0.199425
0.224175
0.2443
0.261125
0.287525
0.306025
0.3216
0.3766
0.3784
0.407625
0.423
0.4253
0.43545
0.48645
0.543325
0.55465
0.584025
0.6246
0.62535
0.661925
0.6675
0.68385
0.687325
0.71195
0.712675
0.78795
0.791025
0.81475
0.96115
1.0451
1.0653
1.06565
1.108075
1.1269
1.15095
1.2124
1.217025
1.23415
1.25215
1.301075
1.337925
1.40585
1.459675
1.469825
1.47375
1.5141
1.53505
1.63395
1.65815
1.677425
1.8334
1.861775
1.9289
1.94875
1.9624
1.984375
1.984825
1.996275
2.0965
2.176675
2.211575
2.24545
2.2541
2.299725
2.3847
2.386
2.437875
2.44795
2.530275
2.542225
2.61875
2.650675
2.6566
2.663075
2.7226
2.7766
2.824075
2.834725
2.851925
2.869175
2.951625
3.011525
3.22455
3.39985
3.53295
3.678275
3.72795
3.846075
3.86585
4.024875
4.24495
4.3145
4.419475
4.467825
4.520825
4.569875
4.632625
4.6624
4.790725
4.8252
4.984725
5.268225
5.322675
5.42285
5.4475
5.7042
5.800475
5.821075
5.90135
5.948475
6.237125
6.307725
6.4395
6.440475
6.489675
6.492025
6.5574
6.6242
6.716775
7.338075
7.600525
7.6874
7.975075
8.0071
8.39555
9.061
9.21965
9.57245
9.830675
9.89445
9.906475
9.9287
142
