0.02165
0.029225
0.035175
0.0488
0.0504
0.06165
0.062025
0.080875
0.0999
0.145125
0.1528
0.157125
0.175225
0.20895
0.217225
0.2411
0.2413
0.26005
0.282725
0.317175
0.329225
0.334725
0.338225
0.3392
0.355725
0.3606
0.361925
0.376625
0.45255
0.478075
0.48615
0.542475
0.54775
0.5494
0.598575
0.63265
0.647475
0.710475
0.74505
0.75975
0.823025
0.910425
0.93285
0.958675
1.04665
1.088
1.096525
1.120325
1.235575
1.28705
1.300125
1.325525
1.347825
1.415575
1.4665
1.48845
1.521825
1.589125
1.617925
1.650575
1.7239
1.77425
1.775675
1.7783
1.838325
1.909025
1.947725
1.972375
2.0519
2.1367
2.1621
2.208025
2.347625
2.42255
2.427125
2.43425
2.46335
2.467475
2.52055
3.053175
3.226725
3.388525
3.492
3.6268
3.66055
3.6799
3.729175
3.759
3.88875
3.998375
4.080025
4.2411
4.344325
4.417625
4.5382
4.54155
4.5954
4.664225
4.76095
4.7772
4.819625
4.99765
5.08865
5.32345
5.523475
5.684
5.6853
5.75395
5.783525
6.028725
6.071475
6.395925
6.628425
6.768325
6.8708
7.266
7.7064
7.72515
7.931025
8.2286
8.318125
8.5132
8.6769
8.797425
9.4946
125
