0.011375
0.0149
0.03035
0.05355
0.0679
0.06815
0.077275
0.08775
0.0906
0.096625
0.112025
0.14405
0.167225
0.16755
0.1775
0.18475
0.190375
0.194625
0.21175
0.23655
0.250575
0.256975
0.279475
0.285
0.288175
0.289075
0.3133
0.316425
0.318175
0.318675
0.3222
0.3288
0.352625
0.36045
0.394325
0.39675
0.4357
0.50865
0.5094
0.509575
0.521925
0.52765
0.53565
0.61525
0.616375
0.648025
0.670275
0.7043
0.84695
0.8514
1.0849
1.135
1.19525
1.402025
1.4358
1.45105
1.47375
1.507525
1.522975
1.523125
1.533525
1.55035
1.583125
1.665425
1.713525
1.715975
1.720625
1.7338
1.748825
1.9282
2.00245
2.006525
2.0251
2.182325
2.319425
2.403075
2.482075
2.505275
2.5143
2.516975
2.577625
2.630525
2.643225
2.682475
2.697375
2.7358
2.914625
2.9228
3.0561
3.05635
3.115025
3.160425
3.18635
3.342325
3.52875
3.810725
3.829775
4.205825
4.62235
4.6259
4.643475
4.7801
5.280875
5.31615
5.456725
5.95225
6.116575
6.203625
6.41565
6.47855
6.81275
6.873225
7.6171
7.644525
7.857425
8.2604
8.285575
8.588675
8.63665
8.6601
9.168775
9.2728
9.329125
9.463075
9.72235
125
