0.007775
0.0169
0.02785
0.028125
0.064175
0.075725
0.085125
0.089325
0.096875
0.110275
0.11545
0.117525
0.173225
0.17415
0.174725
0.185025
0.209225
0.22765
0.231825
0.249275
0.259775
0.259925
0.2676
0.30885
0.309175
0.321175
0.32575
0.361825
0.37005
0.374325
0.381375
0.402925
0.413925
0.414375
0.479025
0.5053
0.509025
0.515725
0.5287
0.54785
0.55685
0.561925
0.634875
0.680175
0.68705
0.7389
0.79075
0.8225
0.825625
0.83875
0.84145
0.84625
0.865775
0.872425
0.90795
1.025525
1.095975
1.10305
1.15575
1.162375
1.201075
1.3978
1.40385
1.404425
1.419675
1.426825
1.434725
1.443175
1.535075
1.578475
1.586425
1.6105
1.6162
1.65375
1.701725
1.733275
1.743325
1.75925
1.7793
1.81995
1.839025
1.8893
1.90575
1.910975
2.04565
2.138
2.1774
2.214475
2.21935
2.284475
2.290325
2.317475
2.39835
2.409625
2.423325
2.440375
2.710225
2.713275
2.724625
2.7854
2.7869
2.842675
2.935725
2.965125
2.98525
3.0133
3.017675
3.155425
3.219175
3.3052
3.326775
3.336325
3.3491
3.43035
3.57455
3.755875
3.880475
4.0745
4.163525
4.176175
4.199025
4.352575
4.5018
4.533925
4.589625
4.709075
4.8012
4.9968
5.209
5.6897
5.728625
6.471925
6.55
6.775525
6.8811
7.86105
8.581775
8.697575
9.553575
9.901275
9.97125
141
