0.000975
0.031075
0.033125
0.042625
0.071525
0.0947
0.097675
0.098375
0.11315
0.1486
0.190675
0.191825
0.19385
0.21535
0.217325
0.224275
0.227525
0.231275
0.23615
0.25245
0.264425
0.299225
0.31365
0.36475
0.368525
0.3763
0.382925
0.45535
0.483275
0.493125
0.4999
0.504925
0.52115
0.5443
0.574175
0.584575
0.6038
0.64795
0.673775
0.706
0.74925
0.76345
0.8134
0.833175
0.9
0.965525
0.96605
1.04695
1.07455
1.16475
1.1757
1.19095
1.2182
1.250875
1.318875
1.454675
1.45625
1.52635
1.539875
1.6582
1.68565
1.7073
1.724625
1.7984
1.800775
1.8828
1.946725
2.000325
2.1062
2.1633
2.31125
2.33195
2.38595
2.44005
2.4983
2.680975
2.911975
2.93775
2.950675
2.97445
3.05645
3.0881
3.12695
3.155025
3.341875
3.3785
4.392725
4.40255
4.42165
4.6309
4.77285
4.79005
4.8685
4.99145
4.9981
5.021675
5.10325
5.22105
5.352125
5.431625
6.554325
6.56475
7.002575
7.2299
7.34775
8.02795
8.337
8.360525
8.441275
8.510925
9.05325
111
