0.006025
0.0296
0.0537
0.0733
0.076575
0.08075
0.10135
0.1114
0.1413
0.176125
0.184675
0.1852
0.218425
0.2462
0.255875
0.277775
0.281275
0.285875
0.287575
0.30285
0.307125
0.41205
0.412175
0.415425
0.4222
0.44885
0.4932
0.519775
0.526425
0.542
0.545275
0.5589
0.56335
0.569775
0.634325
0.63665
0.641225
0.651925
0.693225
0.735425
0.747075
0.7753
0.787125
0.824475
0.827925
0.843875
0.938275
0.96655
0.976325
0.97805
0.9944
1.0197
1.0489
1.068125
1.0796
1.082625
1.089275
1.208
1.22155
1.3859
1.390475
1.428
1.5332
1.596775
1.7943
1.797
1.807825
1.825725
1.876675
1.886525
1.9326
1.93415
2.160275
2.24
2.397925
2.607325
2.65915
2.661375
2.7238
2.894975
3.03285
3.14365
3.183025
3.253175
3.3951
3.495
3.683825
3.9015
3.9616
4.095825
4.201575
4.362275
4.450925
4.616
4.619975
5.065925
5.130875
5.430725
5.535875
5.61335
5.727775
5.778725
5.98305
6.389
6.55885
6.636675
6.680725
6.88575
7.071075
7.122725
7.3765
7.425175
7.455725
7.63155
8.05395
8.698675
9.138825
9.5192
9.590775
9.837975
9.962
121
