0.0389
0.0413
0.076175
0.096725
0.099425
0.109225
0.139875
0.14805
0.15975
0.18035
0.209525
0.2153
0.2179
0.220675
0.22605
0.2354
0.237825
0.2472
0.2593
0.26115
0.26545
0.2904
0.2917
0.312625
0.33745
0.394325
0.395975
0.398625
0.429875
0.43835
0.442825
0.442875
0.44995
0.47045
0.48335
0.600575
0.6603
0.74745
0.78995
0.828425
0.831775
0.855325
0.88105
0.9112
0.93845
0.9591
0.991725
1.027925
1.0521
1.0865
1.194975
1.464025
1.467825
1.550025
1.61605
1.620325
1.635875
1.664375
1.707625
1.80655
1.907275
1.94215
1.97285
1.99085
2.017125
2.059275
2.131625
2.16415
2.237875
2.255125
2.455725
2.47745
2.5757
2.6737
2.91395
3.083
3.0957
3.12225
3.154775
3.172775
3.2817
3.3357
3.436125
3.53125
3.5313
3.5885
3.61925
3.6352
3.677425
4.142125
4.48115
4.6998
4.712525
4.792125
5.138575
5.50345
5.542825
6.086625
6.3987
6.58965
7.00175
7.31825
7.421125
7.81295
8.3459
8.6308
8.63585
9.3165
9.7274
9.9058
110
