0.0058
0.013575
0.016725
0.016925
0.018675
0.035125
0.04545
0.0455
0.0582
0.07755
0.086725
0.0962
0.097975
0.108
0.147875
0.153425
0.177925
0.17915
0.19685
0.22965
0.230475
0.24825
0.250225
0.253925
0.258575
0.261625
0.26265
0.270175
0.28215
0.284
0.3141
0.3432
0.3855
0.3901
0.423825
0.4274
0.4279
0.434675
0.4366
0.443525
0.466075
0.467475
0.495125
0.500325
0.503975
0.55215
0.56995
0.584375
0.599725
0.646
0.661
0.668075
0.6695
0.68865
0.695375
0.74825
0.756075
0.7957
0.829525
0.831
0.918
0.93615
0.944575
0.96285
1.00235
1.038225
1.057725
1.0631
1.091325
1.15645
1.15875
1.165075
1.168
1.186
1.229725
1.242975
1.25255
1.276875
1.2799
1.347025
1.356075
1.40315
1.40445
1.43865
1.48915
1.529725
1.533225
1.55385
1.66745
1.713725
1.7428
1.75645
1.819025
1.821375
1.84625
1.87805
1.8909
2.020575
2.1445
2.151275
2.1624
2.224575
2.60195
2.61245
2.680325
2.7078
2.94045
2.982575
3.003275
3.01035
3.072425
3.273075
3.305275
3.43455
3.58035
3.64095
3.827225
3.8388
3.877575
4.067925
4.09595
4.122575
4.140325
4.213275
4.24325
5.95885
6.147575
6.247825
6.309775
6.505425
6.565575
6.679975
6.75375
6.883775
7.17555
7.1785
7.22315
7.494575
7.850575
7.8642
7.914025
7.930925
8.52135
8.5399
8.5742
9.4076
146
