0.0033
0.003625
0.018125
0.0313
0.036925
0.080275
0.08065
0.08195
0.093225
0.0936
0.1165
0.1246
0.12785
0.13205
0.136075
0.138275
0.14345
0.1511
0.154575
0.159275
0.1689
0.17755
0.18385
0.1951
0.198525
0.200825
0.20635
0.218175
0.2327
0.245725
0.254425
0.27335
0.2809
0.29875
0.304475
0.3304
0.3599
0.383225
0.454075
0.507175
0.53655
0.547875
0.57245
0.589125
0.640725
0.667025
0.672875
0.737175
0.741925
0.7642
0.78345
0.802175
0.83555
0.85285
0.8934
0.9866
0.995725
1.038675
1.043075
1.092375
1.15815
1.1643
1.290325
1.32335
1.33115
1.37175
1.5856
1.602575
1.7074
1.75355
1.800325
1.811975
1.86265
1.922875
1.951925
1.9749
1.98425
1.98435
2.031525
2.105975
2.134525
2.1816
2.20325
2.2333
2.238725
2.404925
2.442825
2.4689
2.700675
2.7122
2.728575
2.78395
2.8564
2.859425
2.91525
3.070125
3.19075
3.349275
3.375425
3.3765
3.43475
3.44975
3.532425
3.5446
3.553575
3.555075
3.74795
3.841975
3.967275
4.120875
4.373
4.841275
4.87135
4.93785
4.9898
5.56405
5.62545
5.888625
6.250475
6.492525
6.534775
6.58175
7.347575
7.4271
7.4689
7.6739
9.5265
127
