0.04335
0.055675
0.061425
0.062875
0.0636
0.07195
0.09465
0.098175
0.105475
0.129325
0.13495
0.14955
0.162025
0.1708
0.1754
0.207775
0.209775
0.22065
0.265375
0.2997
0.328775
0.345025
0.348225
0.35495
0.378075
0.384025
0.386525
0.3968
0.44615
0.464325
0.4791
0.505875
0.5118
0.545875
0.5502
0.571925
0.583925
0.588575
0.5969
0.599725
0.613025
0.64625
0.668925
0.688775
0.6962
0.71085
0.71665
0.742675
0.763625
0.771275
0.840875
0.84225
0.891725
0.8966
0.920675
0.955275
0.9726
1.058975
1.1745
1.211825
1.230075
1.23505
1.290875
1.3293
1.424825
1.437825
1.627675
1.669925
1.710125
1.8936
1.901575
1.95205
1.979325
2.042775
2.0583
2.17865
2.22305
2.296175
2.462875
2.4929
2.573675
2.62115
2.755225
3.012975
3.054075
3.275975
3.43315
3.43385
3.4515
3.503725
3.524225
3.64265
3.66555
3.811275
3.991725
4.033925
4.05585
4.06
4.17435
4.57935
4.6347
4.6742
4.851075
4.991375
5.0418
5.471025
5.539575
5.556675
5.7594
5.84075
5.932525
6.507025
6.646475
8.42135
8.4757
8.630125
8.997325
9.1458
9.266425
9.356425
9.3926
9.4543
9.516675
9.695875
9.701325
9.785825
126
