0.005225
0.060375
0.083275
0.095
0.110625
0.11255
0.140225
0.147475
0.150525
0.180975
0.181825
0.227875
0.228575
0.22865
0.233025
0.2456
0.25885
0.2748
0.284
0.2941
0.297625
0.32365
0.36285
0.3772
0.381025
0.396625
0.435325
0.44015
0.475525
0.48735
0.487975
0.500925
0.50285
0.516925
0.534225
0.539325
0.544
0.54935
0.564075
0.567525
0.569425
0.617275
0.6499
0.68895
0.867925
0.99345
1.01225
1.0164
1.038375
1.085025
1.172425
1.204175
1.239475
1.266225
1.276125
1.3392
1.354725
1.375325
1.435025
1.437
1.5074
1.56675
1.60175
1.6585
1.6991
1.70165
1.717125
1.763125
1.77875
1.900975
1.901925
1.903725
1.950625
1.966925
2.113475
2.160175
2.3595
2.3774
2.42055
2.57605
2.5852
2.72475
2.752775
2.787525
2.8173
2.977575
3.073025
3.29585
3.378025
3.403225
3.45825
3.494325
3.595325
3.653875
3.670725
3.680125
3.776375
3.9453
3.99925
4.22315
4.453475
4.535575
5.15075
5.194425
5.740875
5.915925
5.99025
6.7291
6.7794
6.97895
7.052
7.106325
7.350275
8.076625
8.318825
8.7483
8.778825
9.043175
9.45995
9.7371
120
