0.003175
0.0306
0.050725
0.121175
0.135175
0.1638
0.17475
0.183475
0.190075
0.218275
0.230325
0.243825
0.24515
0.247
0.248575
0.2582
0.282125
0.298675
0.3078
0.3286
0.329025
0.348225
0.3503
0.3714
0.474375
0.478425
0.4891
0.543475
0.578575
0.5847
0.677425
0.705075
0.7105
0.801225
0.8022
0.820275
0.82385
0.87035
0.874175
0.884025
0.895475
0.940375
0.95185
0.966775
1.056725
1.121675
1.191625
1.20645
1.259275
1.4017
1.411725
1.469175
1.49225
1.5676
1.60355
1.66345
1.686575
1.7225
1.75165
1.79225
1.88275
1.9202
2.12575
2.1494
2.234925
2.267125
2.3315
2.362825
2.421575
2.486775
2.531925
2.617775
2.758375
2.762075
3.015875
3.18045
3.330875
3.34375
3.453725
3.5459
3.553675
3.588025
3.66585
3.73155
3.73255
3.8528
3.860825
4.00555
4.098175
4.1456
4.22075
4.528625
4.6629
4.663375
5.177225
5.367
5.81165
5.839575
5.987925
6.13205
6.178125
6.2612
6.609275
6.625525
6.77055
6.77085
6.896975
7.065025
7.1936
7.44245
7.577625
8.0909
8.52705
8.8457
8.9591
8.96745
9.019075
9.06745
118
