0.0007
0.00615
0.030325
0.051225
0.052875
0.054475
0.09235
0.117875
0.138875
0.154225
0.158325
0.1759
0.22405
0.239025
0.281125
0.2934
0.29475
0.305625
0.313175
0.327725
0.338475
0.408425
0.436075
0.43945
0.477425
0.483
0.504625
0.5228
0.5281
0.545325
0.573225
0.583325
0.6171
0.6221
0.629025
0.633475
0.660375
0.668975
0.67325
0.6951
0.7178
0.7201
0.75205
0.767225
0.78645
0.853475
0.861275
0.86295
0.876175
0.880075
0.886725
0.918175
0.9271
0.9388
0.951925
1.0299
1.05235
1.078125
1.089525
1.109225
1.117725
1.176025
1.212375
1.343525
1.554925
1.601925
1.680125
1.686425
1.715025
1.728025
1.78885
1.88665
1.9408
1.95015
1.954275
2.0005
2.07415
2.0786
2.16535
2.222875
2.236875
2.372925
2.437675
2.469975
2.574375
2.61595
2.630175
2.647025
2.667625
2.7451
2.785975
2.8126
2.875175
3.075725
3.196125
3.25635
3.2676
3.322725
3.412625
3.699575
3.738575
3.8303
3.9031
4.084025
4.296125
4.4309
4.507275
4.507725
4.6552
4.7368
4.8127
4.905875
4.9103
4.925125
5.082975
5.2355
5.8888
6.055675
6.462625
7.65115
7.785175
8.40455
8.817325
8.888925
9.180825
9.607325
9.87255
9.891875
128
