0.00075
0.00185
0.0065
0.00855
0.019
0.045125
0.04985
0.096025
0.102975
0.15205
0.1753
0.177575
0.182375
0.18665
0.201675
0.213725
0.234875
0.236875
0.246375
0.26165
0.262775
0.267175
0.271975
0.28
0.3205
0.3214
0.3355
0.347425
0.4014
0.430325
0.441725
0.532475
0.547775
0.592425
0.62825
0.6554
0.8137
0.8288
0.85525
0.88655
0.9204
0.959375
0.96795
1.002275
1.0204
1.03955
1.089075
1.19165
1.20045
1.208675
1.233925
1.28125
1.342875
1.361975
1.37525
1.511375
1.523075
1.623575
1.644575
1.662625
1.678825
1.7033
1.710275
1.730425
1.801575
1.852575
1.866525
1.87755
1.930225
1.990975
2.000725
2.056575
2.1042
2.1076
2.134325
2.15165
2.262175
2.40115
2.413225
2.4144
2.416575
2.47705
2.57575
2.665875
2.7105
2.7606
2.852525
2.897225
2.91645
3.026025
3.15565
3.234275
3.235325
3.70205
3.718225
3.9182
3.986225
4.08635
4.39185
4.69195
4.937175
5.58675
5.87495
6.4754
6.858975
7.10115
7.245025
8.271375
8.286975
8.44135
8.6695
8.9299
9.020375
9.079125
9.28805
9.410075
9.503975
9.611
118
