0.0012
0.017875
0.02085
0.023225
0.0538
0.065675
0.07095
0.105175
0.105825
0.106075
0.1255
0.126325
0.127675
0.129675
0.14745
0.1506
0.1608
0.167475
0.192175
0.210325
0.212625
0.2833
0.2845
0.323825
0.336675
0.3556
0.368425
0.41165
0.427975
0.44905
0.450425
0.459525
0.462075
0.47325
0.475575
0.484925
0.495275
0.5035
0.5118
0.514475
0.518525
0.534575
0.579925
0.58215
0.636
0.693875
0.6969
0.78785
0.822225
0.8233
0.8904
0.9004
0.941125
0.96155
0.9693
0.981
1.02365
1.05165
1.052225
1.095325
1.148525
1.212325
1.333325
1.343325
1.399725
1.4116
1.43885
1.523175
1.547525
1.657475
1.6988
1.89445
1.899775
1.968325
1.9986
2.00785
2.020625
2.051025
2.12655
2.129375
2.160025
2.329275
2.3366
2.5883
2.604675
2.832125
2.833275
2.8551
2.958475
3.0304
3.048625
3.252275
3.344
3.364475
3.46875
3.69065
3.839975
4.383425
4.45165
4.55295
4.96205
5.23565
5.251075
5.614275
5.684775
5.734925
6.1126
6.768975
6.7926
7.004275
7.467275
7.549225
7.666425
8.137
9.217725
9.266425
9.73
9.9482
118
