0.015075
0.0287
0.029575
0.0725
0.0789
0.081775
0.088075
0.105975
0.11955
0.1209
0.12745
0.144175
0.1632
0.164775
0.169775
0.19935
0.2064
0.217775
0.2222
0.244525
0.246875
0.2865
0.286825
0.302
0.304825
0.309775
0.32175
0.346025
0.3513
0.362175
0.377
0.41485
0.418875
0.43
0.4439
0.47925
0.4928
0.506525
0.508175
0.52135
0.529525
0.563075
0.57365
0.5911
0.634375
0.64865
0.8526
0.9264
0.9449
1.0056
1.045025
1.069975
1.1351
1.211025
1.25785
1.26905
1.288925
1.324775
1.371825
1.4357
1.49945
1.517
1.54735
1.766025
1.866475
1.8927
1.9876
2.007725
2.1048
2.3419
2.540275
2.7933
2.91485
2.9161
2.957825
2.992575
3.0892
3.165
3.266675
3.28655
3.332875
3.526825
3.551225
3.6494
3.653175
3.90755
3.932875
4.31685
4.423975
4.8634
4.968825
5.192575
5.356125
5.418175
5.7622
5.9991
6.0777
6.1626
7.45365
7.4826
7.58445
7.60375
7.688225
7.790375
8.092575
8.160775
8.1795
8.332125
8.573175
8.85105
9.39335
9.508875
9.60635
9.73635
114
