0.0166
0.032575
0.04705
0.07215
0.0771
0.087075
0.120475
0.1427
0.1466
0.1513
0.1581
0.167525
0.1822
0.186675
0.268
0.270875
0.326625
0.333975
0.33615
0.34265
0.3469
0.381275
0.3839
0.438375
0.464175
0.471425
0.504125
0.51805
0.53125
0.53675
0.64075
0.6573
0.663875
0.67595
0.70185
0.705025
0.790175
0.837075
0.84535
0.8502
0.855975
0.94075
0.978
1.03705
1.0377
1.0553
1.112025
1.1986
1.261275
1.346525
1.380675
1.410925
1.440475
1.444075
1.5028
1.519225
1.591275
1.61335
1.620875
1.677875
1.749625
1.766675
1.8546
1.8569
2.223325
2.300675
2.5941
2.649775
2.923075
2.9452
2.96365
3.036825
3.05925
3.0697
3.070375
3.11485
3.188925
3.240575
3.38635
3.469325
3.5033
3.681725
3.807425
3.8906
4.09
4.3561
4.4504
4.516725
4.568975
4.679575
4.76185
4.818675
4.918225
4.9213
5.13465
5.2074
5.416
5.68165
5.693375
6.0752
6.481475
6.496475
6.50135
6.724475
7.199175
7.684125
7.884225
8.742425
8.82995
9.988125
110
