0.048575
0.091875
0.1046
0.105925
0.106675
0.12265
0.14605
0.152625
0.16405
0.2506
0.261675
0.277225
0.2826
0.290425
0.3186
0.324825
0.33115
0.337275
0.37985
0.3802
0.387675
0.390075
0.45745
0.4657
0.611825
0.649075
0.8058
0.81655
0.8566
0.909125
0.91715
0.95035
0.9611
1.000175
1.010625
1.0298
1.03995
1.051175
1.094325
1.21365
1.230675
1.23195
1.237075
1.292375
1.315
1.373175
1.402475
1.426225
1.428125
1.433275
1.48075
1.5387
1.5447
1.556
1.557275
1.584925
1.590875
1.6288
1.642175
1.6512
1.670025
1.70785
1.713175
1.99665
2.00625
2.00635
2.13085
2.15675
2.3922
2.416525
2.429925
2.435875
2.58535
2.5878
2.6328
2.7042
2.846
2.9356
3.080725
3.225225
3.28675
3.314375
3.5636
3.634875
3.651125
3.653375
3.702525
3.714125
4.07735
4.10445
4.270675
4.5127
4.799275
5.171825
5.20255
5.22825
5.3961
5.555725
5.709375
5.7707
5.858875
5.9747
6.13305
6.1448
6.584475
7.074925
7.096325
7.143325
7.190125
7.230525
7.540075
7.6196
8.103425
8.259875
8.464075
8.546675
8.844175
9.714375
118
