0.0062
0.007725
0.008975
0.012575
0.072525
0.128525
0.134975
0.14505
0.182175
0.187725
0.195675
0.2302
0.244925
0.246825
0.2659
0.277975
0.282325
0.288825
0.299575
0.310125
0.33525
0.43195
0.490075
0.506325
0.508475
0.544475
0.553725
0.5635
0.568175
0.630375
0.649175
0.729975
0.824175
0.865425
0.879025
0.906425
1.031375
1.169425
1.210275
1.38345
1.41295
1.45065
1.450925
1.4516
1.454025
1.508775
1.69005
1.77365
1.8268
1.830725
1.848225
1.888075
1.89335
1.9545
2.014125
2.03265
2.07925
2.1089
2.14235
2.302325
2.446625
2.566975
2.5943
2.651275
2.759475
2.763025
3.25625
3.457025
3.48965
3.538375
3.72135
3.75865
3.959675
4.042075
4.07575
4.371725
4.4575
4.539825
4.569125
5.14965
5.2692
5.305625
5.92255
5.943375
6.016975
6.0308
6.3018
6.481475
6.583975
6.63585
6.968225
7.20905
7.221525
7.2845
7.649275
7.708925
7.95035
8.2902
8.755675
8.760625
8.9614
9.394
9.530425
9.83855
9.875225
105
