0.002675
0.005275
0.00835
0.0198
0.100175
0.11095
0.129375
0.1376
0.153475
0.166675
0.17455
0.174825
0.175525
0.194475
0.1995
0.200875
0.202925
0.23445
0.238025
0.24175
0.24705
0.247575
0.264175
0.287475
0.293525
0.29355
0.29865
0.33145
0.3322
0.408075
0.44565
0.454125
0.5073
0.5586
0.563375
0.570225
0.5749
0.589625
0.59845
0.6367
0.654025
0.6732
0.691375
0.75945
0.8277
0.849025
0.883325
0.91435
0.917075
0.931775
0.9478
0.96055
0.9631
0.963225
0.966025
0.97135
1.05225
1.102175
1.2128
1.30705
1.32035
1.324375
1.366
1.3803
1.432775
1.47605
1.51915
1.6269
1.687525
1.813725
1.817575
1.875675
2.04665
2.07585
2.12645
2.1532
2.164675
2.260025
2.43745
2.455825
2.497975
2.5172
2.521325
2.581575
2.664075
2.678525
3.008075
3.11265
3.19295
3.36195
3.398
3.415275
3.45145
3.512275
3.8083
3.8594
3.968525
4.198925
4.34845
4.468125
4.894475
5.059025
5.26895
5.327925
5.478
5.49925
5.92355
6.2751
6.33725
6.3851
6.38735
6.5165
6.530625
6.562275
6.5664
6.8807
6.890625
7.087325
7.341075
7.4295
7.54105
7.565575
7.6314
7.873175
8.166575
8.25755
8.46515
8.944775
9.2947
9.56705
9.89965
9.93675
132
