0.008925
0.049625
0.05465
0.0744
0.088525
0.090675
0.103025
0.129925
0.200925
0.20525
0.216175
0.21845
0.225675
0.22745
0.257825
0.26465
0.278275
0.2795
0.27975
0.3201
0.334125
0.33545
0.33775
0.3754
0.386575
0.392575
0.393875
0.3948
0.4065
0.452425
0.48745
0.54695
0.555725
0.5607
0.57825
0.589725
0.601125
0.647075
0.648325
0.663725
0.66405
0.6889
0.699125
0.708375
0.80805
0.8097
0.826675
0.8374
0.840775
0.8669
0.878975
0.903825
0.9562
1.00615
1.056875
1.0838
1.090325
1.0978
1.1011
1.1138
1.126425
1.177
1.18065
1.1821
1.23145
1.272725
1.277325
1.33715
1.384
1.4153
1.4356
1.486525
1.577775
1.592875
1.603275
1.627225
1.629875
1.64835
1.80975
1.915875
2.0342
2.23925
2.242975
2.263775
2.271175
2.320425
2.3349
2.406775
2.4792
2.5744
2.7537
2.809675
2.853975
3.136725
3.24745
3.33095
3.355725
3.359525
3.4738
3.718375
3.768075
3.77575
3.797625
3.984325
4.073725
4.577325
4.9699
5.38595
5.4461
5.4753
5.6799
6.0503
6.0604
6.2888
6.621
6.974625
7.030025
7.368325
7.594425
7.86
7.881775
8.111675
122
