0.0057
0.010975
0.012825
0.012925
0.0139
0.021575
0.031825
0.0403
0.06545
0.0714
0.094075
0.09825
0.1095
0.114275
0.14705
0.14755
0.1602
0.160775
0.17405
0.19065
0.192
0.19875
0.203825
0.21095
0.23565
0.237125
0.2465
0.2528
0.301475
0.310225
0.314425
0.3526
0.355825
0.438225
0.4444
0.463825
0.521875
0.549575
0.577
0.60015
0.600225
0.601825
0.65015
0.695425
0.723925
0.727825
0.7401
0.7995
0.8136
0.883575
0.919525
0.9799
0.987725
1.019825
1.024225
1.1289
1.15685
1.1935
1.21165
1.252825
1.284825
1.285625
1.32085
1.428675
1.458075
1.492075
1.720775
1.733675
1.782275
1.819
1.8331
1.833325
1.854725
1.936825
2.02115
2.037475
2.19225
2.248375
2.318025
2.33495
2.343625
2.37255
2.390625
2.401325
2.410975
2.413825
2.483225
2.7529
2.761625
2.790475
2.89125
3.001875
3.01525
3.05615
3.290825
3.305875
3.321825
3.5848
3.716525
3.793075
4.239075
4.76685
4.80335
4.85445
4.88745
4.993775
5.337
5.521875
5.6438
5.713575
5.777825
6.384675
6.769025
7.010775
7.57265
7.774975
8.0844
8.101425
8.2632
8.349625
8.443725
8.5492
9.73705
9.94425
124
