0.001325
0.01245
0.0183
0.0554
0.09125
0.099475
0.106
0.10725
0.130225
0.13205
0.1365
0.1518
0.1525
0.15635
0.175
0.200375
0.221625
0.230575
0.233625
0.235675
0.2387
0.27455
0.283375
0.325225
0.36885
0.395075
0.406075
0.46035
0.481225
0.499025
0.50555
0.5286
0.5539
0.5565
0.564225
0.580125
0.596175
0.6203
0.6357
0.646425
0.6526
0.66235
0.671075
0.677325
0.735575
0.7386
0.768675
0.78475
0.831475
0.959675
1.002925
1.052175
1.103525
1.11555
1.13165
1.199075
1.270425
1.278175
1.2826
1.3221
1.403
1.4189
1.438025
1.456575
1.51935
1.544325
1.62335
1.663575
1.6718
1.779425
1.8241
2.0564
2.201075
2.266125
2.361125
2.3901
2.657725
2.687725
2.737625
2.799925
2.819
2.851575
2.896275
2.940175
2.95595
3.0846
3.18205
3.239975
3.445975
3.7373
3.769875
3.77415
3.787275
3.8265
3.8562
4.056825
4.17785
4.567425
4.594875
4.743475
5.0086
5.4824
5.74435
5.8142
5.958125
6.208075
6.216625
6.2452
6.426375
6.56945
6.8767
6.881175
6.904575
7.245075
7.361425
7.4564
7.457675
7.637175
8.0565
8.178275
8.328575
8.38195
8.415375
8.65385
8.882625
8.90525
9.3868
127
