0.039375
0.046225
0.047575
0.054725
0.0705
0.08875
0.108975
0.1095
0.133275
0.136325
0.15955
0.1902
0.232575
0.2482
0.253
0.254375
0.261225
0.264875
0.268075
0.278375
0.326875
0.347225
0.37065
0.4831
0.49405
0.525475
0.620375
0.689675
0.7179
0.720725
0.7286
0.73505
0.75025
0.758475
0.782125
0.822725
0.838
0.892125
0.902025
0.90935
0.945425
0.9911
0.99165
1.005575
1.056075
1.12635
1.165025
1.20915
1.24525
1.2952
1.393875
1.407425
1.41735
1.44705
1.46675
1.48855
1.527075
1.60095
1.6328
1.693175
1.74305
1.830175
1.8731
1.8811
1.944975
2.040975
2.08965
2.18235
2.183325
2.1935
2.251275
2.328075
2.336425
2.392575
2.396325
2.445075
2.459325
2.5587
2.641425
2.67435
2.788675
2.932625
3.0159
3.0423
3.0947
3.24825
3.3566
3.526
3.724075
3.7258
3.753975
3.793175
3.860775
3.891275
4.24495
4.367325
4.56425
4.583975
4.89585
4.921025
5.03515
5.50675
6.15675
6.19435
7.10695
7.184925
7.455075
7.47415
7.79975
7.9591
8.48025
8.831325
8.927625
9.23635
9.23835
9.28545
9.298775
9.452525
9.458625
119
