0.0008
0.0032
0.02205
0.0223
0.036525
0.0494
0.058
0.0625
0.072625
0.080075
0.089525
0.09835
0.10745
0.14135
0.16495
0.17785
0.1967
0.23375
0.2373
0.25715
0.262625
0.2664
0.281325
0.291025
0.33085
0.36325
0.411325
0.4259
0.42975
0.438725
0.44435
0.459125
0.46505
0.4663
0.4804
0.50005
0.54405
0.559975
0.57935
0.68155
0.7281
0.737675
0.772825
0.87805
0.895375
0.914725
0.952675
1.01995
1.1636
1.1691
1.2071
1.2402
1.2963
1.30645
1.33285
1.34455
1.354425
1.36585
1.40895
1.42015
1.42895
1.445
1.613825
1.6511
1.7466
1.805675
1.90095
2.050775
2.061125
2.078275
2.1022
2.173475
2.2093
2.373325
2.384475
2.4347
2.514975
2.53535
2.642975
2.67195
2.74765
2.855375
2.9339
2.9678
3.16965
3.3373
3.357075
3.489125
3.636975
3.646575
3.778175
4.028175
4.145075
4.587425
4.829125
5.00045
5.010875
5.154475
5.340575
5.476075
5.5614
5.6168
5.716975
5.727325
6.121025
6.20705
6.5414
6.65585
6.9876
7.095125
7.111375
7.24665
7.351775
7.501475
7.537775
7.55355
7.64755
8.350975
8.356525
8.724375
8.8988
9.39695
9.424975
123
