0.008375
0.019125
0.029675
0.0337
0.035325
0.08435
0.1249
0.15615
0.160225
0.171425
0.1756
0.1891
0.2002
0.2392
0.253075
0.2666
0.274775
0.2801
0.299525
0.30535
0.30955
0.31295
0.3258
0.32725
0.35705
0.358925
0.36685
0.37155
0.3786
0.385825
0.39435
0.399
0.400325
0.422775
0.450375
0.468175
0.471525
0.476425
0.51505
0.604
0.6394
0.649325
0.65645
0.684025
0.689275
0.71275
0.717875
0.730775
0.7519
0.7671
0.794475
0.830975
0.873125
1.015575
1.023375
1.043825
1.0803
1.084175
1.16175
1.178575
1.2214
1.231575
1.260475
1.290625
1.32795
1.381875
1.42355
1.5467
1.5658
1.636625
1.6518
1.667625
1.780225
1.886275
1.892175
1.90295
1.91535
1.925125
1.934675
1.949375
2.071825
2.15265
2.29315
2.348125
2.349475
2.45235
2.50975
2.68685
2.819925
2.898025
2.9989
3.003725
3.228
3.44515
3.559075
3.640825
3.75735
4.0359
4.330525
4.3414
4.364125
4.5203
4.52575
4.628775
4.71255
4.7303
4.7954
4.90235
5.23075
5.5396
5.5435
5.583775
5.751975
6.04695
6.349075
6.613175
6.66535
6.89785
6.918825
6.9427
7.31205
7.340225
7.565925
8.739475
9.0618
9.110225
9.2935
9.3681
9.4458
129
