0.00635
0.016925
0.022125
0.03665
0.0455
0.067925
0.074025
0.092225
0.107575
0.130475
0.1538
0.1573
0.159475
0.1791
0.18635
0.1882
0.20465
0.214575
0.219275
0.220375
0.23765
0.301275
0.3077
0.3182
0.324425
0.3588
0.360525
0.38865
0.418775
0.432425
0.5079
0.511625
0.515575
0.523025
0.5364
0.552525
0.5799
0.603425
0.617125
0.65595
0.669675
0.69355
0.7158
0.721875
0.74115
0.754025
0.759175
0.77155
0.82595
0.82665
0.852775
0.903175
0.916025
0.929
1.0054
1.0637
1.1467
1.17575
1.2421
1.3274
1.39025
1.45
1.4685
1.51215
1.5168
1.553625
1.6601
1.759425
1.827475
1.84745
1.902425
1.928425
1.946825
1.948075
2.00895
2.145275
2.146475
2.151175
2.180525
2.241475
2.322075
2.3582
2.4721
2.557375
2.5973
2.6347
2.770625
2.780775
2.900075
2.963
3.0009
3.0528
3.08735
3.192075
3.2078
3.210625
3.213
3.236325
3.3224
3.3239
3.6068
3.966475
3.990475
4.15615
4.450975
4.530075
4.5892
4.6833
4.824875
4.9265
5.033575
5.1433
5.2128
5.254
5.498525
5.56205
5.65225
5.6785
6.01
6.048075
6.323675
6.824475
6.937425
7.167025
7.302075
7.385325
7.499075
7.720175
8.01175
8.2071
8.310975
9.06535
9.0898
9.719025
134
