0.005525
0.00605
0.012175
0.02555
0.032275
0.0448
0.04745
0.063225
0.082525
0.0841
0.08445
0.09495
0.10135
0.117025
0.16735
0.179825
0.180475
0.1902
0.22975
0.239775
0.25135
0.279475
0.283625
0.2845
0.29
0.296525
0.35745
0.391725
0.408225
0.4123
0.441975
0.4697
0.5118
0.573875
0.58915
0.63235
0.6335
0.64405
0.647925
0.64845
0.7302
0.737325
0.748225
0.7504
0.863
0.881775
0.891775
0.906175
0.948275
0.989775
1.0308
1.07365
1.0975
1.106525
1.108175
1.111375
1.122975
1.1374
1.175825
1.23245
1.235525
1.239725
1.274425
1.3932
1.395775
1.5017
1.519375
1.521425
1.530275
1.550575
1.61115
1.67995
1.692175
1.862975
1.884575
1.9133
1.91935
1.94995
1.98795
2.0299
2.106325
2.200575
2.222525
2.493775
2.5355
2.559375
2.72495
2.8014
2.807575
2.83875
2.85395
2.9547
2.99225
3.341075
3.34315
3.408
3.4327
3.4575
3.59385
3.619875
3.748
3.80185
3.958225
4.05485
4.12195
4.2298
4.34285
4.476925
4.49955
4.660775
4.90225
5.094475
5.10905
5.55085
5.890525
6.072525
6.304975
6.34585
6.553475
6.824325
6.936175
7.389175
7.755175
7.807875
7.846125
7.88795
8.070175
8.2864
8.398525
8.6686
8.725475
8.95845
9.418375
9.434225
9.839125
9.85405
136
