0.003225
0.003325
0.0235
0.04025
0.04575
0.04615
0.092425
0.09575
0.10285
0.116725
0.139875
0.15135
0.15725
0.19135
0.1926
0.21585
0.24255
0.265975
0.289775
0.295275
0.311075
0.319225
0.326725
0.339575
0.354
0.4076
0.411275
0.4178
0.42365
0.473975
0.483375
0.529825
0.5344
0.54015
0.554775
0.56375
0.56745
0.579875
0.589975
0.605225
0.648725
0.651625
0.658675
0.669925
0.679575
0.750575
0.766025
0.838575
0.875975
0.883825
0.921125
0.96735
1.012875
1.041825
1.06355
1.1347
1.201475
1.2345
1.284525
1.287075
1.409375
1.714825
1.860925
1.897125
1.959075
1.959825
1.97065
1.993275
2.0213
2.11045
2.248725
2.2677
2.362475
2.4355
2.444075
2.484625
2.508825
2.538675
2.580225
2.69145
2.723875
2.824425
2.8299
2.888575
2.915825
3.25495
3.476575
3.481475
3.66265
3.67265
3.684975
4.691575
4.765075
4.879425
4.9376
5.065775
5.33185
5.352225
5.402175
5.77825
6.11335
6.245475
6.327475
6.33795
6.486975
6.985525
7.11925
7.158925
7.1618
7.32885
7.335775
7.5081
7.53595
7.73095
8.062225
8.3217
8.439075
8.7144
8.78775
8.84275
8.9053
9.073275
9.1886
9.317875
9.433225
9.43705
126
