0.001675
0.00265
0.004375
0.005275
0.0252
0.05145
0.05795
0.0602
0.0741
0.0776
0.091475
0.09155
0.093875
0.103325
0.126775
0.133625
0.137475
0.14055
0.143625
0.1574
0.17135
0.175325
0.18685
0.1951
0.20545
0.23605
0.2399
0.254725
0.299725
0.3379
0.344525
0.38535
0.394925
0.41525
0.4294
0.462725
0.47845
0.5184
0.5249
0.526475
0.56075
0.572625
0.601875
0.611875
0.61215
0.702175
0.717425
0.733875
0.785225
0.793925
0.800025
0.80865
0.99565
1.0145
1.02255
1.03075
1.048475
1.0688
1.16775
1.179625
1.188225
1.303675
1.323175
1.369525
1.411425
1.44075
1.51835
1.660525
1.7967
1.820775
1.8855
1.928675
1.945625
1.94765
1.961825
2.00415
2.0236
2.083625
2.09975
2.11155
2.149925
2.153125
2.2383
2.2948
2.331475
2.510025
2.52115
2.541125
2.9564
2.95935
3.044475
3.191775
3.35505
3.409375
3.470025
3.5835
3.58925
3.58945
3.6628
3.76435
3.90245
4.0353
4.0872
4.1287
4.5297
5.0075
5.0611
5.14955
5.201075
5.626825
6.441175
7.275175
7.469925
7.788125
8.150575
8.18785
8.523625
8.56955
8.811125
8.94215
9.006975
9.893775
122
