0.00795
0.0251
0.03185
0.04175
0.05775
0.08635
0.10795
0.1333
0.144725
0.15905
0.20105
0.21655
0.22385
0.232875
0.2372
0.239925
0.2489
0.28425
0.309875
0.366425
0.384925
0.401125
0.4411
0.5308
0.540775
0.54435
0.54945
0.618075
0.624275
0.63
0.641625
0.651
0.66375
0.7025
0.7553
0.81165
0.874525
0.943575
0.95095
0.956575
0.971
0.99685
1.012375
1.017575
1.032675
1.04075
1.05755
1.09435
1.105675
1.12615
1.2422
1.24835
1.249175
1.29265
1.295025
1.30785
1.476225
1.49495
1.5364
1.543275
1.7257
1.73575
1.7528
1.80145
1.903925
1.933075
1.93515
1.936375
1.95445
2.120825
2.135475
2.148775
2.2708
2.34915
2.397475
2.610425
2.631425
2.7602
2.7859
2.8412
2.9138
3.0305
3.0934
3.164675
3.330775
3.357725
3.366025
3.40265
3.436975
3.508525
3.660725
3.72265
3.7706
3.8357
4.015575
4.026025
4.106625
4.179775
4.180325
4.223925
4.30375
4.46965
4.807025
4.8409
4.9568
5.13405
5.271625
5.347725
5.5986
5.7267
5.98275
6.336825
6.507175
6.528575
6.63705
6.7709
7.23325
7.292475
7.499275
7.707275
8.5397
9.080825
9.234875
9.25775
9.75805
125
