0.003075
0.0174
0.023325
0.03185
0.034175
0.034425
0.03775
0.0436
0.061225
0.066775
0.08365
0.105925
0.12695
0.1492
0.1649
0.172275
0.174875
0.189325
0.2343
0.2703
0.287225
0.289625
0.293825
0.324825
0.3575
0.36495
0.375575
0.39955
0.48115
0.48275
0.49335
0.495625
0.503575
0.5296
0.5449
0.601575
0.629625
0.630575
0.631675
0.635575
0.640225
0.7304
0.737775
0.775325
0.81835
0.83375
0.97155
0.989875
0.990625
1.0059
1.04675
1.216275
1.2506
1.345775
1.35715
1.40845
1.45235
1.494775
1.5292
1.530725
1.5602
1.59895
1.658525
1.668475
1.742
1.7736
1.81325
1.83415
1.8533
1.87865
1.892425
1.995675
2.003025
2.026575
2.034025
2.053725
2.12185
2.22725
2.251325
2.27105
2.2712
2.46545
2.483525
2.5328
2.728725
2.78825
2.838925
2.839725
2.866375
2.880275
2.930175
2.9908
3.016525
3.02365
3.1488
3.1645
3.17165
3.550475
3.720775
3.722175
3.736675
3.959675
4.24575
4.33825
4.37785
4.431575
4.454725
4.5439
4.674175
4.742925
4.757325
4.896225
5.074375
5.2913
5.5243
5.748625
5.996
6.13385
6.175475
6.642375
7.008625
7.17585
7.2437
7.51705
7.52435
8.161525
8.291875
8.774675
8.87485
9.005275
9.232875
9.5834
9.67375
9.9324
134
