0.0011
0.015375
0.018575
0.081125
0.097075
0.1043
0.113625
0.13265
0.141975
0.15455
0.1562
0.1702
0.19095
0.2167
0.22495
0.23115
0.24395
0.2682
0.2856
0.288
0.289625
0.3402
0.350625
0.35265
0.364
0.413675
0.418025
0.43405
0.4816
0.491875
0.492725
0.506275
0.553225
0.556025
0.5587
0.596625
0.6171
0.622775
0.6545
0.663275
0.67875
0.69625
0.735825
0.75815
0.782775
0.79145
0.7995
0.809825
0.812925
0.82015
0.8612
0.909575
0.919325
0.937425
0.94
1.009725
1.02405
1.04595
1.0646
1.123775
1.149575
1.185725
1.18935
1.208925
1.235825
1.2416
1.251775
1.2625
1.266875
1.26765
1.33455
1.3755
1.38325
1.410525
1.4953
1.5239
1.627225
1.696775
1.702925
1.79305
1.79735
1.8042
1.8882
1.9814
2.0175
2.092225
2.12155
2.306025
2.306175
2.311325
2.312025
2.31555
2.339
2.3486
2.525325
2.5542
2.572025
2.711775
2.8574
3.04225
3.164625
3.232225
3.25865
3.32595
3.32755
3.533825
3.53875
4.30415
4.557025
4.77395
4.83935
5.282
5.401025
5.402975
5.6292
6.055
6.165725
6.226125
6.344025
6.3812
6.587325
6.874075
7.007125
7.64775
7.83175
8.17295
8.79825
8.815575
9.09495
9.634925
9.638225
9.6777
9.870325
133
