0.00415
0.025125
0.03085
0.047325
0.058175
0.091325
0.108975
0.109575
0.133775
0.13555
0.136875
0.17725
0.18585
0.190625
0.19805
0.206775
0.210875
0.2128
0.22145
0.2221
0.22605
0.26415
0.286525
0.298525
0.3006
0.30805
0.3106
0.331125
0.36075
0.38825
0.408275
0.416375
0.417275
0.450575
0.562625
0.56925
0.590425
0.66025
0.6644
0.665725
0.71365
0.756625
0.782925
0.79395
0.8877
0.944
0.946775
0.994675
1.001875
1.009675
1.048625
1.056675
1.095975
1.219525
1.252475
1.31205
1.3894
1.41925
1.4316
1.4364
1.4975
1.562
1.645875
1.7004
1.847325
1.887075
1.90265
1.9883
2.104575
2.265475
2.32575
2.4477
2.479625
2.569075
2.60815
2.6705
2.698175
2.70855
2.81935
2.852075
2.982175
3.269275
3.341525
3.4009
3.5057
3.567625
3.6339
3.7327
3.89885
3.93655
3.9422
4.082025
4.172275
4.22905
4.2344
4.890025
4.96455
4.978975
5.0147
5.642325
5.8438
5.916
6.0622
6.198525
6.24535
6.27
6.91325
6.938025
7.146
7.714025
7.8364
8.27815
8.40155
8.70705
8.83145
9.3989
9.558825
9.71705
9.9107
119
