0.000125
0.0017
0.0477
0.0535
0.058825
0.083375
0.117175
0.149175
0.163775
0.184975
0.188175
0.1934
0.196325
0.201225
0.214025
0.220825
0.2437
0.25675
0.26535
0.30045
0.316675
0.3177
0.318975
0.3241
0.35145
0.361875
0.37445
0.388825
0.406025
0.411375
0.455775
0.45975
0.49145
0.523475
0.525275
0.52835
0.5309
0.586925
0.5955
0.61615
0.617175
0.62555
0.65435
0.6665
0.76255
0.806175
0.844925
0.956925
0.986
1.015125
1.0746
1.0905
1.14835
1.164125
1.2139
1.235125
1.29585
1.336725
1.37745
1.420425
1.496225
1.5006
1.5788
1.64905
1.72495
1.9337
1.9581
2.080475
2.12885
2.17495
2.20165
2.209275
2.247925
2.4208
2.471
2.473675
2.59745
2.660975
2.67115
2.8389
2.88965
2.9884
3.03945
3.0627
3.2912
3.312725
3.34345
3.558925
3.6172
3.664925
3.671125
3.84595
3.929475
3.97345
4.016175
4.101975
4.121425
4.354975
4.393875
4.43675
4.677425
4.771075
4.803775
4.824625
4.853075
4.858175
5.537025
5.607575
6.019425
6.30365
6.60585
6.906125
7.765225
7.8383
7.8797
7.9515
8.154
8.386875
8.498125
9.201275
9.517375
9.726375
9.9295
123
