0.0022
0.009775
0.0119
0.02935
0.042775
0.0437
0.061
0.0626
0.0645
0.067925
0.08565
0.08765
0.104225
0.15065
0.158125
0.159625
0.179125
0.2023
0.2326
0.261475
0.38625
0.3872
0.440775
0.5038
0.508925
0.53725
0.549825
0.583775
0.6987
0.715
0.7278
0.807525
0.8952
0.916625
0.923975
0.930325
0.953425
0.965825
1.047525
1.054875
1.124675
1.188325
1.20525
1.332925
1.336125
1.391275
1.46035
1.490575
1.54085
1.55305
1.57165
1.59135
1.63385
1.659875
1.67155
1.674175
1.74245
1.7667
1.77225
1.77295
1.85325
1.8869
1.8911
1.91415
1.922225
1.956375
2.0106
2.0959
2.13365
2.258025
2.29145
2.37585
2.421
2.437625
2.569425
2.66025
2.87475
2.881125
2.88455
2.99155
3.006825
3.174525
3.227975
3.282375
3.4365
3.445325
3.451625
3.570775
4.044475
4.42915
5.62695
5.746225
5.995125
6.04485
6.28025
6.412125
6.451675
6.702575
7.2202
7.3899
7.574775
7.619675
8.127675
8.221825
8.249725
8.6183
8.85235
8.97715
8.978475
9.028225
9.190575
9.218525
9.814125
9.942875
114
