0.0058
0.023025
0.02785
0.033175
0.036025
0.0546
0.079275
0.091625
0.10655
0.106875
0.107225
0.12445
0.1411
0.148025
0.16215
0.166725
0.167675
0.17195
0.179325
0.18195
0.19135
0.20135
0.247625
0.247925
0.2673
0.27245
0.316925
0.32825
0.388225
0.409975
0.419875
0.46965
0.47845
0.48605
0.4887
0.503075
0.52425
0.613775
0.6204
0.631325
0.6684
0.682875
0.694275
0.705675
0.725425
0.755225
0.835475
0.862075
0.8752
0.878225
0.92265
0.95995
0.99285
1.009975
1.072375
1.11195
1.1713
1.180125
1.20585
1.222875
1.3674
1.390125
1.4292
1.469825
1.5068
1.52115
1.557175
1.57695
1.641325
1.722875
1.795525
1.8629
1.998425
2.028325
2.0989
2.11625
2.12105
2.139425
2.187325
2.24145
2.34315
2.362325
2.654775
2.67165
2.68255
2.69995
2.90185
2.915075
3.138825
3.2275
3.39745
3.4442
3.466575
3.631725
3.6605
3.710575
4.0636
4.139875
4.257175
4.62955
4.71745
4.787725
4.94495
5.372825
5.6779
5.992525
5.9992
6.225325
6.5083
7.1132
7.1706
8.4053
8.461125
9.094475
9.12955
9.395
9.49545
9.800575
9.8568
9.8963
9.950675
121
