0.016075
0.040725
0.0553
0.060825
0.0629
0.07745
0.07815
0.0848
0.0875
0.099775
0.116675
0.12015
0.1209
0.1271
0.1353
0.139375
0.170675
0.243325
0.291975
0.314975
0.31535
0.317625
0.328375
0.385625
0.388575
0.3974
0.403675
0.44425
0.496575
0.498025
0.519425
0.550825
0.5513
0.578475
0.599325
0.654125
0.6565
0.7039
0.705775
0.72645
0.737475
0.743675
0.7529
0.7811
0.78825
0.8765
0.890625
0.8956
0.9253
0.972325
1.018075
1.130875
1.1765
1.18075
1.25295
1.2802
1.321475
1.3483
1.406725
1.450425
1.5517
1.6397
1.6721
1.743975
1.82445
1.8629
1.863825
1.9678
2.148225
2.155975
2.2341
2.270175
2.31695
2.34805
2.3548
2.41255
2.6947
2.804025
2.82465
2.836275
2.85975
3.0211
3.0238
3.107925
3.1164
3.1597
3.1899
3.191025
3.309675
3.333025
3.45985
3.4823
3.624275
3.639125
3.6465
3.822
3.83615
4.1297
4.2045
4.272775
4.3619
4.5392
4.5548
4.6653
4.68365
4.768275
4.851775
4.892325
5.052825
5.212725
5.2399
5.279425
5.4208
5.5923
5.61755
5.7062
5.7605
5.7678
5.82605
5.86635
5.9161
6.215
6.827775
6.982225
6.990425
7.014075
7.183875
7.2191
7.565175
8.3378
8.724025
8.9411
9.0145
9.23295
9.485725
9.630075
136
