0.008775
0.0259
0.033725
0.037075
0.050725
0.0561
0.06175
0.06945
0.0955
0.095525
0.1113
0.1132
0.125025
0.1284
0.1533
0.157475
0.179225
0.18535
0.202675
0.20475
0.205475
0.2444
0.245175
0.251275
0.252825
0.298525
0.32495
0.333925
0.33995
0.3484
0.368175
0.37275
0.394225
0.4187
0.4189
0.4225
0.426425
0.4288
0.464625
0.491
0.519275
0.531525
0.535675
0.553525
0.58025
0.62385
0.634425
0.66805
0.7275
0.76715
0.783725
0.784925
0.9309
0.93635
0.98085
1.076975
1.084575
1.0897
1.1221
1.208625
1.218975
1.237875
1.24085
1.2582
1.3496
1.375575
1.4197
1.542525
1.58085
1.59115
1.594475
1.68805
1.7039
1.73125
1.733325
1.8125
1.825825
1.8435
2.03335
2.053625
2.1579
2.217875
2.295825
2.307775
2.370625
2.447325
2.59895
2.610475
2.68005
2.7032
2.7884
2.885625
2.9159
2.929075
2.97075
3.181125
3.324775
3.337
3.374325
3.405675
3.48675
3.597025
3.629825
3.737475
3.974975
4.018475
4.431975
4.620125
4.762725
4.843875
4.954325
4.963525
5.026825
5.351025
5.353225
5.614
5.66445
5.868075
5.947
6.12795
6.59525
6.595975
6.624925
6.856825
7.1045
7.156975
7.53
8.0253
8.117225
8.206525
8.50665
9.2781
9.39995
9.41315
9.497525
9.6873
9.782075
137
