0.004125
0.0046
0.0281
0.0311
0.058225
0.064925
0.079375
0.0795
0.1123
0.133875
0.157975
0.1618
0.1896
0.198325
0.207425
0.2154
0.253475
0.259775
0.293475
0.3343
0.336025
0.356675
0.3746
0.41845
0.435825
0.45945
0.4647
0.4653
0.520075
0.556475
0.59635
0.706675
0.726225
0.7572
0.8183
0.827625
0.955225
1.065125
1.11165
1.1146
1.143925
1.20275
1.36
1.404575
1.41855
1.473075
1.49565
1.55855
1.58365
1.609575
1.63085
1.649
1.653725
1.70055
1.708675
1.7113
1.765925
1.776775
1.842
2.003025
2.0148
2.017025
2.02945
2.23625
2.2699
2.29715
2.357275
2.44905
2.551575
2.6385
2.721925
2.93385
3.020625
3.12
3.23405
3.411125
3.5323
3.590925
3.6485
3.882975
3.993025
4.19125
4.260525
4.326775
4.35905
4.46715
4.754375
4.90595
4.983425
5.06325
5.1449
5.18615
5.282875
5.2964
5.37115
5.5947
5.629275
5.748875
5.75355
5.782825
5.854525
6.075325
6.1573
6.577175
6.795525
6.811575
6.8184
6.86525
6.88175
6.885375
6.8894
6.899275
8.005925
8.057625
8.376625
8.711725
8.876925
9.127125
9.54155
9.600025
9.953475
121
