0.001125
0.004025
0.033025
0.0382
0.0423
0.046075
0.100475
0.10195
0.117475
0.153275
0.15345
0.156925
0.163025
0.1636
0.1953
0.20865
0.242275
0.244975
0.310175
0.319875
0.327425
0.347525
0.36875
0.375825
0.394925
0.426775
0.450925
0.4565
0.4776
0.4937
0.505025
0.510425
0.537775
0.567875
0.57115
0.582075
0.588025
0.6181
0.6201
0.641
0.666875
0.687225
0.69455
0.711975
0.717075
0.72485
0.737925
0.73945
0.7749
0.8071
0.825275
0.85145
0.896825
0.9338
0.9343
1.007075
1.05085
1.07875
1.112725
1.124375
1.205975
1.209075
1.244025
1.2643
1.268
1.428825
1.644775
1.723875
1.835525
1.882875
1.9431
1.986075
2.03925
2.1014
2.1185
2.188275
2.264525
2.4372
2.5247
2.575675
2.693725
2.72755
2.73535
2.851525
3.053725
3.0663
3.37745
3.4553
3.5454
3.58335
3.63135
3.6809
3.8622
3.86855
4.4704
4.87955
5.0363
5.5096
5.719125
5.911425
6.208825
6.235075
6.3184
6.382575
6.489
6.54845
7.309125
7.414775
7.778575
7.789075
7.908025
7.922475
8.095725
8.5407
8.97845
9.04455
9.17185
9.38035
9.573525
9.66205
9.68275
121
