0.0217
0.030975
0.0385
0.0414
0.054375
0.057025
0.0839
0.09365
0.107375
0.1089
0.119125
0.126525
0.14395
0.164575
0.1685
0.1808
0.199975
0.2504
0.262725
0.343125
0.403275
0.413925
0.447425
0.5305
0.548175
0.616125
0.65595
0.657525
0.675575
0.677125
0.70905
0.80505
0.822625
0.890675
0.98105
1.0311
1.077875
1.116675
1.117425
1.128225
1.146525
1.207375
1.2436
1.284675
1.304175
1.353
1.3933
1.399925
1.516225
1.702675
1.7083
1.82925
1.903675
1.916625
1.960025
1.971925
2.1538
2.24195
2.2489
2.298675
2.31325
2.332275
2.34525
2.3863
2.42615
2.43205
2.481475
2.493675
2.5112
2.512025
2.524175
2.534725
2.55185
2.5698
2.61925
2.69145
2.91415
3.0308
3.19455
3.4495
3.86485
3.8666
3.88075
3.92095
3.962975
3.99635
3.99935
4.028975
4.105825
4.293075
4.30715
4.478475
4.56935
4.89895
5.13335
5.164175
5.2225
5.256325
5.41895
5.55905
5.6516
5.754925
5.9874
6.055075
6.14215
6.48725
6.950375
6.957125
7.254325
7.335125
7.33975
7.574625
7.9776
8.092625
8.157425
8.27625
8.282975
8.4125
9.011325
9.344325
9.525575
9.953475
122
