0.042675
0.095775
0.1037
0.108675
0.130775
0.136475
0.141925
0.146875
0.154775
0.156925
0.183525
0.199725
0.212325
0.2143
0.276425
0.282225
0.285675
0.313875
0.31985
0.3226
0.36165
0.37055
0.40325
0.40485
0.40905
0.42355
0.5076
0.528675
0.540225
0.5411
0.57675
0.59445
0.5999
0.61345
0.663875
0.7171
0.718825
0.783675
0.798975
0.812775
0.894425
0.945925
0.956125
1.008075
1.0104
1.082275
1.12435
1.30885
1.324025
1.33585
1.3721
1.399575
1.40395
1.434
1.43665
1.4722
1.69085
1.71895
1.722275
1.740275
1.76605
1.863
1.901825
1.915725
1.943325
1.973625
1.989525
1.995525
1.99565
2.094675
2.1083
2.140175
2.148875
2.271
2.306875
2.3098
2.558175
2.6606
2.671225
2.79045
3.0256
3.4018
3.4654
3.713775
3.72405
4.1307
4.3819
4.51095
4.583975
5.0023
5.083225
5.3973
6.143625
6.27205
6.3229
6.387375
6.8441
6.975275
7.014175
7.03135
7.13975
7.7472
8.04645
8.07525
8.381225
8.609075
8.650125
8.771425
9.139325
9.2408
9.345425
9.827125
112
