0.002075
0.005275
0.00655
0.013475
0.0149
0.0159
0.045225
0.0457
0.0475
0.049525
0.051625
0.057325
0.057375
0.0603
0.0666
0.071925
0.077
0.0849
0.099225
0.101025
0.10265
0.113025
0.114975
0.125275
0.1287
0.1306
0.16225
0.195975
0.22055
0.234225
0.24215
0.254625
0.26355
0.2793
0.2904
0.3244
0.37025
0.3752
0.387575
0.403875
0.414075
0.438775
0.463875
0.473675
0.480975
0.483525
0.4985
0.53435
0.546125
0.548125
0.5608
0.5872
0.6307
0.6517
0.667525
0.7214
0.742025
0.82975
0.86115
0.9075
0.92185
0.997075
1.0124
1.037025
1.061325
1.104175
1.14225
1.260375
1.323925
1.352625
1.355175
1.36725
1.3683
1.3906
1.434275
1.46695
1.471225
1.475675
1.60565
1.913475
2.025475
2.047125
2.10725
2.16685
2.4546
2.484575
2.5161
2.6025
2.635925
2.647675
2.871525
2.95095
2.9695
3.0913
3.18945
3.2144
3.49215
3.5701
3.5715
3.571625
3.58665
3.6531
3.723575
3.8271
3.9976
4.1231
4.3081
4.34275
4.3751
4.55505
4.58125
4.7858
4.946375
5.34685
5.68425
5.881625
6.401175
6.46475
6.816475
7.370575
7.85575
7.958375
8.023875
8.831825
9.9706
125
