0.0147
0.0163
0.016625
0.05295
0.061825
0.06495
0.073675
0.0761
0.09885
0.122475
0.124425
0.1275
0.131825
0.134725
0.14635
0.1586
0.21065
0.212575
0.2153
0.217125
0.220675
0.2224
0.2398
0.245825
0.25085
0.2792
0.299825
0.339275
0.34355
0.358125
0.36395
0.398075
0.40045
0.40515
0.4294
0.501225
0.507375
0.526175
0.541475
0.5711
0.57385
0.5941
0.61525
0.84015
0.84445
0.864525
0.867675
0.8719
0.8911
0.898125
0.964925
1.0319
1.057825
1.086825
1.0885
1.11705
1.136475
1.1407
1.1578
1.257075
1.320875
1.358875
1.407825
1.494225
1.51555
1.526525
1.569625
1.59005
1.603725
1.64395
1.78025
1.784475
1.8429
1.883025
1.88745
1.89265
1.94415
1.953875
2.025325
2.040875
2.08405
2.09815
2.13615
2.177025
2.31345
2.410325
2.47365
2.5075
2.603225
2.608425
2.677825
2.7086
2.7355
2.818825
2.820225
2.97055
2.9783
3.253575
3.275225
3.406025
3.449425
3.51565
3.638575
3.64105
3.64615
3.8362
3.89575
4.032225
4.103975
4.113925
4.128725
4.2563
4.26395
4.3867
4.409275
4.4871
4.6983
4.944375
5.14685
5.338475
5.398
5.422075
5.499775
6.4726
7.16405
7.35945
7.366475
7.427075
7.450875
7.937475
8.000325
8.097275
8.87425
9.45665
9.6782
9.8231
136
