0.01215
0.0208
0.02105
0.022675
0.0319
0.0611
0.0634
0.069525
0.074575
0.096175
0.120325
0.124075
0.128575
0.13915
0.1526
0.165125
0.176475
0.201725
0.212575
0.249025
0.249325
0.254025
0.25405
0.262225
0.3254
0.328875
0.341625
0.364825
0.37305
0.38615
0.403175
0.423775
0.42775
0.4293
0.471125
0.503175
0.557175
0.570425
0.639675
0.714925
0.732475
1.046675
1.054175
1.065725
1.15805
1.18625
1.213175
1.215525
1.2158
1.2916
1.293175
1.29395
1.317275
1.34095
1.492225
1.509025
1.518425
1.554225
1.5884
1.5964
1.62035
1.708725
1.752925
1.905625
1.909575
1.918275
1.98355
2.0431
2.190125
2.258875
2.311075
2.4899
2.490325
2.5258
2.705875
2.7424
2.86515
2.92975
2.9944
3.125875
3.191975
3.283025
3.33785
3.537175
3.63065
3.668375
3.76615
3.9061
4.449325
4.9838
5.3133
5.322875
5.349675
5.427575
6.651875
6.785925
6.878125
7.129475
7.369125
7.499475
7.555675
7.70505
7.8015
8.17715
8.1858
8.5942
8.919275
9.020775
9.583825
9.620025
9.920025
111
