0.0104
0.01215
0.047675
0.059325
0.08705
0.107075
0.109275
0.1205
0.121075
0.12155
0.144325
0.151675
0.1728
0.182725
0.218
0.23935
0.257325
0.26445
0.265775
0.27515
0.283525
0.3037
0.334025
0.33995
0.37115
0.3989
0.422975
0.428775
0.432975
0.45785
0.4579
0.46745
0.497925
0.6008
0.614975
0.6645
0.7413
0.74205
0.8749
0.892775
0.893
0.89695
0.98005
0.995725
0.999975
1.042625
1.071375
1.093225
1.113775
1.176175
1.2572
1.264625
1.316375
1.332325
1.358075
1.3694
1.390175
1.394525
1.50755
1.5429
1.613175
1.632475
1.6348
1.6349
1.673875
1.70725
1.709125
1.734175
1.7587
1.778125
1.8357
1.892275
1.906225
1.91835
2.0786
2.125975
2.13755
2.17695
2.20195
2.33815
2.444025
2.513025
2.588675
2.6261
2.6925
2.736875
2.751725
2.755975
2.773675
2.8551
2.856675
2.97155
3.0012
3.0298
3.08195
3.140325
3.173225
3.313575
3.513675
3.5205
3.530425
3.551725
3.596675
3.9038
3.94905
3.969875
4.0067
4.145675
4.211375
4.30685
4.4772
4.534375
4.586025
4.5999
4.7784
4.9817
5.508725
5.8838
6.128925
6.145975
6.299475
6.300325
6.427925
6.50545
6.56605
6.967525
7.0904
7.18985
7.235375
7.30045
7.388775
7.7943
7.9164
8.230525
8.82675
9.104525
9.4616
9.9432
138
