0.002425
0.0036
0.01725
0.067275
0.073575
0.079
0.126325
0.126425
0.131075
0.146425
0.151725
0.15215
0.152375
0.160875
0.171975
0.1809
0.1853
0.203
0.218325
0.218975
0.23115
0.2435
0.255975
0.2849
0.291125
0.293
0.3029
0.328125
0.32995
0.3494
0.3756
0.393325
0.395
0.4032
0.44295
0.477625
0.48025
0.4832
0.509225
0.569325
0.5987
0.66825
0.6927
0.82405
0.849225
0.896175
0.974575
1.10545
1.17315
1.1975
1.255375
1.285925
1.408175
1.4414
1.4474
1.63515
1.668725
1.67385
1.69865
1.73715
1.750725
1.782375
1.8624
1.891625
2.226825
2.29605
2.349475
2.573225
2.61645
2.621325
2.6572
2.7877
2.798225
2.96085
3.172075
3.183425
3.4466
3.53415
3.565675
3.6729
3.679525
3.851675
3.9172
3.97765
4.0182
4.09855
4.21095
4.5357
4.5389
4.6065
4.6417
4.653675
4.913725
4.9313
5.26255
5.792575
5.835425
5.989375
6.157625
6.2061
6.29825
6.4001
7.175425
7.204675
7.3237
7.876725
8.164525
8.6963
8.819725
8.942875
110
