2.5e-05
0.005775
0.013225
0.036425
0.03955
0.048225
0.0566
0.07735
0.0883
0.106725
0.1076
0.1126
0.115825
0.12425
0.13225
0.136
0.145625
0.15275
0.154325
0.16215
0.17505
0.18085
0.18985
0.21455
0.2383
0.245575
0.2457
0.24775
0.25505
0.293225
0.298225
0.300975
0.357925
0.3789
0.3846
0.473275
0.485075
0.50035
0.515
0.53605
0.55035
0.5744
0.595075
0.6204
0.623625
0.6952
0.909775
1.05635
1.202225
1.25805
1.288625
1.29815
1.32875
1.34045
1.376875
1.411025
1.4803
1.522575
1.575875
1.64955
1.689075
1.709475
1.75445
1.7941
1.924275
1.9325
1.943525
2.00375
2.048525
2.1025
2.1128
2.184425
2.20015
2.232775
2.2644
2.2656
2.273975
2.28175
2.3353
2.3665
2.545275
2.65975
2.7421
2.7875
2.859
2.894675
2.903325
2.9448
2.9502
2.951
2.9698
2.989975
3.10265
3.206725
3.354625
3.482425
3.563375
3.578475
4.0077
4.017875
4.06335
4.343875
4.5855
4.655375
4.753775
4.9848
5.047275
5.1355
5.681825
5.791975
5.85615
5.87565
5.898575
6.033025
6.092025
6.27355
6.393675
6.41475
6.521025
6.96
6.986375
7.0007
7.52065
7.6531
7.702775
7.8859
8.023775
8.191425
8.93725
8.94135
9.24615
9.4536
9.9655
9.9787
134
