0.01065
0.030075
0.05935
0.0623
0.064825
0.0703
0.09315
0.096
0.115725
0.17025
0.180775
0.197
0.209675
0.2175
0.2228
0.30235
0.3349
0.3397
0.3642
0.396375
0.40015
0.4183
0.4232
0.473025
0.475225
0.4799
0.491025
0.496575
0.517525
0.525075
0.595625
0.65385
0.676475
0.6864
0.72195
0.741775
0.7677
0.774025
0.81295
0.8176
0.852875
0.854925
0.9628
1.0275
1.0506
1.06645
1.1069
1.10825
1.11085
1.11155
1.221275
1.234075
1.2751
1.295025
1.328025
1.48365
1.562775
1.5723
1.633675
1.6897
1.717375
1.732925
1.73505
1.884625
1.889
1.90775
1.956775
2.180175
2.236
2.26355
2.357675
2.3823
2.407275
2.46295
2.559225
2.57065
2.574025
2.58615
2.68025
2.7738
2.942225
2.9752
3.019825
3.034
3.0553
3.0567
3.098975
3.1012
3.151275
3.222175
3.346675
3.378475
3.48255
3.581925
3.636425
3.64
3.661075
3.66725
3.810775
3.950425
4.6858
4.7083
4.712525
4.765725
4.9049
4.9156
5.02495
5.049475
5.868875
6.9925
7.00665
7.411325
8.0096
8.361325
8.5645
8.752375
8.786875
9.429275
9.53075
9.57145
9.8039
121
