0.003
0.003925
0.01635
0.02015
0.028875
0.0321
0.036725
0.037425
0.062325
0.066975
0.0861
0.10325
0.1395
0.142
0.1619
0.1866
0.19705
0.199275
0.204625
0.205575
0.211725
0.230275
0.25
0.258875
0.277075
0.302225
0.3066
0.32305
0.330775
0.373
0.403875
0.417225
0.43475
0.435975
0.442425
0.5181
0.56695
0.58385
0.67385
0.694225
0.694525
0.711775
0.7431
0.82255
0.822875
0.85135
0.865975
0.927875
0.93805
0.9727
0.993275
1.0132
1.047
1.100825
1.224
1.2279
1.289275
1.307375
1.31135
1.32355
1.332575
1.350275
1.38775
1.4017
1.4044
1.419925
1.525925
1.579575
1.591175
1.613325
1.617475
1.67145
1.679925
1.705875
1.729075
1.777575
1.94925
1.965925
1.991025
2.064375
2.06515
2.1329
2.1398
2.2123
2.243125
2.33885
2.366725
2.4585
2.548525
2.561275
2.58455
2.657
2.7194
2.725875
2.74985
2.808075
2.865475
3.12405
3.44815
3.519575
3.5441
3.9767
4.1529
4.1626
4.24705
4.269825
4.45625
4.5302
4.608375
4.7311
4.830125
5.03325
5.05285
5.171875
5.848525
6.023425
6.499125
6.842325
7.08795
7.904025
8.114975
8.25835
8.557275
9.819775
124
