0.009775
0.0115
0.03065
0.03135
0.03705
0.04345
0.0573
0.05905
0.063675
0.063725
0.065425
0.067875
0.0701
0.073975
0.0751
0.11105
0.1325
0.1409
0.145525
0.179775
0.2027
0.2091
0.24245
0.242625
0.2441
0.251175
0.271425
0.288325
0.29145
0.302375
0.322075
0.324475
0.330075
0.336375
0.342225
0.347125
0.3655
0.409275
0.422725
0.44005
0.45385
0.460675
0.6011
0.6062
0.646225
0.72045
0.7219
0.728275
0.765625
0.769
0.801825
0.8247
0.8598
0.86155
0.8749
0.912425
0.945625
1.069575
1.077725
1.092125
1.145975
1.229575
1.3744
1.3924
1.39705
1.3997
1.4824
1.5731
1.604275
1.677525
1.75775
1.779925
1.823525
1.849375
1.8821
1.9728
1.99295
2.069325
2.076825
2.199525
2.21895
2.2269
2.2652
2.266525
2.294125
2.3596
2.5818
2.724175
2.847625
2.9142
2.9285
3.18515
3.4252
3.6446
3.77375
4.101875
4.280275
4.310875
4.329525
4.3337
4.61735
4.839375
4.94985
4.9857
5.327475
5.367975
5.371
5.38985
5.45735
5.662625
5.7878
5.861825
5.919625
6.652575
6.826975
6.888725
7.0229
7.3849
7.99075
8.175625
8.2304
8.361175
8.545075
8.704725
9.73225
9.77465
9.992775
127
