0.002675
0.02915
0.0372
0.045025
0.049825
0.0616
0.076325
0.095
0.096425
0.1224
0.139
0.15885
0.191325
0.20865
0.2098
0.219725
0.220775
0.25095
0.2703
0.351175
0.3907
0.391
0.4028
0.448
0.5224
0.5761
0.591925
0.59395
0.63005
0.66695
0.667
0.69465
0.71495
0.738925
0.752075
0.814475
0.854725
0.865675
0.95445
0.980475
0.9874
1.040825
1.047725
1.149375
1.174675
1.18585
1.1922
1.23025
1.282375
1.37065
1.373075
1.424675
1.464875
1.47695
1.47745
1.5334
1.538025
1.578025
1.650075
1.6904
1.70625
1.70845
1.81035
1.95035
2.0335
2.101475
2.16545
2.421475
2.474975
2.642625
2.663875
2.68765
2.69655
2.77965
2.986375
3.002275
3.070625
3.12755
3.183975
3.34335
3.717825
3.74125
4.01565
4.11735
4.135
4.2273
4.49595
4.555475
4.64235
4.825675
4.8501
5.0441
5.38645
5.52535
5.5835
5.6602
5.8234
5.957925
6.157475
6.26685
6.285875
6.35035
6.37445
6.416675
6.496775
6.659225
6.733725
6.93055
6.950425
7.46875
7.60985
7.634325
7.658875
7.8151
8.1947
8.40255
8.5981
9.0422
9.164275
9.2221
120
