0.00445
0.02445
0.031025
0.04795
0.072525
0.07665
0.078475
0.1021
0.127125
0.141475
0.15255
0.161575
0.1663
0.16975
0.186825
0.224775
0.231525
0.25675
0.260725
0.2908
0.30735
0.317125
0.32325
0.324175
0.368275
0.3691
0.37025
0.3887
0.389725
0.405175
0.41635
0.41885
0.423875
0.462625
0.510625
0.521775
0.566775
0.594675
0.621375
0.650175
0.654625
0.68985
0.6978
0.711475
0.729925
0.733625
0.74115
0.743075
0.803375
0.8237
0.9122
1.0001
1.005425
1.247875
1.4511
1.467175
1.475
1.480925
1.51
1.552725
1.562625
1.571525
1.587875
1.646875
1.6633
1.66955
1.679975
1.836775
1.90045
1.903575
1.904625
1.9329
2.023025
2.05865
2.15895
2.18815
2.210675
2.309175
2.372875
2.446325
2.4509
2.45415
2.4629
2.471525
2.562225
2.563375
2.5869
2.609625
2.7586
2.794125
2.90725
2.9174
3.198175
3.34175
3.407475
3.48205
3.656
3.670325
3.72005
3.79415
3.826125
3.833625
3.877
3.990925
4.0277
4.13865
4.231825
4.29835
4.3953
4.544425
4.56415
5.3083
5.360375
5.480275
5.510575
5.618125
5.894075
6.0783
6.3204
6.982225
7.240625
7.541425
7.808025
8.199275
8.2896
8.326025
8.5223
8.582425
8.76785
8.8805
9.2337
9.494675
9.6756
9.79525
9.97495
135
