0.0431
0.04535
0.04695
0.057925
0.058975
0.0627
0.070825
0.085475
0.0901
0.090925
0.10325
0.107775
0.1422
0.143925
0.148325
0.1589
0.169375
0.19855
0.19885
0.20935
0.232525
0.24725
0.25755
0.28025
0.29905
0.304125
0.316225
0.319075
0.33615
0.344775
0.372875
0.402525
0.404975
0.42055
0.423775
0.424525
0.45635
0.480975
0.486
0.620575
0.626175
0.66815
0.6853
0.73095
0.748825
0.753575
0.76735
0.812475
0.839875
0.8488
0.899
0.951025
1.015425
1.021125
1.076525
1.097025
1.10495
1.114575
1.14805
1.173475
1.19195
1.219425
1.241225
1.243525
1.245425
1.261275
1.293975
1.4016
1.41965
1.42375
1.53745
1.591525
1.6815
1.884425
2.028475
2.102225
2.12785
2.22915
2.258175
2.321425
2.453
2.640275
2.816
3.24115
3.330875
3.37495
3.432225
3.537725
3.719725
3.77585
3.778875
3.976725
4.134525
4.3275
4.546575
4.564
4.6579
4.75445
5.1379
5.4496
5.495025
5.74175
5.8482
6.04435
6.107975
6.797625
7.049775
7.186675
7.392475
7.845725
8.016775
8.5372
8.791425
8.89625
8.909325
9.344275
9.41325
9.878925
9.93365
9.96445
120
