0.015875
0.02
0.022975
0.025825
0.04785
0.0493
0.0595
0.0638
0.070825
0.0848
0.094225
0.116
0.1358
0.13895
0.1647
0.164725
0.164775
0.17575
0.2151
0.219125
0.223625
0.224675
0.250775
0.270075
0.29865
0.33195
0.3733
0.390325
0.41925
0.42265
0.4394
0.4415
0.451725
0.456675
0.49125
0.507475
0.51375
0.5181
0.523975
0.5319
0.553925
0.594275
0.617525
0.675125
0.72915
0.73585
0.80375
0.805025
0.812025
0.818125
0.90565
0.90765
0.910875
0.92095
0.93645
0.951975
0.960625
0.966625
1.012475
1.02665
1.031525
1.1408
1.1476
1.152925
1.286825
1.298525
1.326125
1.329925
1.36105
1.3904
1.39285
1.402975
1.46565
1.52625
1.54095
1.690075
1.693525
1.756875
1.79665
1.812325
1.820775
1.8816
1.88305
1.906
1.92315
1.9272
1.974625
1.977525
2.004825
2.02245
2.029725
2.035125
2.16535
2.218175
2.2776
2.293175
2.45205
2.4759
2.5391
2.562975
2.693275
2.752775
2.762325
2.8613
2.91955
2.989625
3.219825
3.302025
3.433625
3.477725
3.7745
3.810025
3.879075
4.169075
4.513675
4.51515
4.55535
4.75965
4.888225
5.251525
5.6283
5.686275
6.116125
6.12225
7.003825
7.051275
7.168925
7.1852
7.3296
7.387325
7.438175
7.5793
7.684325
7.85815
8.206275
8.35045
8.86415
8.9849
9.099225
9.461575
9.568475
141
