0.021775
0.030825
0.04585
0.050425
0.0593
0.060275
0.0652
0.0774
0.0847
0.0958
0.099175
0.125075
0.139375
0.1497
0.152575
0.155375
0.16825
0.177125
0.2478
0.273625
0.280275
0.3143
0.3193
0.351225
0.383025
0.45345
0.454625
0.456075
0.460725
0.474075
0.525075
0.539875
0.5556
0.563925
0.609
0.62385
0.6277
0.651325
0.6695
0.697875
0.702225
0.711225
0.71585
0.753675
0.758875
0.810875
0.8388
0.9234
0.928825
1.043275
1.047075
1.0804
1.153825
1.1549
1.192875
1.218225
1.2255
1.24885
1.2821
1.304575
1.318675
1.338075
1.4009
1.402325
1.439125
1.43975
1.465575
1.49255
1.56595
1.629075
1.663825
1.68205
1.760525
1.77525
1.7902
1.8026
1.836775
1.870525
1.877075
1.90385
1.93645
1.9448
1.978775
2.170925
2.236025
2.281975
2.309425
2.3429
2.3703
2.57415
2.617225
2.684375
2.748575
2.789525
2.836675
2.928375
3.001275
3.1475
3.3522
3.487775
3.518475
3.664625
4.0805
4.087925
4.106225
4.141975
4.183175
4.675375
5.210075
5.4208
5.768
6.29995
6.9253
7.516
8.0243
8.0787
8.400025
8.580975
8.63875
8.852725
120
