0.006825
0.0074
0.007625
0.055425
0.070425
0.07285
0.099425
0.141875
0.179475
0.202325
0.20835
0.20875
0.2558
0.28545
0.297475
0.30375
0.340275
0.343525
0.349825
0.3507
0.3922
0.43845
0.444725
0.4799
0.4906
0.509375
0.5315
0.53435
0.57685
0.60095
0.6168
0.6506
0.665825
0.701525
0.7166
0.730675
0.730725
0.8
0.8036
0.87665
0.9271
0.972175
1.06005
1.142
1.21845
1.230375
1.270375
1.303
1.400325
1.4223
1.53525
1.6508
1.7697
1.7809
1.7868
1.7929
1.8157
1.95075
2.0002
2.078875
2.086525
2.136
2.1571
2.256125
2.459925
2.4724
2.4882
2.53145
2.5456
2.63
2.705075
2.807975
2.8218
3.039525
3.103225
3.207425
3.27855
3.3495
3.4284
3.4372
3.45975
3.592375
3.61965
3.63375
3.759925
3.975125
4.014475
4.015675
4.023975
4.0803
4.122575
4.553675
4.712075
4.8554
4.9229
5.036925
5.3498
5.90605
6.00015
6.091925
6.2333
6.470775
7.0271
7.081075
7.097725
7.28225
7.31205
8.28725
8.410675
8.427575
8.459775
8.534925
9.432075
9.485175
9.558175
9.91435
116
