0.0067
0.015175
0.016325
0.0253
0.037375
0.044875
0.06015
0.072925
0.084275
0.092475
0.11995
0.12345
0.125775
0.133775
0.164675
0.19425
0.199
0.2683
0.3651
0.36645
0.390725
0.4356
0.436625
0.442925
0.450725
0.4612
0.466675
0.467325
0.508675
0.518475
0.59615
0.621775
0.683025
0.73375
0.763575
0.7876
0.802825
0.8228
0.83465
0.885075
0.9167
0.972575
1.025575
1.108875
1.1344
1.1527
1.175125
1.205425
1.223925
1.2386
1.2663
1.38715
1.396375
1.4355
1.531575
1.6592
1.660575
1.83475
1.84985
1.863325
1.903825
1.97645
2.083425
2.108225
2.119225
2.2547
2.2711
2.330275
2.349075
2.350125
2.6697
2.698625
2.70295
2.714775
2.8829
2.9377
2.9511
2.9538
3.038075
3.0445
3.123625
3.3204
3.4017
3.624275
3.6559
3.672225
3.715875
3.907825
4.057975
4.18875
5.0337
5.0755
5.0997
5.288175
5.7969
5.8687
6.34235
6.369225
6.897475
7.24095
7.717825
7.75735
7.904025
7.906375
8.083875
8.587375
8.73525
9.045975
9.690725
109
