0.0093
0.01885
0.0225
0.02505
0.0324
0.0326
0.04095
0.064375
0.0729
0.076075
0.080925
0.1103
0.1142
0.1378
0.163
0.170575
0.190925
0.1923
0.19265
0.194075
0.218375
0.221625
0.238075
0.255225
0.271025
0.27335
0.27895
0.27965
0.281625
0.3021
0.3258
0.328
0.335375
0.345425
0.348775
0.3545
0.35645
0.359225
0.3781
0.39825
0.41305
0.42545
0.46595
0.506475
0.518
0.519875
0.561075
0.5965
0.625775
0.734175
0.759725
0.76235
0.7672
0.783675
0.80635
0.88575
0.927
0.930825
0.993
0.9972
1.015475
1.020675
1.041475
1.101275
1.113225
1.145575
1.1939
1.274825
1.336575
1.341125
1.390425
1.399
1.4128
1.421575
1.488675
1.541725
1.56625
1.577025
1.6489
1.705975
1.8544
1.8636
1.91915
1.925325
1.999925
2.008275
2.067625
2.0777
2.08385
2.132625
2.18095
2.25085
2.2561
2.3456
2.3539
2.368225
2.447825
2.493025
2.54665
2.81715
2.837825
2.90715
3.082
3.102375
3.166475
3.1818
3.2995
3.4485
3.507775
3.86735
4.085975
4.905525
5.043425
5.071575
5.2783
5.420225
5.5805
5.6854
6.313175
6.407125
6.4254
6.71385
7.033625
7.17625
7.893
8.188075
8.2324
8.37745
8.939925
9.3198
9.4552
9.5632
132
