0.003725
0.01085
0.02165
0.024525
0.026825
0.032675
0.045375
0.056875
0.0595
0.11
0.11385
0.14785
0.151425
0.155725
0.174925
0.176175
0.196375
0.227825
0.2357
0.238125
0.260325
0.275825
0.3121
0.319075
0.360675
0.367125
0.398175
0.4366
0.465
0.483525
0.49925
0.503225
0.5232
0.55035
0.55775
0.588625
0.600825
0.61175
0.728
0.895275
0.89855
0.901225
0.90945
1.0569
1.0922
1.1084
1.116875
1.144825
1.164
1.1796
1.310225
1.390575
1.411025
1.463975
1.497025
1.56815
1.58155
1.6467
1.770125
1.792425
1.795375
1.806425
1.832025
1.8706
1.93425
1.947825
1.9499
1.992975
2.02585
2.031375
2.0669
2.311075
2.343775
2.488125
2.553025
2.57325
2.644075
2.75115
2.79125
3.02545
3.031125
3.033825
3.09805
3.3588
3.717675
3.778125
3.9496
4.122075
4.156825
4.17505
4.27625
4.374925
4.567025
4.6112
4.7278
4.786925
4.926375
4.9305
5.09505
5.427925
5.4427
5.4684
5.5642
5.619325
5.6868
5.693075
6.32205
7.064425
7.370625
7.5091
7.510375
7.520025
7.6335
7.75535
8.176125
8.951025
9.1997
117
