0.0136
0.020725
0.026175
0.034125
0.0555
0.068525
0.088825
0.08965
0.1078
0.123975
0.136275
0.146325
0.16355
0.1687
0.1853
0.20845
0.22415
0.228425
0.2378
0.247
0.2565
0.276725
0.28315
0.309725
0.34
0.342875
0.353575
0.423925
0.46325
0.478525
0.478725
0.4898
0.513225
0.54855
0.5518
0.5594
0.56675
0.56905
0.5705
0.593875
0.62005
0.626675
0.63345
0.65045
0.669325
0.669675
0.681725
0.718225
0.73115
0.7445
0.77375
0.87075
0.8821
0.890825
0.929375
0.932125
0.959625
1.01455
1.033825
1.06545
1.0973
1.16055
1.167225
1.227575
1.24195
1.260925
1.306
1.315575
1.39725
1.4405
1.50345
1.531975
1.6109
1.649175
1.6591
1.759525
1.809625
1.8494
1.856
1.94115
1.95655
2.03125
2.2478
2.3351
2.3363
2.3374
2.353075
2.3862
2.421625
2.449825
2.458325
2.554375
2.636975
2.66005
2.77505
2.822225
2.8464
2.94635
2.956575
3.1719
3.1791
3.207275
3.342775
3.378275
3.48035
3.58925
3.687175
3.73825
3.801425
4.053
4.0793
4.089175
4.3994
4.479875
4.5128
4.708275
4.8699
4.893225
5.224775
5.771175
6.1276
6.202925
6.603175
6.718
6.7649
7.114625
7.1462
7.348025
7.375625
7.75355
7.970775
8.17835
8.435625
8.491625
8.643075
8.689925
8.72245
8.907375
9.1651
9.534525
9.59705
9.7071
142
