0.004775
0.0166
0.03185
0.039225
0.042125
0.0453
0.0454
0.084775
0.0866
0.101875
0.105725
0.11135
0.1339
0.134975
0.167775
0.175825
0.18815
0.19625
0.1974
0.197475
0.21485
0.220875
0.236675
0.26305
0.269625
0.2933
0.295825
0.30085
0.302175
0.305675
0.314725
0.316225
0.33195
0.386775
0.408
0.408325
0.4436
0.459575
0.4615
0.465625
0.4912
0.493275
0.4952
0.52215
0.53785
0.539325
0.54945
0.564675
0.6091
0.6158
0.62445
0.627775
0.6457
0.6581
0.668675
0.7585
0.7639
0.7746
0.795875
0.81315
0.8495
0.899975
0.9669
0.98465
1.0166
1.0383
1.039025
1.05315
1.088075
1.122475
1.123925
1.124025
1.20415
1.240575
1.248025
1.25845
1.272075
1.28
1.292575
1.319975
1.4205
1.47575
1.5838
1.703925
1.7942
1.800525
1.98435
2.115775
2.120425
2.279925
2.30405
2.32595
2.3636
2.45535
2.4581
2.568725
2.57005
2.664575
2.6688
2.677925
2.7916
2.7927
2.880775
2.909775
2.936975
2.950925
2.953275
3.034775
3.097
3.150875
3.1873
3.2942
3.3256
3.528525
3.5891
3.6167
4.029625
4.1393
4.413775
4.4352
4.604875
4.651375
4.805825
4.8121
4.973475
5.014175
5.063775
5.284775
5.519775
5.77695
5.971325
6.063275
7.050175
7.553825
7.5602
7.718175
7.819375
8.5455
8.580425
8.82825
9.09425
9.180525
9.4983
9.591425
9.6608
145
