0.027025
0.06015
0.07825
0.083
0.0871
0.1221
0.122775
0.1498
0.16415
0.1982
0.214125
0.236275
0.2641
0.2712
0.32715
0.331675
0.33985
0.350575
0.365775
0.397075
0.3976
0.425575
0.477375
0.48375
0.493325
0.507025
0.558475
0.57475
0.58285
0.5892
0.620475
0.64175
0.665875
0.6861
0.696225
0.704025
0.781725
0.798725
0.863975
0.8901
0.952075
1.0109
1.066975
1.0929
1.125375
1.139675
1.14585
1.190575
1.196025
1.20125
1.222575
1.287925
1.327725
1.355625
1.436025
1.4383
1.45575
1.472725
1.480975
1.51235
1.515
1.52965
1.534575
1.53885
1.5535
1.67885
1.7398
1.759575
1.86865
1.877675
1.950775
1.9819
2.21685
2.302175
2.4305
2.548025
2.61805
2.702775
2.720675
3.061425
3.063125
3.077975
3.118425
3.15225
3.215075
3.5119
3.5291
3.9538
4.1125
4.1446
4.147625
4.205325
4.249825
4.35285
4.378025
4.394925
4.857
4.980925
5.01725
5.224225
5.52555
5.819175
6.186
6.270175
6.36275
6.626425
6.844575
6.8522
7.344625
7.3571
7.4502
7.4508
7.8787
8.016625
8.090075
8.4746
8.5085
8.580175
8.713275
8.974325
9.25045
9.33325
9.669825
9.70645
124
