0.000175
0.00375
0.054025
0.105675
0.115475
0.124775
0.141475
0.147475
0.176125
0.1889
0.1898
0.253
0.262925
0.302675
0.31635
0.316525
0.367025
0.382875
0.39405
0.40895
0.41945
0.4356
0.508375
0.514425
0.527075
0.558525
0.58175
0.626
0.6335
0.639725
0.718
0.74035
0.77655
0.82715
0.827525
0.8356
0.8532
0.8578
0.88405
1.04245
1.0833
1.113875
1.121625
1.1226
1.199125
1.34715
1.376525
1.43395
1.450775
1.505225
1.5313
1.5643
1.59095
1.6708
1.70875
1.777925
1.873175
1.8772
1.900775
1.94335
1.954975
2.064025
2.174325
2.32535
2.4153
2.447125
2.465125
2.504725
2.5443
2.64255
2.801575
2.896025
2.9238
2.9628
3.021725
3.031125
3.055125
3.07415
3.092975
3.3429
3.387925
3.51535
3.6526
3.7426
3.857375
4.10265
4.2845
4.435875
4.470675
4.5536
4.606025
4.7938
4.79405
4.918675
4.984725
5.099225
5.69685
5.7902
5.910025
5.962475
6.16755
6.46455
6.655975
6.783075
7.1143
7.7984
8.14365
8.1907
8.963275
9.8464
9.923575
111
