0.02485
0.025975
0.0276
0.0331
0.035875
0.037425
0.042625
0.0542
0.084125
0.124525
0.124675
0.12765
0.132375
0.149725
0.167225
0.167925
0.180225
0.2005
0.20315
0.2147
0.216175
0.2214
0.226925
0.26025
0.2796
0.281375
0.2868
0.290275
0.3103
0.33105
0.36775
0.373325
0.384575
0.390075
0.399975
0.409225
0.44655
0.45655
0.488225
0.5055
0.5424
0.55175
0.55225
0.570875
0.5828
0.628075
0.6567
0.661875
0.67945
0.696175
0.69705
0.831025
0.83205
0.8339
0.8479
0.877925
0.89065
0.89385
0.968575
0.9707
0.9758
0.988875
0.990625
1.029375
1.1804
1.2095
1.24655
1.259725
1.403225
1.445
1.521525
1.676425
1.817325
1.820575
1.841425
1.85485
1.9078
1.9493
1.9961
2.045025
2.131475
2.17445
2.255875
2.2729
2.4108
2.461625
2.478625
2.480725
2.540975
2.64805
2.695875
2.781325
2.846875
2.920825
2.9235
2.93505
3.102225
3.1667
3.254425
3.311075
3.313725
3.351425
3.674725
3.7038
3.7092
3.72145
4.092725
4.1502
4.446125
4.77855
4.842475
4.8538
4.86185
5.222675
5.275825
5.5385
5.77795
5.85975
5.9154
6.098575
6.418375
6.504525
6.51245
6.523375
6.631775
6.69
6.753325
7.600625
7.663575
7.791325
7.87665
8.172075
8.227475
8.4572
8.810525
135
