0.009825
0.016675
0.018175
0.02135
0.033675
0.040425
0.041975
0.06025
0.075675
0.1134
0.14015
0.156475
0.165
0.17265
0.18995
0.2012
0.21595
0.238175
0.245025
0.2618
0.268925
0.279775
0.28975
0.3024
0.308275
0.309325
0.34865
0.352725
0.378975
0.397775
0.408025
0.48255
0.50395
0.5154
0.529675
0.62285
0.6325
0.676375
0.724775
0.785
0.788975
0.79055
0.812175
0.8475
0.9401
0.979425
0.988375
1.003775
1.063275
1.067175
1.1201
1.13495
1.1387
1.14205
1.149
1.16215
1.24155
1.241875
1.2574
1.280425
1.342325
1.348225
1.3485
1.368125
1.489475
1.5005
1.628
1.62805
1.6681
1.87055
1.921675
1.93305
1.974475
1.982625
2.000475
2.0256
2.136475
2.38705
2.428775
2.6127
2.638825
2.664175
2.705025
2.762925
2.91085
2.99605
3.086675
3.1189
3.1544
3.19815
3.2715
3.33695
3.4136
3.692025
3.726725
4.127675
4.195875
4.217375
4.414125
4.5082
4.62675
4.681175
4.894625
5.25555
5.41335
5.63135
5.72265
6.168125
6.568325
6.56915
6.6665
7.04395
7.234725
7.250925
7.402425
7.410225
7.4341
7.564425
7.629575
7.849475
7.87925
7.89755
7.9003
8.53245
8.549325
9.080925
9.1764
9.666675
9.97835
129
