0.004975
0.005225
0.00615
0.0138
0.015675
0.041425
0.0516
0.0646
0.067875
0.084425
0.0859
0.095725
0.0989
0.101525
0.1147
0.121375
0.12905
0.138225
0.147425
0.14785
0.15405
0.17125
0.212075
0.2226
0.277875
0.354575
0.3727
0.399975
0.427175
0.458025
0.4601
0.49415
0.519725
0.534025
0.542375
0.630975
0.63715
0.6453
0.65095
0.667725
0.730425
0.743
0.767175
0.88085
0.91055
0.93155
0.93405
1.012525
1.042575
1.05115
1.06555
1.1227
1.1331
1.1707
1.1854
1.208875
1.2666
1.3302
1.356625
1.359525
1.3703
1.40295
1.43255
1.454075
1.491225
1.5535
1.6124
1.64085
1.759125
1.768575
1.8131
1.818025
1.9394
1.983775
2.001975
2.09515
2.10245
2.148375
2.251075
2.253
2.3007
2.335875
2.35625
2.372925
2.41765
2.44165
2.604625
2.66885
2.712375
2.723775
2.808175
2.992675
3.257725
3.33505
3.57555
3.594375
3.638675
4.329875
4.360875
4.51135
4.850575
4.93955
5.113375
5.23635
5.303575
5.32605
5.529125
6.0348
6.0406
6.38655
6.6689
6.679
6.6819
6.97245
7.0309
7.1754
7.309575
7.376775
7.57505
7.65865
7.6807
8.55465
8.56645
8.762
9.06085
9.808675
9.896025
127
