0.0065
0.0122
0.012275
0.027325
0.031675
0.035525
0.039325
0.047575
0.054325
0.05545
0.057925
0.06995
0.071475
0.072
0.0773
0.0775
0.079525
0.1045
0.11235
0.142575
0.164325
0.1804
0.2012
0.213725
0.215975
0.22715
0.285125
0.31605
0.337925
0.343125
0.364525
0.386725
0.391425
0.399125
0.50535
0.528075
0.530175
0.5395
0.546975
0.622825
0.66475
0.6674
0.68985
0.720025
0.7321
0.798525
1.0156
1.050925
1.077425
1.113325
1.129825
1.146275
1.15365
1.205575
1.209175
1.26915
1.3168
1.31975
1.45775
1.46305
1.5262
1.53645
1.5745
1.6504
1.7163
2.027075
2.03955
2.053825
2.0934
2.145525
2.146225
2.32475
2.44545
2.55865
2.6516
2.738575
2.8005
2.9814
3.0195
3.046675
3.0666
3.1998
3.216125
3.2513
3.26545
3.667575
3.6749
3.6807
3.7367
4.262425
4.275725
4.56335
4.7018
4.7233
4.790875
5.09785
5.187975
5.196375
5.237525
5.34315
5.4376
5.471
5.496575
5.62695
5.746875
5.881275
6.124925
6.16095
6.594625
6.66355
6.787125
8.400775
8.609325
8.611
8.9562
9.191525
9.638075
9.730075
9.891025
119
