0.002875
0.016575
0.0224
0.02525
0.0333
0.0694
0.0713
0.072725
0.082175
0.120175
0.163425
0.20355
0.228325
0.2304
0.27645
0.31735
0.33035
0.33805
0.37855
0.4186
0.447775
0.48845
0.537825
0.5485
0.56715
0.599175
0.619425
0.640625
0.65005
0.66105
0.7134
0.749125
0.752375
0.7786
0.80185
0.839575
0.842375
0.878925
0.886975
0.9211
0.92785
0.930675
0.93275
1.0001
1.0037
1.082875
1.107125
1.145225
1.155725
1.176025
1.277475
1.277775
1.293925
1.29925
1.308325
1.385725
1.47395
1.609
1.67645
1.78445
1.8215
1.824975
1.84755
1.87135
1.899325
1.965825
1.979225
2.156925
2.1579
2.2358
2.2534
2.295925
2.417225
2.4346
2.4723
2.50625
2.7149
2.71525
2.7481
2.9196
2.95925
2.970425
3.152975
3.1848
3.185775
3.607675
3.65695
3.763925
4.233925
4.296975
4.371025
4.392
4.626225
4.700825
4.7868
4.882425
4.941425
5.104125
5.2685
5.397175
5.6555
5.661975
6.15845
6.7629
6.776725
7.375525
7.86515
7.90545
8.031075
8.2192
8.301575
8.397075
8.55645
8.92625
8.934625
9.1347
9.7977
117
