0.008625
0.02835
0.029775
0.03045
0.066225
0.07815
0.0902
0.092575
0.1119
0.12495
0.13155
0.13465
0.1603
0.167125
0.1725
0.18875
0.21
0.213425
0.271
0.284225
0.2898
0.2974
0.300875
0.302975
0.3233
0.3373
0.36315
0.365525
0.3665
0.3942
0.451075
0.4805
0.518375
0.5402
0.56435
0.578975
0.58295
0.5941
0.5994
0.59985
0.63685
0.6893
0.6944
0.864425
0.869825
0.902575
0.91915
0.9472
0.983375
1.010375
1.080375
1.106575
1.1336
1.1615
1.2112
1.216125
1.229675
1.2391
1.2906
1.433825
1.491075
1.52365
1.525
1.527925
1.5441
1.557425
1.596475
1.60495
1.702175
1.7605
1.899975
1.908575
1.95585
1.9913
2.010325
2.024075
2.0341
2.08145
2.141125
2.232475
2.2532
2.353
2.425675
2.490925
2.573775
2.7018
2.835325
2.88585
2.9272
2.9393
3.147475
3.285425
3.40585
3.461525
3.498625
3.796475
3.855775
3.965025
4.01745
4.418125
4.7928
4.7964
5.001625
5.34605
5.605575
5.926475
6.406575
6.668925
7.117825
7.168225
7.233775
7.433875
7.5769
7.798175
7.91785
8.50095
8.582175
8.6764
9.210375
119
