0.00865
0.01275
0.0128
0.017125
0.02005
0.03815
0.0572
0.058125
0.092975
0.09775
0.120425
0.12615
0.1518
0.154725
0.164975
0.175275
0.198675
0.220825
0.2243
0.252575
0.279675
0.28005
0.291325
0.31915
0.3264
0.32795
0.3321
0.333925
0.362775
0.395375
0.447825
0.455375
0.473475
0.5359
0.6307
0.630875
0.74835
0.7799
0.818825
0.899875
0.913575
0.9454
0.9912
1.026
1.05445
1.110375
1.126525
1.1372
1.1579
1.170725
1.1745
1.208875
1.249675
1.28245
1.30295
1.43225
1.503025
1.50395
1.565875
1.628125
1.63075
1.664025
1.6741
1.767775
1.8097
1.8244
1.84955
1.980525
2.078425
2.083975
2.09535
2.1732
2.205025
2.276725
2.297425
2.35715
2.4047
2.461725
2.500375
2.554225
2.637275
2.6522
2.6971
3.089425
3.094725
3.1887
3.20495
3.226275
3.259525
3.25975
3.4146
3.429375
3.45255
3.490375
3.574625
3.67775
3.777575
3.9178
4.006675
4.2196
4.399525
4.4777
4.504
4.512475
4.5956
4.6953
5.025925
5.05895
5.076025
5.71625
5.849625
5.98235
6.14265
6.322175
6.395175
6.428875
6.4581
6.8325
7.694075
7.8431
7.985025
8.154525
8.61345
8.849075
8.94355
9.149425
126
