0.00675
0.02395
0.025225
0.065475
0.0776
0.08065
0.084625
0.124875
0.15555
0.1753
0.182725
0.2076
0.211675
0.266775
0.276775
0.280925
0.2833
0.295175
0.30075
0.317775
0.34925
0.38825
0.411325
0.4125
0.424575
0.433425
0.441425
0.466525
0.566975
0.576925
0.590425
0.6056
0.61115
0.650375
0.657575
0.65815
0.6798
0.6911
0.69405
0.69965
0.726875
0.738325
0.781
0.80285
0.808875
0.856675
0.869525
0.883575
0.956475
1.01175
1.035775
1.050575
1.200425
1.2685
1.286275
1.3264
1.346925
1.376775
1.3882
1.39245
1.425375
1.48105
1.56065
1.56445
1.577425
1.702275
1.81145
1.846775
1.8645
1.915175
1.924175
1.989
2.151875
2.182525
2.214975
2.378325
2.453975
2.570325
2.623525
2.6446
2.7379
2.742125
2.771125
2.792325
2.9418
2.98615
3.12305
3.13175
3.231975
3.263925
3.274725
3.35655
3.409225
3.4245
3.426675
3.69195
3.9326
3.99515
4.216425
4.318875
4.5187
4.7334
4.734475
4.829025
4.910075
4.952275
5.09695
5.68975
5.729375
6.0023
6.26965
6.4279
6.89765
7.178375
7.198025
7.3253
7.5497
7.570725
7.807625
7.91305
7.91895
8.0464
8.27275
8.565225
8.6256
9.133375
9.4118
9.586375
128
