0.03025
0.0477
0.051825
0.116725
0.1407
0.146225
0.1476
0.14845
0.153775
0.161
0.164725
0.171625
0.189675
0.203475
0.216725
0.217775
0.220175
0.23005
0.24445
0.2526
0.2554
0.303475
0.32245
0.332675
0.3347
0.343
0.347875
0.378575
0.3812
0.386275
0.3985
0.4131
0.4203
0.43795
0.43925
0.450125
0.482675
0.564875
0.618925
0.632225
0.63225
0.678925
0.6986
0.736825
0.738375
0.738675
0.753225
0.75785
0.7769
0.794625
0.81145
0.874025
0.884775
0.9107
0.932625
0.948875
1.04315
1.04635
1.083575
1.10465
1.15335
1.192025
1.2291
1.27225
1.4253
1.441625
1.5504
1.564075
1.592975
1.595
1.600275
1.66925
1.73955
1.75315
1.8415
1.90545
1.948025
2.006125
2.0458
2.1062
2.12845
2.138625
2.2179
2.3047
2.30735
2.350025
2.37105
2.37555
2.4587
2.4691
2.48435
2.518025
2.5656
2.5805
2.585975
2.648025
2.693375
2.7026
2.772325
2.830325
2.8396
2.97925
3.1295
3.2846
3.4372
3.512075
3.58735
3.7282
3.795025
4.007975
4.1398
4.16985
4.180575
4.34465
4.8498
4.905275
5.00175
5.012075
5.147675
5.148825
5.36815
5.533925
5.6159
5.681075
5.712825
5.8464
6.258025
7.2282
7.6043
7.7465
7.852925
8.14565
8.411325
8.9663
9.3158
9.406975
9.47905
9.5931
9.60945
9.807475
9.831225
141
