0.001575
0.005425
0.040475
0.043425
0.050275
0.064225
0.0838
0.11195
0.11855
0.1289
0.1322
0.1396
0.155625
0.183325
0.199975
0.2093
0.2229
0.22985
0.259925
0.271575
0.285225
0.29885
0.301975
0.314475
0.317425
0.33315
0.3423
0.348075
0.37165
0.395
0.398325
0.4347
0.48875
0.489875
0.499325
0.50485
0.5072
0.530425
0.53175
0.555575
0.606425
0.608075
0.624975
0.6562
0.66675
0.744625
0.806125
0.87325
0.884125
0.9118
0.9288
0.98585
1.011525
1.027575
1.060225
1.116925
1.3057
1.32385
1.3253
1.350725
1.399725
1.411525
1.432
1.46025
1.46655
1.52915
1.5886
1.63655
1.67325
1.6899
1.857675
1.9325
1.93735
1.94975
1.9547
2.04035
2.2653
2.44515
2.5318
2.698675
2.702675
2.82975
2.97075
3.07185
3.296725
3.306725
3.3786
3.602175
3.610025
3.659575
4.0047
4.1647
4.19625
4.19995
4.203475
4.599325
4.9692
5.5881
5.925575
5.9382
6.0351
6.05555
6.16445
6.202925
6.213325
6.403975
6.4191
6.70015
6.8813
7.1242
7.273925
7.382425
7.40985
7.41575
7.8662
8.42895
8.532575
8.67915
8.82215
8.9354
9.35105
9.593825
122
