0.004525
0.009425
0.010325
0.0232
0.03505
0.035625
0.052925
0.054275
0.055425
0.0651
0.066675
0.074975
0.0933
0.104525
0.1118
0.131225
0.1355
0.14725
0.149675
0.162775
0.184
0.1884
0.19045
0.215675
0.241625
0.24835
0.2754
0.287175
0.28955
0.30895
0.311825
0.3618
0.3696
0.38185
0.38915
0.438325
0.4408
0.452
0.4843
0.5013
0.513825
0.543225
0.566325
0.56705
0.587225
0.591725
0.66605
0.7477
0.751075
0.75745
0.803875
0.80595
0.84535
0.9063
0.911525
0.920325
0.9599
0.975225
1.12395
1.127425
1.135125
1.233475
1.242
1.24915
1.26415
1.321175
1.331
1.393075
1.47355
1.64735
1.7505
1.810575
1.8869
1.8968
1.928275
1.99555
2.12875
2.284875
2.378825
2.441025
2.4832
2.5242
2.6236
2.675425
2.692225
2.83825
2.884625
3.09715
3.445625
3.48235
3.894025
4.044325
4.2213
4.299325
4.328625
4.339875
4.3867
4.532225
4.822625
4.868875
4.928425
5.44715
5.594725
5.736625
5.747275
5.7872
5.863675
6.03115
6.65155
6.7013
6.9735
7.0367
7.092825
7.107425
7.335675
7.368575
7.594925
7.65935
7.75105
7.755025
7.907375
8.571325
8.806925
8.989175
9.498525
9.81265
9.875025
127
