0.01185
0.013625
0.0268
0.031425
0.052575
0.057825
0.079275
0.09475
0.0978
0.1001
0.112575
0.1157
0.123325
0.139225
0.174525
0.2017
0.202025
0.215725
0.220925
0.269775
0.284175
0.3122
0.32055
0.342225
0.35255
0.35595
0.3944
0.394825
0.39745
0.4036
0.407225
0.408775
0.458025
0.6107
0.624675
0.6443
0.7483
0.79595
0.83855
0.874125
0.875225
0.927575
0.960675
1.0417
1.06485
1.092875
1.1004
1.1169
1.1193
1.1331
1.245575
1.31525
1.371425
1.5617
1.626025
1.63435
1.647175
1.7337
1.78715
1.921225
1.985725
2.05485
2.18175
2.198025
2.2238
2.25305
2.2668
2.293125
2.3381
2.40345
2.45925
2.4672
2.49005
2.51985
2.578325
2.6319
2.65025
2.7614
2.83155
2.876725
2.937675
3.0357
3.1369
3.2011
3.209725
3.240575
3.320725
3.3732
3.436275
3.512075
3.590175
3.6913
3.777475
3.988375
4.057925
4.20835
4.285425
4.87335
5.017975
5.1197
5.33225
5.365075
5.38435
5.5554
5.989175
6.1209
6.137225
6.40905
6.68865
7.01705
7.181225
7.1914
7.320575
7.486
7.983625
8.1061
8.119325
8.4837
8.599625
9.04235
9.2004
9.304825
9.30955
9.348675
9.35555
9.53915
9.71995
127
