0.02545
0.040275
0.0799
0.086725
0.11385
0.119475
0.126
0.138875
0.1405
0.1408
0.145
0.178675
0.192675
0.2054
0.21895
0.223075
0.240375
0.2422
0.26295
0.263375
0.2654
0.2851
0.292475
0.29915
0.30625
0.311575
0.313
0.32775
0.3319
0.36915
0.375275
0.3962
0.405925
0.46575
0.474025
0.483875
0.49805
0.516175
0.532775
0.61125
0.6159
0.63495
0.65855
0.711475
0.717
0.801975
0.85245
0.884
0.897
0.922475
0.9259
0.9794
1.01675
1.19015
1.233
1.27255
1.304375
1.31375
1.352
1.40865
1.425075
1.473475
1.50735
1.6161
1.663975
1.6783
1.732175
1.755675
1.903875
1.938425
1.9509
1.955525
2.0131
2.09185
2.109075
2.17395
2.219525
2.234325
2.4942
2.58695
2.627275
2.761
2.806525
2.8108
2.837
2.885825
3.027425
3.0641
3.2375
3.3809
3.728975
3.87305
4.117475
4.273775
4.33875
4.3674
4.388925
4.460775
4.484
4.507425
4.89215
4.94775
5.13075
5.29675
5.45315
6.1074
6.496325
6.5747
6.629475
7.179225
7.207275
7.2997
7.45025
7.74535
7.97565
8.0074
8.08695
8.227075
8.435
8.678875
8.8289
9.162875
9.1786
9.2703
9.9294
125
