0.001375
0.008125
0.009225
0.018
0.0222
0.0298
0.041625
0.060975
0.099125
0.1108
0.142375
0.154675
0.174275
0.1762
0.18445
0.18725
0.206175
0.21465
0.22155
0.228325
0.246075
0.2498
0.274675
0.31965
0.328575
0.346025
0.348775
0.350775
0.358325
0.35865
0.360775
0.38955
0.416475
0.451075
0.45295
0.456725
0.466875
0.54155
0.5592
0.578275
0.587825
0.596725
0.608175
0.61355
0.6493
0.666725
0.693975
0.695625
0.72025
0.797525
0.8485
0.88325
1.02345
1.1361
1.2482
1.429075
1.434725
1.460375
1.49705
1.518175
1.566125
1.601825
1.60865
1.612725
1.772425
1.7889
1.790575
1.81245
1.823175
1.901325
1.9254
1.966875
2.20555
2.34585
2.347075
2.350025
2.36375
2.3759
2.500975
2.501725
2.6945
2.712975
2.899525
2.90775
2.9663
2.969925
2.979325
3.051575
3.117
3.124675
3.13825
3.140375
3.4412
3.4966
3.62885
3.732075
3.741975
3.9591
3.969825
3.9837
4.26795
4.279575
4.32445
4.352125
4.816475
5.0814
5.3175
5.586625
5.636875
5.7241
5.7646
5.8227
5.8899
6.100325
6.14485
6.2859
6.3582
6.462175
6.872125
7.079625
7.425625
8.291075
9.44165
9.6962
9.800975
9.90155
126
