0.00365
0.012325
0.016375
0.0184
0.0344
0.035425
0.03705
0.038075
0.044525
0.090675
0.102925
0.113175
0.11735
0.135525
0.148725
0.1708
0.187525
0.193875
0.1984
0.2148
0.23105
0.23275
0.240875
0.245675
0.250375
0.289775
0.293425
0.309525
0.329475
0.372775
0.4214
0.434275
0.43955
0.441825
0.4481
0.4605
0.519
0.530125
0.560625
0.60785
0.64435
0.703975
0.70545
0.70795
0.70955
0.711825
0.727825
0.7531
0.757075
0.77005
0.8377
0.839775
0.874475
0.88525
0.899525
1.05305
1.056825
1.117225
1.1389
1.155175
1.191075
1.231175
1.2888
1.3502
1.35565
1.447575
1.5347
1.54685
1.546925
1.748725
1.770125
1.83175
1.938775
1.985275
1.991675
2.118125
2.1385
2.15885
2.2688
2.2761
2.286
2.302575
2.4193
2.489075
2.7101
2.723975
2.888375
2.987475
3.03665
3.089325
3.178625
3.1817
3.234125
3.33725
3.52495
3.892225
4.520575
5.1455
5.180975
5.27865
5.3697
5.396475
5.5779
6.156925
6.25525
6.367225
6.382425
6.4347
6.701325
6.81895
6.821175
6.9095
7.026575
7.58195
8.1551
8.228625
8.64255
8.710225
9.224775
9.29555
9.5126
9.7758
122
