0.016525
0.027675
0.03265
0.068825
0.069825
0.092125
0.103375
0.156575
0.159075
0.161125
0.1676
0.1715
0.174775
0.188975
0.240025
0.2594
0.2891
0.3244
0.3294
0.33725
0.343375
0.34725
0.382075
0.3914
0.43585
0.452825
0.45385
0.4833
0.49185
0.501075
0.5267
0.526975
0.554625
0.559375
0.56955
0.608475
0.6381
0.6408
0.651825
0.6666
0.671075
0.68255
0.68535
0.690825
0.704575
0.764
0.7872
0.787775
0.8618
0.86875
0.88955
0.9453
0.95515
0.966475
1.001575
1.020025
1.02315
1.03945
1.070225
1.155325
1.1639
1.190825
1.22115
1.237425
1.261475
1.279625
1.294725
1.37375
1.391475
1.426975
1.444125
1.47395
1.610725
1.619425
1.6365
1.68745
1.812975
1.852075
1.883425
1.9549
2.233425
2.244925
2.511425
2.5527
2.575125
2.6176
2.775
3.158425
3.2579
3.498375
3.501025
3.607375
4.139075
4.294875
4.321275
4.472525
4.521625
4.856075
4.875225
5.03575
5.074625
5.23185
5.512725
5.69715
5.9634
6.273725
6.66495
6.8153
7.7733
8.0649
8.169425
8.4823
8.835575
9.142
9.778975
9.783925
116
