0.00245
0.0038
0.037075
0.03755
0.056575
0.061275
0.067725
0.072975
0.074175
0.080175
0.090475
0.0923
0.093375
0.109025
0.1161
0.1215
0.132175
0.14575
0.15915
0.187925
0.1899
0.199125
0.201
0.212025
0.220275
0.241825
0.262275
0.286675
0.304225
0.312775
0.33325
0.3869
0.388525
0.427325
0.47845
0.4888
0.533175
0.538025
0.556325
0.57145
0.592975
0.612175
0.62825
0.649175
0.6574
0.668825
0.676025
0.747975
0.80125
0.8032
0.808175
0.826425
0.82835
0.933675
0.9679
0.98435
0.990525
1.003325
1.016925
1.047825
1.0919
1.097875
1.15385
1.253675
1.260175
1.28595
1.32545
1.4466
1.507525
1.527125
1.527925
1.537375
1.558725
1.595425
1.607425
1.747225
1.7512
1.901675
1.9055
1.94085
2.045975
2.07655
2.092175
2.09995
2.10385
2.129175
2.138225
2.1626
2.247875
2.38125
2.424725
2.4406
2.4583
2.4767
2.4803
2.48815
2.555975
2.59235
2.653
2.687925
2.738125
2.93145
2.9799
3.101175
3.1633
3.544525
3.630575
3.65945
3.741275
3.966725
4.424275
4.4396
4.7116
5.0075
5.01345
5.5119
5.577725
6.01045
7.049075
7.210725
7.415875
7.4251
7.792725
7.8384
7.86105
7.976975
8.1007
8.248325
8.393625
8.52435
8.773575
9.01745
9.767825
133
