0.010575
0.01515
0.01725
0.02625
0.031125
0.0412
0.042225
0.065475
0.077
0.08145
0.09125
0.092925
0.09415
0.1508
0.173325
0.176275
0.18415
0.2028
0.207625
0.253875
0.2928
0.2969
0.30745
0.3203
0.32145
0.347475
0.3563
0.37715
0.384675
0.391075
0.395375
0.3967
0.418025
0.435325
0.482575
0.48765
0.49615
0.509625
0.575325
0.5859
0.596875
0.63625
0.653675
0.690525
0.752525
0.7534
0.779725
0.78045
0.80525
0.845925
0.85195
0.8534
0.86925
0.895525
0.910125
0.92095
0.92785
0.9511
0.962625
1.014875
1.028575
1.097625
1.212975
1.248975
1.258925
1.28315
1.297075
1.297225
1.3108
1.4751
1.494175
1.512575
1.57495
1.62265
1.651575
1.671475
1.671525
1.6877
1.777325
1.80095
1.8608
1.904225
1.91595
1.949975
1.992825
2.021775
2.050775
2.0571
2.062675
2.118225
2.2196
2.323425
2.3691
2.404075
2.45005
2.506675
2.527
2.528175
2.56015
2.744325
2.761825
2.763725
2.78265
2.79845
2.82585
3.209075
3.219875
3.278575
3.31125
3.316675
3.474725
3.485325
3.50855
3.531125
3.54225
3.6473
3.65175
3.71195
3.7252
3.856
3.8878
3.92705
4.264925
4.377775
4.582575
4.5842
4.647475
4.87605
4.888325
4.934875
5.542675
5.62365
5.7853
5.83625
5.969925
6.339275
7.19995
7.5574
7.5914
7.88595
8.023275
8.435675
8.481475
8.7028
8.710225
9.2217
9.310475
9.318925
9.54
149
