0.0136
0.018225
0.025825
0.026075
0.04445
0.052325
0.081625
0.0881
0.093225
0.09855
0.11525
0.1287
0.131575
0.136625
0.1608
0.17435
0.184325
0.190125
0.211875
0.23675
0.237575
0.272075
0.282175
0.287925
0.288625
0.300325
0.30915
0.31645
0.34355
0.3665
0.41865
0.44085
0.480425
0.487925
0.48945
0.5118
0.51595
0.520575
0.549175
0.54975
0.57385
0.5878
0.59025
0.616225
0.635375
0.694025
0.72485
0.749425
0.7721
0.795975
0.846625
0.860675
0.8852
0.901675
0.9067
0.93865
0.9415
0.95415
1.035625
1.039375
1.08285
1.114975
1.11895
1.141775
1.174675
1.188475
1.205575
1.288625
1.3201
1.337375
1.390775
1.45215
1.4667
1.51565
1.572075
1.5849
1.60865
1.6141
1.655525
1.660775
1.707
1.773925
1.78605
1.82085
1.843525
1.84525
1.8742
1.9311
1.935425
1.9461
1.952225
1.953475
2.009825
2.038825
2.0517
2.16
2.268825
2.3575
2.3776
2.559225
2.5637
2.591975
2.640225
2.65225
2.66675
2.675025
2.953275
2.96555
2.985625
2.99885
3.016425
3.0361
3.047275
3.268475
3.29075
3.3097
3.336075
3.878775
3.883
3.899
3.9015
3.9928
4.014125
4.23135
4.316225
4.56365
4.860975
5.4388
5.48
5.491125
5.670125
6.085375
6.1693
6.20355
6.488275
6.51495
7.3004
7.33835
8.150425
8.5463
8.661025
8.901675
9.25785
9.502675
9.81305
9.968325
9.99645
147
