0.03425
0.035775
0.03865
0.04045
0.0487
0.05465
0.063125
0.065
0.086275
0.089025
0.10965
0.1113
0.1186
0.14015
0.14335
0.15015
0.1602
0.169775
0.1778
0.190575
0.194875
0.19715
0.201625
0.2019
0.207
0.243675
0.256725
0.259325
0.26295
0.28095
0.2928
0.326475
0.333625
0.345225
0.354825
0.355175
0.382475
0.3918
0.409075
0.4336
0.44045
0.44425
0.466
0.4811
0.485025
0.505875
0.522275
0.5737
0.5841
0.6433
0.76995
0.8059
0.8432
0.857425
0.90985
0.938425
1.02105
1.0533
1.10625
1.2298
1.276625
1.277025
1.2914
1.335975
1.349375
1.4324
1.453025
1.520175
1.5896
1.605675
1.6491
1.728525
1.798075
1.83795
1.857025
1.88135
2.049
2.072725
2.12135
2.154575
2.176475
2.19495
2.20005
2.7404
2.80115
2.8878
2.889775
2.920325
3.309375
3.43715
3.501775
3.57065
3.99105
4.0031
4.0254
4.133525
4.250325
4.257175
4.294275
4.337825
4.75325
4.891175
5.008925
5.4798
5.585925
5.7215
6.240875
6.665025
6.9916
7.02305
8.09855
8.33315
8.37685
8.5958
8.661725
9.166725
9.288425
9.536875
9.905625
119
