0.011925
0.015225
0.0352
0.04515
0.046875
0.04965
0.057475
0.085575
0.086675
0.091725
0.093575
0.107275
0.110025
0.11545
0.127025
0.12775
0.179975
0.225025
0.263025
0.3218
0.327475
0.347775
0.375975
0.404525
0.434275
0.467475
0.51275
0.5689
0.646375
0.664975
0.67145
0.6942
0.725225
0.7263
0.8341
0.879075
0.87915
0.88685
0.8928
0.93545
0.948975
0.984075
1.02155
1.024675
1.071425
1.10565
1.12785
1.15
1.16335
1.177075
1.2284
1.2784
1.402675
1.41335
1.446125
1.463575
1.4804
1.614225
1.6374
1.6788
1.804725
1.82545
1.90595
1.910375
1.937675
1.97105
2.017025
2.030075
2.09055
2.11995
2.13405
2.25605
2.2824
2.53415
2.604125
2.637475
2.70515
2.79765
2.901525
2.944075
2.966825
2.983025
3.03505
3.1022
3.129725
3.149025
3.307875
3.312325
3.363375
3.45535
3.572425
3.905975
4.126825
4.142975
4.431975
4.501975
4.65475
4.6585
5.025025
5.0274
5.26365
5.379325
5.399375
5.626025
5.684625
5.883175
6.14095
6.189575
6.1933
6.2987
6.3101
6.32095
6.6214
7.33595
7.3424
7.34835
7.46805
7.5537
7.6665
8.298825
8.6351
9.012
9.5092
9.549675
9.587225
9.830225
9.890875
127
