0.00335
0.007725
0.011725
0.020875
0.0256
0.0309
0.034075
0.043675
0.0504
0.0515
0.05155
0.055
0.056425
0.05675
0.062225
0.0705
0.106075
0.112525
0.13275
0.176175
0.187175
0.198075
0.21075
0.221625
0.24355
0.25245
0.2588
0.262
0.26505
0.274225
0.280325
0.282175
0.298625
0.31225
0.316675
0.3183
0.342775
0.356125
0.356575
0.36295
0.372425
0.3862
0.40875
0.410525
0.4476
0.458675
0.461725
0.52945
0.54955
0.554025
0.5564
0.5721
0.576475
0.612475
0.6254
0.645975
0.657825
0.687225
0.700225
0.8503
0.873625
0.976875
0.9846
0.9854
0.989925
1.168375
1.25765
1.292575
1.35275
1.354975
1.368425
1.450925
1.46635
1.469975
1.52935
1.539325
1.559225
1.573475
1.59125
1.6154
1.682525
1.701575
1.856475
1.893525
1.9224
2.0621
2.18995
2.198275
2.212475
2.346125
2.449525
2.461025
2.46765
2.5659
2.6297
2.646975
2.671275
2.672875
2.6746
2.69705
2.725175
2.78865
2.8295
2.861875
2.88705
2.974875
3.629375
3.6679
3.717125
3.75765
3.78115
3.81675
3.860575
3.912775
3.94095
4.0148
4.067975
4.34095
4.5322
5.0126
5.3781
5.882825
6.036025
6.400275
6.5821
6.73815
6.920325
7.00285
8.101775
8.403825
8.482825
8.778925
9.0046
9.153575
134
