0.0173
0.018875
0.020225
0.022475
0.026325
0.026975
0.0382
0.04115
0.059275
0.0609
0.07615
0.0784
0.08535
0.087925
0.094075
0.094525
0.09465
0.10185
0.155325
0.16165
0.1658
0.16805
0.16815
0.208075
0.21315
0.222375
0.224525
0.2254
0.23635
0.246575
0.2582
0.2731
0.27925
0.28165
0.289225
0.289925
0.315525
0.32325
0.32685
0.356475
0.3723
0.37935
0.385625
0.407825
0.44385
0.456775
0.53645
0.5484
0.590575
0.596825
0.6307
0.634225
0.640875
0.67645
0.698775
0.702425
0.71305
0.75545
0.777725
0.795375
0.798025
0.85695
0.898375
0.980925
1.06935
1.0796
1.081525
1.081925
1.12285
1.148175
1.345575
1.353375
1.3596
1.421925
1.436325
1.449175
1.44985
1.452475
1.477825
1.5478
1.548575
1.686625
1.769425
1.810025
1.8571
1.87995
1.90555
2.0024
2.013925
2.0507
2.18735
2.224575
2.23995
2.330625
2.34015
2.34345
2.344325
2.3926
2.4054
2.453875
2.4553
2.48285
2.625775
2.6664
2.754575
2.772025
2.792325
2.81785
3.1917
3.201975
3.4237
3.52445
3.5381
3.70335
4.0468
4.07665
4.15045
4.155225
4.406575
4.421275
4.42935
4.5003
4.936325
5.031525
5.05385
5.116575
5.1813
5.237975
5.354675
5.37385
5.381425
5.397125
5.471125
5.528825
5.592275
6.266075
6.387925
6.6048
6.725325
6.84725
7.33435
7.470075
7.5934
7.804075
7.89955
8.279425
8.5703
8.82815
9.175075
9.654375
9.862675
9.913075
152
