0.028325
0.04795
0.066475
0.077
0.084325
0.090875
0.105675
0.106075
0.109175
0.118325
0.124675
0.13915
0.140275
0.142325
0.149325
0.200125
0.245625
0.2544
0.25685
0.33305
0.333275
0.385525
0.394875
0.413925
0.418975
0.4253
0.43225
0.43635
0.43895
0.452175
0.457
0.4726
0.489225
0.491675
0.578
0.582275
0.592125
0.65995
0.676375
0.678725
0.684
0.701825
0.71785
0.719
0.734475
0.74125
0.748925
0.752275
0.79185
0.807975
0.809425
0.8494
0.864075
0.89455
0.925925
0.95175
0.9659
1.1053
1.115575
1.1373
1.1557
1.314325
1.314425
1.3753
1.418575
1.502825
1.514775
1.616675
1.629
1.6325
1.654125
1.669625
1.7233
1.764175
1.838525
2.0861
2.216775
2.24905
2.323725
2.362925
2.44445
2.6177
2.6427
2.699625
2.81635
2.8571
2.950275
2.956275
2.9823
3.141075
3.3273
3.42455
3.452775
3.536875
3.567475
3.68545
3.7022
3.77975
3.87885
3.931225
3.939875
3.97605
4.011375
4.50715
4.775775
4.8858
4.927725
4.934325
5.284625
5.8213
5.95485
6.335675
6.44235
6.7388
6.7863
6.826125
7.564125
8.3702
8.65775
8.681175
8.921425
9.15995
9.194975
9.299825
9.30155
9.599225
9.66795
127
