0.0016
0.010375
0.0155
0.031975
0.03355
0.04785
0.069175
0.083775
0.09055
0.1467
0.161175
0.16175
0.180175
0.1869
0.20895
0.241625
0.282525
0.292175
0.29915
0.335875
0.340675
0.35625
0.379
0.392975
0.417075
0.419825
0.434875
0.44295
0.48205
0.491425
0.5842
0.615875
0.687525
0.68825
0.688825
0.697325
0.7238
0.7612
0.770025
0.7727
0.77435
0.786
0.811375
0.845025
0.85765
0.903925
0.93125
0.95545
0.99295
1.02135
1.033225
1.07355
1.130075
1.211325
1.24575
1.2578
1.2731
1.320025
1.341275
1.43075
1.448775
1.45155
1.52415
1.5544
1.558475
1.569575
1.671925
1.69395
1.706025
1.711675
1.767425
1.797875
1.8307
1.863025
1.873575
2.0074
2.021
2.1581
2.1932
2.2001
2.3796
2.387125
2.5356
2.543125
2.576925
2.823275
2.827625
2.851525
2.863625
2.91745
2.96675
2.970725
2.9868
3.0415
3.12845
3.132525
3.195225
3.261675
3.463325
3.5973
3.604225
3.8083
3.812525
3.86255
3.8944
4.063
4.286325
4.3363
4.367825
4.618275
4.8675
4.9258
4.94955
5.083
5.354525
5.60535
5.621175
5.920275
6.5002
6.939725
6.949475
7.03955
8.16475
8.983125
9.3896
9.51705
9.551675
9.5694
128
