0.065375
0.07115
0.07965
0.0875
0.1295
0.135975
0.159925
0.1717
0.1938
0.21415
0.248375
0.262525
0.26685
0.275975
0.374
0.389425
0.408775
0.4324
0.4921
0.5227
0.535375
0.540125
0.541775
0.60995
0.616475
0.625
0.66535
0.781225
0.78465
0.786525
0.8145
0.826125
0.829575
0.851225
0.8967
1.0467
1.0736
1.1248
1.1323
1.261075
1.3119
1.3264
1.356425
1.377675
1.401725
1.414375
1.532625
1.563075
1.60265
1.774775
1.790975
1.87275
2.00325
2.00365
2.086625
2.0873
2.16755
2.208275
2.22425
2.254525
2.30425
2.424975
2.43365
2.453625
2.640425
2.68665
2.8185
2.8453
2.9715
3.1072
3.17125
3.50755
3.53375
3.576975
3.646575
3.779675
3.850425
3.9388
3.9694
4.0132
4.036775
4.402975
4.44
4.8118
4.821925
4.95165
4.958375
5.512025
5.557525
5.63255
5.663475
6.1701
6.35825
6.361525
6.456025
6.510975
6.85715
7.726425
8.0298
8.042775
8.0603
8.402075
9.00575
9.0746
9.29325
9.486575
9.77165
107
