0.009075
0.02455
0.026875
0.03755
0.0378
0.045175
0.06705
0.0671
0.073625
0.076375
0.11475
0.143975
0.1449
0.151775
0.1586
0.1686
0.1749
0.200925
0.210775
0.222475
0.224475
0.226475
0.232275
0.2667
0.277675
0.2858
0.29045
0.3134
0.3276
0.345825
0.3738
0.38945
0.3947
0.405425
0.51235
0.5189
0.530625
0.5537
0.5835
0.624925
0.63905
0.647025
0.69765
0.701
0.7258
0.824425
0.843475
0.94655
0.95305
0.9545
0.9777
0.983
1.00695
1.03925
1.042375
1.06805
1.127875
1.174325
1.194125
1.2243
1.278625
1.28405
1.368125
1.433225
1.4466
1.497275
1.601625
1.719
1.728675
1.730975
1.80555
1.856675
1.9139
1.92405
1.9964
1.998625
2.10955
2.11945
2.170675
2.176325
2.21005
2.247575
2.413325
2.482875
2.778325
2.8627
2.95545
2.9834
3.05455
3.1944
3.23585
3.254475
3.42005
3.556875
3.69985
3.82655
3.850775
3.9619
4.019075
4.07595
4.13595
4.15075
4.541925
4.579075
4.74725
4.84165
4.88085
5.16965
5.283275
5.31615
5.34645
5.4762
5.828025
5.8745
6.650125
7.0092
7.308675
7.49375
7.549025
7.805125
7.8341
8.310025
8.327125
8.4405
8.48425
8.494075
8.5955
9.07675
9.34775
9.6227
130
