0.00345
0.011575
0.0296
0.0435
0.0586
0.061025
0.062425
0.08265
0.090575
0.105525
0.114275
0.1188
0.1353
0.1736
0.178375
0.18195
0.18615
0.1969
0.2251
0.22695
0.267275
0.278875
0.289325
0.315225
0.39825
0.43615
0.447125
0.463775
0.46765
0.48
0.60505
0.674475
0.68575
0.70525
0.728525
0.743375
0.756025
0.778425
0.78385
0.7874
0.82555
0.836675
0.850875
0.91145
0.91645
0.9308
0.945425
0.9738
0.98025
0.999425
1.063875
1.197875
1.2114
1.37485
1.515275
1.560175
1.65235
1.7499
1.770675
1.823325
1.9009
2.012725
2.06015
2.06205
2.079625
2.085375
2.09365
2.172975
2.335075
2.40165
2.52075
2.673425
2.689
2.745
2.8218
2.838125
2.8515
2.894325
2.94125
2.969925
3.02
3.074625
3.17
3.1755
3.231075
3.2367
3.239425
3.4373
3.528175
3.65875
3.8025
3.9742
4.02415
4.3574
4.380975
4.667625
4.7276
4.97005
5.0666
5.164775
5.37595
5.56215
5.65745
5.8016
6.093925
6.278825
6.783075
7.0225
7.07475
7.27035
7.42745
7.504925
7.74355
8.02625
8.726425
8.79915
9.152775
9.163375
118
