0.005125
0.00555
0.016325
0.021225
0.027875
0.032425
0.052
0.085025
0.096475
0.114025
0.127425
0.1376
0.180325
0.190175
0.20695
0.213975
0.217875
0.23215
0.26465
0.291175
0.30995
0.327775
0.33915
0.34715
0.354125
0.377975
0.383675
0.41445
0.4148
0.41925
0.428875
0.45
0.46365
0.4693
0.4711
0.477925
0.48515
0.51075
0.5118
0.544325
0.567075
0.606775
0.613575
0.64945
0.662375
0.687625
0.73555
0.743825
0.75175
0.7565
0.78045
0.789525
0.79165
0.8035
0.826875
0.947275
1.018125
1.02455
1.127325
1.1374
1.15725
1.185725
1.240825
1.264875
1.28935
1.343125
1.3585
1.432525
1.537775
1.54005
1.540475
1.623175
1.666875
1.711
1.7406
2.089525
2.170775
2.195925
2.46275
2.47175
2.48425
2.49845
2.5348
2.56045
2.643825
2.67925
2.75485
2.863525
2.97905
3.0079
3.0976
3.14865
3.149975
3.3448
3.364
3.401725
3.431375
3.454975
3.468075
3.502775
3.83225
3.885475
3.89745
3.8987
3.928075
3.994175
4.038975
4.1179
4.255325
4.69335
4.784725
4.884325
4.934025
5.038625
5.361875
5.64745
5.6768
5.688325
5.88625
6.06645
6.077275
6.101125
6.24025
6.24865
6.26865
6.2861
6.335675
6.5222
6.5446
7.0266
7.096975
7.377275
7.5741
7.826275
7.92955
8.02435
8.1626
8.168575
8.234075
8.701875
9.092725
9.212325
9.3965
9.746325
9.84495
145
