0.00215
0.0114
0.019175
0.021275
0.032875
0.03485
0.036525
0.041925
0.05445
0.062075
0.08655
0.1051
0.113825
0.118225
0.1184
0.1205
0.128025
0.147975
0.150325
0.15775
0.18825
0.190275
0.218225
0.24335
0.258925
0.261225
0.275775
0.35095
0.3538
0.3837
0.389425
0.40075
0.434275
0.524025
0.56575
0.6204
0.624125
0.687375
0.7184
0.759575
0.78575
0.831025
0.849025
0.8626
0.8695
0.91705
0.94395
0.9441
0.95595
0.958225
0.994925
1.01635
1.05565
1.076175
1.08125
1.090425
1.11225
1.218325
1.239475
1.279425
1.286725
1.329675
1.393425
1.401275
1.406125
1.420025
1.431825
1.465775
1.477425
1.5185
1.611775
1.6159
1.684925
1.699075
1.75365
2.005425
2.053475
2.0853
2.163075
2.19935
2.2311
2.233775
2.251125
2.269425
2.4372
2.4746
2.76375
2.772625
2.8613
2.91625
2.9344
2.97275
3.001175
3.076525
3.1403
3.15095
3.2236
3.2679
3.433125
3.486075
3.521675
3.71275
4.0074
4.47835
5.0232
5.161675
5.340175
5.391575
5.446175
5.459175
5.836375
5.946375
5.981325
6.557975
6.754525
6.8041
6.85955
7.028075
7.67795
7.739775
8.0647
8.38695
9.0853
123
