0.0263
0.029775
0.05435
0.0566
0.07005
0.089125
0.10605
0.110375
0.123375
0.130625
0.15275
0.165575
0.168175
0.1813
0.188725
0.1951
0.2097
0.2143
0.220425
0.229625
0.2415
0.24235
0.245525
0.2551
0.270025
0.300775
0.313675
0.317625
0.321275
0.327375
0.386375
0.47475
0.49725
0.5056
0.52045
0.557475
0.563975
0.594625
0.631775
0.633375
0.63815
0.6793
0.800725
0.857625
0.902675
0.981075
1.0146
1.076475
1.081075
1.0895
1.091325
1.097425
1.1432
1.17245
1.193175
1.20715
1.320925
1.3631
1.389075
1.424475
1.450475
1.492325
1.493
1.494275
1.699875
1.703425
1.88335
1.925675
1.94735
1.97935
1.994725
1.999775
2.0073
2.03385
2.061725
2.105425
2.13355
2.185075
2.19
2.224175
2.435575
2.474
2.477625
2.6359
2.683125
2.69025
2.837375
2.9337
3.012075
3.019725
3.039525
3.077525
3.371425
3.4842
3.588625
3.612225
3.89685
3.952125
4.034475
4.655275
4.9285
5.200975
5.2368
5.335875
5.4022
6.484725
6.667575
6.8718
6.9015
7.014075
7.718125
7.7768
7.808275
7.847175
8.26855
9.165
9.22835
9.458375
9.6224
9.6548
9.741
9.8044
9.92325
9.933625
9.9472
125
