0.002075
0.0208
0.020825
0.031875
0.034475
0.036925
0.08945
0.120225
0.139175
0.1528
0.156025
0.169875
0.171925
0.176025
0.1862
0.1908
0.201575
0.2275
0.22875
0.2367
0.274475
0.2827
0.301875
0.30565
0.3215
0.338975
0.506325
0.5878
0.5881
0.594325
0.59715
0.6146
0.6258
0.643
0.65
0.658
0.73205
0.7348
0.7435
0.7482
0.749025
0.796075
0.834925
0.88065
0.8942
0.894875
0.932575
0.96095
0.984
1.091375
1.188275
1.188325
1.256925
1.32275
1.3789
1.3849
1.477975
1.5053
1.518475
1.5762
1.604325
1.696725
1.73335
1.735425
1.7378
1.741175
1.806975
1.9718
2.146675
2.18135
2.20645
2.31315
2.315825
2.34705
2.41485
2.555475
2.825875
2.978625
3.26575
3.325025
3.339325
3.3788
3.5263
3.811125
3.815825
3.82495
3.893075
3.98625
4.27585
4.393625
4.45765
4.671475
4.693925
4.926375
5.108075
5.919525
5.97085
6.020525
6.199225
6.4154
6.698275
6.917625
6.922425
6.9429
7.030175
7.339875
7.778875
8.269475
8.3071
8.41465
8.899575
8.92355
112
