0.0014
0.010375
0.0368
0.036875
0.037275
0.081075
0.0817
0.086175
0.090925
0.094375
0.111325
0.14045
0.1884
0.189725
0.1909
0.20895
0.233725
0.26865
0.278425
0.29855
0.306425
0.3103
0.371175
0.380075
0.386
0.39985
0.4158
0.4279
0.44295
0.444075
0.4497
0.451875
0.459325
0.473675
0.511775
0.5135
0.561525
0.571275
0.57505
0.582575
0.5869
0.600075
0.610025
0.634625
0.729725
0.748075
0.761725
0.850325
0.944575
0.966675
0.9973
1.00685
1.0143
1.01735
1.01835
1.052175
1.061375
1.079775
1.200975
1.2658
1.3626
1.50045
1.5314
1.593625
1.62735
1.6374
1.6386
1.822975
1.846825
1.87145
1.925975
1.98125
1.993325
2.286175
2.291175
2.33405
2.36865
2.508275
2.54105
2.663075
2.6968
2.744925
2.76735
2.778925
2.784975
3.0709
3.09805
3.114375
3.19415
3.350975
3.447575
3.4589
3.527125
3.575375
3.92275
4.221075
4.24105
4.289175
4.64325
4.8473
4.98135
5.035275
5.047825
5.07735
5.15195
5.272775
5.325525
5.599325
5.6148
5.91455
6.0369
6.771375
6.973625
7.06935
7.0823
7.14385
7.211075
7.3267
7.883375
8.60235
8.69285
8.86715
8.98645
9.55095
124
