0.0019
0.001925
0.011675
0.018775
0.01905
0.0287
0.032775
0.03985
0.06445
0.0724
0.074675
0.08
0.080375
0.0839
0.08405
0.0939
0.09955
0.10185
0.109475
0.1235
0.133125
0.13585
0.1433
0.198975
0.2283
0.23485
0.26475
0.27915
0.299725
0.300825
0.308825
0.314175
0.321925
0.4036
0.4525
0.478425
0.492125
0.49895
0.5195
0.533825
0.59735
0.6529
0.691225
0.71525
0.727275
0.73415
0.738925
0.743225
0.76155
0.769925
0.821475
0.828775
0.8429
0.878775
0.8799
0.880925
0.9072
0.958375
0.99335
1.3322
1.348575
1.363475
1.3662
1.377
1.452475
1.456325
1.471175
1.51995
1.56765
1.62465
1.771
1.844375
1.960225
1.9881
2.122925
2.158875
2.1616
2.171425
2.221575
2.34255
2.353925
2.384425
2.609775
2.6997
2.95415
2.97055
2.983625
3.07105
3.0713
3.345
3.405575
3.506425
3.643625
3.706775
3.815
3.8248
3.89505
3.99545
4.1194
4.3711
4.395075
4.3977
4.538
4.56505
4.668075
4.867825
4.87555
4.9817
5.067075
5.1633
5.612425
5.66295
5.698775
5.90755
6.0948
6.10795
6.19105
6.2795
6.346325
6.434975
6.6424
6.737625
6.96195
7.79885
7.92115
8.001625
8.12465
8.86315
9.17725
9.264975
9.437325
9.469825
132
