0.015175
0.0224
0.047525
0.063725
0.067125
0.0827
0.085525
0.086675
0.08775
0.0968
0.106225
0.1182
0.11905
0.119425
0.1198
0.119925
0.152225
0.16875
0.173775
0.197675
0.2112
0.2671
0.2681
0.298775
0.322875
0.3698
0.372625
0.383225
0.400575
0.40395
0.439375
0.441625
0.45825
0.479525
0.4871
0.4884
0.50425
0.5158
0.5362
0.554575
0.59445
0.602875
0.647825
0.660775
0.683325
0.72
0.73655
0.7466
0.787225
0.816175
0.857225
0.935675
0.947075
0.98265
0.998725
1.01195
1.073375
1.098475
1.103575
1.11065
1.200125
1.2427
1.294075
1.323425
1.324225
1.33395
1.398775
1.522125
1.558625
1.613275
1.688125
1.700975
1.7126
1.784675
1.896675
1.9269
1.9506
1.974525
2.004725
2.046825
2.048725
2.1479
2.156325
2.16375
2.2101
2.38815
2.412425
2.44905
2.50785
2.524175
2.53215
2.539825
2.544125
2.654475
2.84935
2.891825
2.965975
2.997425
3.122925
3.1476
3.256475
3.34605
3.5836
3.731725
3.8018
3.95595
4.0912
4.172525
4.227125
4.563025
4.6503
5.02215
5.036
5.3192
5.617175
5.78495
5.89765
5.995025
6.0734
6.211325
6.292525
6.397375
6.534575
7.113125
7.3704
7.490225
7.945925
8.384
8.63385
8.789525
8.81785
8.993775
9.117925
9.1412
9.48585
9.6187
9.826275
137
