0.023725
0.0412
0.064775
0.065675
0.067625
0.0688
0.074125
0.09985
0.1376
0.149975
0.163325
0.186675
0.191275
0.218825
0.2231
0.2299
0.235175
0.236675
0.262875
0.26445
0.27065
0.28295
0.2928
0.294325
0.3071
0.332075
0.333775
0.37945
0.397825
0.418425
0.41915
0.429875
0.558325
0.560275
0.5878
0.642475
0.6449
0.653725
0.685925
0.7031
0.710075
0.7235
0.729825
0.759675
0.77355
0.79345
0.793525
0.84185
0.9142
0.9152
1.00325
1.02735
1.129675
1.15695
1.238575
1.281475
1.326275
1.3364
1.34715
1.358
1.603175
1.610975
1.639725
1.655825
1.68655
1.775925
1.7798
1.783925
1.8888
1.894925
1.9961
2.039175
2.0546
2.057975
2.0773
2.1332
2.205725
2.232
2.24395
2.25475
2.311575
2.31455
2.33515
2.3546
2.395575
2.66075
2.838575
2.8636
2.869875
3.125275
3.17065
3.181625
3.1977
3.39235
3.588
3.78735
4.002025
4.344625
4.464325
4.466625
4.481875
4.558625
4.650125
4.699
4.947625
4.959875
5.03315
5.08065
5.223975
5.32705
5.354125
5.490775
5.736625
5.801475
5.869225
5.91165
6.3243
7.032725
7.26275
7.274175
7.560375
7.674275
7.737425
8.490025
9.2142
9.6508
9.6917
127
