0.003125
0.005825
0.006475
0.01055
0.01395
0.014575
0.014925
0.018675
0.060575
0.062725
0.071475
0.07225
0.073675
0.074275
0.100525
0.14385
0.14495
0.157725
0.1763
0.18605
0.200125
0.20425
0.205575
0.21885
0.266225
0.26625
0.291825
0.3066
0.30705
0.310175
0.311075
0.322925
0.325225
0.3404
0.3478
0.382325
0.41155
0.419775
0.420475
0.4516
0.500375
0.506725
0.584175
0.5844
0.6796
0.71215
0.71685
0.723525
0.728975
0.731925
0.762925
0.767275
0.774825
0.81575
0.819625
0.841825
0.88245
0.8945
0.9048
1.01545
1.02015
1.028825
1.09505
1.113725
1.1505
1.1698
1.2689
1.28685
1.293575
1.31105
1.35605
1.357
1.47065
1.504725
1.56705
1.567125
1.579525
1.592625
1.609225
1.6455
1.774875
1.776175
1.86905
1.9731
1.980775
2.0033
2.093375
2.137525
2.37485
2.3823
2.390175
2.40295
2.4137
2.49765
2.507325
2.51425
2.51985
2.90315
2.904175
3.252675
3.275675
3.29665
3.35335
3.435325
3.914525
3.942825
3.979
4.004775
4.212975
4.397925
4.438825
4.443875
4.803075
4.87905
4.92615
5.9894
6.068625
6.674025
7.031675
7.654725
7.76575
7.96465
8.092125
8.159025
8.37495
8.748575
8.945875
9.15995
9.287725
9.318025
9.63505
9.649825
9.83895
9.886425
134
