0.0008
0.027325
0.035125
0.0431
0.0459
0.0536
0.080375
0.104725
0.191225
0.202475
0.221375
0.225675
0.248375
0.2684
0.28055
0.285
0.289375
0.316075
0.328775
0.355025
0.373675
0.3781
0.389025
0.3939
0.40965
0.503025
0.5096
0.52095
0.5225
0.55375
0.567075
0.580125
0.611125
0.632075
0.65795
0.6954
0.765925
0.830575
0.8438
0.95335
0.956025
0.967925
0.99475
1.005
1.0148
1.10885
1.12725
1.2067
1.2512
1.262325
1.2766
1.32865
1.400375
1.4123
1.416325
1.49055
1.64865
1.658975
1.79675
1.803175
1.835325
1.903125
1.9142
1.934575
1.978525
2.091175
2.106275
2.117675
2.147775
2.155675
2.187575
2.2756
2.278725
2.2817
2.295125
2.3189
2.323
2.35295
2.457225
2.562625
2.6334
2.75665
2.77365
2.8455
2.90425
2.979675
3.056075
3.1116
3.136625
3.182325
3.267475
3.32585
3.39465
3.42195
3.77125
3.7959
4.1363
4.1994
4.258075
4.469825
4.515175
4.66315
4.776525
4.905175
5.0328
5.128375
5.313525
5.406675
5.650625
5.9115
5.9952
6.00315
6.003875
6.047225
6.162825
7.400075
7.558125
7.601025
8.036825
8.3314
8.895875
9.284875
9.870975
123
