0.011425
0.025175
0.037675
0.047075
0.04825
0.06195
0.06415
0.067575
0.080725
0.110175
0.111325
0.1328
0.136175
0.13705
0.13725
0.1586
0.172
0.19385
0.2035
0.243775
0.247875
0.252325
0.2957
0.302275
0.3562
0.42665
0.44805
0.45415
0.4542
0.47435
0.490775
0.5324
0.604475
0.63035
0.643825
0.651175
0.695875
0.7056
0.71415
0.72065
0.72205
0.9728
0.995675
1.005975
1.089375
1.097425
1.1485
1.191625
1.22305
1.2544
1.27745
1.2783
1.29275
1.3589
1.3655
1.472775
1.497025
1.5426
1.564825
1.57985
1.58525
1.666325
1.679375
1.7711
1.8135
1.846925
1.95935
2.04705
2.0958
2.24625
2.41665
2.5081
2.68135
2.723
2.763775
2.945925
3.01185
3.4904
3.515675
3.528125
3.5345
3.6753
3.7951
3.8772
3.9611
4.23135
4.497125
4.54275
4.771425
4.780825
5.449625
5.454775
5.496225
6.228875
6.32755
6.57145
6.8635
7.024575
7.054175
7.224
7.321275
7.39165
7.445775
7.58
7.884125
8.121575
8.31075
8.362
8.757975
8.843
9.171725
9.525875
112
