0.046
0.04935
0.059525
0.063175
0.082475
0.082825
0.083375
0.085425
0.090175
0.108325
0.1116
0.123725
0.13975
0.17075
0.1919
0.19765
0.22495
0.281
0.3094
0.3136
0.319175
0.33655
0.3385
0.378075
0.390325
0.4319
0.481775
0.488075
0.493
0.516625
0.5439
0.558425
0.6002
0.6118
0.632475
0.651925
0.69305
0.708625
0.714675
0.724225
0.7754
0.7921
0.79725
0.8271
0.890775
0.926875
0.92705
0.951825
0.983
1.0183
1.023725
1.042025
1.05065
1.206475
1.31185
1.317975
1.3214
1.338075
1.37165
1.390575
1.444575
1.456225
1.514825
1.53465
1.536975
1.54115
1.598725
1.6229
1.66395
1.73465
1.7505
1.760525
1.845675
1.8527
1.89665
1.926275
1.93115
1.942725
1.98475
2.008075
2.083325
2.14935
2.160425
2.377825
2.50465
2.656525
2.7265
2.842325
2.864375
2.9582
2.982225
3.0079
3.063325
3.100525
3.277875
3.338225
3.392
3.653725
3.7913
3.8762
3.909625
3.949325
4.033125
4.182
4.1883
4.313475
4.4437
4.6056
4.6414
4.712
4.7539
4.90135
4.940925
4.94295
5.0216
5.0992
5.25145
5.317475
5.510375
5.626225
5.749025
5.8261
6.1587
6.161075
6.365175
6.3981
6.498775
6.7527
6.757025
6.85095
7.311525
7.42235
7.88625
7.8964
7.9821
8.077775
8.858675
8.86385
8.96315
9.069675
9.15505
9.45215
9.52505
143
