0.002975
0.0315
0.04965
0.058825
0.06485
0.068425
0.09045
0.094325
0.1046
0.110725
0.139875
0.16915
0.1763
0.186425
0.21465
0.232225
0.2362
0.23635
0.254975
0.2901
0.29875
0.33175
0.33995
0.364025
0.39325
0.39485
0.4055
0.41695
0.430075
0.4348
0.4473
0.4637
0.476675
0.509625
0.52625
0.54715
0.5604
0.5645
0.577675
0.58575
0.612225
0.62315
0.6259
0.707625
0.71605
0.8767
0.9055
0.9251
0.938425
0.966025
0.978575
1.0194
1.063175
1.090925
1.150875
1.2206
1.260875
1.283975
1.427325
1.52655
1.54065
1.57905
1.582775
1.6137
1.614725
1.6183
1.650625
1.768775
1.7707
1.789
1.838675
1.93835
1.957075
2.0006
2.007625
2.09445
2.2197
2.30885
2.37685
2.400075
2.53685
2.5691
2.703525
2.74195
2.8147
2.9069
3.018275
3.19895
3.2031
3.218575
3.289175
3.38835
3.52255
3.578525
3.9113
4.226325
4.516475
4.645925
4.7425
5.0143
5.2777
5.605375
5.6965
5.721625
5.750875
5.782525
5.8192
6.19335
6.2071
6.583675
6.8112
6.973675
7.317175
7.322925
7.328975
7.544625
7.694925
7.8244
7.867725
8.11045
8.475775
8.78015
8.965875
9.43295
124
