0.00325
0.042475
0.05875
0.059775
0.0717
0.08215
0.113825
0.1175
0.139975
0.150425
0.1576
0.17
0.17505
0.1752
0.207325
0.235425
0.337275
0.340775
0.364525
0.4245
0.4638
0.48295
0.515025
0.518575
0.5636
0.567525
0.585875
0.593775
0.6197
0.62405
0.62815
0.65515
0.679725
0.713775
0.742075
0.768325
0.7846
0.85115
0.86395
0.910425
0.975075
0.9996
1.1631
1.295725
1.4571
1.500625
1.528575
1.589
1.615125
1.62885
1.703975
1.7313
1.823725
1.940225
2.063925
2.165925
2.30015
2.32465
2.5494
2.56615
2.614925
2.676275
2.713475
2.742175
2.7828
2.90335
3.0336
3.12245
3.31775
3.33035
3.6757
3.86745
3.9041
3.976275
3.981725
3.987725
4.1072
4.231575
4.246425
4.27755
4.3989
4.431975
4.439625
4.5046
4.8091
4.992825
5.2713
5.27295
5.273225
5.757275
5.849775
6.009775
6.191475
6.834425
7.432475
7.44485
7.66725
7.80985
8.47835
8.5036
8.6577
8.664775
8.6932
9.83945
104
