0.002275
0.002625
0.00865
0.012925
0.01975
0.023025
0.029075
0.035425
0.04285
0.04735
0.054775
0.05875
0.074975
0.085175
0.08715
0.090625
0.125
0.12575
0.1258
0.13
0.13475
0.141075
0.146325
0.1642
0.1675
0.168225
0.170025
0.170575
0.181025
0.183175
0.188975
0.218875
0.220475
0.22335
0.22405
0.232275
0.256425
0.263875
0.267775
0.285
0.285125
0.290825
0.31145
0.34595
0.35125
0.35555
0.37495
0.3851
0.408725
0.439775
0.498525
0.5132
0.5186
0.551225
0.619225
0.644075
0.650175
0.6529
0.698825
0.731325
0.750225
0.781075
0.83235
0.84705
0.850425
0.93905
0.9817
1.043475
1.04915
1.077625
1.1201
1.12725
1.14895
1.162125
1.377
1.380725
1.40135
1.45745
1.483
1.59035
1.686
1.718525
1.759425
1.806975
1.8133
1.8159
1.8647
1.975825
2.02775
2.088225
2.096575
2.097075
2.181225
2.224
2.2273
2.318725
2.33545
2.354775
2.428125
2.4655
2.49375
2.535375
2.57655
2.611475
2.771725
2.839025
2.957425
3.020525
3.126475
3.140275
3.407325
3.56485
3.588925
3.596825
3.7513
4.85255
5.064675
5.257775
5.385775
5.4612
6.132675
6.917575
6.928225
7.33605
7.406625
7.467425
7.4758
7.87695
8.0484
8.06665
8.170775
8.76625
9.241375
9.2723
9.469
9.519925
9.616825
9.664375
138
