0.011375
0.013275
0.016225
0.041575
0.044775
0.051425
0.103475
0.112925
0.117175
0.119675
0.155125
0.170475
0.173325
0.174525
0.1803
0.210375
0.245975
0.276875
0.279725
0.286525
0.290975
0.296225
0.313975
0.331475
0.332575
0.3392
0.3575
0.36375
0.40015
0.41165
0.411925
0.432225
0.4462
0.476325
0.484625
0.504825
0.5197
0.550175
0.5645
0.565025
0.5779
0.614225
0.665775
0.725075
0.779175
0.823025
0.92465
0.94755
0.997875
0.9983
1.056375
1.11445
1.173875
1.180025
1.1888
1.1921
1.239325
1.24195
1.2805
1.28575
1.298825
1.301675
1.388575
1.396
1.40005
1.41385
1.4344
1.481675
1.520525
1.5221
1.527375
1.5425
1.587075
1.6401
1.646875
1.7081
1.88195
1.8933
2.021875
2.039225
2.11745
2.135225
2.158375
2.204475
2.239375
2.24355
2.258225
2.265875
2.266375
2.33035
2.4293
2.43505
2.487825
2.507825
2.7333
2.828725
2.83585
2.841475
3.140575
3.56595
4.003225
4.0548
4.096475
4.112325
4.647175
4.8085
4.9816
4.993625
5.275525
6.791975
6.81515
7.175825
7.4693
8.087825
8.118575
8.1248
8.2601
8.39565
8.583925
9.456475
9.7747
9.938
122
