0.009875
0.042025
0.04355
0.044825
0.0462
0.060275
0.089925
0.095525
0.096325
0.1005
0.1105
0.125175
0.1345
0.173075
0.1991
0.22305
0.23005
0.254925
0.2667
0.274875
0.2811
0.28665
0.295475
0.32705
0.36275
0.366475
0.3854
0.402575
0.40795
0.412275
0.441
0.445275
0.448275
0.491875
0.543275
0.547575
0.5714
0.60535
0.631525
0.682525
0.851875
0.880525
0.896675
0.94445
0.95435
0.9735
1.050475
1.10095
1.11165
1.136
1.163175
1.164625
1.19125
1.21245
1.262525
1.340225
1.373
1.423675
1.43675
1.477525
1.507275
1.513825
1.5426
1.586675
1.6901
1.713725
1.77325
1.808125
1.923725
1.957375
2.0297
2.044175
2.085
2.1124
2.1492
2.1712
2.27795
2.291525
2.315675
2.379675
2.5459
2.567075
2.61405
2.647475
2.806425
2.901125
3.15105
3.1941
3.19945
3.303175
3.3178
3.37555
3.430325
3.7082
3.75595
3.7625
3.805025
3.849225
4.188925
4.225975
4.260975
4.407475
4.504225
4.7458
4.83485
4.95375
5.097575
5.267425
5.3368
5.34065
5.578775
5.827
6.0208
6.34555
6.412075
6.4423
6.546
6.907325
7.095075
7.350425
7.38845
7.460175
7.591075
7.724125
8.206825
8.217575
8.24775
8.367625
8.4814
9.12725
130
