0.000775
0.003825
0.00555
0.0199
0.0313
0.0404
0.0468
0.064475
0.073225
0.074925
0.075
0.0853
0.0892
0.1134
0.140775
0.1518
0.173025
0.19155
0.1966
0.20355
0.21705
0.238125
0.249475
0.287225
0.303425
0.335075
0.340375
0.350825
0.36615
0.385575
0.3949
0.413125
0.46875
0.480825
0.4891
0.512925
0.515275
0.5308
0.539825
0.5535
0.57765
0.586275
0.6183
0.63865
0.673525
0.718425
0.7261
0.79315
0.802375
0.85015
0.858275
0.91445
0.9812
1.01525
1.0497
1.1273
1.150525
1.200075
1.209525
1.243225
1.2657
1.27705
1.35535
1.38385
1.54035
1.5909
1.625625
1.685675
1.773475
1.835175
1.83715
1.8729
1.874575
1.907125
1.954025
1.9856
2.116625
2.14065
2.209625
2.226825
2.24585
2.266175
2.283175
2.319525
2.3773
2.4842
2.5546
2.679975
2.718275
2.981875
2.987125
3.02215
3.264975
3.459925
3.471175
3.5619
3.597725
3.66125
3.757675
3.9473
4.145425
4.214925
4.23365
4.261325
4.3686
4.382975
4.3878
4.480075
4.907825
4.946
5.41395
5.50215
5.6266
6.38235
6.53915
6.72985
7.0451
7.277225
7.3462
7.729
7.729675
7.78285
8.28245
8.8218
9.3745
9.424775
9.58025
9.7515
128
