0.014175
0.017775
0.03095
0.0582
0.06345
0.08245
0.09555
0.106275
0.116175
0.120725
0.13875
0.1709
0.1936
0.196875
0.2011
0.21535
0.220625
0.2401
0.2515
0.26295
0.279075
0.311175
0.325875
0.32635
0.371
0.391775
0.422675
0.430875
0.439725
0.45035
0.493325
0.5192
0.554875
0.56175
0.57725
0.6776
0.68775
0.692225
0.6947
0.6955
0.708725
0.7107
0.71315
0.844975
0.865625
0.919875
0.93685
0.979075
0.988875
1.01595
1.0442
1.094625
1.119175
1.21245
1.2163
1.2506
1.279825
1.323325
1.324725
1.371
1.4284
1.515775
1.5629
1.6152
1.71615
1.739025
1.782425
1.853825
1.903125
1.99675
2.009725
2.16765
2.18705
2.301125
2.47915
2.4944
2.61995
2.6381
2.6675
2.740825
2.7873
2.818
2.8365
2.996875
3.036075
3.058025
3.180525
3.21585
3.221575
3.302425
3.324725
3.3479
3.363125
3.586075
3.67705
3.86025
3.9443
4.050225
4.5491
4.63175
4.70875
4.7198
4.8784
4.9089
5.17095
5.188725
5.3933
5.9107
6.1846
6.28175
6.415375
6.5809
7.194275
7.349725
7.929
8.5797
9.136275
9.268325
118
