0.011475
0.0256
0.028125
0.029425
0.043175
0.05015
0.065425
0.078175
0.08375
0.1
0.155075
0.22035
0.22525
0.243725
0.286825
0.30055
0.303575
0.31445
0.36845
0.388975
0.39165
0.43455
0.479
0.5929
0.613375
0.6209
0.6507
0.710375
0.7186
0.802875
0.838675
0.87305
0.89285
1.020325
1.026675
1.040925
1.0456
1.05285
1.074025
1.16775
1.207525
1.214175
1.275575
1.287475
1.3503
1.351375
1.368575
1.385225
1.4068
1.418
1.463
1.521075
1.582475
1.6737
1.720025
1.74245
1.77305
1.7792
1.790675
1.8017
1.83885
1.851425
2.022325
2.024225
2.070775
2.0983
2.15205
2.1668
2.274575
2.33325
2.40665
2.407875
2.43365
2.471125
2.528425
2.570925
2.57335
2.618025
2.674175
2.7025
2.711825
2.768875
2.802
2.904875
3.000475
3.0257
3.19855
3.405875
3.570475
3.700675
3.94965
3.968525
4.26655
4.3337
4.36055
4.711875
4.92735
5.160225
5.188975
5.83095
6.18745
6.20825
6.3492
6.493225
6.520675
6.567225
7.4586
7.633025
8.74435
9.251
9.616675
9.82215
112
