0.033425
0.104475
0.105925
0.1107
0.141175
0.149625
0.150475
0.154875
0.16545
0.167675
0.177675
0.2092
0.21615
0.230575
0.2311
0.23135
0.23475
0.240125
0.2468
0.26735
0.267375
0.288675
0.29485
0.31555
0.3199
0.33355
0.338375
0.35695
0.36395
0.41125
0.4514
0.471125
0.488225
0.514
0.544675
0.5461
0.5531
0.56935
0.602225
0.7543
0.77715
0.794425
0.810225
0.865525
0.925575
0.945525
0.990075
0.9997
1.0335
1.04375
1.048825
1.12295
1.1461
1.1634
1.177925
1.183675
1.21905
1.2757
1.291675
1.43105
1.4465
1.5628
1.590875
1.610875
1.654975
1.72475
1.746775
1.882625
1.9324
1.9683
2.006325
2.052525
2.108725
2.154775
2.2756
2.28595
2.32745
2.3401
2.396575
2.485125
2.523725
2.529975
2.597175
2.94865
3.194025
3.20175
3.307825
3.364875
3.523475
3.579
3.650125
3.6934
3.7114
3.81485
3.9471
3.9569
4.028675
4.177775
4.278475
4.3169
4.35775
4.508525
4.848825
5.467625
5.61755
5.683175
5.830475
6.0613
6.193125
6.265275
6.315025
6.8792
7.1754
7.392725
7.397125
7.533025
7.920375
8.01775
8.2476
8.38035
8.543625
8.615025
9.089975
9.235625
124
