0.00345
0.006875
0.011225
0.024075
0.02425
0.036375
0.050425
0.060575
0.0619
0.081875
0.127
0.1363
0.146
0.157625
0.1626
0.164625
0.1851
0.215775
0.23925
0.2497
0.2692
0.27565
0.279775
0.28255
0.30055
0.318925
0.321525
0.3466
0.4264
0.44025
0.452225
0.497975
0.499175
0.511225
0.527925
0.581275
0.5843
0.5978
0.607525
0.61155
0.620825
0.63325
0.645375
0.648475
0.71955
0.720425
0.798325
0.8172
0.952675
1.001025
1.02445
1.024925
1.046775
1.12225
1.1843
1.3075
1.314775
1.336475
1.398975
1.405475
1.501475
1.516425
1.56755
1.6317
1.680375
1.747025
1.8332
1.839375
1.89945
1.9261
1.981025
1.988425
1.99665
2.044925
2.124325
2.168425
2.358175
2.385025
2.399625
2.603525
2.6918
2.76695
2.77805
2.857825
2.956475
2.990575
3.015975
3.187075
3.533875
3.835175
4.060425
4.223375
4.276125
4.316375
4.797575
4.797775
4.967575
5.25685
5.465375
5.5263
6.077475
6.18715
6.446425
6.9418
6.966775
7.063025
7.26925
7.39895
7.565575
8.010975
8.017225
8.06275
8.840575
9.428725
114
