0.0035
0.01305
0.017375
0.02045
0.02965
0.041125
0.055925
0.059225
0.08485
0.086075
0.0872
0.0935
0.0981
0.1171
0.1734
0.177775
0.185375
0.225325
0.243925
0.291475
0.31475
0.31725
0.3194
0.32065
0.33585
0.343125
0.350875
0.354225
0.356725
0.3768
0.404075
0.41065
0.417175
0.417525
0.4308
0.45505
0.456225
0.4727
0.499375
0.536975
0.5375
0.54145
0.5596
0.5618
0.569475
0.5849
0.595425
0.60105
0.62725
0.64225
0.713975
0.74235
0.76125
0.76665
0.812375
0.81745
0.84835
0.8737
0.878325
0.962475
0.965325
1.0111
1.0486
1.0846
1.130625
1.158575
1.174675
1.19665
1.30315
1.365975
1.385975
1.49495
1.5345
1.586125
1.588925
1.608425
1.737775
1.804475
1.823175
1.974975
1.98495
2.0046
2.248425
2.3065
2.374575
2.402375
2.774575
2.837425
2.84115
2.8737
2.879575
2.958725
3.08695
3.29275
3.37335
3.742625
3.824875
3.84265
3.909125
3.963075
4.11095
4.19085
4.248175
4.430875
4.504225
4.581575
4.681325
4.797075
4.805725
4.90815
5.4506
5.5222
5.6661
6.05905
6.127425
6.3456
6.4527
6.8263
6.8972
7.3665
7.807925
7.938375
8.103075
8.169325
8.403675
8.62055
8.707525
9.241625
9.731225
129
