0.001
0.005625
0.022825
0.025125
0.0406
0.05085
0.0547
0.066525
0.066925
0.096025
0.1036
0.1295
0.155925
0.2028
0.206675
0.2139
0.21825
0.22125
0.25795
0.266825
0.291125
0.29235
0.3355
0.40595
0.424025
0.431925
0.44335
0.446825
0.448625
0.480225
0.48645
0.48775
0.516275
0.520025
0.53535
0.563475
0.62375
0.65285
0.657775
0.67225
0.678325
0.682925
0.704525
0.713525
0.72395
0.730525
0.739325
0.744525
0.747775
0.7712
0.804125
0.8087
0.83785
0.86255
0.873675
0.967925
0.981025
1.077275
1.081425
1.091675
1.1209
1.165375
1.2592
1.316525
1.324675
1.37675
1.4603
1.46195
1.475275
1.513125
1.529375
1.5301
1.588225
1.617275
1.65225
1.815975
1.8957
1.910225
1.995325
2.087025
2.0949
2.157075
2.241775
2.3115
2.333475
2.370725
2.54115
2.60705
2.658925
2.711775
2.78715
2.832825
2.85715
2.870075
2.953475
3.034275
3.068275
3.368725
3.5183
3.527525
3.612775
3.813275
3.911225
3.911575
4.283875
4.55365
4.66245
4.809375
5.002575
5.1062
5.179475
5.44345
5.4598
5.516225
5.6753
5.9262
6.021475
6.372575
6.398675
6.67675
6.9441
7.047825
7.6378
7.891825
7.967425
8.174425
8.2464
8.297775
8.841125
9.2543
9.3343
9.72635
9.756575
133
