0.034675
0.0533
0.0732
0.0805
0.094175
0.095375
0.1119
0.15975
0.162
0.185375
0.204775
0.21185
0.2183
0.22435
0.228375
0.24305
0.28705
0.30455
0.30835
0.333025
0.375225
0.375675
0.40005
0.4051
0.41475
0.415925
0.456225
0.479875
0.48555
0.49345
0.493475
0.565
0.62555
0.6507
0.651625
0.6685
0.73155
0.8203
0.878725
0.8924
0.896125
0.929375
0.988575
1.105675
1.14505
1.160275
1.2797
1.3926
1.417375
1.448175
1.46985
1.511725
1.619175
1.796425
1.851375
1.891
1.906325
1.908625
1.974425
2.1492
2.20775
2.230325
2.24345
2.2523
2.347775
2.4367
2.44795
2.48745
2.48885
2.589975
2.6781
2.740325
2.762275
2.8516
2.90605
2.966125
2.9872
3.0281
3.12115
3.1597
3.24375
3.2705
3.5817
3.83465
4.170225
4.28145
4.548475
4.61075
4.876175
4.91695
4.965925
5.04255
5.129275
5.316025
5.522175
5.63305
5.943175
6.2274
6.277075
6.2841
6.303825
6.58005
6.77765
7.233725
7.368
8.087675
8.19965
8.476625
8.73925
8.746925
8.755025
9.0301
9.100725
9.127025
114
