0.027075
0.03225
0.03425
0.0368
0.037825
0.045425
0.046575
0.051575
0.087375
0.10025
0.1206
0.12285
0.1233
0.14075
0.1453
0.1552
0.167575
0.2075
0.2188
0.22015
0.237375
0.239075
0.244675
0.254375
0.267075
0.2744
0.2865
0.31515
0.340325
0.36495
0.36675
0.374025
0.380475
0.3979
0.406825
0.4109
0.424225
0.434
0.439
0.450325
0.4504
0.501125
0.505975
0.513075
0.525675
0.53515
0.566175
0.5666
0.57035
0.6348
0.689475
0.721275
0.728475
0.747525
0.759625
0.78405
0.84535
0.84805
0.886675
0.888875
0.89985
0.9517
0.96205
1.00485
1.0169
1.041275
1.0422
1.058325
1.069275
1.111475
1.162275
1.16755
1.1867
1.188575
1.224275
1.237175
1.3132
1.315475
1.3166
1.3349
1.366175
1.388925
1.391275
1.410225
1.5717
1.583975
1.587175
1.62805
1.63435
1.679725
1.81875
1.956825
1.9689
1.9756
2.013725
2.01895
2.02375
2.077125
2.085825
2.13115
2.22475
2.229825
2.3394
2.437775
2.492325
2.748825
2.789
2.964575
2.988175
3.0406
3.14515
3.2946
3.59075
3.618325
3.6936
3.700025
3.70385
3.828475
4.065925
4.09755
4.1528
4.240675
4.331
4.4913
4.5022
4.5816
4.690175
4.85005
4.9258
4.984625
5.03305
5.120775
5.3452
5.349925
5.355725
5.35955
5.44295
5.452525
5.46385
6.3324
6.34205
6.55205
6.80815
7.002
7.125975
7.3199
7.356475
7.594925
7.9631
7.968325
8.232975
8.233025
8.28785
8.56555
8.7227
8.7825
8.94145
157
