0.03465
0.0493
0.084975
0.0987
0.11805
0.12955
0.147225
0.14915
0.157925
0.1665
0.1744
0.190225
0.1955
0.20585
0.235875
0.2454
0.25155
0.258225
0.26655
0.270175
0.37585
0.416075
0.41715
0.444775
0.49135
0.4944
0.505325
0.537175
0.569475
0.56955
0.573875
0.588875
0.610225
0.612825
0.616725
0.65465
0.6917
0.767225
0.77835
0.91745
0.93805
1.004425
1.023
1.0413
1.04525
1.130375
1.139475
1.17345
1.194925
1.22115
1.22385
1.243875
1.2507
1.330975
1.418425
1.4439
1.503475
1.5139
1.536175
1.59555
1.60165
1.64105
1.660125
1.68685
1.723925
1.7296
1.761425
1.765275
1.9703
1.98235
2.03415
2.050975
2.14055
2.2529
2.298275
2.327575
2.408475
2.42145
2.5194
2.729425
2.744
2.843425
2.8889
3.016825
3.09345
3.172425
3.26785
3.315975
3.34415
3.69685
3.73045
3.74185
3.76225
3.799125
3.8052
4.01075
4.032125
4.246625
4.349575
4.357875
4.360875
4.395225
4.63565
5.866625
5.952325
6.36095
6.49875
6.51355
6.522825
6.57515
6.927725
7.039975
7.07365
7.473675
7.7269
7.840975
8.031925
8.4973
9.107
9.10865
9.3523
9.355825
9.389375
9.580525
9.624475
9.74235
126
