0.0012
0.00445
0.012775
0.036425
0.038975
0.039725
0.0499
0.050975
0.09045
0.094025
0.094675
0.0993
0.120575
0.139025
0.15905
0.1634
0.16455
0.173475
0.1751
0.180625
0.19235
0.246775
0.295125
0.307475
0.318475
0.347125
0.358225
0.405325
0.4403
0.51355
0.5745
0.583925
0.586875
0.5889
0.6245
0.631875
0.639775
0.6669
0.6835
0.7041
0.723825
0.7415
0.826425
0.8346
0.8513
0.855375
0.864175
0.94525
0.98835
1.042275
1.0667
1.11145
1.1434
1.22065
1.3151
1.3331
1.3336
1.344575
1.4216
1.484575
1.4982
1.520275
1.55085
1.583575
1.6344
1.67195
1.677225
1.68415
1.714025
1.745925
1.85845
1.897625
1.93405
1.980425
2.066225
2.4455
2.4491
2.465825
2.496175
2.503125
2.52875
2.59085
2.698325
2.824
2.833225
2.861775
2.993575
3.0678
3.123025
3.37185
3.473975
3.4765
3.53035
3.673775
3.900475
4.014275
4.0965
4.17935
4.24845
4.50385
4.669625
4.71095
4.7222
5.178275
5.48375
5.594625
5.675325
6.1623
6.46515
6.612325
6.73705
7.186975
7.246725
7.432925
7.847
8.081025
8.805625
9.011525
9.62425
9.7388
9.779025
121
