0.002125
0.03185
0.041775
0.04685
0.0712
0.081525
0.09655
0.11355
0.16455
0.190275
0.1934
0.218425
0.2261
0.24155
0.2626
0.299875
0.306425
0.31215
0.337175
0.35855
0.372425
0.387225
0.38895
0.388975
0.4029
0.4487
0.4566
0.46595
0.46665
0.47185
0.4819
0.489175
0.507275
0.53745
0.570225
0.590275
0.592825
0.61605
0.657775
0.681775
0.699575
0.70205
0.70935
0.7336
0.742825
0.77605
0.7881
0.79995
0.8032
0.84225
0.87455
0.885975
0.959225
1.016125
1.028475
1.07
1.081925
1.126875
1.155025
1.160625
1.21415
1.290925
1.319175
1.35315
1.45935
1.498425
1.591725
1.6034
1.67535
1.704075
1.7047
1.778525
1.788175
1.815
1.848525
1.9145
1.9233
1.975525
2.084525
2.170875
2.28385
2.33775
2.403125
2.447775
2.453325
2.5069
2.513425
2.725475
2.77195
2.8428
2.856075
2.975175
2.98355
3.024425
3.07905
3.108
3.162325
3.52775
3.65615
3.674425
3.687725
3.795775
3.79945
4.139175
4.2102
4.4978
4.6057
4.636925
4.63955
4.68585
5.0159
5.16355
5.38825
5.4144
5.524725
5.8585
6.100575
6.48895
6.655825
6.6736
7.371875
7.4646
7.612425
7.807875
7.811575
7.890275
8.086975
8.18545
8.25975
8.2656
8.28505
8.822975
8.9266
9.24695
9.7268
9.835175
9.9534
137
