0.0148
0.01675
0.0286
0.0493
0.056825
0.0587
0.0631
0.081425
0.1201
0.1291
0.1363
0.142375
0.14255
0.14525
0.147375
0.1604
0.16575
0.183675
0.21375
0.222625
0.3102
0.35905
0.376225
0.38125
0.394425
0.4101
0.46495
0.492525
0.5871
0.6082
0.63595
0.6679
0.713425
0.7841
0.822075
0.82665
0.8413
0.843675
0.89225
0.897375
0.89925
0.963625
1.09145
1.17045
1.3037
1.311025
1.4484
1.4728
1.5123
1.5165
1.540575
1.595325
1.61375
1.61725
1.640825
1.647825
1.6493
1.681425
1.6933
1.74545
1.7914
1.816075
1.99965
2.01875
2.018875
2.1046
2.132575
2.2759
2.2958
2.36665
2.40295
2.409175
2.598225
2.611875
2.752175
2.79295
2.804275
2.8281
2.8302
2.936375
2.97965
2.993
3.055825
3.1014
3.10635
3.1454
3.2282
3.28855
3.3742
3.375625
3.455525
3.512275
3.722675
3.8339
4.21475
4.394725
4.50375
4.6503
5.045675
5.140175
5.406475
5.913675
6.54235
7.039525
7.45825
7.57795
7.6766
7.7482
8.216075
9.300725
9.771075
111
