0.017625
0.02735
0.051175
0.05605
0.08475
0.0904
0.0969
0.114
0.118625
0.1221
0.12385
0.138225
0.15665
0.162075
0.170475
0.208225
0.231775
0.237375
0.240525
0.2441
0.2574
0.259675
0.267825
0.271
0.304025
0.3138
0.316125
0.31925
0.331
0.3347
0.397425
0.398725
0.43325
0.4434
0.444275
0.4491
0.526275
0.535075
0.549075
0.63325
0.638775
0.689025
0.69635
0.69925
0.702575
0.702825
0.75795
0.8027
0.82545
0.84135
0.8576
0.8931
0.909925
0.944725
0.97925
0.99805
1.01705
1.021075
1.08045
1.0999
1.157275
1.190025
1.228375
1.24115
1.255825
1.279425
1.37235
1.398625
1.5701
1.57075
1.594475
1.69205
1.732525
1.75125
1.92425
1.9577
2.03885
2.08415
2.106
2.1647
2.213375
2.2427
2.4067
2.514675
2.5584
2.567975
2.571775
2.66675
2.8306
2.83115
3.074125
3.23475
3.256975
3.272675
3.565825
3.856075
3.981875
4.017475
4.025975
4.2039
4.291875
4.620675
4.72755
4.790775
5.056375
5.1578
5.315
5.327575
5.37755
5.52815
5.749675
5.768625
5.942525
6.506575
6.66245
6.663425
6.779325
6.876625
6.90515
7.117575
7.2008
7.665725
7.716075
7.961975
8.102875
8.107875
8.247125
8.504775
8.538725
8.649125
130
