0.02045
0.041575
0.05705
0.060775
0.08595
0.1026
0.116475
0.126
0.1313
0.15805
0.160375
0.16445
0.169575
0.17515
0.202125
0.212225
0.21665
0.2169
0.223225
0.2363
0.245125
0.2472
0.255825
0.303125
0.30885
0.348
0.383625
0.3909
0.39505
0.40445
0.412425
0.424275
0.47595
0.48475
0.48685
0.4908
0.508675
0.548475
0.59575
0.677525
0.68695
0.68845
0.700725
0.7106
0.770975
0.77545
0.84075
0.86385
0.903975
0.9305
0.97975
1.1083
1.16365
1.191125
1.20025
1.231
1.27755
1.344
1.356075
1.3584
1.3716
1.444825
1.45565
1.525325
1.592475
1.600825
1.68945
1.6912
1.701725
1.704875
1.7127
1.74505
1.765975
1.9478
1.951875
1.954025
1.954075
2.00045
2.026
2.05105
2.07645
2.080625
2.080875
2.11135
2.157
2.267675
2.307975
2.31835
2.32255
2.37635
2.487925
2.547275
2.5615
2.576775
2.59055
2.761
2.8474
3.0181
3.224725
3.355225
3.86115
3.90335
4.32725
4.36975
4.49135
4.61055
4.6214
4.752675
4.897625
4.9876
5.3253
5.526475
5.551075
6.000175
6.3211
6.426975
6.445025
6.5122
6.6315
6.78755
6.875825
7.086525
7.141075
7.215975
7.4254
8.03325
8.4498
8.905625
9.3112
9.366675
9.565075
9.61695
9.71575
133
