0.00665
0.0081
0.01915
0.021975
0.02285
0.03935
0.039475
0.045225
0.0455
0.047325
0.0671
0.067575
0.083125
0.085925
0.096375
0.096675
0.1045
0.111475
0.114
0.11635
0.128775
0.13225
0.15765
0.1628
0.172225
0.1892
0.2018
0.2566
0.26915
0.28145
0.3054
0.311725
0.31675
0.3189
0.3957
0.416975
0.42965
0.455575
0.5005
0.525125
0.57155
0.5791
0.599725
0.603175
0.61465
0.62205
0.639725
0.64085
0.65635
0.658675
0.66635
0.6973
0.731775
0.78725
0.817975
0.819775
0.8284
0.841025
0.8463
0.91885
0.9198
0.94355
0.9971
1.0426
1.067575
1.091725
1.15755
1.1933
1.200675
1.22055
1.2276
1.23655
1.2412
1.279375
1.364075
1.371425
1.419875
1.4314
1.500725
1.583925
1.595225
1.602425
1.633375
1.6873
1.734075
1.748975
1.760825
1.769575
2.013975
2.039
2.088175
2.09075
2.11665
2.2059
2.23225
2.347025
2.393975
2.511525
2.56655
2.5829
2.593325
2.622025
2.798125
2.817975
2.876575
3.323575
3.438225
3.836675
3.8705
4.0343
4.179825
4.27985
4.294275
4.429875
4.921725
4.9882
5.00855
5.684675
5.688575
6.034275
6.19095
6.5859
7.06245
7.29375
7.550475
7.61035
7.6345
8.232375
8.3908
8.775075
9.3316
9.66625
9.884175
133
