0.00415
0.00515
0.013525
0.01905
0.022125
0.0243
0.043625
0.076375
0.0951
0.0973
0.1369
0.161175
0.202875
0.208925
0.209075
0.2108
0.215575
0.21735
0.252
0.25445
0.25935
0.260525
0.2768
0.28665
0.286775
0.287
0.3055
0.324975
0.334475
0.389025
0.5225
0.609325
0.622625
0.6285
0.6867
0.703725
0.715025
0.720325
0.73325
0.735375
0.739025
0.792525
0.800225
0.81385
0.85395
0.867925
0.89625
0.92035
0.953475
0.96395
0.970475
0.9899
1.01185
1.01365
1.0143
1.020375
1.059525
1.112875
1.1162
1.17465
1.28435
1.453275
1.45685
1.458975
1.544375
1.615925
1.710175
1.7143
1.771725
1.842175
1.859625
1.9504
1.95365
1.975225
1.997575
2.005975
2.01965
2.100925
2.1715
2.23075
2.2865
2.351425
2.368725
2.38265
2.469775
2.479975
2.519875
2.53395
2.633475
2.72465
2.7434
2.7931
2.84915
2.95065
3.099975
3.12285
3.235575
3.377675
3.468075
3.5215
3.6228
3.71055
3.74775
3.8388
4.00495
4.05645
4.228925
4.517625
4.652075
4.652475
4.722775
4.7477
5.002
5.064975
5.075025
5.09565
5.1754
5.3821
5.41605
5.580375
5.62455
5.874625
6.068325
6.082975
6.2706
6.602775
6.83025
6.831125
6.9852
7.298525
7.51005
8.13185
8.191725
8.401675
8.624125
8.74945
9.426725
9.456475
138
