0.00665
0.007475
0.01065
0.020575
0.022625
0.03365
0.039075
0.057075
0.0671
0.06785
0.0697
0.0704
0.111775
0.11345
0.126675
0.132275
0.13985
0.176775
0.18645
0.188475
0.201525
0.209475
0.2159
0.225275
0.229925
0.2312
0.240325
0.24265
0.244375
0.2648
0.28985
0.294575
0.3456
0.44085
0.445325
0.476425
0.4809
0.4996
0.567475
0.583325
0.60285
0.6083
0.64135
0.704375
0.7221
0.746375
0.896675
1.003775
1.006975
1.05475
1.065675
1.087975
1.118575
1.1293
1.160425
1.173925
1.28655
1.2988
1.37165
1.513575
1.59945
1.612525
1.7164
1.758575
1.762625
1.7761
1.82915
1.8976
1.919825
1.948025
2.022475
2.0545
2.14765
2.152925
2.215025
2.28595
2.41895
2.4521
2.47725
2.5642
2.633475
2.70565
2.7799
2.9251
3.069925
3.0777
3.34945
3.371925
3.651875
3.678575
3.6971
3.78605
3.787175
3.8185
4.156975
4.216425
4.26005
4.417575
4.6682
5.167825
5.47035
5.741975
7.112675
7.2021
7.256375
7.340275
7.6124
7.628575
7.865875
7.949375
7.960175
8.33655
8.34955
8.754475
9.1174
9.468825
9.717775
9.74235
9.823
119
