0.00275
0.005175
0.012675
0.017925
0.040275
0.0429
0.05585
0.06385
0.077575
0.0836
0.087375
0.0898
0.10515
0.132675
0.134575
0.156425
0.15675
0.169
0.1743
0.180375
0.18845
0.20155
0.233
0.237125
0.247575
0.2535
0.264525
0.2703
0.271875
0.27905
0.279925
0.281275
0.295475
0.315125
0.31595
0.32735
0.3542
0.366175
0.38875
0.396375
0.40395
0.416375
0.433875
0.480475
0.4848
0.5256
0.5431
0.594675
0.60725
0.6115
0.672275
0.774425
0.793225
0.8062
0.82385
0.82785
0.8404
0.850175
0.86665
0.8762
0.893775
1.035525
1.093
1.1476
1.1543
1.176475
1.186525
1.264275
1.266175
1.27425
1.29205
1.57405
1.575825
1.599925
1.602325
1.60905
1.6478
1.691625
1.740625
1.76405
2.00505
2.00975
2.0195
2.021675
2.043475
2.118
2.124025
2.1735
2.27485
2.38325
2.40265
2.448075
2.4483
2.510475
2.56975
2.590625
2.692825
2.984025
3.10355
3.136775
3.31375
3.359625
3.38595
3.4393
3.449825
3.8169
3.83425
3.9023
3.967075
4.012725
4.1693
4.365075
4.65595
4.79385
4.83315
5.138125
5.224675
5.535775
5.62505
5.840825
5.9231
6.071425
6.1898
6.87145
6.8956
7.42105
7.55095
7.69505
8.015675
8.7676
8.7758
8.780925
9.010775
9.046925
9.50635
9.515725
9.538025
9.55945
138
