0.012675
0.01585
0.02275
0.05655
0.066525
0.07025
0.08815
0.089175
0.093175
0.10525
0.12285
0.12815
0.154425
0.155875
0.1635
0.163875
0.17835
0.190225
0.193425
0.2073
0.2112
0.220325
0.23265
0.263625
0.2652
0.27265
0.29395
0.304575
0.311775
0.34645
0.348325
0.358475
0.3623
0.375425
0.4018
0.40645
0.435625
0.4694
0.489775
0.509375
0.5116
0.530925
0.5729
0.6145
0.61995
0.63065
0.69195
0.707275
0.71355
0.782875
0.809325
0.818125
0.830325
0.952075
0.99675
1.00145
1.071275
1.074025
1.136625
1.336725
1.35685
1.50445
1.555775
1.6234
1.62985
1.701875
1.802225
1.8036
1.808075
1.819775
1.862225
1.879925
1.9052
1.9439
1.978725
1.990775
2.011425
2.3675
2.439875
2.49085
2.7425
2.84985
3.073925
3.148875
3.256525
3.27415
3.276775
3.297075
3.37975
3.48135
3.624
3.629
3.73195
3.863925
3.86895
3.88735
3.920525
4.124025
4.234675
4.782225
4.87735
5.5539
5.8069
6.00415
6.2049
6.379675
6.972625
7.30775
7.428425
7.777925
7.8182
8.250025
8.27605
8.33165
8.38585
8.973525
9.051475
9.200775
9.4736
9.574875
120
