0.003625
0.031925
0.034025
0.038375
0.051575
0.056425
0.06575
0.08055
0.09555
0.113175
0.142425
0.148925
0.155075
0.166575
0.1839
0.20775
0.218475
0.220125
0.225275
0.227825
0.2323
0.2393
0.2394
0.2469
0.251
0.313525
0.3338
0.33425
0.378025
0.413625
0.431825
0.43415
0.437075
0.4543
0.463025
0.47615
0.48025
0.493325
0.504525
0.527825
0.53695
0.54945
0.5532
0.5665
0.567725
0.600525
0.612175
0.613375
0.652575
0.65755
0.659175
0.669175
0.71495
0.72495
0.72645
0.780975
0.783375
0.79135
0.80915
0.8585
0.86005
0.93625
0.98285
0.996375
0.999225
1.032475
1.0494
1.135125
1.18705
1.207675
1.333275
1.418025
1.48905
1.492925
1.51475
1.587925
1.74385
1.9569
1.980775
1.9932
1.99635
2.067575
2.1183
2.16945
2.39295
2.543875
2.786625
2.868925
2.883675
3.097625
3.1016
3.1623
3.190825
3.66675
3.7517
3.78315
3.899875
4.033825
4.495875
4.6742
4.8131
4.860725
4.9345
5.371325
5.514
5.523075
5.653175
5.7295
5.798425
6.013525
6.110175
6.41505
6.5049
6.514325
6.581775
6.705725
7.133025
7.36365
7.6059
7.643325
8.12535
8.1652
8.315775
8.7556
8.862075
8.9088
8.9749
9.0773
9.114875
9.145675
9.318
9.4778
9.52845
9.5484
9.626775
9.664525
9.944
137
