0.00525
0.00665
0.0202
0.02775
0.0308
0.031875
0.04145
0.056325
0.06065
0.065225
0.0716
0.07995
0.080275
0.081725
0.10525
0.1067
0.111575
0.128175
0.16665
0.16855
0.1704
0.193225
0.21615
0.231825
0.233325
0.247575
0.292525
0.328075
0.33135
0.352575
0.362275
0.367075
0.369325
0.376925
0.392825
0.46155
0.465575
0.4752
0.48255
0.49495
0.4951
0.529875
0.5414
0.541925
0.571475
0.585275
0.60765
0.6343
0.666525
0.672475
0.702825
0.71845
0.72905
0.732375
0.766475
0.774075
0.800425
0.8155
0.862825
0.8857
0.89325
0.898575
0.9715
0.9752
0.993025
0.9999
1.007475
1.060275
1.112625
1.13725
1.15805
1.267625
1.317275
1.319125
1.33275
1.358125
1.394
1.42605
1.42805
1.445425
1.468025
1.501925
1.602875
1.603975
1.6443
1.64935
1.674125
1.70185
1.7492
1.77365
1.774275
1.78635
1.807225
1.914425
1.974975
1.9994
2.0589
2.0871
2.17155
2.22155
2.251275
2.3564
2.4344
2.725775
2.80065
2.80835
2.9106
3.120375
3.16125
3.3452
3.3559
3.457225
3.495275
3.50895
3.53825
3.76865
3.809775
3.820725
3.971525
4.190575
4.208625
4.526625
5.0706
5.24535
5.305925
5.39165
5.4385
5.446625
5.74375
5.78325
7.299275
7.3769
7.8621
8.588225
8.60265
8.65215
8.868125
9.2119
9.279975
9.819125
9.867525
141
