0.0082
0.0198
0.030075
0.04275
0.052475
0.05875
0.0925
0.111125
0.130425
0.134675
0.144475
0.1567
0.169325
0.171875
0.179
0.1961
0.2155
0.2375
0.24335
0.25925
0.265925
0.280675
0.290375
0.329025
0.3418
0.35425
0.3791
0.384325
0.386875
0.44535
0.46295
0.502375
0.5465
0.59415
0.6808
0.68625
0.726975
0.7394
0.749525
0.78475
0.816025
0.821125
0.840925
0.847725
0.8895
0.90915
0.9753
1.008275
1.049375
1.072675
1.085625
1.093225
1.095875
1.1233
1.137375
1.21725
1.22765
1.247375
1.25295
1.270025
1.282975
1.316875
1.4234
1.436925
1.586025
1.79415
1.821175
1.867075
1.9915
1.991925
2.215575
2.43085
2.518875
2.528375
2.58135
2.630775
2.65685
2.847625
2.868275
2.983025
3.3107
3.391425
3.510325
3.5582
3.62375
3.6851
3.8588
3.903075
3.953725
4.0734
4.127425
4.182425
4.40245
4.565125
4.61955
4.744925
5.748925
5.895975
6.0578
6.089275
6.348375
6.396475
6.809925
6.94805
7.3599
7.62455
7.6907
8.202775
8.407125
9.301075
9.449325
9.5953
9.7723
9.852775
9.87005
115
