0.0042
0.017775
0.02175
0.0392
0.04185
0.05635
0.079675
0.086725
0.147275
0.1473
0.1572
0.17215
0.179725
0.202925
0.210525
0.21715
0.221475
0.253675
0.25615
0.256475
0.26045
0.30435
0.3071
0.3072
0.318325
0.357575
0.358975
0.37055
0.393725
0.393925
0.39445
0.436375
0.4368
0.470775
0.471375
0.514475
0.551675
0.567925
0.5737
0.595075
0.6048
0.636475
0.66715
0.691075
0.693675
0.77285
0.78015
0.8383
0.8436
0.851275
0.87115
0.896
0.988175
1.026175
1.0444
1.0614
1.0732
1.100225
1.1605
1.270125
1.294075
1.310625
1.3235
1.384
1.389125
1.414175
1.43025
1.478525
1.52245
1.522975
1.527475
1.5991
1.62215
1.63315
1.664675
2.153325
2.175
2.19755
2.201825
2.27625
2.282975
2.37115
2.47665
2.58195
2.8447
2.939675
3.0262
3.1698
3.208025
3.248925
3.437075
3.487575
3.55945
3.5668
3.589125
3.8053
3.86575
4.073
4.08525
4.19235
4.22015
4.414825
4.449125
4.599025
4.602475
4.717375
4.73715
4.761
5.22195
5.481325
5.75425
6.201075
6.4247
6.646925
6.678175
7.032125
7.385925
8.160225
8.999225
9.69005
9.757
9.791375
9.922725
123
