0.001525
0.022475
0.027375
0.02815
0.033075
0.04115
0.064
0.071725
0.0746
0.09345
0.1188
0.146775
0.151825
0.1557
0.1586
0.20015
0.209425
0.2205
0.22635
0.2313
0.303675
0.306575
0.306975
0.3214
0.323825
0.330825
0.342675
0.363125
0.387275
0.398
0.445025
0.461525
0.467075
0.473825
0.48925
0.496425
0.5891
0.619075
0.667775
0.67905
0.702925
0.74695
0.782275
0.868175
0.97395
1.0112
1.013475
1.04685
1.1623
1.17735
1.209475
1.2298
1.2346
1.241025
1.267675
1.318775
1.39265
1.4669
1.525775
1.5428
1.54315
1.577425
1.65
1.71645
1.825075
1.836375
1.97065
2.127275
2.2381
2.3256
2.447075
2.520625
2.547225
2.842325
3.09815
3.0994
3.122125
3.15995
3.4046
3.5239
3.537
3.56355
3.5996
3.730025
3.880275
3.9128
3.968875
4.021875
4.098025
4.1963
4.3645
4.3819
4.398725
4.8784
5.03
5.174475
5.5301
5.55395
5.59165
5.71835
6.219625
6.272525
6.493225
6.705625
6.768975
6.934625
7.13785
7.5094
7.5175
7.58595
7.6315
7.8251
8.756425
8.865825
8.908875
9.2349
9.3008
9.736225
118
