0.0118
0.015425
0.02615
0.032075
0.043425
0.04385
0.09525
0.108475
0.11895
0.1374
0.148625
0.1493
0.1773
0.202625
0.2217
0.246975
0.251275
0.267525
0.345575
0.394375
0.395475
0.397575
0.397725
0.400475
0.409675
0.4353
0.453825
0.4755
0.483675
0.4941
0.51075
0.5491
0.584925
0.60145
0.60575
0.609775
0.6877
0.68975
0.72375
0.7539
0.7648
0.7899
0.858125
0.9314
1.01855
1.035375
1.04525
1.0587
1.072175
1.074725
1.093425
1.21865
1.226725
1.2405
1.273125
1.27775
1.281825
1.286375
1.3226
1.42705
1.4448
1.4851
1.49425
1.499925
1.5611
1.568025
1.583475
1.68635
1.6891
1.698125
1.7247
1.743425
1.77135
1.80385
1.8212
1.830325
1.8711
1.92435
1.933825
2.06815
2.287575
2.33775
2.372125
2.431275
2.5932
2.6007
2.891725
2.9997
3.0029
3.081275
3.091375
3.332725
3.3567
3.564275
3.645675
3.67675
3.842225
4.329925
4.509775
4.5402
4.542925
4.552
4.722975
5.26065
5.5682
5.59725
5.795925
6.02385
6.697025
7.16935
7.27725
7.47385
7.554775
7.597
8.332125
8.73625
8.879025
9.9539
118
