0.01255
0.01515
0.015175
0.01615
0.03045
0.0317
0.036125
0.036725
0.0549
0.0579
0.07005
0.09365
0.117125
0.119575
0.131075
0.133175
0.15
0.16085
0.162925
0.18155
0.19165
0.2069
0.20875
0.220675
0.224425
0.22695
0.240725
0.24345
0.249
0.24945
0.257025
0.265525
0.2745
0.30795
0.33065
0.34095
0.3715
0.377725
0.419675
0.428475
0.4347
0.453
0.458325
0.463775
0.55795
0.562175
0.5722
0.6778
0.68825
0.7708
0.785075
0.7881
0.844725
0.894675
0.94435
1.00365
1.016875
1.02465
1.037475
1.0532
1.285575
1.377575
1.3926
1.393375
1.405325
1.515375
1.578425
1.61215
1.77825
1.864175
1.913325
1.928575
1.96885
2.0373
2.129325
2.174
2.212175
2.23915
2.265275
2.369275
2.389
2.75485
2.857225
3.154175
3.2268
3.3087
3.417325
3.538625
3.6423
3.68685
3.778875
3.82495
3.8849
4.0841
4.564825
4.82835
5.062225
5.16555
5.2387
5.2999
5.372175
5.505975
5.778925
5.80565
5.8143
5.855625
6.135325
6.16565
6.41405
6.41545
6.446825
6.66925
6.75665
7.553975
7.64125
7.6606
7.8461
7.9967
8.877025
9.326075
120
