5e-05
0.0148
0.01885
0.03505
0.04095
0.094225
0.0975
0.10555
0.109825
0.11855
0.130775
0.15015
0.15085
0.1713
0.173025
0.18995
0.201725
0.220225
0.23875
0.239725
0.2405
0.253675
0.28785
0.298025
0.31375
0.3641
0.38465
0.385325
0.40265
0.411825
0.4404
0.44465
0.458625
0.49645
0.56505
0.624225
0.716675
0.73085
0.876925
0.89425
0.900125
1.092825
1.17805
1.266425
1.525225
1.53815
1.60665
1.635775
1.672275
1.703925
1.754875
1.823725
1.956925
2.003625
2.0063
2.036
2.060075
2.166375
2.252
2.257275
2.29445
2.481975
2.5403
2.59565
2.613325
2.673875
2.67705
2.70635
2.7137
2.7959
2.80635
2.923325
2.976575
3.047525
3.147625
3.186525
3.186625
3.194825
3.214425
3.314675
3.6622
3.897825
3.991675
4.39585
4.415275
4.568975
4.827075
4.945825
5.06005
5.252875
5.42285
5.56945
5.68035
5.916675
6.06805
6.085175
6.1988
6.639425
6.8095
7.013975
7.747575
7.783075
7.967725
8.3056
8.4874
8.58345
8.63065
9.280525
9.595775
109
