0.0026
0.01335
0.0191
0.020475
0.04165
0.047775
0.0602
0.095375
0.100075
0.11315
0.149825
0.15235
0.17155
0.172
0.172025
0.20025
0.22365
0.2309
0.2365
0.245925
0.246425
0.250825
0.267825
0.271025
0.286375
0.28655
0.30135
0.31935
0.328
0.3485
0.380225
0.384525
0.3969
0.3972
0.41075
0.43715
0.452625
0.4774
0.489575
0.49285
0.508925
0.529725
0.561225
0.5786
0.598425
0.625175
0.634825
0.7403
0.7536
0.782225
0.79635
0.81635
0.81845
0.823225
0.8614
0.8705
0.908875
0.9439
0.951525
0.98045
1.0597
1.061625
1.072625
1.12205
1.14135
1.1557
1.22255
1.264625
1.2886
1.344925
1.3736
1.4163
1.450425
1.4871
1.50465
1.524725
1.618175
1.667875
1.7192
1.786675
1.816675
1.883125
1.901575
1.972075
2.021775
2.0446
2.090525
2.1172
2.274825
2.37055
2.5325
2.697425
2.78495
2.93225
3.1278
3.246025
3.24835
3.5092
3.517425
3.5962
3.74085
3.888025
3.90495
4.1366
4.3009
4.372525
4.3942
4.410825
4.681725
4.81425
4.868425
4.8886
4.95105
5.2062
5.477775
5.536025
5.650125
5.791575
5.851875
5.863175
5.90815
5.915625
6.446075
6.6327
6.6686
6.76395
6.956375
8.59495
8.603375
8.79985
8.8979
9.940825
132
