0.0024
0.006825
0.011375
0.025725
0.027125
0.03875
0.080425
0.0835
0.12185
0.12455
0.15775
0.172025
0.1813
0.195625
0.206775
0.237125
0.258275
0.3026
0.3154
0.33325
0.333975
0.36105
0.362675
0.363325
0.368575
0.382325
0.408225
0.4209
0.456525
0.458075
0.4628
0.47645
0.487925
0.509175
0.5187
0.5289
0.5991
0.621675
0.654375
0.660075
0.6681
0.682225
0.68565
0.700325
0.7173
0.7413
0.762975
0.797125
0.846375
0.8641
0.902475
0.906
1.02865
1.0629
1.07375
1.094325
1.098875
1.109675
1.22135
1.236425
1.241325
1.27365
1.3377
1.348475
1.350525
1.513175
1.53825
1.543275
1.55395
1.621375
1.6254
1.65005
1.772
1.84345
1.96315
2.064325
2.084475
2.085975
2.139425
2.1701
2.17085
2.178325
2.279125
2.39065
2.420225
2.461175
2.46245
2.5537
2.72085
2.739175
2.7918
2.85205
2.8549
2.922675
2.941175
2.98895
3.000075
3.0371
3.101825
3.103875
3.2194
3.253275
3.310375
3.455275
3.466525
3.637575
3.75955
3.7757
3.86855
3.99455
4.18435
4.497475
4.5383
4.61705
4.62315
4.728675
4.74985
4.875175
5.105025
5.115775
5.293025
5.32465
5.849525
6.061
6.409225
6.7498
7.012675
7.302475
7.5945
7.73565
7.9588
7.99965
8.1544
8.18725
8.24275
8.30325
8.390325
8.616175
9.7245
139
