0.00225
0.006975
0.010775
0.0158
0.0276
0.04765
0.0978
0.09835
0.120175
0.1214
0.124875
0.1417
0.19895
0.21775
0.2203
0.22035
0.229425
0.231075
0.231275
0.231625
0.241025
0.261525
0.266125
0.306275
0.358475
0.3626
0.405075
0.4137
0.428175
0.470625
0.48645
0.494775
0.499075
0.504375
0.5242
0.55695
0.60655
0.62235
0.700325
0.715375
0.7266
0.765175
0.791275
0.7967
0.828625
0.8313
0.845225
0.875025
0.885925
0.88705
0.91535
1.000375
1.15995
1.1938
1.205175
1.213625
1.233475
1.270725
1.29545
1.3416
1.3574
1.41835
1.442625
1.478825
1.534325
1.5396
1.55745
1.562
1.728925
1.749275
1.810175
1.9145
1.97665
2.0015
2.174325
2.2463
2.268025
2.2933
2.378475
2.43385
2.6488
2.676875
2.80435
2.9423
2.9935
2.995775
3.0149
3.222075
3.27675
3.368575
3.736225
3.99735
4.090325
4.118325
4.120725
4.1329
4.231375
4.3153
4.432525
4.4468
4.449675
4.645275
4.912225
5.27485
5.30105
5.32095
5.59025
5.603975
5.61875
5.681375
5.689375
5.93215
5.953275
6.19115
6.2132
7.113125
7.4159
7.5279
7.998625
8.30655
8.7464
9.00315
9.463375
9.477975
9.498625
125
