0.005525
0.017675
0.0252
0.034725
0.039775
0.043375
0.043575
0.083075
0.08505
0.101925
0.138375
0.15405
0.177175
0.184425
0.187175
0.195675
0.19625
0.25375
0.268875
0.2794
0.299925
0.3011
0.302125
0.305975
0.315075
0.318275
0.3468
0.370325
0.39455
0.41375
0.452675
0.4565
0.47325
0.478
0.48075
0.51945
0.520325
0.5262
0.5407
0.569625
0.579425
0.604975
0.655425
0.679175
0.7227
0.750125
0.77705
0.81035
0.825075
0.83565
0.840725
0.886375
0.892175
0.91625
0.9453
0.94765
0.967875
0.970175
0.98265
1.00845
1.136925
1.14155
1.16285
1.18285
1.2062
1.276675
1.288575
1.3337
1.378825
1.4452
1.47745
1.57255
1.650725
1.654925
1.7231
1.72665
1.8625
1.8997
1.900025
1.90005
1.931925
2.06245
2.1332
2.16815
2.180625
2.229275
2.277325
2.34445
2.3627
2.3652
2.575975
2.81785
2.836275
2.923275
2.924775
3.024425
3.2068
3.212025
3.308625
3.321675
3.589625
3.646025
3.709325
3.8543
3.9692
3.9956
4.040425
4.0986
4.384175
4.557275
4.584925
4.9375
5.21095
5.295925
5.3715
5.42365
5.449275
5.514525
5.712975
5.845075
6.274125
6.489725
6.702775
6.84345
6.986925
7.162525
7.507025
7.6362
8.067
8.462325
8.699275
8.735925
8.794275
8.98425
9.30645
9.403775
9.69695
137
