0.0061
0.00865
0.0208
0.043775
0.050075
0.056425
0.06555
0.082875
0.092225
0.105175
0.121025
0.181575
0.185075
0.189975
0.1905
0.198875
0.206875
0.213375
0.235875
0.243725
0.248375
0.2559
0.261375
0.2617
0.279825
0.290175
0.29045
0.295375
0.304475
0.30465
0.309
0.3248
0.32585
0.34665
0.367475
0.367875
0.369875
0.38355
0.3839
0.389975
0.435875
0.43805
0.443025
0.44365
0.45055
0.526475
0.53215
0.553275
0.5589
0.6162
0.625525
0.67085
0.768725
0.86505
0.88955
0.917225
0.952625
0.975125
0.9788
0.98935
1.014575
1.06085
1.1052
1.16075
1.161475
1.223875
1.2369
1.241725
1.2527
1.285525
1.304325
1.3171
1.4235
1.458325
1.487875
1.507975
1.563175
1.567
1.67145
1.73715
1.7646
1.785125
1.83085
1.90515
2.106625
2.167975
2.1956
2.212075
2.255025
2.299875
2.382025
2.470075
2.549175
2.620825
2.620925
2.6483
2.6911
2.7641
2.81305
2.818375
2.854575
2.967025
3.033325
3.189025
3.348425
3.35055
3.4467
3.504525
3.751325
3.768575
3.92155
3.93705
3.954525
3.95915
4.002625
4.220175
4.640475
4.80755
4.9499
5.115525
5.182925
5.303525
5.37785
5.6646
5.8236
6.236775
6.421325
6.85045
7.357375
7.4718
7.53175
7.532425
7.7806
8.230125
8.361125
9.03115
9.259675
9.453125
9.498225
9.60895
9.75315
9.90865
9.93955
143
