0.0031
0.0073
0.032875
0.033475
0.037875
0.0433
0.0438
0.05125
0.066375
0.07115
0.0713
0.102375
0.12
0.14405
0.168675
0.19685
0.2459
0.2516
0.2606
0.269075
0.272075
0.2789
0.297925
0.33065
0.344325
0.39755
0.4106
0.410975
0.434175
0.45645
0.459525
0.51625
0.54785
0.578675
0.583225
0.586125
0.589225
0.591
0.6592
0.6665
0.720225
0.750125
0.797875
0.856675
0.90155
0.927375
0.956975
0.9591
0.9628
0.9846
0.985075
1.036275
1.08365
1.1055
1.160825
1.200075
1.232825
1.258825
1.3308
1.348775
1.4204
1.4858
1.524925
1.57025
1.5841
1.59105
1.66255
1.731975
1.828675
1.851225
1.92295
1.980525
2.0415
2.0875
2.092475
2.11615
2.20665
2.25285
2.307875
2.415225
2.4247
2.505275
2.60785
2.71745
2.823725
2.851725
2.901675
2.9825
2.999925
3.057025
3.10755
3.203875
3.38695
3.6854
3.76415
3.798175
3.8535
3.974575
3.9895
4.267225
4.2993
4.518625
4.586275
4.690475
4.69635
4.9099
4.9782
5.015875
5.410975
5.698775
5.830775
6.199475
6.337525
6.79975
6.97995
7.3452
7.680075
7.848025
7.98455
8.054725
8.2243
8.361725
8.6071
9.403125
9.502125
125
