0.002825
0.014575
0.031975
0.032425
0.04045
0.043
0.0664
0.08825
0.095975
0.09865
0.1067
0.119575
0.151625
0.1545
0.1606
0.161775
0.1667
0.17525
0.1805
0.1882
0.207375
0.211125
0.2673
0.270725
0.276
0.298175
0.304225
0.308625
0.320325
0.330475
0.3464
0.363325
0.38715
0.40565
0.41105
0.41905
0.4332
0.5011
0.54075
0.671925
0.6911
0.695275
0.71925
0.7568
0.87645
0.9042
0.976725
1.016075
1.074225
1.09715
1.099825
1.23305
1.238775
1.271375
1.29215
1.29375
1.307325
1.324475
1.34095
1.47425
1.50235
1.51475
1.524925
1.533225
1.589625
1.605325
1.72075
1.914775
1.922625
1.9722
1.993525
2.0274
2.07625
2.154175
2.222925
2.289025
2.3144
2.3371
2.445075
2.491275
2.53575
2.669425
2.712375
2.8034
2.90105
2.98145
2.9867
3.169525
3.328625
3.362025
3.381075
3.426775
3.4952
3.510175
3.512675
3.548025
3.68135
3.94965
3.967975
4.1621
4.203125
4.216675
4.2862
4.469525
4.736825
4.857925
4.9151
4.932525
4.939025
5.071825
5.5053
5.69225
5.715225
5.733975
5.84325
6.1015
6.104175
6.426075
6.542825
6.651525
6.6995
6.854975
7.051375
7.079475
7.135875
7.2469
7.935025
8.03175
8.424075
8.489875
9.036075
9.2892
9.375275
9.609725
9.99915
135
