0.0033
0.029
0.040375
0.04125
0.045225
0.04585
0.0824
0.097475
0.121775
0.1322
0.134525
0.150675
0.174375
0.182575
0.194275
0.219075
0.223225
0.2301
0.238525
0.297175
0.298325
0.29875
0.311575
0.314925
0.31535
0.365075
0.374625
0.3812
0.4284
0.449225
0.47125
0.473175
0.48595
0.504575
0.525675
0.553525
0.5884
0.664525
0.665525
0.789425
0.846325
0.9027
0.979025
1.00285
1.006275
1.063975
1.12075
1.14745
1.1686
1.266825
1.297175
1.361275
1.42015
1.486775
1.563025
1.592725
1.596825
1.6269
1.653275
1.662725
1.69925
1.874375
1.8773
1.917075
1.9243
1.9568
2.168725
2.170625
2.183925
2.22315
2.3497
2.524825
2.6526
2.6736
2.72055
2.781775
2.810725
2.811775
2.918175
2.981325
3.02065
3.1082
3.201675
3.36595
3.370125
3.42465
3.443
3.481725
3.72615
3.869575
3.93665
4.00455
4.044075
4.136275
4.3051
4.32335
4.607475
5.0302
5.10215
5.2727
5.53685
5.6856
6.461375
6.47955
7.362525
8.124925
8.32545
8.38095
8.887475
9.0139
9.2505
9.4637
9.671625
9.679325
9.93745
115
