0.010425
0.01665
0.032275
0.036475
0.11065
0.11975
0.1386
0.176875
0.18245
0.1887
0.219975
0.227875
0.241725
0.25445
0.269675
0.2829
0.314075
0.32215
0.344125
0.35625
0.365275
0.368425
0.38915
0.405425
0.41375
0.41465
0.4254
0.43165
0.502875
0.5337
0.547675
0.56735
0.578575
0.5851
0.605975
0.6167
0.636
0.66145
0.682725
0.735275
0.752225
0.816025
0.817525
0.937775
0.939925
0.988925
1.01475
1.016025
1.071425
1.139975
1.1496
1.16385
1.224875
1.2383
1.24735
1.26205
1.279625
1.30995
1.315775
1.320275
1.350475
1.370825
1.371275
1.432625
1.47595
1.52355
1.583325
1.6411
1.716675
1.73925
1.823275
1.876525
1.936775
1.9381
1.94165
2.0334
2.1273
2.2333
2.3953
2.462075
2.5097
2.522725
2.6227
2.6249
2.6528
2.68765
2.689975
2.832625
2.862575
2.91135
2.9181
3.3226
3.6433
3.721525
3.723
3.780375
3.926325
4.117475
4.3506
4.35175
4.5369
4.70755
4.7666
4.848025
4.9834
5.0785
5.1917
5.44175
5.79045
5.85535
6.148175
6.392875
6.638525
6.6805
6.716475
6.94775
7.108775
7.139125
7.5096
7.707025
7.8947
8.31055
8.46595
8.749875
124
