0.010975
0.014175
0.028925
0.0335
0.069475
0.0786
0.095575
0.105025
0.111725
0.112275
0.122775
0.1526
0.1952
0.198425
0.2137
0.220425
0.240275
0.348175
0.353225
0.354675
0.36305
0.368975
0.40785
0.41425
0.426625
0.471025
0.48885
0.505925
0.515825
0.52285
0.7092
0.729875
0.738925
0.73975
0.791475
0.79695
0.822075
0.82415
0.8385
0.9013
0.9024
0.914375
0.9545
1.018675
1.041725
1.115
1.1293
1.14025
1.18195
1.208875
1.237825
1.3316
1.428425
1.4459
1.45435
1.484925
1.489725
1.581025
1.63715
1.637175
1.653925
1.725375
1.7772
1.829325
1.882275
1.9025
1.94335
1.9691
1.977425
1.9842
2.17145
2.186275
2.23465
2.362875
2.425225
2.49255
2.510525
2.58505
2.776825
2.805375
2.87155
2.9253
2.95695
2.957675
3.046975
3.1248
3.157375
3.16825
3.225975
3.407375
3.416275
3.580725
3.685775
3.8242
3.846125
3.9063
4.019875
5.274275
5.308425
5.68145
5.68635
5.743075
5.9374
6.101775
6.22045
6.255725
6.291825
6.35995
7.08235
7.154775
7.719375
7.9176
7.97985
8.157075
8.48215
8.757
8.89965
8.9847
9.39385
9.484425
9.66225
9.792225
9.95105
9.98665
124
