0.009275
0.0191
0.038325
0.05945
0.06705
0.0681
0.084225
0.086125
0.10335
0.1084
0.113575
0.12265
0.13355
0.13745
0.139625
0.188025
0.200775
0.201775
0.20555
0.219075
0.265025
0.26505
0.281725
0.30425
0.31105
0.3169
0.32615
0.327475
0.3427
0.344975
0.36975
0.37145
0.37985
0.382525
0.39575
0.40955
0.450925
0.459625
0.474975
0.505525
0.5199
0.534725
0.578775
0.5833
0.6133
0.6279
0.640725
0.65015
0.652475
0.678425
0.702275
0.7395
0.75585
0.807825
0.832575
0.86915
0.889275
0.966025
1.0069
1.012825
1.1489
1.153775
1.1588
1.21695
1.219625
1.235725
1.26625
1.289425
1.291075
1.3296
1.357125
1.52595
1.527775
1.52975
1.572475
1.5743
1.764175
1.800675
1.84765
2.029325
2.044725
2.1695
2.203475
2.21385
2.2489
2.3727
2.507625
2.548675
2.592675
2.73235
2.734175
2.79975
2.838525
2.89865
2.9271
2.9306
2.9496
3.2143
3.392825
3.455425
3.5585
3.67665
3.7588
3.89545
3.954825
4.1097
4.2528
4.54945
4.576275
4.618025
4.7427
4.78415
4.834075
4.8404
5.27285
5.412275
5.413875
5.42955
5.486025
5.65995
5.671025
5.929775
6.172
6.21375
6.252075
6.406275
6.467225
6.558625
6.581875
6.6483
7.151725
7.16505
7.34905
7.399
7.464475
7.609775
7.717825
7.72265
7.981075
8.44135
8.478925
8.538025
8.88885
9.00475
9.15835
9.207125
9.2475
9.387875
9.594475
9.75915
9.7612
9.852125
152
