0.004275
0.01725
0.023475
0.03815
0.0592
0.06245
0.0666
0.0755
0.07765
0.0912
0.092175
0.14105
0.145825
0.158825
0.163825
0.16895
0.20515
0.212375
0.216075
0.228175
0.2379
0.244125
0.29715
0.310525
0.310675
0.39455
0.405875
0.439375
0.465125
0.47025
0.4861
0.49115
0.513925
0.51805
0.549375
0.58425
0.63475
0.65195
0.671675
0.674225
0.6768
0.6919
0.7596
0.7607
0.767675
0.774475
0.7913
0.79975
0.91155
0.944125
0.966175
1.023025
1.05045
1.054325
1.07445
1.085225
1.08685
1.100275
1.110675
1.202625
1.2084
1.217725
1.252725
1.286175
1.318625
1.3281
1.3359
1.3742
1.4003
1.4345
1.443475
1.46515
1.53155
1.53695
1.6521
1.659925
1.686475
1.695175
1.722175
1.749625
1.7716
1.7998
1.84965
1.864675
1.934075
1.9443
2.08695
2.16915
2.17365
2.18755
2.27235
2.362875
2.372725
2.3811
2.426175
2.426875
2.50505
2.56455
2.6092
2.63545
2.664225
2.680175
2.9387
3.1789
3.200775
3.2945
3.33275
3.4586
3.59065
3.712275
3.7204
3.725
4.010575
4.0843
4.10725
4.111625
4.425375
4.5635
4.645725
4.7238
5.0101
6.155
6.2696
6.2723
6.37205
6.5432
6.555275
6.60215
6.732225
7.2812
7.4644
7.63295
7.822225
7.872675
8.01105
8.036825
8.1715
137
