0.057725
0.063525
0.070575
0.071625
0.07705
0.11105
0.1253
0.14305
0.158375
0.164175
0.167
0.176325
0.180025
0.19165
0.192225
0.198575
0.2103
0.213275
0.219325
0.230275
0.2465
0.257875
0.275225
0.292275
0.3072
0.324825
0.3313
0.33835
0.35815
0.389325
0.45995
0.47195
0.486625
0.4991
0.51
0.5754
0.5965
0.59715
0.612125
0.6445
0.66085
0.664425
0.6724
0.68675
0.758525
0.7868
0.791225
0.8039
0.82915
0.837175
0.8387
0.89305
0.927675
0.941925
0.964525
0.965025
0.97915
0.993325
1.04505
1.049225
1.094075
1.289425
1.28985
1.3085
1.3508
1.38755
1.448875
1.628975
1.69775
1.7986
1.8902
2.024
2.077225
2.41565
2.418775
2.6615
2.753375
2.786025
2.815375
2.957525
3.046525
3.052725
3.071125
3.28465
3.296525
3.40925
3.483275
3.6118
3.61365
3.62225
3.689025
3.8274
3.90735
3.945675
3.97
4.034525
4.03535
4.1137
4.33865
4.56535
4.643425
4.705675
4.935775
5.216775
5.3236
5.64045
5.739575
5.769225
6.200475
6.2154
6.4108
6.744925
7.138375
7.2564
7.46565
7.867975
8.284525
8.488175
8.85795
9.69675
9.865125
9.896525
122
