0.0107
0.012725
0.0147
0.01855
0.02935
0.039575
0.041575
0.05905
0.071925
0.088075
0.089275
0.1038
0.110825
0.160375
0.17
0.174525
0.1824
0.209875
0.234625
0.258225
0.263775
0.2754
0.28525
0.28785
0.346375
0.355075
0.3673
0.411
0.415625
0.44265
0.4482
0.4577
0.463875
0.53035
0.540975
0.551475
0.5603
0.616425
0.622275
0.640425
0.644025
0.652925
0.69045
0.694125
0.795975
0.853225
0.860325
0.862025
0.912875
0.93965
1.012725
1.0677
1.07675
1.12825
1.144575
1.2147
1.28895
1.464425
1.4697
1.485125
1.48835
1.4901
1.70585
1.92385
2.142825
2.172025
2.19915
2.2471
2.254725
2.301875
2.331625
2.376275
2.487075
2.5004
2.512875
2.68865
2.7221
3.00055
3.040275
3.043175
3.072375
3.127025
3.232
3.232525
3.39355
3.504825
3.5696
3.863025
3.97615
4.066325
4.150675
4.278925
4.30945
4.47505
4.477825
4.5701
4.747625
5.04055
5.06275
5.15795
5.167975
5.43085
5.4517
5.70385
5.746425
6.049425
6.1242
6.2864
6.7263
6.87195
6.951575
7.108575
7.175575
7.344075
7.535875
7.6308
8.006625
8.658775
9.277725
9.4542
9.5964
9.81935
9.928075
123
