0.019025
0.03455
0.065175
0.0771
0.0826
0.088675
0.091725
0.10135
0.105175
0.1109
0.11515
0.133075
0.1353
0.14075
0.145325
0.156025
0.1649
0.1836
0.1867
0.20295
0.208375
0.2138
0.23475
0.255425
0.26385
0.2733
0.30995
0.34735
0.3615
0.39035
0.4214
0.450625
0.480775
0.4849
0.49345
0.542425
0.565525
0.592225
0.63965
0.656
0.65665
0.667525
0.6678
0.6924
0.742175
0.74515
0.8321
0.86665
0.9035
0.91775
0.9281
0.971
0.978325
0.985375
1.017775
1.048475
1.09815
1.1183
1.140375
1.16415
1.18375
1.206775
1.21315
1.21725
1.220925
1.2314
1.280175
1.2847
1.334125
1.3397
1.35175
1.353475
1.39785
1.403075
1.569075
1.64095
1.6707
1.839475
1.8528
2.049975
2.069425
2.176475
2.185775
2.295225
2.2956
2.3381
2.3554
2.545575
2.615025
2.629275
2.724775
2.772625
2.808875
2.9698
3.123675
3.47945
3.617175
3.629725
3.6731
3.793925
3.9305
4.14375
4.191625
4.20715
4.359925
4.453675
4.50585
4.809525
5.338725
5.4302
5.835125
5.964575
5.97135
6.260875
6.5544
6.717725
6.836175
6.87345
6.928025
7.022175
7.130875
7.198075
7.344125
8.054625
8.366525
8.476075
8.578
9.728325
128
