0.004225
0.012125
0.018025
0.04145
0.0416
0.0479
0.0497
0.0573
0.0676
0.070075
0.07435
0.09205
0.093775
0.129125
0.153625
0.157975
0.189575
0.225375
0.232825
0.2562
0.260125
0.274775
0.2864
0.295575
0.30135
0.32445
0.3247
0.346975
0.3668
0.42095
0.423225
0.48765
0.511225
0.54565
0.577125
0.5996
0.633825
0.66565
0.674425
0.680025
0.71855
0.722875
0.749275
0.781575
0.794625
0.8001
0.83905
0.891025
0.8952
0.9328
1.1194
1.205075
1.23055
1.266475
1.3129
1.346
1.359875
1.3883
1.419325
1.4321
1.510475
1.52915
1.529775
1.5431
1.55985
1.582725
1.6495
1.724275
1.75865
1.832575
1.834275
1.835375
1.84175
1.88335
1.9256
1.97275
1.984575
2.004
2.04355
2.0542
2.0635
2.133425
2.143175
2.1471
2.4838
2.535025
2.5486
2.55415
2.65095
2.676525
2.67795
2.701125
2.732225
2.846875
2.9927
3.32005
3.3623
3.5059
4.069225
4.139425
4.27345
4.417425
4.418925
4.429875
4.5094
4.93275
5.22355
5.5039
5.61045
5.668375
5.795725
5.83985
6.30165
6.462525
6.715025
6.845525
7.0719
7.126225
7.32355
7.3619
7.52415
7.76625
7.957175
8.17255
8.883775
9.194925
9.527225
9.717375
128
