0.012525
0.014075
0.0352
0.035575
0.086375
0.093925
0.097925
0.112425
0.1175
0.1192
0.189125
0.198575
0.235575
0.2532
0.263275
0.2853
0.2994
0.30175
0.32405
0.324225
0.3265
0.334125
0.3519
0.357825
0.36035
0.3645
0.368475
0.375925
0.424225
0.480925
0.485775
0.508775
0.508875
0.514325
0.557875
0.569625
0.59095
0.598725
0.63045
0.641175
0.669775
0.68515
0.766325
0.794225
0.7949
0.801025
0.832025
0.886825
0.9286
0.992275
1.003825
1.037425
1.07955
1.0838
1.088425
1.09535
1.09795
1.12805
1.183225
1.21145
1.21335
1.373075
1.38285
1.3901
1.397075
1.433775
1.449975
1.620075
1.683825
1.7107
1.714125
1.7349
1.735975
1.7459
1.826925
1.833325
1.851275
1.8747
1.944
2.173975
2.3277
2.330475
2.34475
2.351025
2.407825
2.47005
2.51475
2.5576
2.635725
2.806975
2.864325
2.93825
3.088025
3.13245
3.133375
3.17865
3.478375
3.525
3.58425
3.644925
3.66505
3.8006
3.83815
3.9078
4.03345
4.03485
4.248575
4.251375
4.379575
4.508525
4.6353
4.709825
4.714225
5.0377
5.421075
5.423925
5.739775
6.1231
6.459075
6.607825
6.7226
6.83255
6.8719
7.061525
7.284725
7.5755
7.823675
7.953325
8.095725
8.1975
8.227825
8.383175
8.752275
9.199175
9.28375
9.312275
9.355275
9.614475
138
