0.0189
0.02985
0.0706
0.073725
0.075225
0.0893
0.1061
0.1505
0.165625
0.198275
0.20895
0.22245
0.230875
0.232675
0.277675
0.311175
0.317575
0.373025
0.376225
0.4169
0.442075
0.447075
0.487625
0.504675
0.505825
0.506925
0.513475
0.60715
0.60835
0.619975
0.781275
0.795075
0.825625
0.838975
0.863175
0.902875
1.0049
1.01185
1.205475
1.2317
1.2611
1.294225
1.309825
1.3335
1.3569
1.3576
1.37375
1.379725
1.394225
1.40735
1.485025
1.489675
1.499575
1.52
1.598425
1.62835
1.684175
1.747875
1.765175
1.836225
1.885125
1.8929
2.0962
2.16755
2.32065
2.419725
2.5046
2.511975
2.542575
2.606125
2.62745
2.676425
2.846275
3.135375
3.19265
3.21925
3.2214
3.31005
3.6062
3.82835
3.856125
3.9658
4.1437
4.251375
4.445475
4.683
4.712825
4.9072
5.24255
5.6205
5.807125
6.063175
6.10365
6.125625
6.38755
6.65215
6.9162
6.9919
7.196625
7.2591
7.33295
7.54975
7.788625
7.902825
8.002025
8.555925
8.736025
9.0965
9.806275
109
