0.002
0.004425
0.004725
0.024425
0.05435
0.0575
0.060225
0.066975
0.069525
0.077
0.081725
0.09075
0.094425
0.109375
0.1276
0.148725
0.152925
0.159575
0.161625
0.16975
0.177675
0.191225
0.19855
0.21015
0.21415
0.217625
0.21905
0.22745
0.232525
0.2522
0.26455
0.290425
0.320875
0.345475
0.360275
0.38955
0.40445
0.44715
0.518975
0.5448
0.546025
0.569725
0.606
0.6222
0.633725
0.723075
0.726175
0.732825
0.74785
0.765175
0.7921
0.820575
0.833425
0.840075
0.84845
0.85545
0.879775
0.8832
0.9039
1.01405
1.03255
1.073775
1.111
1.1444
1.14515
1.24845
1.25175
1.2852
1.293525
1.394375
1.507375
1.537
1.62025
1.7289
1.7851
1.861325
1.927075
2.036275
2.135
2.138825
2.18025
2.1904
2.218825
2.228175
2.270625
2.35025
2.429975
2.43215
2.501625
2.593725
2.7047
2.79025
2.8995
2.9174
2.943775
3.01985
3.0492
3.085975
3.225875
3.2306
3.925875
4.241625
4.532675
4.777975
4.781275
4.8031
4.82955
5.14435
5.3337
5.430675
5.8668
6.2966
6.379375
6.8439
6.887075
6.905
7.128775
7.28085
7.5148
7.51495
7.702575
8.4502
8.568725
9.230425
9.3141
9.716825
9.756325
9.817525
128
