0.00155
0.0034
0.0111
0.014325
0.018075
0.025525
0.031475
0.05095
0.083125
0.1111
0.1175
0.121475
0.1432
0.172625
0.184675
0.199525
0.20605
0.207725
0.2456
0.251925
0.2524
0.25365
0.271025
0.279475
0.27955
0.28245
0.28645
0.303525
0.304375
0.318425
0.34135
0.34285
0.369375
0.374275
0.396075
0.401175
0.42705
0.433125
0.47605
0.493775
0.5134
0.5597
0.60765
0.661625
0.6681
0.725575
0.728575
0.7346
0.7951
0.848225
0.86025
0.872825
0.874975
0.902575
0.981975
0.984025
1.044575
1.05645
1.131425
1.233725
1.244475
1.245325
1.274075
1.292625
1.29925
1.35745
1.364275
1.41275
1.459775
1.562975
1.6378
1.7005
1.76825
1.782575
1.816825
1.96835
2.022575
2.103425
2.1057
2.106125
2.273925
2.333325
2.335175
2.36535
2.4259
2.45075
2.493425
2.615875
2.656275
2.676775
2.74195
2.760775
2.87325
2.889575
2.94355
2.977275
3.175875
3.387075
3.55955
3.651975
4.039775
4.174275
4.19625
4.46075
4.87755
5.0036
5.131275
5.153725
5.15765
5.17315
5.266925
5.538675
5.557425
5.816425
5.83145
6.2746
6.51905
6.637025
6.6409
6.7364
7.1978
7.21675
7.3111
7.5306
8.1122
8.402875
8.63095
8.895375
9.111375
9.352125
9.680225
9.727175
9.959375
133
