0.0188
0.019925
0.024125
0.032475
0.034275
0.042275
0.0513
0.0597
0.061575
0.061825
0.10825
0.11405
0.115925
0.125675
0.1266
0.143075
0.154075
0.166175
0.195575
0.2207
0.29085
0.32035
0.330075
0.35145
0.379975
0.383975
0.391625
0.3954
0.4951
0.520975
0.526575
0.589975
0.609825
0.645625
0.7268
0.746775
0.76445
0.84615
0.8582
0.861175
0.8707
0.872475
0.91715
0.926375
0.96285
0.9742
1.012325
1.055575
1.09355
1.154075
1.160725
1.17775
1.18035
1.186675
1.241475
1.2746
1.3015
1.302575
1.3033
1.334775
1.36935
1.3725
1.455975
1.48415
1.592325
1.59655
1.62155
1.637775
1.667275
1.679575
1.738425
1.74225
1.827125
1.8762
1.884675
2.031475
2.09785
2.267725
2.320275
2.353175
2.3975
2.410375
2.47545
2.543
2.5514
2.57515
2.63465
2.637775
2.683425
2.69325
2.754125
2.87245
3.0353
3.0414
3.059
3.205725
3.4461
3.498025
3.671925
3.75095
3.89465
3.93705
3.9501
3.9649
4.00055
4.024625
4.12535
4.285975
4.44645
4.456675
4.618525
4.7438
4.802475
4.976
5.06865
5.075
5.209825
5.443825
5.4506
5.688575
6.0941
6.13805
6.1974
6.267725
7.4427
8.071525
8.13175
8.134925
8.344575
8.452675
8.7719
8.8447
9.02695
9.263475
9.850325
135
