0.015725
0.02635
0.047525
0.0546
0.077975
0.081725
0.08425
0.111475
0.11565
0.11835
0.161525
0.177325
0.199175
0.211975
0.222575
0.2497
0.267125
0.292175
0.305975
0.3128
0.325625
0.353425
0.354325
0.389625
0.39225
0.396225
0.397225
0.40305
0.4064
0.440275
0.45265
0.47565
0.505775
0.58405
0.62585
0.7642
0.789525
0.8152
0.84925
1.002725
1.098325
1.127825
1.15455
1.173325
1.192825
1.2666
1.30355
1.386525
1.52155
1.543275
1.57345
1.60305
1.657875
1.705
1.71475
1.722
1.882425
1.920875
2.052025
2.147925
2.1527
2.2121
2.24015
2.323575
2.327275
2.409025
2.431175
2.441775
2.504625
2.53165
2.5864
2.659775
2.685225
2.692075
2.72855
2.7407
2.985375
3.02445
3.111375
3.169075
3.288775
3.3041
3.68455
3.691225
3.720275
3.826525
4.018325
4.1041
4.153175
4.30775
4.44215
4.539175
4.628
5.510875
5.540425
5.70815
5.73485
5.7624
6.027775
6.300275
6.366075
6.38815
6.493375
6.7024
7.2761
7.41655
7.5781
7.64525
7.72445
8.24745
8.478125
8.8324
8.9349
9.25065
9.455925
9.525975
9.95655
9.96195
118
