0.01485
0.028
0.034675
0.051375
0.061425
0.06985
0.086225
0.093175
0.094025
0.110125
0.13485
0.1563
0.17005
0.172175
0.1798
0.189975
0.1906
0.192525
0.198575
0.202375
0.238175
0.2603
0.283475
0.29225
0.355925
0.375975
0.380425
0.3931
0.42735
0.442425
0.552625
0.565775
0.584025
0.58695
0.656325
0.656675
0.67
0.67175
0.73385
0.7599
0.834125
0.868875
0.86995
0.8889
1.046575
1.055775
1.06775
1.1353
1.2015
1.211725
1.24245
1.25125
1.270225
1.30045
1.31095
1.315475
1.3289
1.3487
1.35935
1.436375
1.445025
1.46775
1.508825
1.545825
1.55435
1.566675
1.60345
1.615375
1.631025
1.755075
1.83375
1.888825
1.992375
1.994275
2.09885
2.186625
2.238125
2.39885
2.4877
2.520825
2.562625
2.652625
2.66845
2.7046
2.740675
2.880275
2.95115
2.969075
3.046525
3.1328
3.1393
3.1951
4.2122
4.386125
4.390925
4.4848
4.62035
4.694275
4.711775
4.757975
5.0246
5.155475
5.442675
5.452
5.65135
5.73755
6.023575
6.354675
6.441725
6.90865
7.039575
7.3078
7.464625
7.5015
7.546725
7.57685
7.5794
7.73135
7.8018
8.1633
8.295075
8.3948
8.6132
8.64105
9.3166
9.40745
9.678025
127
