0.0033
0.0098
0.0164
0.018325
0.0192
0.032925
0.053725
0.085375
0.09705
0.099675
0.09995
0.102425
0.128375
0.130625
0.1574
0.187525
0.19195
0.203
0.21015
0.236575
0.24085
0.2599
0.299425
0.308175
0.326675
0.3336
0.343425
0.374075
0.375825
0.436075
0.448575
0.4529
0.453725
0.4599
0.555275
0.630625
0.6874
0.76585
0.815525
0.83275
0.8556
0.879225
0.955225
0.956825
0.96895
0.9694
0.9853
1.00835
1.1411
1.1476
1.168975
1.195475
1.21215
1.286625
1.430225
1.459725
1.498625
1.515175
1.608425
1.6577
1.667275
1.686325
1.747175
1.788225
1.8609
1.89615
1.909525
1.975375
2.04445
2.080425
2.27745
2.2939
2.436
2.45645
2.4625
2.4895
2.49235
2.5863
2.632225
2.938775
2.948
2.9484
3.0238
3.15595
3.22215
3.274775
3.390425
3.527475
3.596275
3.647625
3.73505
3.819325
3.829875
3.845025
3.899575
3.9412
3.97575
4.208825
4.233975
4.31025
4.45245
4.7952
5.184725
5.220975
5.891075
5.956225
6.022325
6.046375
6.294575
6.5453
6.62575
6.7741
6.894375
7.3695
7.866325
8.10975
8.1927
9.3954
9.455775
9.5403
9.79985
9.88785
9.99135
123
