0.028675
0.03785
0.092425
0.100575
0.125175
0.130075
0.13265
0.136075
0.139525
0.150625
0.156725
0.1623
0.1827
0.1873
0.192
0.2181
0.2196
0.24895
0.272175
0.272525
0.297825
0.303275
0.316925
0.3309
0.342675
0.3546
0.357975
0.408025
0.4599
0.469925
0.484275
0.5076
0.514925
0.543175
0.574
0.598125
0.617625
0.674125
0.677575
0.746025
0.757375
0.76285
0.765675
0.85005
0.898625
0.906725
0.965575
1.0348
1.15255
1.20195
1.223725
1.36735
1.431725
1.4619
1.475825
1.4804
1.491175
1.599175
1.61
1.63055
1.753325
1.783025
1.78395
1.80275
1.85035
1.95645
2.055125
2.199375
2.37
2.44345
2.6494
2.8793
2.9028
2.939725
3.05185
3.19985
3.297825
3.3648
3.455875
3.495925
3.522025
3.588075
3.62285
3.65915
4.02615
4.063
4.111575
4.226
4.53315
5.4335
5.51245
5.5518
5.72175
5.86645
5.9337
6.323375
7.145
7.192225
7.33305
7.44795
7.522575
7.653925
7.947875
8.0178
8.31615
9.030125
9.085375
9.30365
9.611075
9.861725
110
