0.02945
0.033775
0.049425
0.051775
0.063725
0.0779
0.0825
0.08515
0.08825
0.094325
0.1064
0.11765
0.140875
0.192825
0.19315
0.199175
0.202075
0.206675
0.2089
0.217375
0.258625
0.31645
0.318175
0.33275
0.33755
0.338975
0.354125
0.381675
0.387075
0.413975
0.423525
0.4253
0.437175
0.462975
0.4657
0.466575
0.49345
0.50515
0.522925
0.523625
0.52915
0.541225
0.54755
0.566925
0.584775
0.617475
0.627275
0.632525
0.6668
0.6673
0.6728
0.7126
0.7614
0.76625
0.7671
0.774425
0.79245
0.9174
0.9533
0.964475
0.98115
1.1233
1.146275
1.296975
1.41145
1.422325
1.427525
1.525225
1.53755
1.664175
1.696925
1.7742
1.865575
1.869325
1.87665
1.99915
2.166675
2.1852
2.3171
2.40015
2.5039
2.588925
2.679625
2.734575
2.761175
2.875275
2.9372
2.976475
3.02345
3.056
3.096125
3.28225
3.516775
3.61555
3.67115
3.982625
4.00015
4.209175
4.312225
4.826025
4.890125
4.951525
4.97915
4.984725
5.139875
5.142625
5.351475
5.406425
5.414675
5.462625
5.5102
5.567325
5.622475
6.216875
6.2824
6.331725
6.3397
6.368
6.623125
6.684275
7.1045
7.14385
7.815825
8.2829
8.45475
8.7936
9.047075
9.340825
9.65635
9.65745
130
