0.001425
0.003275
0.0034
0.003575
0.011075
0.02285
0.0316
0.0618
0.07885
0.0793
0.114025
0.115675
0.1438
0.16015
0.204225
0.2268
0.229025
0.230475
0.2407
0.25085
0.26615
0.291125
0.293575
0.315075
0.32965
0.360725
0.380325
0.412325
0.413325
0.419875
0.438125
0.446225
0.44805
0.475025
0.4853
0.48865
0.4966
0.52115
0.539525
0.5607
0.583325
0.59635
0.622975
0.6685
0.695775
0.6994
0.702825
0.70455
0.756475
0.766
0.808675
0.858125
0.86895
0.891325
0.948975
0.987725
1.0348
1.227925
1.272075
1.35455
1.356475
1.3924
1.41265
1.48135
1.5256
1.58105
1.6823
1.68395
1.707425
1.81735
1.874625
1.89095
1.9533
2.07225
2.15835
2.170525
2.17995
2.419625
2.4557
2.534775
2.58335
2.62075
2.6759
2.7033
2.8806
2.8865
2.95515
3.01665
3.14175
3.267725
3.7103
3.72075
3.948325
4.000725
4.275775
4.310925
4.686325
4.83855
4.845225
4.93225
5.0055
5.38075
5.4088
5.867425
5.91785
5.993275
6.2491
6.29435
6.533225
6.730325
7.2132
7.228275
7.335825
7.346125
7.43975
7.514275
7.623025
8.046625
8.844375
8.851025
9.520725
9.64855
9.90165
123
