0.00185
0.008875
0.009875
0.0192
0.019425
0.061175
0.06915
0.077675
0.08755
0.0895
0.10195
0.107225
0.109475
0.1254
0.131975
0.157475
0.1669
0.17865
0.2128
0.230025
0.252375
0.25495
0.264775
0.2703
0.283725
0.28485
0.28595
0.325275
0.3272
0.327525
0.363825
0.37205
0.395625
0.417225
0.435725
0.444525
0.446625
0.451275
0.4755
0.48155
0.485525
0.493475
0.561275
0.61205
0.62425
0.6723
0.682175
0.804625
0.8293
0.847325
0.863125
0.9026
0.947475
0.9671
1.007275
1.0366
1.162375
1.1642
1.16675
1.247325
1.25485
1.359775
1.369325
1.4228
1.42585
1.602725
1.693925
1.7241
1.727775
1.7352
1.861025
1.87605
1.9498
2.012825
2.190075
2.408625
2.5746
2.6512
2.754975
2.774625
2.808125
2.892625
3.093925
3.110075
3.13385
3.152525
3.162125
3.2595
3.297325
3.326625
3.6172
3.808325
3.8266
4.011225
4.0302
4.3277
4.34095
4.72335
4.746475
4.8346
4.93965
4.942925
5.026975
5.326825
5.40495
5.566025
5.571775
6.100725
6.5224
6.704625
7.0683
7.4007
7.919875
7.93435
8.60025
8.8131
8.8598
8.876025
9.797475
9.903575
120
