0.001425
0.052575
0.0612
0.07845
0.08055
0.091825
0.098075
0.102675
0.1086
0.11625
0.150325
0.163225
0.163925
0.166325
0.1714
0.171475
0.175225
0.211125
0.214625
0.2324
0.2404
0.246425
0.26275
0.29825
0.35085
0.365725
0.37685
0.389125
0.422775
0.432325
0.4738
0.478575
0.48385
0.550825
0.5594
0.565475
0.590975
0.616
0.655375
0.671425
0.68805
0.6938
0.69595
0.7979
0.8141
0.824325
0.8744
0.9111
0.915475
0.947575
0.958025
0.969275
0.999525
1.0733
1.082025
1.157225
1.216475
1.2188
1.242675
1.2875
1.3143
1.40035
1.40125
1.40605
1.42085
1.433675
1.43555
1.4531
1.462825
1.502325
1.5173
1.5214
1.548475
1.5943
1.647125
1.6909
1.7595
1.82105
1.87565
1.884875
1.902125
2.06935
2.11785
2.1198
2.170925
2.3099
2.388225
2.4545
2.521175
2.593025
2.72325
2.833475
2.906725
2.925675
3.093025
3.256
3.3632
3.884525
3.919225
3.979175
4.135475
4.41185
4.4234
4.539275
4.547475
4.54755
4.744575
4.763775
4.8174
4.82745
4.89575
5.0662
5.921425
6.08875
6.168125
6.174975
6.7755
6.86865
7.25165
7.35275
7.49095
7.71795
7.786125
7.96625
8.126325
8.4345
8.646825
9.13395
9.326875
9.6396
130
