0.008075
0.01445
0.036125
0.055175
0.068
0.070575
0.073925
0.0926
0.1071
0.107325
0.1093
0.11325
0.124375
0.148625
0.152
0.152225
0.1896
0.192475
0.19735
0.204175
0.20875
0.26995
0.28845
0.297775
0.299225
0.31215
0.318375
0.319775
0.33985
0.3852
0.406775
0.451125
0.458275
0.4693
0.48125
0.492225
0.5013
0.51585
0.524525
0.56245
0.57525
0.58685
0.600225
0.6204
0.62165
0.642325
0.652975
0.66855
0.70255
0.703625
0.73385
0.75255
0.7618
0.78
0.798075
0.8488
0.93375
0.9815
1.01295
1.01825
1.04735
1.11815
1.153275
1.1561
1.193575
1.302475
1.30345
1.336
1.34375
1.35585
1.374525
1.412925
1.43205
1.44705
1.54625
1.6273
1.6384
1.645075
1.646225
1.761775
1.762825
1.811875
1.84435
1.88685
1.9447
1.96355
2.0336
2.088275
2.147875
2.26275
2.27975
2.417225
2.420575
2.587025
2.604025
2.621825
2.646825
2.70855
2.7997
2.8575
2.957675
3.048375
3.057475
3.1796
3.389425
3.506125
3.55785
3.609025
3.662525
3.7729
3.779925
3.8229
3.852675
3.925625
4.2064
4.30615
4.32875
4.370075
4.489675
4.851625
4.880375
4.909075
4.92435
5.035125
5.0753
5.3451
5.527425
5.635575
5.7589
5.781425
6.101575
6.247425
6.36145
6.59345
6.600275
6.745125
6.776725
6.826075
6.85055
7.0696
7.17395
7.547925
7.668275
7.998225
8.415975
9.230825
9.4026
9.979325
148
