0.00435
0.0097
0.0099
0.017525
0.0287
0.0434
0.048025
0.04845
0.055675
0.0657
0.069375
0.08885
0.091625
0.094175
0.09535
0.1015
0.1091
0.116225
0.12965
0.1368
0.173075
0.177175
0.17725
0.18245
0.203725
0.20645
0.212275
0.223325
0.2301
0.242825
0.2494
0.2553
0.307275
0.33215
0.346775
0.34945
0.382425
0.3849
0.40535
0.409275
0.411375
0.41775
0.42415
0.456675
0.46945
0.4719
0.48515
0.493125
0.49675
0.506825
0.510475
0.51485
0.51555
0.523075
0.53645
0.574475
0.621625
0.669575
0.718025
0.74175
0.766225
0.771725
0.780775
0.78545
0.788825
0.79955
0.80195
0.805825
0.823175
0.827775
0.83335
0.858425
0.859775
0.89515
0.912025
1.008825
1.042575
1.090625
1.125625
1.170075
1.218275
1.23775
1.339375
1.36525
1.415825
1.471025
1.570225
1.57605
1.597925
1.647825
1.6791
1.71495
1.7661
1.767125
1.911375
1.9223
1.922825
1.941575
1.9732
2.037925
2.067
2.09205
2.134825
2.220125
2.24655
2.281625
2.4846
2.542175
2.634175
2.6941
2.8724
2.926625
3.003625
3.11715
3.160225
3.237125
3.238625
3.3984
3.40425
3.6223
3.68545
3.697025
3.843175
3.877175
3.8908
3.995525
4.101775
4.578325
4.617425
4.65025
4.68035
4.761625
5.085625
5.09875
5.1108
5.1679
5.52295
5.529125
5.573525
5.642475
5.654675
5.901725
5.99035
6.082
6.152525
6.312475
6.4354
7.378225
7.514375
8.178
8.3027
8.6322
8.690975
9.08135
9.285025
9.306475
9.40045
9.698925
9.84375
159
