0.010025
0.03075
0.0456
0.049275
0.050575
0.069
0.070825
0.084325
0.12555
0.1581
0.1735
0.186225
0.196325
0.201925
0.2222
0.2255
0.2302
0.257975
0.2692
0.301
0.344375
0.36195
0.36215
0.365975
0.393925
0.404075
0.423875
0.42745
0.440125
0.445625
0.44665
0.4495
0.474025
0.503225
0.5526
0.615425
0.6703
0.679
0.686425
0.71115
0.7831
0.786125
0.819075
0.84305
0.850325
0.863
0.995475
1.014775
1.103125
1.16345
1.215775
1.250225
1.288775
1.315525
1.361025
1.37845
1.41355
1.444475
1.539575
1.552
1.558125
1.609825
1.7386
1.76345
1.845775
1.861775
1.8692
1.88205
1.89225
1.9886
2.01575
2.1726
2.184475
2.1927
2.247
2.261325
2.3151
2.31985
2.7856
2.9719
3.11145
3.1279
3.128975
3.15155
3.414125
3.428525
3.459475
3.4682
3.523075
3.91915
3.930675
4.247525
4.25845
4.279325
4.5456
4.6286
4.68285
4.990625
5.323475
5.456725
5.687775
5.9188
5.95315
6.19955
6.518575
7.053625
7.077075
7.193475
7.19435
7.19455
7.22255
7.2305
7.82525
8.1588
8.304575
8.329775
8.46
9.041975
9.195575
9.558875
9.598325
9.657975
9.78865
123
