0.008775
0.00965
0.014825
0.020075
0.023625
0.06265
0.06455
0.122025
0.14935
0.15585
0.158625
0.169525
0.17195
0.17975
0.198375
0.205875
0.21005
0.21215
0.21255
0.215325
0.2241
0.229875
0.24525
0.257675
0.2623
0.289875
0.293475
0.326075
0.329025
0.331275
0.340025
0.34285
0.3537
0.377975
0.40745
0.4114
0.43565
0.46095
0.477025
0.5205
0.54065
0.543775
0.5955
0.621175
0.652775
0.705975
0.7791
0.813475
0.822825
0.940325
0.9831
0.989225
1.02
1.02665
1.0918
1.096225
1.16
1.1968
1.220325
1.276925
1.365
1.439925
1.6004
1.640375
1.666475
1.7205
1.744325
1.7819
1.8949
1.899675
1.934275
1.970725
1.983775
2.0474
2.0864
2.14845
2.21915
2.31155
2.3278
2.549025
2.7964
2.819675
2.863475
2.894725
2.904525
2.978675
3.4046
3.41175
3.5877
3.6022
3.66245
3.736
3.899475
4.035025
4.043
4.3223
4.325725
4.385975
4.746325
4.759325
4.84695
4.932225
5.20505
5.254575
5.282225
5.387925
5.8221
5.90785
6.12555
6.1334
6.612575
6.90975
7.05505
7.101975
7.2352
7.8991
7.914075
8.11675
8.209325
8.481025
8.51855
8.61
8.8852
9.39135
9.687675
9.89485
126
