0.0017
0.0082
0.023575
0.027525
0.032725
0.03315
0.037225
0.045825
0.0504
0.0514
0.056375
0.07525
0.077575
0.079875
0.080675
0.08095
0.087625
0.127075
0.14355
0.1536
0.159125
0.18995
0.23645
0.23665
0.26255
0.31225
0.317075
0.3482
0.3818
0.39435
0.394925
0.408975
0.4295
0.4446
0.453975
0.524175
0.526225
0.553075
0.63725
0.670975
0.678825
0.7126
0.740625
0.752525
0.75845
0.76055
0.796975
0.808325
0.83415
0.85285
0.897575
0.9127
0.9533
0.96805
0.972475
1.02655
1.039325
1.040375
1.04155
1.12865
1.1814
1.245175
1.2625
1.345175
1.4187
1.545975
1.632325
1.69905
1.70695
1.7159
1.72855
1.79385
1.79495
1.817575
1.9832
1.99335
2.004575
2.01385
2.023375
2.190975
2.2419
2.2978
2.4432
2.447625
2.477825
2.533975
2.598675
2.600475
2.7443
2.774875
2.7901
2.836975
2.918025
2.943625
3.0198
3.154825
3.1841
3.188575
3.214325
3.335025
3.46525
3.56575
3.921225
3.977075
4.096325
4.1015
4.30075
4.388925
4.561375
4.61385
4.678275
4.720725
5.25295
5.5207
5.538925
5.649
5.6848
6.368125
6.9791
7.50085
7.899325
8.09315
8.144525
8.683125
9.09665
9.6373
9.859875
9.9888
128
