0.00725
0.01305
0.01995
0.025825
0.0424
0.051475
0.053875
0.05765
0.06535
0.06835
0.06865
0.088575
0.09205
0.0999
0.196925
0.197875
0.198525
0.20635
0.217
0.2197
0.221875
0.238225
0.27665
0.288025
0.3037
0.32495
0.32895
0.36145
0.362975
0.4131
0.430525
0.461775
0.46915
0.482175
0.500925
0.503575
0.50375
0.542175
0.564225
0.573525
0.5784
0.600975
0.663225
0.700125
0.71375
0.733325
0.73525
0.74745
0.787125
0.813575
0.83165
0.839975
0.8551
0.891825
0.92225
0.994
0.999925
1.0688
1.147925
1.163525
1.1667
1.1669
1.2509
1.25845
1.2911
1.3469
1.35895
1.3736
1.4209
1.430525
1.545275
1.586125
1.67215
1.706175
1.7102
1.88885
2.22495
2.30365
2.325775
2.336775
2.372625
2.404875
2.4375
2.4605
2.4619
2.710575
2.86945
2.887025
2.8992
2.9362
2.9412
3.3954
3.70915
3.960075
4.089725
4.1123
4.1835
4.218975
4.23875
4.428875
4.458275
4.464075
4.476
4.5083
4.665775
4.88865
5.2416
5.296725
5.332575
5.50455
5.51815
5.576475
5.702575
5.7389
5.7704
5.94165
6.429625
6.4785
6.478675
6.655575
6.777325
6.844025
6.9262
6.965925
7.20055
7.489625
7.560875
7.6589
8.804975
9.35975
9.436525
9.81325
9.88365
133
