0.029025
0.05865
0.064325
0.06755
0.070575
0.074475
0.0808
0.08535
0.091275
0.094125
0.09965
0.1014
0.11285
0.13195
0.135275
0.136475
0.1375
0.1393
0.140825
0.14655
0.15335
0.155325
0.2157
0.234575
0.235775
0.237225
0.243525
0.244225
0.24445
0.269375
0.303875
0.346425
0.362825
0.393025
0.3958
0.45725
0.477975
0.50575
0.51955
0.531325
0.537825
0.543725
0.585275
0.683975
0.696725
0.71375
0.801375
0.817175
0.8307
0.8635
0.973
0.988275
1.01135
1.0158
1.032975
1.156675
1.1669
1.218875
1.254575
1.2616
1.337575
1.3613
1.408425
1.4403
1.486625
1.5695
1.580225
1.616225
1.6512
1.693
1.718825
1.726025
1.859175
1.8847
1.93405
2.08
2.157225
2.3329
2.390875
2.396375
2.484625
2.531425
2.543
2.6519
2.77405
2.83225
2.984925
3.005675
3.12995
3.149825
3.150975
3.16905
3.352025
3.38515
3.41145
3.6166
4.132375
4.282125
4.305775
4.51965
4.570725
4.645175
4.74105
4.892225
5.036575
5.2694
5.3024
5.502525
5.51025
5.684625
6.4042
6.43545
6.45915
6.730175
7.129125
7.163125
7.7757
7.821725
8.168825
8.19325
8.257175
8.36975
8.4002
8.545875
8.599875
8.87255
9.29145
9.335275
9.58035
9.699325
130
