0.029375
0.0341
0.046525
0.048
0.049425
0.0716
0.0945
0.1224
0.124875
0.125225
0.15605
0.160825
0.164125
0.17295
0.174175
0.185475
0.21945
0.22025
0.233225
0.280025
0.324575
0.34325
0.35185
0.376175
0.377625
0.379625
0.406075
0.427225
0.436925
0.444825
0.46535
0.479575
0.512925
0.52905
0.536175
0.5839
0.58415
0.671925
0.6747
0.6981
0.736475
0.778425
0.824275
0.88015
0.88665
0.947375
0.965475
1.021575
1.050975
1.0562
1.21585
1.22925
1.25875
1.555075
1.6027
1.6225
1.664225
1.7542
1.95025
1.965075
2.01695
2.0338
2.0895
2.15415
2.17865
2.19815
2.261925
2.27425
2.310675
2.3212
2.38495
2.40505
2.6595
2.901175
2.95905
2.994675
3.00995
3.074425
3.1445
3.244675
3.32625
3.3791
3.496525
3.60355
3.94105
3.995775
4.099625
4.19655
4.2052
4.250575
4.25635
4.29055
4.466275
4.493975
4.874125
4.885775
5.759425
5.9003
6.0993
6.668825
7.098825
7.475575
8.670375
9.0797
9.158175
9.4308
9.573025
9.891575
108
