0.005375
0.013225
0.022925
0.024725
0.0298
0.030075
0.0301
0.041775
0.048925
0.055
0.069175
0.0848
0.1004
0.1262
0.1484
0.169575
0.1985
0.209825
0.23035
0.255
0.266
0.290175
0.3123
0.320575
0.3321
0.3462
0.3604
0.401125
0.49815
0.533825
0.546275
0.565425
0.5731
0.6435
0.73025
0.791625
0.822375
0.86325
0.871475
0.889
0.9309
0.945325
0.9514
0.986225
1.018225
1.0554
1.07995
1.18065
1.192975
1.2121
1.213075
1.217125
1.2327
1.269975
1.280925
1.362925
1.376475
1.4038
1.55145
1.663925
1.804825
1.815375
1.84365
1.900025
1.945725
2.007275
2.028075
2.081125
2.107475
2.121625
2.36105
2.43695
2.5612
2.789325
2.827775
2.91565
2.919625
2.94105
2.944075
3.17185
3.245175
3.272375
3.303475
3.37055
3.6669
3.719825
3.788375
3.833525
4.142825
4.1692
4.3401
4.35475
4.4729
4.57945
4.75295
4.991675
5.332625
5.379075
5.467425
5.824425
5.9597
6.24645
6.26395
6.466325
6.56335
7.477125
7.5882
7.765775
7.960625
8.1433
8.2199
8.81615
9.711275
113
