0.0216
0.04075
0.04515
0.053325
0.0926
0.13675
0.138125
0.15425
0.16635
0.1822
0.2387
0.249375
0.26215
0.326875
0.34075
0.367275
0.376975
0.4009
0.408675
0.4148
0.437175
0.4974
0.538075
0.54495
0.55485
0.5869
0.59705
0.5985
0.632875
0.639325
0.64175
0.642325
0.65015
0.65295
0.702725
0.703975
0.723775
0.730175
0.7773
0.891
0.894
0.931825
0.946
0.94925
0.959475
1.03595
1.08575
1.129775
1.145725
1.17295
1.17545
1.178575
1.200875
1.261675
1.27645
1.28275
1.29145
1.360175
1.401825
1.514975
1.569275
1.583525
1.643
1.8665
1.996775
2.00225
2.09315
2.167025
2.17425
2.208125
2.2392
2.261325
2.401675
2.456875
2.5184
2.56535
2.61315
2.725775
3.216025
3.3006
3.36165
3.485825
3.521775
3.620475
3.904625
4.060075
4.148875
4.191425
4.23765
4.265275
4.489175
4.579125
4.6094
4.683875
4.7496
4.916625
4.99245
5.1976
5.24495
5.631225
5.69165
6.0383
6.08125
6.087425
6.607075
7.134875
7.16905
7.190125
7.2325
7.902375
8.363575
8.75555
8.830425
8.84055
9.0436
9.1343
9.414075
9.813025
118
