0.006025
0.01185
0.01475
0.017175
0.025825
0.0421
0.05465
0.06355
0.06445
0.065425
0.06805
0.08195
0.0841
0.096975
0.097675
0.106525
0.120175
0.129575
0.134525
0.160925
0.16905
0.175375
0.20555
0.2402
0.2403
0.2703
0.2834
0.29205
0.310875
0.32935
0.33135
0.337175
0.3711
0.378425
0.3848
0.40285
0.432075
0.4554
0.461625
0.533275
0.55085
0.62395
0.674625
0.6998
0.71715
0.79565
0.817025
0.847375
0.879225
0.96075
0.9763
0.985875
1.065075
1.065725
1.074075
1.09115
1.210825
1.27
1.35345
1.37945
1.49665
1.563075
1.59795
1.62345
1.713325
1.74235
1.7874
1.798975
1.813825
1.8801
1.99495
2.0179
2.0582
2.105325
2.197875
2.2722
2.2844
2.321375
2.497075
2.52095
2.568525
2.754775
2.8004
2.9743
3.07635
3.0988
3.13645
3.267125
3.31915
3.448025
3.540875
3.678825
3.818325
3.84335
3.879525
3.9587
4.01655
4.03695
4.106525
4.113975
4.315375
4.471125
4.47735
4.523325
4.9793
5.22175
5.255825
5.299725
5.4421
5.5046
6.046025
6.079375
6.16895
6.303025
6.4684
6.556025
7.26635
7.856275
8.515675
9.028625
9.089675
9.1986
9.401675
9.564925
9.60575
9.92585
126
