0.007725
0.023575
0.0391
0.04185
0.043275
0.04595
0.060825
0.061125
0.06115
0.06265
0.064875
0.097475
0.1019
0.1128
0.12585
0.1285
0.13465
0.1556
0.159075
0.1617
0.197875
0.20345
0.20475
0.206925
0.2218
0.23535
0.237525
0.2475
0.258675
0.26775
0.28335
0.284225
0.28745
0.29745
0.31555
0.339675
0.438075
0.486925
0.53035
0.55725
0.58155
0.582175
0.583825
0.6065
0.635975
0.651925
0.734625
0.746575
0.76935
0.771175
0.812725
0.830475
0.84605
0.880575
0.96405
1.04925
1.07025
1.2127
1.295325
1.303125
1.306625
1.388275
1.4037
1.54755
1.558225
1.612425
1.631175
1.652025
1.696325
1.70755
1.7222
1.82405
1.89225
1.9096
1.958425
1.99945
2.0138
2.0282
2.08
2.081475
2.1223
2.159075
2.163525
2.17255
2.25585
2.300825
2.3529
2.4344
2.596125
2.599175
2.6925
2.855125
3.015425
3.04135
3.140075
3.142875
3.486
3.4987
3.9797
4.114675
4.198975
4.26195
4.39045
4.513525
4.5756
4.636575
4.6694
4.7535
4.78965
4.9054
5.16085
5.24565
5.31085
5.701175
5.90315
6.579275
6.600675
6.61855
6.618775
6.686975
6.756
7.60355
7.69945
7.835475
8.37285
8.500325
8.913925
9.6137
9.718975
129
