0.029575
0.03255
0.04865
0.068175
0.071425
0.07545
0.07865
0.080725
0.0951
0.09795
0.129075
0.15505
0.15545
0.1854
0.2175
0.2231
0.31405
0.318475
0.31965
0.336325
0.352525
0.353875
0.373175
0.395675
0.405675
0.425625
0.427275
0.4383
0.4557
0.47025
0.548125
0.54835
0.56935
0.602175
0.6052
0.618775
0.644825
0.679475
0.756775
0.760425
0.784425
0.8783
0.926025
0.931825
0.934
0.947625
0.96105
0.96995
0.9747
1.020575
1.0469
1.051575
1.0567
1.070225
1.088975
1.151875
1.21675
1.2397
1.2709
1.366575
1.375175
1.418375
1.457475
1.5196
1.536225
1.538675
1.5603
1.607425
1.6156
1.6934
1.81655
1.86485
1.86675
1.919725
2.009
2.26705
2.2992
2.35325
2.615375
2.694975
2.71955
2.7387
2.84755
2.892225
3.0826
3.091175
3.15815
3.272625
3.391925
3.44225
3.466
3.596575
4.060875
4.062275
4.12545
4.22445
4.255125
4.330625
4.36975
4.48025
4.490125
4.56765
4.60045
4.770275
4.830025
5.015775
5.0811
5.185625
5.2905
5.486925
5.50565
5.852825
6.13935
6.192575
6.6474
6.843825
6.85455
7.272275
7.309575
7.89015
8.599525
8.836925
122
