0.00185
0.01385
0.01525
0.016275
0.021625
0.030575
0.099575
0.10605
0.113275
0.1179
0.1311
0.150475
0.158
0.1863
0.1868
0.187775
0.21925
0.230425
0.230675
0.26245
0.27855
0.313475
0.3465
0.3532
0.356675
0.358325
0.371175
0.381
0.395125
0.402375
0.428925
0.43515
0.4924
0.49875
0.5241
0.5343
0.547525
0.570625
0.580125
0.5843
0.59415
0.63115
0.640675
0.6828
0.688725
0.71015
0.717075
0.7266
0.757775
0.758175
0.76425
0.79925
0.863425
0.868175
0.87275
0.930925
0.9556
0.98815
1.0401
1.04305
1.11765
1.1858
1.1936
1.2132
1.24355
1.246925
1.283425
1.3059
1.381225
1.38185
1.396075
1.5201
1.535875
1.55565
1.68165
1.73685
1.749675
1.813725
1.881275
1.910025
1.943025
1.9474
2.0093
2.010525
2.026425
2.1259
2.1419
2.240075
2.30725
2.355225
2.3697
2.420675
2.42485
2.4554
2.587
2.663075
2.72165
2.74985
2.78655
2.823825
2.840125
3.05155
3.0846
3.426775
3.6633
3.963475
4.026
4.10855
4.4371
4.505025
4.51475
4.559175
5.1705
5.3618
5.8233
5.927375
6.103625
6.38925
6.4801
6.515
6.742225
7.54475
7.640175
7.917625
8.021925
8.102125
8.8827
9.621725
9.643875
9.65835
130
