0.00065
0.003425
0.019175
0.047625
0.05055
0.086825
0.088775
0.103125
0.10375
0.142775
0.145975
0.188675
0.2012
0.2152
0.21595
0.2323
0.235875
0.254725
0.2592
0.26655
0.279575
0.281725
0.321825
0.332025
0.334525
0.3378
0.3694
0.3804
0.42655
0.42735
0.44385
0.48315
0.4888
0.5003
0.5061
0.508125
0.62455
0.645575
0.6538
0.7289
0.74115
0.8032
0.8239
0.86555
0.91535
0.927225
0.958475
0.9723
0.9882
1.002325
1.01945
1.0717
1.16365
1.22765
1.329025
1.33255
1.348925
1.372325
1.4311
1.5181
1.742275
1.760175
1.76385
1.797575
1.845275
1.90985
1.928475
2.07445
2.0875
2.162175
2.2787
2.3101
2.318625
2.41835
2.568425
2.603475
2.801325
3.129725
3.185875
3.287
3.3315
3.382675
3.50025
3.593275
3.666375
3.717375
3.756875
3.9666
3.987625
4.0843
4.2507
4.2682
4.36795
4.4388
4.47
4.655875
4.72885
4.853775
5.0629
5.647375
5.81425
5.89
5.913575
5.927725
5.9581
6.03375
6.351875
6.4264
6.5343
6.571325
6.837
6.9707
7.8211
8.01055
8.079475
8.161775
8.192775
8.2549
8.3175
8.329875
8.912775
9.1106
9.2587
9.28945
9.558875
9.57125
9.7956
127
