0.01005
0.035275
0.0546
0.0629
0.06345
0.08275
0.084275
0.143075
0.14385
0.159425
0.160525
0.169475
0.18845
0.20335
0.21445
0.224375
0.251925
0.307525
0.320175
0.325325
0.3266
0.431875
0.446475
0.454025
0.4609
0.46395
0.48955
0.49915
0.499975
0.528375
0.555175
0.562025
0.57015
0.5802
0.590425
0.5908
0.620225
0.63055
0.634025
0.6412
0.6443
0.670825
0.734725
0.743275
0.845175
0.86635
0.883775
0.887175
0.936575
0.95335
0.965575
1.0187
1.025025
1.0324
1.066825
1.095025
1.18325
1.241925
1.244075
1.266325
1.2693
1.308825
1.3833
1.3974
1.47805
1.4963
1.517525
1.526625
1.534575
1.575575
1.6213
1.66
1.681225
1.7041
1.7172
1.743775
1.89645
1.9886
1.990025
2.050025
2.058825
2.07425
2.07895
2.2634
2.280275
2.34475
2.39105
2.397
2.4892
2.534725
2.59335
2.6206
2.750225
2.842
2.888675
2.931875
2.96965
3.0046
3.100075
3.126575
3.12865
3.186525
3.18775
3.383475
3.46475
3.511975
3.512975
3.5463
3.569025
3.598125
3.61535
3.632725
3.638175
3.67365
4.1208
4.378975
4.451575
4.475875
4.9193
5.577325
6.153025
6.2739
6.781525
6.784825
7.0351
7.05855
7.2736
7.33065
7.778175
7.7878
8.219625
8.9981
9.2562
9.4469
9.9687
135
