0.004425
0.030175
0.031125
0.04125
0.04195
0.067325
0.0746
0.093825
0.097025
0.097275
0.101775
0.1027
0.113175
0.1199
0.1465
0.148075
0.15795
0.165375
0.168225
0.173275
0.1755
0.180025
0.196375
0.20205
0.209125
0.213125
0.245325
0.2628
0.287125
0.29645
0.2975
0.317275
0.32305
0.327575
0.33095
0.352175
0.366325
0.376425
0.3924
0.43365
0.4443
0.464
0.4682
0.470575
0.49655
0.529725
0.53135
0.54565
0.558625
0.585
0.585525
0.638825
0.648025
0.648925
0.659875
0.690175
0.720375
0.7793
0.783125
0.81185
0.8526
0.89845
0.96375
1.024375
1.02795
1.040925
1.178375
1.206175
1.2187
1.25555
1.347225
1.38755
1.440275
1.4449
1.456175
1.50265
1.52835
1.540925
1.61565
1.710075
1.7758
1.797925
1.841975
1.8437
2.060425
2.066525
2.080725
2.094
2.146125
2.22935
2.33225
2.358625
2.38015
2.483075
2.50605
2.55105
2.56145
2.636625
2.801625
2.945425
3.10055
3.10065
3.186975
3.479975
3.53155
3.5442
3.5634
3.7123
3.858875
3.9245
4.02845
4.05625
4.09005
4.312225
4.3172
4.3411
4.352075
4.4947
4.609125
4.795675
5.015275
5.996175
6.024675
6.313675
6.555425
6.566075
6.6659
7.057625
7.227775
7.5189
7.54365
8.012525
8.05095
8.34
8.47125
8.55305
8.585675
8.919775
9.01135
9.18825
9.261325
9.30455
9.66305
9.694775
9.740625
9.887425
146
