0.01665
0.02965
0.05405
0.065975
0.0709
0.0723
0.084475
0.090275
0.0988
0.1203
0.1292
0.139975
0.146575
0.167925
0.176925
0.186575
0.196
0.20665
0.260375
0.279425
0.308575
0.333775
0.3419
0.3436
0.391625
0.4081
0.409275
0.4199
0.42665
0.57045
0.575375
0.576475
0.599175
0.61005
0.627
0.6547
0.6742
0.7371
0.744525
0.7572
0.786375
0.818925
0.8222
0.8231
0.846525
1.05915
1.067
1.074025
1.081325
1.110225
1.1452
1.236
1.240625
1.294275
1.447075
1.469875
1.48855
1.5554
1.5691
1.581975
1.5919
1.658275
1.756475
1.774675
1.789275
1.825
1.87765
1.892075
1.903225
1.909725
1.949725
2.050625
2.125475
2.12975
2.150925
2.23625
2.4335
2.51635
2.5368
2.66075
2.6949
2.698425
2.7337
2.7954
2.92925
3.05255
3.154625
3.20795
3.533125
3.573325
3.653475
3.669025
3.804
3.823875
3.969875
3.9839
4.057425
4.5078
4.58045
4.91345
5.237925
5.342775
5.4737
5.5346
5.607375
5.612025
5.643025
6.075925
6.09535
6.112975
6.42105
6.444625
6.641775
6.952175
6.96555
7.07995
7.107025
7.1647
7.560975
8.4476
8.48265
9.03545
9.0748
9.499025
124
