0.011625
0.01735
0.034675
0.044025
0.05285
0.075125
0.096825
0.102
0.102025
0.105075
0.1122
0.1288
0.133725
0.140675
0.157775
0.171875
0.180075
0.18635
0.1914
0.199425
0.207175
0.237875
0.245575
0.25435
0.282225
0.340125
0.34535
0.352175
0.384425
0.386825
0.41305
0.510725
0.540925
0.553075
0.577
0.590525
0.5968
0.63345
0.6492
0.6733
0.693375
0.7171
0.759275
0.794875
0.83245
0.860475
0.947625
1.015975
1.034475
1.04485
1.068625
1.071175
1.1512
1.2317
1.283525
1.365675
1.4357
1.492375
1.53525
1.538975
1.5412
1.581175
1.5949
1.68705
1.80445
2.046525
2.0547
2.058575
2.0714
2.095975
2.14265
2.24865
2.366575
2.421975
2.46085
2.53605
2.565375
2.56965
2.573625
2.712575
2.765875
2.871525
2.898775
2.994825
3.073
3.21835
3.24515
3.3479
3.533475
3.55885
3.707425
3.765225
3.773275
3.808775
4.057475
4.169425
4.243925
4.345125
4.542675
4.68985
4.699175
5.090325
5.201225
5.628525
5.836575
6.08225
6.3103
6.41525
6.606975
7.2333
7.6172
7.639625
8.074475
8.3472
8.562525
8.64375
8.77325
9.263775
9.298725
9.602975
9.796525
9.820925
9.8521
9.890375
9.994525
125
