0.00475
0.0207
0.029275
0.029475
0.04125
0.0423
0.050525
0.06105
0.07105
0.072725
0.0754
0.0775
0.078875
0.085
0.100175
0.101825
0.116275
0.144225
0.153725
0.1661
0.189425
0.189625
0.26425
0.268975
0.3015
0.3186
0.335375
0.371825
0.3733
0.3864
0.3877
0.395775
0.3996
0.408425
0.4096
0.418525
0.419575
0.42435
0.47415
0.4919
0.49975
0.547475
0.5712
0.584625
0.585925
0.5911
0.655275
0.670975
0.681525
0.719175
0.7316
0.747775
0.7786
0.836725
0.845225
0.8904
0.941075
0.9619
0.969425
0.97835
0.99535
1.014125
1.032625
1.123
1.211975
1.264175
1.26785
1.364725
1.385125
1.425925
1.4468
1.48575
1.4956
1.546125
1.557425
1.65525
1.6674
1.729125
1.81785
1.8192
1.925375
2.254225
2.358425
2.434625
2.463775
2.5018
2.52685
2.56015
2.5937
2.616225
2.682225
2.75255
2.76325
2.818275
2.8377
2.8601
2.875
3.093275
3.105975
3.23195
3.31045
3.4572
3.5345
3.702675
3.839475
3.8706
3.93715
3.940725
3.966625
4.276625
4.35055
4.50555
4.9408
4.98315
5.225725
5.327675
6.0016
6.343725
6.381725
6.4644
6.484
6.498325
6.6814
7.370225
7.414625
7.802325
7.99915
8.251975
8.68565
8.95525
9.304575
9.57955
9.7349
133
