0.006025
0.01525
0.02025
0.03375
0.039625
0.092975
0.105625
0.12565
0.12625
0.154875
0.173375
0.18415
0.189075
0.1947
0.2048
0.223675
0.240375
0.252525
0.2576
0.30645
0.311125
0.326575
0.339725
0.393575
0.403075
0.414625
0.4829
0.4855
0.51445
0.5173
0.568575
0.576575
0.609025
0.6275
0.647675
0.710825
0.72785
0.7485
0.8186
0.889225
0.89605
0.90065
0.9269
0.97795
0.98045
1.007725
1.013075
1.015725
1.019775
1.041475
1.047375
1.047425
1.068525
1.095
1.1373
1.1585
1.2026
1.26375
1.288825
1.43205
1.4756
1.477675
1.502975
1.53885
1.547575
1.612775
1.62115
1.622425
1.6469
1.731575
1.815825
1.877925
1.896375
1.911
1.93135
1.946325
2.1372
2.1673
2.204025
2.26745
2.4104
2.435475
2.5544
2.554775
2.585525
2.6274
2.644325
2.680625
2.828225
2.87115
2.871525
2.918775
3.038725
3.216175
3.233825
3.351725
3.3933
3.401825
3.599175
3.81985
3.82365
4.122125
4.142625
4.341225
4.459175
4.665
4.79295
5.249725
6.200925
6.3169
6.4048
6.427225
6.471875
6.7786
6.932175
7.2365
7.2903
7.462125
7.57705
7.6007
7.67345
9.691
9.984975
123
