0.000175
0.004225
0.006425
0.013625
0.0281
0.043575
0.06725
0.072075
0.083925
0.08565
0.0889
0.1018
0.105975
0.113175
0.1174
0.118125
0.17255
0.172625
0.175525
0.177075
0.2139
0.234575
0.2406
0.246725
0.253975
0.283275
0.295175
0.305175
0.32335
0.326175
0.33455
0.38025
0.401475
0.40555
0.419375
0.430325
0.48605
0.55805
0.59395
0.601125
0.601425
0.605975
0.663025
0.721675
0.7223
0.737475
0.75105
0.784075
0.793475
0.806375
0.80865
0.813275
0.82065
0.84785
0.89905
0.9032
0.941625
0.941775
1.024025
1.049175
1.07355
1.074075
1.137525
1.20075
1.247375
1.2652
1.292525
1.325025
1.35755
1.359325
1.410125
1.454275
1.52695
1.596375
1.598675
1.600325
1.69315
1.76005
1.9454
1.994475
2.202175
2.264125
2.372225
2.38085
2.40805
2.430975
2.433675
2.530375
2.5815
2.62405
2.712125
2.770475
2.832425
2.900625
3.095675
3.36415
3.425775
3.483975
3.612875
3.6617
3.74495
3.7759
4.144125
4.3293
4.3705
4.37415
4.8983
5.072525
5.19845
5.238975
5.449
6.3088
6.976575
7.15465
7.5584
8.051275
8.141525
8.179175
8.253725
8.360975
8.984275
121
