0.022325
0.02985
0.05395
0.0793
0.081425
0.094575
0.1027
0.1316
0.1448
0.145
0.146225
0.152625
0.185525
0.202525
0.217875
0.223
0.238975
0.239775
0.240375
0.255375
0.2582
0.29035
0.3103
0.3773
0.3866
0.4516
0.453475
0.469725
0.470375
0.51295
0.523025
0.579
0.595
0.6032
0.668525
0.72835
0.8068
0.813125
0.823425
0.84025
0.858175
0.9275
0.935525
0.96795
1.00775
1.0331
1.038125
1.13615
1.14745
1.172575
1.2873
1.3618
1.415925
1.439675
1.587875
1.630025
1.6497
1.656125
1.72385
1.8396
1.886775
1.896775
1.936075
1.940425
1.99895
2.019775
2.156125
2.2332
2.319275
2.347325
2.37015
2.408325
2.414025
2.52355
2.597325
2.73845
2.76405
2.771125
2.79905
2.82675
2.853975
2.903325
2.949825
2.9534
3.086
3.12215
3.13765
3.141725
3.336625
3.435825
3.5251
3.5376
3.5612
3.7466
3.7551
3.88595
3.99935
4.155525
4.395825
4.5613
4.6989
4.740975
5.0262
5.03955
5.052775
5.2354
5.48715
5.5785
5.807925
5.819725
5.858775
6.107625
6.642225
6.70685
6.749375
6.770625
7.014175
7.041125
7.151725
7.3963
7.7924
7.920875
8.098275
8.865125
8.892725
9.195875
9.996
127
