0.01295
0.026025
0.0313
0.0419
0.050425
0.0651
0.0727
0.07645
0.082975
0.111125
0.11165
0.119975
0.13345
0.153025
0.155825
0.156025
0.171775
0.1929
0.197375
0.199125
0.213175
0.2286
0.2778
0.282875
0.283525
0.31075
0.310925
0.311325
0.325975
0.331725
0.352
0.366725
0.36675
0.37835
0.380925
0.3955
0.401775
0.417975
0.4189
0.4233
0.441375
0.455075
0.489675
0.502425
0.55035
0.577275
0.622475
0.6279
0.631
0.635775
0.671325
0.685775
0.775225
0.78915
0.819775
0.8288
0.8885
0.90345
0.904975
0.920325
0.99645
1.018275
1.05545
1.074225
1.12455
1.135425
1.22555
1.258225
1.2756
1.31395
1.3154
1.32095
1.378125
1.584225
1.5929
1.65495
1.71915
1.755
1.763475
1.782125
1.917525
1.935825
1.98995
2.029975
2.0481
2.122775
2.1375
2.1452
2.19425
2.28945
2.368875
2.446475
2.48925
2.491275
2.504775
2.61605
2.64015
2.757675
2.8129
2.87125
3.14765
3.23955
3.34225
3.41575
3.4723
3.593
3.74065
3.880725
3.886275
3.96465
4.077225
4.12055
4.354125
4.403175
4.60205
4.68945
4.748475
4.750875
4.89945
5.008575
5.53615
5.746075
5.8494
6.0536
6.0962
6.09685
6.1455
6.250575
6.41585
6.66065
6.74515
6.984625
7.0288
7.305175
7.426475
7.92765
9.370925
9.574075
9.696225
9.8857
140
