0.005375
0.011325
0.02205
0.02775
0.035725
0.048425
0.050125
0.0616
0.0752
0.080525
0.0901
0.09215
0.10615
0.128875
0.14335
0.151375
0.156275
0.156575
0.191775
0.195575
0.2
0.211825
0.2154
0.226525
0.248875
0.295875
0.298375
0.344075
0.3729
0.382825
0.390375
0.395275
0.418275
0.47285
0.475625
0.491275
0.50715
0.513425
0.51475
0.54385
0.5636
0.57405
0.58795
0.602175
0.6401
0.664825
0.6679
0.727225
0.727575
0.7867
0.858525
0.930675
1.00215
1.044725
1.080425
1.1309
1.16415
1.2825
1.3266
1.3509
1.43245
1.441875
1.4479
1.459175
1.461775
1.4852
1.5701
1.751025
1.8373
1.894575
1.896825
1.9018
1.989675
2.01565
2.025775
2.037075
2.0413
2.0869
2.093525
2.152675
2.1603
2.17955
2.305025
2.3057
2.433875
2.5614
2.64855
2.664625
2.988875
3.0135
3.03215
3.0503
3.24265
3.309725
3.3232
3.3545
3.3992
3.487675
3.573525
3.627975
3.706075
3.80855
3.9233
4.0494
4.052375
4.141425
4.314375
4.3556
4.54595
4.65255
4.72065
4.88655
5.5571
5.7224
5.8491
5.862225
6.373725
6.398275
6.408175
6.53855
7.009525
7.069525
7.3252
7.462375
7.8246
7.828975
8.7703
9.108125
9.592025
9.745025
9.833875
131
