0.003025
0.00455
0.0267
0.0445
0.05905
0.06375
0.0817
0.0843
0.0905
0.09415
0.0996
0.1187
0.11925
0.140075
0.153875
0.19745
0.19835
0.199025
0.20425
0.205425
0.224625
0.232475
0.2424
0.255875
0.274275
0.296625
0.3028
0.335925
0.354875
0.378175
0.39275
0.3934
0.395375
0.415775
0.419725
0.450775
0.481825
0.4987
0.505825
0.5154
0.54955
0.55125
0.589
0.617175
0.690225
0.6994
0.7795
0.791975
0.8391
0.879025
0.9142
0.974525
0.983725
1.00615
1.02255
1.0337
1.100225
1.102075
1.1555
1.1911
1.21245
1.3121
1.375925
1.376525
1.5035
1.5266
1.5329
1.57085
1.664575
1.6951
1.7019
1.811725
1.89375
1.9107
1.96865
2.01755
2.156825
2.159225
2.406725
2.5565
2.7276
2.762575
2.768175
2.841175
2.86585
2.893875
2.8977
2.901375
2.913175
2.9174
3.107175
3.228475
3.38845
3.432575
3.437325
3.483875
3.748825
3.8096
4.185225
4.23525
4.370575
4.431275
4.7363
5.163275
5.19165
5.47675
5.609175
5.695825
5.78165
5.78565
5.815975
5.91445
6.492625
6.866425
6.899875
7.146
7.20745
7.246725
7.306325
7.65235
8.0658
8.16645
8.302025
8.3444
8.43515
8.564225
8.634625
8.67425
9.197025
9.886625
130
