0.0104
0.016075
0.0267
0.0534
0.059225
0.073375
0.074275
0.09025
0.126325
0.13035
0.13735
0.1651
0.168725
0.2215
0.2341
0.234575
0.2519
0.25485
0.2786
0.279375
0.31805
0.34105
0.353775
0.370725
0.3768
0.405
0.417575
0.43045
0.4471
0.4939
0.542725
0.551675
0.60695
0.6143
0.63575
0.729
0.76505
0.780475
0.786575
0.8053
0.8254
0.8528
0.8615
0.938375
0.94165
0.968075
0.968475
1.047025
1.158775
1.173075
1.17635
1.2601
1.2893
1.348
1.38235
1.407575
1.413
1.47055
1.56535
1.57105
1.771325
1.78315
1.8455
1.895025
1.9492
2.1088
2.163
2.179575
2.25255
2.5937
2.614725
2.810825
2.870875
2.915925
2.9279
2.9558
3.024
3.2733
3.29335
3.352425
3.460975
3.50985
3.56605
3.645025
3.652575
3.688475
3.843675
3.92715
3.93875
4.293725
4.318775
4.3867
4.558125
4.730975
4.82115
4.992075
5.0454
5.31535
5.3668
5.86385
6.089725
6.157025
6.18
6.2532
6.25765
6.26875
6.434575
6.464175
6.476625
6.4881
7.14515
7.54565
7.645225
7.79315
7.828925
7.958325
8.158125
8.316975
8.56965
8.573175
8.778225
9.3073
9.404875
9.4626
9.524425
9.77675
9.78825
127
