0.0043
0.04245
0.054775
0.06665
0.074075
0.08145
0.087925
0.0992
0.1027
0.108775
0.13015
0.137375
0.139425
0.1413
0.14635
0.175725
0.187475
0.247225
0.250825
0.25465
0.317925
0.323125
0.343075
0.357575
0.4519
0.4577
0.512675
0.562725
0.5851
0.62
0.6216
0.62295
0.643325
0.725375
0.7335
0.747625
0.748825
0.770675
0.781025
0.8345
0.849225
0.857275
0.94975
0.964175
0.989
0.997275
1.056
1.08295
1.101725
1.144725
1.1449
1.260725
1.268325
1.2781
1.34045
1.357175
1.533725
1.5851
1.6865
1.70365
1.7447
1.778625
1.82405
1.845975
1.901825
1.9334
2.0019
2.06585
2.1071
2.1593
2.187675
2.3467
2.3595
2.461225
2.482875
2.5833
2.59965
2.72115
2.7294
2.8719
3.113875
3.185825
3.188025
3.26865
3.4496
3.457175
3.466275
3.47355
3.56935
3.6601
3.660325
3.78075
3.954875
4.1662
4.254725
4.515
4.78015
4.8277
5.06625
5.121425
5.49955
5.6451
5.77405
6.18625
6.210125
6.26115
6.724575
6.87485
6.930525
6.9895
7.155325
7.29605
7.5218
7.846
8.249175
8.3508
8.8471
8.91835
8.919225
9.043425
9.46575
9.83115
9.968125
123
