0.002925
0.018625
0.034375
0.045325
0.047175
0.048675
0.07005
0.090275
0.0943
0.113675
0.11505
0.11865
0.12045
0.13715
0.141625
0.169725
0.1904
0.241975
0.2473
0.253875
0.281125
0.287025
0.323525
0.3302
0.346975
0.35455
0.3627
0.36395
0.479725
0.5323
0.54365
0.5518
0.5535
0.5576
0.562375
0.594825
0.645225
0.679125
0.722875
0.740475
0.812475
0.826475
0.895125
0.9489
0.94995
1.03975
1.045075
1.103375
1.108725
1.110725
1.129075
1.157425
1.200775
1.213725
1.2813
1.28835
1.313875
1.45805
1.46895
1.51045
1.525375
1.609675
1.6277
1.6342
1.769125
1.779475
1.835875
2.018975
2.14215
2.148475
2.20395
2.24595
2.35585
2.370125
2.3779
2.425825
2.6802
2.6804
2.680475
2.713
2.71455
2.74195
2.789475
2.808575
2.896725
2.9178
2.939575
2.956675
3.049275
3.160075
3.1693
3.22095
3.2249
3.2678
3.271225
3.302875
3.4916
3.511175
3.5671
3.68885
3.695925
3.925175
4.134175
4.2406
4.309925
4.32445
4.516325
4.62595
4.708175
4.79815
4.9253
4.982425
5.186775
5.294925
5.715225
5.798525
5.930475
6.023125
6.0772
6.091225
6.177925
6.3799
6.7439
6.8591
6.94905
7.45165
7.45925
7.46095
7.94405
8.07105
8.21105
8.478825
8.577325
8.5775
8.67545
8.771375
9.0013
9.487375
9.55925
9.729775
140
