0.0454
0.0515
0.0536
0.0638
0.068375
0.0753
0.0892
0.090625
0.1678
0.189
0.205525
0.2165
0.22865
0.25975
0.264075
0.27705
0.299175
0.31105
0.31215
0.323125
0.351475
0.36915
0.379
0.388925
0.391975
0.39385
0.3999
0.445
0.492
0.50435
0.51375
0.518175
0.535825
0.5739
0.576075
0.6041
0.615725
0.6387
0.6933
0.731825
0.766025
0.77795
0.822925
0.90695
0.90905
0.9187
0.928725
0.953525
0.955
0.959825
0.99395
1.008875
1.06935
1.1063
1.19485
1.2302
1.3392
1.355225
1.381875
1.44325
1.50705
1.5093
1.573975
1.5925
1.640875
1.926775
2.015
2.2104
2.227
2.255625
2.375225
2.470475
2.481575
2.556325
2.5612
2.762075
2.78905
2.943275
3.026325
3.063425
3.154725
3.36685
3.477775
3.594925
3.614575
3.641025
3.64225
3.739175
3.92185
4.063525
4.152975
4.261225
4.393525
4.4583
4.57515
4.6701
5.01385
5.1674
5.1693
5.201975
5.80775
5.8822
6.578575
6.619125
6.884775
6.981175
6.997975
7.61265
7.995325
8.06735
8.196225
8.697975
8.878025
9.0084
9.412275
9.94785
9.95685
117
