0.0136
0.028725
0.087
0.095575
0.105475
0.13085
0.141175
0.166825
0.17625
0.19985
0.213225
0.247175
0.250675
0.2541
0.2761
0.282075
0.28725
0.30075
0.309225
0.3286
0.33215
0.338175
0.3428
0.354625
0.369975
0.37795
0.397975
0.430925
0.44995
0.4582
0.473
0.54375
0.60195
0.619
0.620675
0.622075
0.647125
0.649475
0.66315
0.699225
0.7732
0.7785
0.8309
0.84055
0.891825
0.94145
0.948925
0.980125
0.981525
0.9966
0.998075
1.12155
1.13385
1.1342
1.2698
1.37345
1.39315
1.46225
1.499875
1.52485
1.551025
1.665475
1.6883
1.8164
1.8328
1.866075
1.964
2.12715
2.1415
2.16865
2.1738
2.2665
2.2839
2.296025
2.436
2.4469
2.6596
2.740075
2.9093
3.01355
3.11455
3.8011
3.84965
3.8833
4.043525
4.0847
4.25485
4.256475
4.28235
4.4372
4.501025
4.66555
4.9802
5.53275
5.575325
5.5923
5.6731
5.826875
5.833225
6.407275
6.90565
7.3739
7.381875
7.465025
7.49835
7.510425
7.574325
7.8108
7.8195
8.0929
8.116025
8.126525
8.1485
8.333225
8.8819
8.8856
9.38275
117
