0.000475
0.016225
0.035075
0.04015
0.0543
0.07475
0.178075
0.17955
0.1825
0.190175
0.23235
0.243725
0.301525
0.3499
0.361725
0.36695
0.371975
0.3827
0.40415
0.422975
0.4284
0.44755
0.4557
0.460625
0.478575
0.5264
0.546575
0.558175
0.6482
0.687875
0.74075
0.763825
0.7678
0.79685
0.824
0.86135
0.8869
0.90015
0.922275
0.951475
0.96195
1.021525
1.024775
1.05025
1.128675
1.1487
1.191925
1.208625
1.220675
1.282525
1.304325
1.3105
1.34855
1.358325
1.3808
1.45965
1.5639
1.6388
1.6428
1.713575
1.7355
1.744525
1.85375
2.088175
2.10985
2.1144
2.115675
2.218
2.237175
2.2717
2.313375
2.362775
2.463375
2.5778
2.583725
2.58615
2.6631
2.689925
2.702
2.75175
2.785625
2.8015
2.877775
3.027825
3.1116
3.382175
3.39605
3.497925
3.562025
3.583625
3.587125
3.620475
3.6851
3.747075
3.8845
3.975525
4.097125
4.66815
4.880325
4.96485
5.005675
5.204375
5.44305
5.650325
5.77205
6.04625
6.162975
6.396675
6.7072
6.98145
7.176325
7.76805
7.791475
7.87945
8.057525
8.19155
8.409575
9.377975
9.83255
119
