0.0283
0.03455
0.093225
0.0999
0.10605
0.118325
0.120925
0.1232
0.164
0.172725
0.19975
0.199825
0.2038
0.241825
0.24785
0.25095
0.278875
0.285625
0.286225
0.2941
0.312225
0.331975
0.338625
0.339925
0.3541
0.37055
0.3761
0.377225
0.3783
0.41315
0.419825
0.497375
0.51435
0.517425
0.557225
0.575025
0.583225
0.6784
0.69635
0.760475
0.8495
0.866525
0.871125
0.873225
1.156775
1.26085
1.2656
1.3192
1.3445
1.3559
1.3788
1.41855
1.419025
1.427425
1.467225
1.4702
1.5144
1.686425
1.70895
1.786075
1.88085
1.92505
1.9708
2.155875
2.19135
2.198325
2.2228
2.23845
2.3983
2.42805
2.807875
3.057475
3.079
3.41385
3.42665
3.647025
3.65315
3.9189
4.0446
4.118825
4.259
4.355075
4.441325
4.4997
4.79215
4.9955
5.120325
5.523725
5.6111
5.64165
5.959725
5.9971
6.210425
6.55485
6.897525
7.2081
7.42155
8.4966
8.98265
9.245175
9.2515
9.36675
9.596325
9.59665
104
