0.008
0.010875
0.023375
0.03175
0.03265
0.040275
0.05845
0.08125
0.096575
0.0971
0.1
0.107825
0.109
0.109125
0.113325
0.142
0.142475
0.152075
0.155375
0.15955
0.179875
0.186625
0.197625
0.2246
0.238075
0.2401
0.25365
0.2623
0.2646
0.273525
0.283075
0.2928
0.320125
0.32575
0.375125
0.40725
0.4113
0.4313
0.44075
0.449375
0.4695
0.47955
0.49175
0.515425
0.57205
0.718775
0.736175
0.76975
0.769875
0.787675
0.81615
0.8272
0.84055
0.869025
0.929025
0.9302
0.931425
0.947125
0.959075
0.968425
0.968575
0.99185
1.0524
1.0562
1.093525
1.1378
1.14505
1.1922
1.1995
1.215725
1.259625
1.429825
1.662775
1.694925
1.738225
1.84015
1.935375
1.94925
1.956425
2.023775
2.096075
2.1133
2.159025
2.21885
2.25525
2.37965
2.41795
2.54615
2.63415
2.6447
2.7198
2.737375
2.74185
2.91575
2.924275
2.9344
3.208425
3.4522
3.6612
3.85285
3.939225
4.1651
4.4144
4.55195
4.753675
4.761375
4.8515
4.891825
4.9639
4.967325
5.327875
5.400625
5.779525
5.8725
5.89535
6.08285
6.84815
7.0518
7.528275
7.62015
9.3301
9.487375
9.492525
9.69325
9.749325
9.95185
126
