0.01635
0.0232
0.027775
0.04515
0.0618
0.069225
0.081175
0.084575
0.10065
0.10455
0.110125
0.177775
0.1846
0.265675
0.27195
0.2913
0.3002
0.3723
0.391925
0.39205
0.394025
0.42335
0.46335
0.4732
0.476825
0.490325
0.526625
0.5453
0.610075
0.68565
0.70655
0.7494
0.79975
0.801225
0.801375
0.860275
0.8664
0.8824
0.892025
0.895475
0.912225
0.936725
0.943275
0.99185
1.0193
1.058975
1.08275
1.1133
1.1158
1.1238
1.16835
1.177425
1.19755
1.212675
1.227975
1.27635
1.306
1.4452
1.4827
1.5486
1.553875
1.646925
1.648675
1.70665
1.7535
1.801375
1.8559
2.002325
2.03505
2.117175
2.144675
2.161425
2.207975
2.24985
2.2677
2.2799
2.300375
2.3493
2.391325
2.4633
2.553925
2.579225
2.59505
2.72555
2.888725
2.8989
2.904925
2.9056
3.0498
3.1214
3.18835
3.27035
3.414825
3.5128
3.683575
3.7316
3.7489
4.09745
4.176425
4.1898
4.234675
4.59745
4.8644
5.618
5.6554
5.875525
6.2909
6.44965
6.6888
6.799275
7.86775
8.38355
8.423625
8.74645
8.9203
8.95485
9.13415
9.293975
9.3921
9.5389
9.679975
9.732175
9.817425
123
