0.005375
0.0173
0.025975
0.029625
0.0426
0.050175
0.121825
0.15215
0.179075
0.197925
0.198
0.19855
0.2015
0.201775
0.2122
0.2291
0.246225
0.283225
0.2926
0.297025
0.314225
0.3268
0.347
0.3623
0.3726
0.397675
0.43355
0.45375
0.4676
0.478375
0.4963
0.507
0.523425
0.525275
0.568
0.569575
0.594575
0.604875
0.634125
0.6437
0.83305
0.891775
0.915875
0.926075
0.972575
0.9804
0.99325
1.0145
1.060075
1.171225
1.194375
1.25635
1.29635
1.318125
1.323825
1.357325
1.369425
1.4138
1.424425
1.46205
1.5649
1.5883
1.627675
1.69365
1.830575
1.96565
1.990675
2.029125
2.1631
2.434325
2.43795
2.542225
2.5541
2.5561
2.61035
2.684075
2.7525
2.758825
2.824125
2.9046
3.081125
3.30825
3.417775
3.4487
3.65165
3.664175
3.71575
4.177675
4.330025
4.345575
4.371575
4.393225
4.479675
4.644925
4.7168
4.7637
4.87355
5.007875
5.11045
5.189925
5.471875
6.1731
6.21165
6.447375
6.678025
6.7626
7.5118
7.750625
7.882325
8.1749
8.5391
8.7878
9.175075
9.324625
9.5256
9.792475
9.797875
117
