0.0019
0.0064
0.0121
0.022925
0.032
0.04045
0.053775
0.0573
0.07175
0.0758
0.080775
0.108875
0.147925
0.202475
0.2471
0.2723
0.317925
0.360275
0.420725
0.42145
0.423875
0.464275
0.47065
0.471875
0.4811
0.4962
0.59955
0.609675
0.619175
0.641675
0.784825
0.79785
0.802625
0.8253
0.92375
1.014675
1.0666
1.1393
1.140975
1.14295
1.1593
1.172375
1.21825
1.26965
1.2816
1.361225
1.43505
1.497325
1.52665
1.58635
1.67075
1.8037
1.823
1.834125
1.846875
1.892525
1.906175
2.0804
2.1256
2.131225
2.13545
2.144725
2.2286
2.401
2.411025
2.53575
2.55435
2.61105
2.6235
2.71945
2.73485
2.848075
2.935625
2.97145
3.01115
3.022125
3.134075
3.154125
3.562725
3.626775
3.8338
3.9045
4.002575
4.024725
4.1283
4.276675
4.347675
4.369175
4.592775
4.611275
4.6397
4.641025
4.91215
4.983375
5.040425
5.070775
5.387475
5.6709
5.756625
5.780575
6.039475
6.143975
6.204125
6.455375
6.473075
6.478425
6.544675
6.56545
6.7557
6.879175
7.213175
7.546075
7.5508
7.628775
7.9169
7.97735
8.1547
8.485825
8.674825
9.317775
9.46945
121
