0.0149
0.015475
0.027175
0.02865
0.037925
0.04015
0.0517
0.0651
0.065975
0.078075
0.08085
0.11455
0.12035
0.12045
0.14845
0.167025
0.172725
0.1816
0.234925
0.23915
0.25085
0.25855
0.3093
0.345775
0.347975
0.361225
0.36275
0.374825
0.37965
0.3887
0.417875
0.428875
0.432925
0.46545
0.4858
0.531125
0.53115
0.54265
0.58555
0.61745
0.62905
0.6314
0.74225
0.762225
0.7959
0.856575
0.916725
0.93505
0.947725
0.995925
1.02625
1.033375
1.0506
1.148075
1.14835
1.181975
1.1896
1.242825
1.293175
1.470975
1.506625
1.5787
1.6285
1.70745
1.80155
1.82045
1.8784
1.90925
1.953175
1.991325
2.049975
2.053175
2.120025
2.120425
2.1386
2.222325
2.258025
2.622525
2.6602
2.670075
2.765225
2.78785
2.8267
3.018775
3.021175
3.146375
3.18695
3.24145
3.312175
3.3422
3.45265
3.454575
3.518575
3.65885
3.7305
3.8007
3.928975
4.319425
4.3495
4.37235
4.862025
4.940075
5.009
5.271025
5.3215
5.4156
5.590725
5.669175
5.77425
5.90635
6.045025
6.126875
6.2591
6.928575
7.080225
7.35605
7.40525
8.07005
8.555875
8.907325
8.9329
9.1874
9.280275
9.37355
9.704075
9.759175
9.91625
127
