0.008975
0.01285
0.02325
0.032325
0.063575
0.073775
0.0863
0.115025
0.117275
0.142375
0.16285
0.167925
0.175725
0.176275
0.178975
0.185425
0.23315
0.23815
0.241325
0.245475
0.248925
0.249375
0.285675
0.353675
0.374375
0.408575
0.416925
0.43695
0.51995
0.5776
0.57785
0.583925
0.6252
0.625525
0.62695
0.6335
0.63645
0.6414
0.720075
0.7245
0.729475
0.772325
0.7767
0.8446
0.9417
0.977125
0.989225
1.0597
1.062025
1.090475
1.1909
1.203825
1.236025
1.249575
1.261275
1.262775
1.278025
1.40195
1.4511
1.46115
1.573075
1.600125
1.65305
1.764775
1.78055
1.799275
1.869325
1.8788
2.0459
2.098075
2.12455
2.3053
2.4022
2.478675
2.6113
2.6961
2.767375
2.8738
2.98335
3.164025
3.247175
3.2734
3.39065
3.40255
3.44375
3.660525
3.86605
3.8877
4.007375
4.007925
4.023575
4.026875
4.10575
4.39445
4.41125
4.637325
4.724075
4.934225
4.96135
5.05145
5.0753
5.117625
5.118025
5.121675
5.75255
5.891975
5.926525
5.9614
6.0869
6.136725
6.18165
6.365875
6.6129
6.658025
6.67715
6.858825
8.03045
8.278275
8.93985
9.127675
9.18285
9.302625
9.428725
9.784725
9.923675
125
