0.000375
0.013075
0.022475
0.03795
0.04765
0.05995
0.06785
0.067925
0.079975
0.1057
0.105775
0.112375
0.113625
0.1142
0.11445
0.130425
0.140975
0.14615
0.172925
0.218775
0.223225
0.27315
0.302475
0.36705
0.394
0.3964
0.40345
0.428525
0.4488
0.4984
0.501825
0.50275
0.59605
0.61595
0.62285
0.647375
0.672775
0.70675
0.714175
0.72975
0.769625
0.8052
0.813925
0.849925
0.89505
0.915225
0.97375
0.9844
0.99605
1.008375
1.01715
1.07385
1.103975
1.281225
1.32165
1.4108
1.4168
1.539175
1.63655
1.68445
1.741175
1.93115
1.992875
2.02
2.088025
2.155975
2.24425
2.283275
2.3042
2.4442
2.45195
2.545925
2.552375
2.584825
2.6742
2.70495
2.731475
2.7343
2.734675
2.783725
2.983825
3.0112
3.170875
3.17875
3.3131
3.5422
3.598375
3.7288
3.803725
3.823425
3.879125
3.962825
4.08635
4.142675
4.237925
4.255475
4.31935
4.548825
4.743675
4.823675
4.9669
5.149975
5.64035
5.781075
5.976625
6.20315
6.299875
6.43935
6.563325
6.57955
6.6377
7.102375
7.14375
7.589725
7.760975
7.894775
8.031725
8.083375
8.125975
8.98215
9.29385
9.9248
122
