0.0073
0.010325
0.013225
0.014075
0.0243
0.066325
0.089875
0.092325
0.092925
0.10525
0.130525
0.138125
0.145125
0.1527
0.170525
0.1813
0.2018
0.206425
0.212075
0.213275
0.237725
0.260925
0.289225
0.3079
0.3214
0.345875
0.367825
0.37635
0.389375
0.392325
0.3963
0.39985
0.40955
0.41045
0.448825
0.449
0.471775
0.509275
0.655
0.677625
0.685825
0.707575
0.729825
0.736275
0.796275
0.81775
0.8695
0.900375
0.930575
0.931875
0.9386
0.967325
0.98045
0.982375
1.0127
1.02125
1.05475
1.065175
1.124475
1.201025
1.22
1.22945
1.232975
1.313725
1.45215
1.4641
1.46865
1.484675
1.49335
1.5153
1.52095
1.593125
1.69965
1.73325
1.760425
1.8275
1.83425
1.861275
1.897175
1.925575
1.9288
1.9716
1.985
2.09045
2.119675
2.156975
2.256175
2.26365
2.298425
2.314825
2.321625
2.339775
2.349875
2.380525
2.381
2.4813
2.66535
2.67745
2.6953
2.69885
2.8061
2.8581
2.947625
2.97015
3.032375
3.086375
3.347575
3.489475
3.668475
3.7096
3.741125
3.965825
4.116875
4.18405
4.1988
4.6118
4.631475
4.769575
4.7758
5.10395
5.240825
5.28515
5.35955
5.905625
5.960175
6.113925
6.301875
6.685175
7.5341
7.6259
8.244425
8.4734
8.625225
8.77545
9.170975
9.29825
136
