0.0003
0.003375
0.03115
0.034625
0.063725
0.065975
0.08445
0.112575
0.11395
0.11895
0.123025
0.129325
0.15425
0.24465
0.308925
0.309875
0.337175
0.341475
0.355125
0.36395
0.39235
0.3983
0.4477
0.45365
0.453675
0.49325
0.5236
0.549525
0.56105
0.568425
0.570425
0.59925
0.64305
0.651725
0.674625
0.796775
0.797
0.8028
0.803275
0.865225
0.924075
0.99555
1.025375
1.0622
1.082625
1.1526
1.1724
1.187475
1.231575
1.296475
1.351325
1.359725
1.461475
1.508875
1.656225
1.6746
1.676625
1.722875
1.780575
1.7844
1.8295
1.832725
1.846375
1.89315
1.914175
1.915375
1.951625
1.9805
2.007075
2.1073
2.120475
2.1341
2.173575
2.216725
2.26385
2.3264
2.326625
2.338525
2.36555
2.432275
2.5397
2.595425
2.644125
2.955625
2.998725
3.0044
3.05075
3.1433
3.210925
3.2659
3.2683
3.385375
3.400725
3.40845
3.530675
3.53625
3.68595
3.715425
4.11895
4.138475
4.178825
4.26765
4.6966
4.7675
4.77225
4.77445
4.930425
5.0365
5.29005
5.674725
5.8669
6.18795
6.345575
6.351775
6.372125
6.668375
6.99585
8.124875
8.133675
8.145525
8.19345
8.352725
8.379025
8.5832
8.94525
125
