0.0063
0.009775
0.026875
0.029225
0.0344
0.0435
0.08715
0.101575
0.101675
0.103025
0.10405
0.160575
0.165125
0.165325
0.193325
0.205425
0.20975
0.2127
0.217425
0.21805
0.223525
0.2317
0.245775
0.256925
0.2601
0.3266
0.340125
0.3782
0.3851
0.3928
0.394075
0.394775
0.43405
0.43715
0.4449
0.447775
0.44985
0.466775
0.496425
0.53455
0.5358
0.54425
0.591125
0.609425
0.632675
0.656025
0.66
0.6654
0.6745
0.720075
0.741125
0.75115
0.764975
0.76915
0.802375
0.8418
0.897225
0.922475
0.92435
0.96555
0.968575
0.978125
1.004075
1.03035
1.132475
1.157625
1.189675
1.337175
1.481975
1.53565
1.592875
1.6956
1.708625
1.797675
1.831575
1.88985
2.132625
2.20595
2.256925
2.4977
2.588375
2.672925
2.770375
2.8083
2.85355
2.871375
2.950025
2.95285
2.9906
3.508725
3.509075
3.7536
3.9836
4.009025
4.14445
4.1595
4.206
4.61375
4.759525
4.76925
4.824225
4.8841
4.94205
5.013175
5.3144
5.546
5.624575
6.009375
6.307125
6.4733
6.50525
6.61015
7.145225
7.318325
7.4217
7.644975
7.7737
7.961925
8.095725
8.16605
8.200575
8.2394
8.679625
8.874975
9.08335
9.08735
9.1148
9.406475
128
