0.011425
0.014275
0.017875
0.01865
0.03075
0.03135
0.047625
0.07405
0.07515
0.076875
0.0871
0.108225
0.1083
0.12725
0.150625
0.17005
0.175125
0.18795
0.190725
0.197825
0.20455
0.209225
0.2153
0.2398
0.242575
0.256125
0.256875
0.2688
0.285725
0.303875
0.350425
0.371725
0.41245
0.438475
0.452075
0.45765
0.4586
0.466925
0.47085
0.503175
0.5195
0.52225
0.549225
0.5686
0.682025
0.690075
0.7851
0.7855
0.80255
0.803775
0.874075
0.958925
0.976975
1.000375
1.0014
1.0304
1.05295
1.057175
1.10555
1.140275
1.19975
1.203975
1.29305
1.354725
1.41475
1.4177
1.43125
1.491125
1.504925
1.583075
1.61205
1.6177
1.678325
1.7509
1.769
1.853675
2.05655
2.10415
2.18865
2.3605
2.41215
2.42725
2.4512
2.4833
2.48425
2.5046
2.682275
2.682575
2.727325
2.825575
2.874475
2.99675
3.088375
3.21575
3.2564
3.272175
3.313625
3.54315
3.564525
3.65625
3.69905
3.846725
4.350275
4.352
4.531275
4.60965
4.69855
4.714675
4.745525
5.213775
5.420175
5.4629
5.526875
5.700425
5.732825
5.77765
5.795525
6.057925
6.081625
6.172175
6.499425
6.64365
6.717975
6.7205
6.9533
6.9543
7.6905
7.717125
7.80105
7.9856
8.44465
8.51745
8.64985
8.682475
8.753075
8.800425
9.4725
9.5547
9.6009
9.972125
140
