0.00755
0.06
0.10375
0.113525
0.1235
0.159525
0.165625
0.16895
0.172525
0.194375
0.199325
0.2037
0.229625
0.24745
0.283175
0.302675
0.304075
0.308
0.321675
0.337525
0.3518
0.37885
0.38435
0.425025
0.4586
0.526075
0.531875
0.5328
0.536175
0.571375
0.614775
0.743225
0.768575
0.786925
0.794875
0.806975
0.810625
1.055775
1.060375
1.096825
1.123
1.16135
1.19575
1.196525
1.19875
1.22655
1.366925
1.36935
1.4499
1.46015
1.519175
1.5287
1.6095
1.750875
1.760025
1.7846
1.81205
1.828575
1.848275
1.858525
1.959275
1.996775
2.070125
2.109825
2.1368
2.205425
2.224475
2.26605
2.31395
2.324125
2.35015
2.405825
2.44015
2.5226
2.539775
2.54935
2.55755
2.660625
2.66635
2.749925
2.965375
3.02565
3.05035
3.124475
3.16325
3.197
3.22405
3.3094
3.409625
3.441475
3.534675
3.583
3.7659
3.8192
3.862775
3.90865
3.914
4.2771
4.548375
4.5953
4.72925
5.298675
5.5021
5.64325
6.0174
6.02135
6.12075
6.485125
6.6985
7.1828
7.22015
7.446475
7.5902
7.625725
7.763475
7.866
8.44585
8.784525
8.874275
8.972625
8.981625
9.443325
9.720975
9.871725
124
