0.0263
0.027875
0.044175
0.077525
0.096225
0.09765
0.10355
0.118575
0.1201
0.121275
0.121975
0.152575
0.163325
0.192575
0.20595
0.2462
0.2701
0.28635
0.315975
0.325525
0.333425
0.366375
0.396425
0.4477
0.4677
0.479425
0.532675
0.541275
0.541475
0.5527
0.640875
0.646025
0.674825
0.686525
0.704825
0.71695
0.72945
0.734625
0.736825
0.756075
0.7736
0.77605
0.789575
0.805975
0.830925
0.895375
0.965075
1.027575
1.056875
1.0771
1.0807
1.08115
1.104475
1.16195
1.185375
1.23645
1.3144
1.317275
1.325425
1.329575
1.380575
1.4695
1.470225
1.593175
1.67545
1.697025
1.815675
1.834925
1.9657
1.9676
2.03005
2.035075
2.053475
2.135975
2.1962
2.22835
2.32885
2.3529
2.5463
2.560125
2.564175
2.6888
2.747675
2.778775
2.8303
2.894225
2.927375
2.932825
3.01165
3.03885
3.159375
3.175725
3.2631
3.30115
3.333475
3.337875
3.407875
3.46175
3.464075
3.500975
3.5672
3.71375
3.715675
3.7336
4.200775
4.399675
4.52455
5.161625
5.204825
5.57935
5.59355
5.61155
5.78945
5.8539
5.867925
5.8786
5.8866
5.8985
5.97755
6.1777
6.180125
6.23895
6.754125
6.9933
7.0309
7.4381
7.7665
7.9422
7.94625
7.979125
8.252575
8.3312
8.625925
8.66745
8.675225
8.8515
9.1065
137
