0.0011
0.009025
0.010275
0.024875
0.036575
0.044675
0.066825
0.0752
0.077025
0.083625
0.088
0.0958
0.102225
0.151225
0.1711
0.226125
0.2383
0.243425
0.25805
0.27885
0.373
0.3749
0.410675
0.4242
0.438975
0.460775
0.502525
0.57035
0.57235
0.589875
0.596875
0.6229
0.67035
0.671275
0.69565
0.781875
0.78225
0.789625
0.798475
0.8022
0.8088
0.86405
0.87065
0.876025
0.880425
0.8911
0.988625
1.03195
1.091
1.1246
1.131425
1.13795
1.197325
1.203225
1.319375
1.331925
1.347675
1.466425
1.478625
1.612925
1.67075
1.676925
1.67945
1.713725
1.871875
1.889475
2.075175
2.1177
2.187325
2.219175
2.2511
2.27895
2.292975
2.437325
2.607625
2.61135
2.785025
2.80485
2.8384
2.84005
2.855825
3.066125
3.3794
3.384625
3.395775
3.412925
3.42255
3.44305
3.443425
3.598375
3.62895
3.639575
3.7121
3.770825
3.777025
4.031125
4.077525
4.30535
4.330225
4.3532
4.44435
4.712275
4.75315
5.112025
5.337375
5.520125
5.5807
5.7411
5.858225
5.89235
6.012075
6.111225
6.21475
6.23825
6.290575
6.340925
6.3799
6.7607
6.770275
7.2306
7.640625
7.64615
7.874925
7.938175
7.9959
8.457575
8.625025
8.645825
8.953125
8.9864
9.095575
9.164775
9.295
9.406525
9.81045
135
