0.008475
0.025525
0.02935
0.031125
0.0516
0.052325
0.062975
0.065875
0.072725
0.098575
0.112425
0.15035
0.16435
0.170525
0.183175
0.2014
0.2072
0.245925
0.250575
0.251575
0.254875
0.2693
0.27645
0.30795
0.350175
0.363425
0.36365
0.368575
0.374225
0.396825
0.400425
0.4622
0.47665
0.4839
0.518
0.5196
0.528325
0.529225
0.54765
0.574525
0.5845
0.593825
0.618
0.631175
0.632275
0.68095
0.697425
0.73255
0.74325
0.7606
0.8058
0.8061
0.8542
0.857925
0.8968
0.927525
1.0128
1.075
1.108775
1.16075
1.20145
1.22265
1.251025
1.255825
1.25935
1.26425
1.324625
1.32475
1.34665
1.36885
1.407425
1.4157
1.433575
1.447175
1.4625
1.50515
1.5339
1.725075
1.726425
1.8702
1.961575
2.009675
2.085375
2.1866
2.30005
2.38575
2.3947
2.395075
2.515125
2.541625
2.700825
2.809725
2.85245
2.86745
3.136175
3.292925
3.360575
3.385725
3.464275
3.594825
3.623825
3.8278
4.07205
4.1263
4.17795
4.185625
4.296825
4.3863
4.399025
4.404625
4.45295
4.5186
4.633275
5.4719
5.88425
6.16155
6.175025
6.370225
6.55635
6.575025
6.759775
7.03565
7.22855
7.415625
7.439275
7.593275
7.664325
8.390275
8.734775
8.80125
9.1115
9.56245
9.8212
9.89365
9.89595
135
