0.008725
0.021375
0.027475
0.06925
0.1162
0.14525
0.1476
0.156425
0.17015
0.18375
0.202175
0.215275
0.219625
0.233775
0.2483
0.25545
0.25835
0.2594
0.2613
0.26175
0.3005
0.30335
0.311875
0.315675
0.328125
0.33175
0.343275
0.367
0.372475
0.380975
0.39725
0.4044
0.40595
0.41945
0.4215
0.43635
0.4553
0.458475
0.51305
0.523025
0.538825
0.545275
0.562925
0.5699
0.609525
0.612775
0.6299
0.6593
0.67655
0.72615
0.760725
0.802275
0.8269
0.852525
0.900825
1.044
1.055475
1.103075
1.139325
1.162425
1.16885
1.309825
1.3528
1.409525
1.446875
1.5921
1.618025
1.7156
1.758775
1.775375
1.82295
1.90695
1.9545
2.0214
2.04085
2.056975
2.124175
2.1403
2.18435
2.214725
2.3659
2.377475
2.4561
2.47285
2.575025
2.5902
2.635575
2.680675
2.69115
2.7546
2.7629
2.7781
3.011575
3.1593
3.2931
3.305975
3.5424
3.566075
3.707625
3.87615
3.883475
4.0267
4.187
4.223025
4.25045
4.606025
4.629625
4.67165
4.79535
5.2848
5.609425
5.651575
5.756475
5.88645
6.109525
6.3395
6.617725
6.69405
7.286925
7.50895
8.162375
8.4348
8.7636
9.589275
9.875825
125
