0.0048
0.004875
0.008825
0.018325
0.0415
0.0464
0.0578
0.068675
0.086975
0.089775
0.1123
0.13025
0.136625
0.158475
0.1635
0.20635
0.208275
0.218125
0.2245
0.2353
0.237175
0.253325
0.28175
0.28355
0.293825
0.31205
0.3309
0.355775
0.35865
0.36655
0.374975
0.38105
0.38155
0.457975
0.4654
0.49215
0.51795
0.58215
0.583275
0.600875
0.60685
0.660575
0.685575
0.714325
0.72405
0.80735
0.815725
0.8489
0.8906
0.89815
0.9183
0.92645
0.93285
0.9397
0.957125
1.0077
1.050025
1.101325
1.1048
1.123675
1.168925
1.208975
1.23
1.296075
1.329325
1.3452
1.398
1.639475
1.65965
1.666925
1.7156
1.765475
1.79665
1.855675
1.899125
1.948475
2.0023
2.012
2.026575
2.037725
2.08605
2.1598
2.167125
2.23745
2.248475
2.294725
2.35095
2.391175
2.4214
2.437475
2.47895
2.50245
2.59245
2.61825
2.71865
2.874525
2.87545
2.8938
2.8982
2.997025
3.02495
3.085475
3.1044
3.121825
3.31535
3.31975
3.400025
3.563525
3.640125
3.6637
3.71865
3.73245
3.801125
3.9049
3.969675
4.006075
4.055225
4.101425
4.20145
4.225075
4.240525
4.265225
4.28705
4.553425
4.6347
4.7477
4.900425
5.04265
5.293225
5.54575
5.729125
5.95895
5.994425
5.99855
6.237475
6.69655
6.711175
6.731775
6.73235
6.82185
6.826525
7.298925
7.975975
8.015975
8.088725
8.112125
9.02875
9.0513
9.22845
9.42655
9.731825
9.792075
152
