0.0004
0.0034
0.03325
0.0569
0.0813
0.094125
0.139925
0.147025
0.1497
0.152075
0.1544
0.1584
0.1631
0.194
0.199625
0.22375
0.2408
0.2748
0.292975
0.310725
0.325225
0.35715
0.367925
0.3837
0.38835
0.390575
0.3933
0.412225
0.41715
0.435
0.43565
0.453675
0.455075
0.46165
0.5208
0.55095
0.571275
0.58255
0.62
0.648725
0.66775
0.69065
0.710075
0.723575
0.7721
0.840525
0.846575
0.87565
0.918475
0.9652
0.9733
1.036575
1.0606
1.142125
1.271725
1.312325
1.349375
1.3683
1.370975
1.391725
1.442475
1.59775
1.6132
1.621475
1.68465
1.7491
1.78505
1.789475
1.792125
1.860075
1.865475
1.88105
1.937725
1.94045
2.025625
2.032725
2.080225
2.103175
2.23275
2.24675
2.32015
2.44055
2.500375
2.513725
2.563025
2.5702
2.677775
2.700925
2.82775
2.83025
2.869875
3.05515
3.278125
3.27835
3.3401
3.4277
3.6002
3.917625
4.084525
4.21485
4.295475
4.75705
4.80425
4.924875
5.0923
5.099275
5.2816
5.34335
5.35355
5.5383
5.58795
6.293375
6.927825
7.02185
7.166575
7.266575
7.490525
7.77885
7.805025
7.94965
8.160425
8.544925
8.82295
9.015825
9.05455
9.192675
9.542475
9.677875
9.6832
129
