0.0058
0.023075
0.031125
0.035025
0.057425
0.07995
0.08115
0.1141
0.1193
0.130375
0.137975
0.174725
0.194375
0.2034
0.2105
0.24625
0.256825
0.284775
0.292325
0.2971
0.29745
0.303925
0.304875
0.330975
0.389575
0.4044
0.4109
0.416125
0.46985
0.473525
0.486625
0.517175
0.5264
0.53415
0.586825
0.59435
0.617725
0.669425
0.684475
0.68995
0.71855
0.740325
0.74785
0.749975
0.8125
0.90435
0.90655
0.911175
0.932725
0.95625
0.986825
1.036325
1.04805
1.06025
1.078375
1.14165
1.19025
1.201375
1.224675
1.22755
1.380925
1.406
1.444525
1.452025
1.46265
1.50495
1.53385
1.5823
1.59635
1.65485
1.6692
1.81475
2.01605
2.01885
2.048625
2.090275
2.102
2.1609
2.21565
2.235425
2.247825
2.283775
2.3041
2.3515
2.416075
2.45855
2.5542
2.5914
2.68495
2.79805
3.01615
3.01725
3.092725
3.285225
3.298075
3.358375
3.416525
3.6149
3.6193
3.6751
3.827225
3.968625
4.061525
4.0789
4.3792
4.380575
4.405475
5.5511
6.14805
6.17105
6.189475
7.7292
7.79415
8.2654
8.4107
8.6464
8.800925
8.883375
9.055225
9.132075
9.1788
9.3895
9.52765
9.605775
9.662475
125
