0.020375
0.023175
0.028225
0.031875
0.037875
0.04385
0.045225
0.0556
0.0602
0.071525
0.072025
0.075525
0.09925
0.100325
0.10295
0.117725
0.118925
0.148375
0.15095
0.153375
0.156475
0.159225
0.16855
0.1782
0.2066
0.2082
0.211825
0.227975
0.240625
0.242075
0.24335
0.267025
0.2716
0.27265
0.2767
0.3326
0.402625
0.436675
0.453625
0.458725
0.472875
0.49465
0.54865
0.569925
0.5708
0.583075
0.633475
0.66645
0.729075
0.759075
0.805825
0.877625
0.9472
1.001225
1.002875
1.03285
1.040875
1.09035
1.10115
1.1074
1.135125
1.20425
1.206
1.220575
1.242775
1.2535
1.34935
1.435775
1.44135
1.47845
1.487075
1.52665
1.52915
1.611825
1.629925
1.636
1.6533
1.714825
1.94205
2.144825
2.16445
2.18925
2.231725
2.24535
2.320725
2.425525
2.4312
2.493675
2.513575
2.5184
2.66725
2.693975
2.725975
2.729025
2.765025
2.893575
2.95105
3.0072
3.0339
3.09255
3.0992
3.121425
3.131075
3.197025
3.2444
3.3338
3.373375
3.4114
3.586925
3.92235
3.969725
4.359425
4.390175
4.4433
4.46755
4.7194
4.77165
5.07435
5.28155
5.35335
5.383375
5.521275
5.522825
5.709975
6.029075
6.2278
6.66
6.731175
6.825875
7.325025
7.45795
7.561925
7.800575
8.81745
9.140625
9.26445
9.58235
9.63295
9.909225
139
