0.00075
0.00575
0.01215
0.013
0.025375
0.03785
0.039325
0.070475
0.088075
0.09665
0.126025
0.126725
0.138525
0.1391
0.155375
0.164125
0.182
0.19085
0.222675
0.2435
0.253375
0.257625
0.262525
0.283825
0.3053
0.349625
0.37945
0.387575
0.415575
0.44605
0.4915
0.49785
0.5624
0.607525
0.618625
0.6587
0.692025
0.701675
0.70375
0.728
0.85235
0.882775
0.897775
0.89955
0.92185
0.940275
0.94595
1.197025
1.320525
1.346025
1.3596
1.3874
1.472225
1.60805
1.666675
1.710325
1.7152
1.742125
1.801
1.846475
1.88205
1.92405
2.136975
2.14855
2.274275
2.36615
2.5637
2.634575
2.643925
2.7645
2.862525
2.919
2.96125
2.9679
2.988075
3.066225
3.124025
3.1533
3.1804
3.374275
3.43325
3.43825
3.476075
3.939475
4.06685
4.149475
4.156625
4.171175
4.178925
4.20045
4.26855
4.57725
4.60975
4.9996
5.268225
5.302675
5.4473
5.463
5.50375
5.75645
5.8221
5.92795
5.9621
6.108675
6.109525
6.43135
6.589
6.71815
7.3943
7.508275
8.539325
8.6408
9.030075
9.0333
9.03735
9.494075
9.61685
9.6942
9.8317
119
