0.00875
0.009175
0.020025
0.0251
0.035175
0.048775
0.049225
0.0753
0.088375
0.096575
0.11615
0.136925
0.171425
0.185125
0.196225
0.198525
0.205875
0.215875
0.23715
0.27225
0.28265
0.301775
0.306025
0.317075
0.3423
0.3612
0.364925
0.387725
0.405625
0.452375
0.50305
0.503675
0.506125
0.5067
0.506975
0.51295
0.51675
0.522925
0.538175
0.562225
0.56575
0.5853
0.6257
0.652875
0.69325
0.715175
0.7192
0.7377
0.740075
0.806075
0.824825
0.826025
0.842325
0.869575
1.029525
1.068225
1.4879
1.5136
1.519075
1.568425
1.60405
1.6123
1.61305
1.653475
1.665925
1.8921
1.896075
1.922825
1.98825
2.000425
2.1045
2.132425
2.140575
2.14865
2.154175
2.176225
2.214875
2.287325
2.309825
2.341375
2.39865
2.44485
2.456925
2.62445
2.70415
2.704275
2.71315
2.843225
2.915725
3.032675
3.32665
3.33275
3.397025
3.402525
3.413175
3.4192
3.49545
3.496675
3.591175
3.684975
3.7702
3.902325
3.93535
3.970875
4.0177
4.268525
4.39455
4.4459
4.5285
4.678975
4.68425
4.7065
4.901
4.964625
5.02195
5.27375
5.7829
5.9768
6.012175
6.125225
6.14375
6.247425
6.66935
7.092375
7.217575
7.7784
7.9168
8.0852
8.21485
8.286025
8.736625
9.486025
9.5092
9.721575
9.83205
135
