0.012725
0.016425
0.021625
0.029025
0.030875
0.043475
0.04715
0.04795
0.04995
0.071925
0.072175
0.073675
0.094075
0.1008
0.114275
0.131425
0.135575
0.155425
0.1592
0.167875
0.2003
0.210425
0.2176
0.2339
0.238775
0.26735
0.271725
0.275775
0.285375
0.292225
0.3072
0.319375
0.329825
0.3404
0.348425
0.42455
0.45095
0.45605
0.45745
0.458125
0.467575
0.4845
0.571275
0.587325
0.59505
0.66055
0.687575
0.689875
0.7167
0.756
0.7913
0.82095
0.821025
0.825525
0.833
0.842
0.93035
1.014125
1.0566
1.07405
1.079575
1.081475
1.117
1.14315
1.236375
1.267975
1.26975
1.284525
1.28875
1.301475
1.318425
1.3372
1.418875
1.47545
1.520625
1.52645
1.52795
1.54
1.570625
1.57195
1.58225
1.59575
1.6123
1.642275
1.75875
1.76875
1.771925
1.789675
1.816775
1.83305
2.049475
2.0975
2.150375
2.2188
2.30055
2.384925
2.480925
2.51645
2.524975
2.528175
2.762125
2.9218
2.93725
2.94505
2.9455
3.0816
3.138275
3.1525
3.205275
3.28395
3.37355
3.375125
3.549825
3.73575
3.741425
3.78225
3.80795
3.819225
3.858375
4.0025
4.17965
4.186125
4.210625
4.67535
4.794775
4.8197
4.963925
5.1601
5.278125
5.37795
5.434775
5.444825
5.62835
5.839325
5.872075
5.937925
6.506925
6.628425
6.652775
7.137875
7.55895
7.6893
7.846975
7.941975
8.00475
8.042525
8.419525
8.528875
8.686575
8.692575
8.755725
8.965825
9.02245
9.4217
9.525975
9.995575
156
