0.0184
0.02285
0.0261
0.04625
0.05
0.054525
0.08455
0.089875
0.1
0.105175
0.12135
0.132875
0.134875
0.16095
0.161975
0.18235
0.2134
0.219825
0.231625
0.23585
0.24215
0.249775
0.266125
0.27435
0.30445
0.33
0.3491
0.35925
0.361775
0.389825
0.42235
0.443375
0.4695
0.49265
0.554025
0.5722
0.593125
0.6256
0.7161
0.73485
0.740725
0.762025
0.810125
0.818625
0.83135
0.95485
0.997575
1.0987
1.132125
1.161825
1.2617
1.2778
1.3793
1.391875
1.52285
1.615225
1.6282
1.673375
1.68075
1.743775
1.7644
1.779575
1.78915
1.824175
1.8964
1.912375
1.9963
2.149775
2.2197
2.241425
2.242825
2.271625
2.281425
2.3222
2.38765
2.453175
2.654375
2.657325
2.94175
2.986775
3.018225
3.030975
3.148375
3.272225
3.39285
3.39995
3.446375
3.4946
3.5
3.556325
3.570625
3.928375
4.187625
4.31545
4.37995
4.873075
4.965175
4.98465
5.4813
5.8197
6.154025
6.2385
6.269675
7.618425
7.656575
7.872
7.96765
8.029675
8.25865
8.4119
9.015575
9.13895
9.300575
9.512375
9.616775
115
