0.039225
0.05345
0.062275
0.12895
0.135275
0.143275
0.1449
0.15455
0.182575
0.21005
0.2174
0.22315
0.225025
0.240375
0.24155
0.26455
0.2854
0.31375
0.314775
0.323175
0.329425
0.34205
0.346125
0.384425
0.40075
0.415225
0.42885
0.440325
0.4774
0.477725
0.49545
0.500675
0.620525
0.62355
0.62945
0.63435
0.66665
0.750275
0.827525
0.914775
0.93315
0.969875
1.003475
1.0415
1.08885
1.116625
1.19795
1.254375
1.25745
1.25905
1.277675
1.28275
1.407575
1.45235
1.4969
1.512125
1.5283
1.564825
1.648625
1.676325
1.778925
1.7926
1.818
1.827275
1.883325
1.91345
2.04965
2.262525
2.267725
2.280775
2.34745
2.617725
2.621225
2.698475
2.6989
2.8151
2.8259
2.920875
3.010875
3.365425
3.416825
3.449
3.757725
3.8012
3.99675
4.078775
4.11695
4.1253
4.41385
4.420025
4.463025
4.881475
5.12315
5.42995
5.439775
5.45455
5.46335
5.632175
5.786575
5.920175
5.9808
6.042075
6.077525
6.136025
6.340425
6.595025
6.858275
7.117775
7.305
7.3635
7.476925
7.48165
7.634525
8.375575
8.429825
8.55585
8.55995
8.698325
8.753525
8.77095
9.02765
9.066075
9.269925
9.43995
9.828075
9.91
9.991625
127
