0.001
0.009275
0.019925
0.045175
0.04995
0.052475
0.08795
0.0998
0.13235
0.17265
0.205175
0.209175
0.2361
0.244725
0.25325
0.282125
0.2829
0.292
0.379075
0.3883
0.3886
0.443125
0.4449
0.454375
0.455325
0.467925
0.473575
0.509025
0.5091
0.5122
0.548075
0.555425
0.64065
0.646525
0.6482
0.662525
0.6671
0.702625
0.7256
0.7354
0.753025
0.825225
0.8376
0.872225
0.9151
0.996475
1.011475
1.013775
1.017475
1.046475
1.059625
1.061
1.0765
1.0809
1.15595
1.16355
1.164525
1.179675
1.265975
1.352
1.369575
1.395825
1.41355
1.46425
1.49425
1.49995
1.52705
1.596825
1.61315
1.713725
1.736
1.772
1.789
2.020175
2.03515
2.0947
2.13195
2.14565
2.1698
2.2105
2.302825
2.305975
2.3122
2.355475
2.4029
2.4387
2.48555
2.5023
2.530825
2.533875
2.55625
2.72375
2.86855
2.9275
3.013825
3.0274
3.11845
3.6621
3.68135
3.866925
3.9234
3.92455
4.03435
4.092775
4.62605
4.974125
5.17925
5.2203
5.4645
5.48115
5.499325
5.71905
5.809275
5.850575
6.05015
6.3463
6.3696
6.50955
7.732025
8.031175
8.14495
8.207525
8.34545
8.5282
8.641775
9.42555
9.5922
9.8009
128
