0.011875
0.047575
0.04915
0.0742
0.09015
0.090975
0.09325
0.09445
0.116025
0.11995
0.122475
0.15335
0.153775
0.16155
0.165025
0.2119
0.23855
0.2474
0.2505
0.252575
0.26405
0.266875
0.275175
0.27685
0.302175
0.32495
0.333525
0.450575
0.453075
0.462725
0.485775
0.4861
0.4979
0.50885
0.5231
0.531575
0.554425
0.612175
0.63025
0.678
0.706175
0.70635
0.753475
0.776925
0.87525
0.918825
0.92305
0.933675
0.979675
0.9836
1.0332
1.0464
1.06005
1.06595
1.118825
1.268425
1.2888
1.318325
1.37515
1.4046
1.4508
1.456075
1.487925
1.49325
1.57615
1.6122
1.61635
1.675075
1.719525
1.723725
1.7277
1.7544
1.75875
1.777325
1.80405
1.906075
1.931575
1.948125
1.98415
1.98785
1.996825
2.0009
2.02105
2.084775
2.09255
2.1078
2.138875
2.157325
2.164875
2.18305
2.254275
2.336975
2.44665
2.454525
2.526825
2.573275
2.582375
2.593075
2.622875
2.91265
2.996225
2.999525
3.0206
3.023175
3.105675
3.2141
3.386275
3.4763
3.48345
3.66405
3.80415
3.812275
3.87015
4.261875
4.35925
4.4912
5.10265
5.202825
5.2937
5.2951
5.35265
5.638075
5.653425
5.734225
5.969825
6.213875
6.2272
6.332825
6.815325
6.82125
6.83585
7.815025
8.678375
8.73955
9.47835
9.509575
9.671275
9.960325
138
