0.008225
0.017525
0.023825
0.025325
0.036825
0.046775
0.05525
0.0704
0.08655
0.091925
0.12425
0.139775
0.1409
0.142375
0.1438
0.169175
0.1719
0.179475
0.183875
0.221725
0.2245
0.2252
0.236175
0.3203
0.3362
0.39635
0.479175
0.50435
0.53065
0.53315
0.559925
0.571025
0.60885
0.618275
0.6566
0.661925
0.669625
0.68745
0.71255
0.732825
0.7527
0.75645
0.8542
0.979075
1.0302
1.101
1.126625
1.129025
1.17315
1.196825
1.28425
1.491975
1.505225
1.508225
1.5171
1.591775
1.59885
1.617025
1.68195
1.77355
1.805825
1.81385
1.924225
1.96985
1.981825
2.041
2.050675
2.12065
2.139025
2.177275
2.2918
2.34765
2.4117
2.489825
2.4952
2.760975
2.811975
2.8746
2.90565
2.91925
2.97355
3.1075
3.117375
3.14215
3.497625
3.5082
3.617525
3.65875
3.70535
3.788825
3.8126
3.84405
3.845475
3.9725
4.10435
4.185975
4.2757
4.289
4.36975
4.523675
4.9027
4.9413
5.100775
5.509275
5.752875
6.06445
6.230075
6.5898
6.6941
6.916875
7.033
7.133575
7.39315
8.22515
8.476325
9.2773
9.449275
9.679925
9.705325
9.86335
9.887275
121
