0.00035
0.00545
0.031725
0.0375
0.043375
0.04455
0.05265
0.08395
0.0899
0.0918
0.092175
0.0977
0.11345
0.125575
0.134275
0.146425
0.151425
0.155175
0.1683
0.17835
0.181825
0.23475
0.24535
0.24595
0.254725
0.277475
0.29565
0.2987
0.31275
0.35795
0.3626
0.378175
0.37875
0.402275
0.417875
0.423975
0.430025
0.43715
0.44205
0.55735
0.572375
0.5854
0.65315
0.657625
0.685025
0.702375
0.712175
0.7366
0.768625
0.774025
0.795425
0.8065
0.8292
0.853525
0.855475
0.910275
0.912175
0.950225
0.9677
0.983975
1.018475
1.02105
1.04325
1.043325
1.118225
1.130175
1.1448
1.312
1.3197
1.34955
1.369625
1.507175
1.585275
1.59115
1.726725
1.752225
1.823925
1.8347
1.87395
1.913075
1.948925
2.0183
2.0425
2.1142
2.2046
2.2544
2.280575
2.4314
2.553175
2.92955
3.00475
3.07275
3.167525
3.1853
3.2702
3.61885
3.7043
3.987875
4.037275
4.12055
4.2282
4.24575
4.395425
4.515575
4.71175
4.9131
4.945825
5.15625
5.193625
5.301575
5.53195
5.6195
5.875425
5.94655
6.382125
6.472825
6.7096
7.126225
7.226475
7.3252
7.990575
8.002775
8.189225
8.228225
8.23815
8.4904
8.751525
9.250075
9.802275
9.88945
130
