0.001225
0.023825
0.031225
0.0336
0.040125
0.06945
0.0742
0.08015
0.09275
0.101375
0.105475
0.1072
0.1579
0.1645
0.169225
0.2136
0.21385
0.224125
0.227675
0.2561
0.26135
0.268225
0.28955
0.30385
0.30855
0.32345
0.368175
0.386975
0.40415
0.419275
0.4468
0.4487
0.48145
0.504425
0.505675
0.51405
0.52225
0.55375
0.566975
0.571275
0.581
0.6279
0.649075
0.656525
0.711975
0.7317
0.780625
0.814525
0.81525
0.840825
0.9036
0.90815
0.953975
0.987875
1.007775
1.0661
1.083
1.217075
1.239925
1.25005
1.2993
1.352975
1.391175
1.466225
1.488475
1.52745
1.584125
1.587725
1.6078
1.766725
1.769575
1.7782
1.852575
1.892275
1.93535
1.95735
1.99315
2.03455
2.042175
2.049175
2.2445
2.323375
2.326775
2.42425
2.495275
2.588125
2.614125
2.701975
2.794075
2.8358
2.86135
2.90445
3.070725
3.3921
3.449975
3.510875
3.52375
3.598375
3.6766
3.70705
3.741475
3.8249
3.97435
4.1468
4.161475
4.3941
4.65015
4.6962
4.879025
4.891775
4.93215
5.2585
5.3477
5.381575
5.477225
5.67625
5.680375
5.726225
5.7492
5.9101
6.1776
6.2248
6.357575
6.608875
6.77935
7.04545
7.61225
7.61715
8.635025
9.0443
9.086725
9.590525
9.725975
9.8376
134
