0.010675
0.01505
0.031175
0.03395
0.038775
0.072
0.088375
0.10055
0.107875
0.1122
0.1492
0.167175
0.201775
0.239825
0.28385
0.285125
0.2877
0.305175
0.3116
0.317675
0.351225
0.385125
0.416375
0.424225
0.4409
0.463
0.47695
0.515775
0.564925
0.5713
0.57735
0.64575
0.650425
0.656825
0.6589
0.669375
0.672925
0.7196
0.735225
0.750575
0.761875
0.767375
0.775525
0.790675
0.807525
0.854925
1.00135
1.0113
1.0939
1.12155
1.123575
1.295525
1.3415
1.3527
1.40205
1.44045
1.464425
1.46705
1.468675
1.478175
1.6627
1.67835
1.940075
1.945475
2.08825
2.137425
2.14055
2.2061
2.2953
2.351675
2.354225
2.4945
2.540325
2.60635
2.621725
2.7191
2.764225
2.788575
2.79285
2.794125
2.808575
2.889925
3.0626
3.224325
3.3808
3.450425
3.4563
3.5741
3.587625
3.767775
3.769275
3.80695
3.88325
3.89325
3.94585
3.948075
4.029325
4.25315
4.303025
4.379225
4.524675
4.6891
5.354925
5.387625
5.42855
5.514675
5.543225
5.592525
6.1089
6.2648
6.38245
6.651275
6.926175
7.02775
8.56775
8.89195
8.9368
9.188575
9.8723
119
