0.008725
0.00915
0.0294
0.03685
0.0379
0.039925
0.0465
0.0493
0.053125
0.0549
0.0804
0.09725
0.100925
0.106575
0.1074
0.1312
0.1487
0.16995
0.1737
0.179375
0.18435
0.18965
0.21185
0.236925
0.295175
0.3213
0.352475
0.419225
0.423575
0.42545
0.44055
0.45855
0.490575
0.5076
0.585125
0.617175
0.61795
0.66485
0.66565
0.66615
0.6693
0.694525
0.718225
0.7229
0.7595
0.782875
0.82635
0.8772
0.881325
0.898575
0.908325
0.937975
0.95485
1.000375
1.018
1.02335
1.025175
1.0684
1.110625
1.1829
1.18355
1.2925
1.364975
1.432525
1.437225
1.4386
1.71305
1.8095
1.89595
2.026225
2.1883
2.20595
2.3199
2.3526
2.376525
2.4344
2.588125
2.6436
2.6471
2.675
2.680325
2.898025
2.922025
2.997925
3.0104
3.065725
3.107125
3.113325
3.194725
3.224125
3.551525
3.927625
3.977775
4.06815
4.124825
4.176
4.48625
5.163975
5.428375
5.839125
5.861925
5.9156
6.131375
6.2095
6.39945
7.32525
7.502625
7.858475
8.042125
8.0425
8.04475
8.136125
8.155525
8.484075
8.77985
9.00225
9.331125
117
