0.029225
0.07195
0.074675
0.08395
0.16405
0.16965
0.19705
0.2308
0.2351
0.2376
0.246625
0.248675
0.327725
0.334625
0.36835
0.368475
0.403825
0.460025
0.465025
0.466375
0.495825
0.49695
0.5479
0.642975
0.6442
0.6913
0.704925
0.732875
0.74285
0.80415
0.846275
0.88055
1.004075
1.0228
1.0318
1.05735
1.070025
1.09665
1.154675
1.159225
1.16035
1.2393
1.2778
1.30535
1.3142
1.316425
1.38735
1.392225
1.3955
1.4301
1.448975
1.5343
1.54335
1.57595
1.692725
1.7128
1.78715
1.791175
1.911475
2.101525
2.14535
2.160125
2.182575
2.348875
2.406975
2.6349
2.711875
2.864175
3.0712
3.18995
3.336775
3.442375
3.6096
3.610625
3.818575
4.113225
4.320975
4.595775
4.638375
4.995725
5.14735
5.33755
5.373125
5.5281
5.58595
5.5913
5.62935
5.859925
6.178825
6.304575
6.7199
6.849
6.87705
7.037275
7.435975
7.912075
7.963975
7.9822
8.38375
8.403925
8.42805
8.8611
102
