0.009025
0.038475
0.047275
0.051675
0.066675
0.07435
0.0809
0.083075
0.0926
0.1039
0.108825
0.109725
0.112475
0.120875
0.133225
0.141425
0.15885
0.1747
0.176475
0.180275
0.2014
0.204625
0.23765
0.2513
0.25605
0.257975
0.27625
0.282825
0.352225
0.358825
0.359925
0.374575
0.38395
0.40785
0.4245
0.42585
0.447275
0.4683
0.485625
0.4895
0.52525
0.573975
0.6287
0.636525
0.63695
0.658525
0.708275
0.74175
0.768275
0.772475
0.780025
0.88355
0.9355
1.0984
1.104925
1.1126
1.13275
1.1886
1.195
1.24085
1.24095
1.271825
1.2852
1.301675
1.368425
1.402425
1.521075
1.547
1.557975
1.5612
1.574075
1.629475
1.63525
1.6732
1.706425
1.7231
1.77045
2.013025
2.0171
2.078825
2.082375
2.1319
2.1885
2.191675
2.2468
2.31135
2.3297
2.434825
2.5381
2.879275
2.946775
2.9548
3.00385
3.013925
3.030675
3.045125
3.05515
3.269725
3.59635
3.73245
3.7413
3.8415
3.8911
4.0489
4.485225
4.553
4.5608
4.6817
4.816575
5.08585
5.384425
5.405525
5.518075
5.58495
5.805875
5.84405
5.862175
6.6735
6.781075
6.86155
7.0943
7.285975
7.32985
7.592275
8.068975
9.306925
9.44025
127
