0.005975
0.013
0.046825
0.0546
0.056275
0.075575
0.092
0.097975
0.11225
0.187225
0.194975
0.215675
0.224025
0.24215
0.24695
0.276925
0.2858
0.298425
0.303725
0.3308
0.342175
0.3966
0.40565
0.48435
0.5199
0.53935
0.5487
0.560825
0.583175
0.596175
0.600875
0.609725
0.614475
0.662
0.6669
0.6763
0.698425
0.7301
0.73885
0.7613
0.766375
0.79215
0.82015
0.917825
0.963625
1.00825
1.0262
1.0418
1.077675
1.090325
1.131925
1.1342
1.19845
1.22035
1.2233
1.296025
1.328275
1.43225
1.4405
1.5142
1.5437
1.578225
1.590925
1.6062
1.648
1.666275
1.683
1.711875
1.79795
1.9003
2.007725
2.0155
2.03085
2.062875
2.21415
2.247225
2.30275
2.34635
2.448325
2.451
2.472225
2.5591
2.5604
2.659425
2.69205
2.710025
2.769225
3.072
3.12665
3.500575
3.54315
3.68945
4.0274
4.085775
4.2939
4.39525
4.406275
4.428575
4.513175
4.617175
4.856175
5.042375
5.266175
5.48595
5.50445
5.810975
6.0142
6.090075
6.354375
6.70475
6.921025
7.3141
7.502825
8.028725
8.180225
8.32735
8.67015
9.168075
9.23745
9.351025
9.35665
9.994325
122
