0.0016
0.008125
0.055275
0.0568
0.06905
0.076875
0.084
0.103675
0.113775
0.163275
0.164275
0.1752
0.177825
0.1793
0.190625
0.20145
0.28395
0.302125
0.309825
0.3177
0.32745
0.328675
0.337875
0.3397
0.39785
0.4058
0.4085
0.4832
0.504525
0.540775
0.608075
0.629525
0.793425
0.794025
0.844875
0.9216
0.9584
1.000525
1.005175
1.00835
1.02965
1.081575
1.08175
1.085775
1.161875
1.34655
1.36175
1.374675
1.376425
1.385175
1.4319
1.479625
1.554425
1.5599
1.69375
1.719225
1.7472
1.7686
1.7809
1.8041
1.80415
1.910775
1.916475
1.986675
2.018775
2.10895
2.14065
2.236175
2.252425
2.273325
2.430225
2.643425
2.799175
2.81565
2.988475
3.1203
3.139725
3.1459
3.375025
3.3841
3.443725
3.64425
3.764
3.818575
3.9236
4.03945
4.15005
4.234475
4.33975
4.497075
4.50875
5.187075
5.262775
5.306925
5.474425
5.564575
5.667025
6.092575
6.582425
7.189275
7.450775
7.87935
7.952425
8.031
8.6879
8.806625
8.89385
8.9124
9.35055
9.61365
9.867625
111
