0.013325
0.029375
0.0339
0.04425
0.046775
0.050775
0.058825
0.063225
0.116325
0.1169
0.1254
0.130025
0.1404
0.1486
0.19385
0.214675
0.226525
0.228525
0.24005
0.29175
0.305775
0.321025
0.373725
0.379675
0.390375
0.46835
0.483925
0.513575
0.5391
0.556625
0.57475
0.588575
0.589425
0.61955
0.649525
0.656825
0.670175
0.719125
0.735525
0.83425
0.83845
0.86275
0.9593
1.032725
1.043425
1.083825
1.159525
1.17065
1.1852
1.202825
1.225675
1.285375
1.3158
1.324175
1.4011
1.45305
1.56155
1.5947
1.598525
1.599825
1.6383
1.7539
1.8276
1.968025
2.026025
2.051075
2.12795
2.128925
2.184925
2.194675
2.344175
2.5534
2.5589
2.614725
2.626875
2.739625
2.818875
2.965725
3.086625
3.096675
3.27095
3.3531
3.44445
3.7538
4.387175
4.416525
4.62895
4.7202
4.8248
5.028725
5.0618
5.09005
5.1412
5.245575
5.581425
5.587975
5.66615
5.720275
5.778775
6.005675
6.708375
7.37025
7.58215
7.70305
7.80115
8.430825
9.1448
9.182425
9.223425
9.27335
9.45055
9.537
9.7934
113
