0.0152
0.021125
0.0306
0.044025
0.054225
0.058975
0.05945
0.07985
0.0831
0.096925
0.107975
0.112775
0.137575
0.1554
0.181025
0.2133
0.21555
0.223325
0.229425
0.2594
0.2738
0.3045
0.31365
0.3241
0.3407
0.382225
0.38575
0.42065
0.435075
0.454825
0.5093
0.520025
0.537875
0.59085
0.655425
0.6606
0.67475
0.73145
0.78115
0.795425
0.810325
0.82575
0.84415
0.867625
0.873425
0.902725
0.909325
0.931375
0.932925
0.947575
1.0039
1.019725
1.0482
1.0667
1.0718
1.077425
1.09845
1.11495
1.20565
1.230075
1.359425
1.47585
1.538175
1.58335
1.743525
1.767275
1.847775
2.011475
2.09525
2.37975
2.416925
2.6361
2.693425
2.7227
2.878125
3.03075
3.179875
3.261175
3.284525
3.287125
3.2965
3.366175
3.541025
3.8074
3.9032
3.91305
3.957875
4.02795
4.1685
4.2472
4.27005
4.339225
4.6009
5.082275
5.31185
5.36515
5.391575
5.628475
5.91785
6.283025
6.537325
6.605475
7.3183
7.344075
7.4198
7.85495
8.28665
8.29915
8.447775
8.57995
9.0074
9.15165
112
