0.002725
0.035725
0.06415
0.0711
0.09095
0.0993
0.102575
0.1093
0.113625
0.131975
0.1481
0.148175
0.16455
0.172275
0.21425
0.23685
0.2465
0.261775
0.2744
0.27695
0.306125
0.31225
0.3194
0.3376
0.346075
0.35005
0.3644
0.387625
0.480725
0.50755
0.5139
0.514525
0.5544
0.554725
0.627375
0.682525
0.696175
0.7312
0.74895
0.761775
0.764075
0.7686
0.82145
0.825675
0.8363
0.8706
0.905075
0.928475
0.9286
0.964975
1.0048
1.00535
1.082
1.104025
1.123525
1.17155
1.21035
1.271
1.2999
1.332325
1.3478
1.34975
1.3596
1.36695
1.445025
1.447025
1.584
1.63485
1.646
1.68775
1.750625
1.8036
1.9947
2.005175
2.013375
2.0369
2.03905
2.04305
2.071625
2.1861
2.38875
2.571075
2.615425
2.653925
2.69265
2.8037
2.863625
2.9978
3.107575
3.22645
3.2989
3.33145
3.355
3.4482
3.449425
3.51275
3.812925
4.077975
4.20595
4.2155
4.4957
4.526425
4.558625
5.831025
5.841325
6.529225
7.6834
7.9222
7.9853
8.12515
8.346325
8.5063
8.81285
8.895575
9.073525
9.658425
9.76015
9.81355
118
