0.0204
0.02945
0.0336
0.06205
0.068475
0.0701
0.07325
0.074325
0.076225
0.09695
0.1154
0.169625
0.17055
0.176775
0.21135
0.230475
0.23285
0.243175
0.2517
0.28245
0.285525
0.286075
0.3072
0.3397
0.348875
0.3606
0.375925
0.379625
0.383675
0.393225
0.400225
0.453175
0.454025
0.531225
0.558675
0.599225
0.66765
0.772075
0.83585
0.8472
0.951425
0.958925
0.96375
0.98835
1.054725
1.0653
1.07045
1.21845
1.254175
1.257625
1.2937
1.316875
1.417625
1.4421
1.501575
1.51235
1.537025
1.577525
1.59135
1.61685
1.6337
1.684575
1.69
1.71945
1.7246
1.733425
1.76645
1.8165
1.82915
1.958825
2.00535
2.06955
2.13965
2.229475
2.2432
2.363325
2.408125
2.706375
2.799625
2.830675
2.968275
3.041075
3.11655
3.128575
3.16485
3.198025
3.347575
3.4434
3.503275
3.521075
3.78175
3.86525
3.955975
3.99015
4.3368
4.35655
4.5256
5.0861
5.13045
5.2348
5.36805
5.6039
5.718625
5.78405
6.25485
7.316525
7.3959
7.431125
7.55915
8.40015
8.5317
8.559
8.682725
8.689475
8.931475
9.047675
9.179825
9.205575
9.341425
9.887225
9.95075
121
