0.0062
0.01725
0.0198
0.0286
0.029275
0.031025
0.038125
0.041425
0.061075
0.091125
0.105725
0.1357
0.137825
0.14365
0.156775
0.1642
0.18805
0.212025
0.2166
0.234325
0.235375
0.2395
0.280825
0.3216
0.34015
0.3836
0.38495
0.39975
0.4267
0.44425
0.44975
0.48785
0.50165
0.513375
0.5272
0.54995
0.565725
0.61775
0.6252
0.6272
0.635025
0.64965
0.6803
0.756025
0.784875
0.82835
0.832675
0.868775
0.949275
1.0087
1.038275
1.123325
1.124925
1.146875
1.16415
1.16615
1.194025
1.2053
1.24815
1.277975
1.382275
1.388475
1.4006
1.406775
1.419075
1.4257
1.45455
1.469
1.538425
1.796075
1.8022
1.872075
1.887175
1.90185
1.91545
1.9244
1.987125
2.060175
2.272025
2.32515
2.37545
2.379875
2.639675
2.697375
2.898625
2.962
2.99425
3.024625
3.11165
3.218075
3.2201
3.23095
3.2328
4.012025
4.050125
4.071075
4.081325
4.093825
4.182825
4.221625
4.29585
4.3247
4.52805
4.565075
4.8236
4.998775
5.169375
5.231975
5.357325
5.9382
6.030925
6.215175
6.271625
6.3571
6.562
7.22155
7.556075
7.693775
8.121075
8.326375
8.416275
8.587975
8.786675
9.03745
9.907575
125
