0.016
0.018575
0.0241
0.028
0.0293
0.0387
0.04155
0.047725
0.049175
0.0526
0.08545
0.091725
0.097025
0.098
0.11335
0.1391
0.150075
0.1513
0.177225
0.19025
0.19735
0.2074
0.212025
0.220825
0.22555
0.237925
0.26615
0.273275
0.282225
0.2952
0.29875
0.311725
0.33365
0.3428
0.36495
0.37155
0.37315
0.3744
0.389825
0.4143
0.426325
0.46325
0.46615
0.5031
0.52265
0.54455
0.576125
0.6258
0.65375
0.6667
0.6681
0.686
0.705475
0.82095
0.8232
0.8504
0.880825
0.89335
0.942275
0.954025
1.02805
1.0599
1.09835
1.149675
1.183875
1.215125
1.2182
1.243925
1.247725
1.251375
1.362625
1.3901
1.514525
1.532425
1.5469
1.64315
1.702425
1.7201
1.728475
1.899725
1.956175
2.30775
2.312575
2.4051
2.4876
2.49565
2.58245
2.678775
2.701925
2.86435
3.1115
3.254725
3.30245
3.353225
3.411225
3.902225
4.08515
4.146225
4.314225
4.3571
4.529825
4.952075
4.99625
5.255225
5.431375
5.54905
5.9213
6.161175
6.1935
6.4029
6.424275
6.608125
6.6418
6.754275
6.7711
7.099325
7.329675
7.709075
7.9669
7.995075
8.829
8.843675
9.342725
9.524725
9.84215
125
