0.0149
0.032925
0.0404
0.043875
0.054575
0.067975
0.11595
0.116375
0.1213
0.12855
0.1564
0.157425
0.163725
0.18335
0.192925
0.1951
0.203175
0.210225
0.2106
0.219175
0.232575
0.3245
0.33155
0.398725
0.399675
0.474
0.477525
0.481875
0.484925
0.578425
0.6217
0.628975
0.6503
0.6826
0.696825
0.7174
0.79625
0.800325
0.81725
0.84535
0.852675
0.94365
0.96625
0.981425
1.0244
1.107825
1.107875
1.10855
1.14905
1.222675
1.25475
1.28885
1.37855
1.395725
1.405125
1.452125
1.507075
1.6096
1.6215
1.6559
1.658325
1.8228
1.8282
1.828475
1.8671
1.88805
1.9805
1.9966
2.001225
2.0093
2.07565
2.132075
2.205175
2.3398
2.35095
2.3598
2.360575
2.3819
2.428625
2.4531
2.49855
2.62585
2.67975
2.85395
2.911275
2.927425
2.931675
2.967075
3.3667
3.380575
3.441125
3.627425
3.647275
3.667725
3.683275
3.837575
3.99445
4.0713
4.426525
4.548025
4.55345
4.617975
4.99235
5.2989
5.584725
5.80255
5.8116
6.3367
6.70135
6.78675
6.977775
7.268975
7.343075
7.829
7.9424
8.1115
8.328175
8.3449
9.1414
9.337425
9.509775
9.515875
122
