0.01535
0.0261
0.03255
0.073325
0.097425
0.119575
0.124475
0.1652
0.2101
0.22155
0.225025
0.243125
0.245325
0.247975
0.2504
0.312875
0.3217
0.333275
0.342775
0.3645
0.403475
0.40415
0.40685
0.434425
0.482325
0.4885
0.5004
0.5051
0.575
0.581175
0.59705
0.62055
0.65805
0.68675
0.69155
0.77075
0.779625
0.78565
0.8377
0.838725
0.916625
0.961475
1.00525
1.046975
1.074325
1.22705
1.237925
1.258575
1.2864
1.397525
1.405375
1.4299
1.4672
1.478475
1.504425
1.50845
1.5106
1.512625
1.53085
1.596725
1.6398
1.7509
1.8062
1.8262
1.93395
2.0516
2.11895
2.150475
2.17385
2.186875
2.234375
2.235025
2.39255
2.39955
2.461275
2.5276
2.588575
2.59115
2.96605
3.1202
3.195125
3.2091
3.219625
3.347775
3.43215
3.796775
4.1925
4.295725
4.610425
4.685025
4.748325
4.799525
4.853375
5.032
5.240025
5.27825
6.11955
6.156475
6.26205
6.327575
6.3712
6.503375
6.656475
6.99465
7.4258
7.775325
8.269
8.306875
8.46865
8.621875
9.003275
9.06935
9.65235
113
