0.005775
0.01145
0.0133
0.013325
0.0183
0.0219
0.025175
0.0511
0.079175
0.0859
0.091875
0.0973
0.09865
0.114525
0.12295
0.1266
0.164925
0.165275
0.16965
0.20955
0.2261
0.241
0.241425
0.255525
0.272675
0.2756
0.280975
0.30175
0.309375
0.323425
0.3238
0.353075
0.367525
0.37895
0.395025
0.399725
0.424075
0.448175
0.52055
0.521375
0.564775
0.5769
0.60715
0.668475
0.675875
0.6871
0.6988
0.720675
0.73125
0.763475
0.77705
0.79015
0.8089
0.893675
1.0641
1.095025
1.1148
1.1225
1.123625
1.138075
1.28295
1.3676
1.37365
1.376525
1.38905
1.440275
1.5674
1.572625
1.610675
1.668125
1.8355
1.859425
1.9942
2.036425
2.11785
2.144375
2.147
2.56745
2.57765
2.641725
2.7851
3.0566
3.200925
3.235925
3.252275
3.3036
3.69535
3.885125
3.951275
3.9594
4.245375
4.260475
4.26975
4.705425
4.760725
4.95785
4.9732
5.19645
5.40295
5.480875
5.628825
6.0529
6.28645
6.599275
6.837825
6.84665
6.89265
6.98065
7.510425
7.71175
7.804825
7.882925
7.9593
9.34205
9.5798
9.887775
116
