0.001275
0.00575
0.008025
0.017925
0.024375
0.02845
0.04865
0.060225
0.06975
0.07285
0.074
0.07495
0.082525
0.0887
0.095325
0.10305
0.110925
0.111425
0.142225
0.15355
0.161775
0.164725
0.16905
0.1691
0.17225
0.17755
0.1787
0.193
0.2007
0.201425
0.207325
0.20805
0.227225
0.25955
0.266225
0.271175
0.29715
0.307025
0.326175
0.360575
0.414975
0.51535
0.529625
0.5356
0.5992
0.606025
0.616425
0.65825
0.6779
0.718175
0.811775
0.82595
0.8525
0.94595
0.946175
0.950175
1.004625
1.017025
1.078675
1.07975
1.0878
1.133625
1.13775
1.161825
1.183575
1.20285
1.228025
1.22925
1.320025
1.33985
1.369825
1.45985
1.50935
1.5596
1.636475
1.652025
1.68835
1.784525
1.8475
1.922
2.08325
2.09955
2.10335
2.235125
2.314375
2.46045
2.46585
2.4797
2.557925
2.565575
2.59315
2.630075
2.64045
2.6541
2.81645
2.855
2.87245
2.95665
2.967625
2.974475
3.0279
3.188875
3.37765
3.457425
3.562325
3.77715
3.780225
3.815725
3.90115
4.03785
4.082875
4.084325
4.22625
4.32625
4.540125
4.77295
4.812
4.984875
5.035375
5.63815
5.69955
6.21855
6.347675
6.84595
6.897225
6.9313
7.0293
7.160875
7.454725
7.5727
7.576775
7.587175
8.1445
8.2994
8.540575
8.62945
8.7425
8.78335
9.369
9.572325
9.928425
141
