0.0292
0.031
0.0332
0.03505
0.04015
0.04735
0.061175
0.09775
0.101025
0.1066
0.121225
0.136725
0.1736
0.17525
0.213625
0.216375
0.2324
0.23305
0.300425
0.304325
0.31165
0.3261
0.3277
0.3289
0.3367
0.3408
0.351875
0.357025
0.40125
0.4081
0.4114
0.4412
0.4492
0.463325
0.466725
0.547275
0.57275
0.580075
0.66445
0.671225
0.70845
0.73275
0.737225
0.74855
0.785075
0.812475
0.97125
0.995575
1.02115
1.029975
1.037625
1.05925
1.073775
1.116975
1.22125
1.2319
1.2343
1.250925
1.3067
1.314975
1.35355
1.412425
1.45145
1.4856
1.520125
1.529275
1.596975
1.62775
1.632475
1.635
1.6782
1.725075
1.72735
1.740325
1.742625
1.892125
2.040825
2.04555
2.2318
2.367175
2.40895
2.417925
2.4601
2.4666
2.488425
2.514675
2.59775
2.710625
2.8176
2.83005
2.872225
2.9382
3.002725
3.296375
3.3106
3.6054
3.870625
4.085375
4.0888
4.253625
4.264
4.453175
4.61645
4.742725
4.815975
5.11725
5.31165
5.350825
5.888325
6.272175
6.7261
7.051575
7.1877
7.19885
7.719
7.8245
7.936075
8.0617
8.1835
8.375
8.896075
8.929475
9.013375
9.4967
9.82125
9.8289
126
