0.001275
0.018275
0.0186
0.04745
0.0719
0.0865
0.09175
0.0946
0.136375
0.140075
0.149425
0.175375
0.18745
0.18915
0.19545
0.203175
0.205
0.224975
0.248975
0.254525
0.255975
0.25895
0.29995
0.300775
0.302575
0.32175
0.3437
0.38985
0.40415
0.40665
0.40765
0.428725
0.445625
0.445775
0.475625
0.548725
0.564825
0.57395
0.585425
0.637975
0.63965
0.654425
0.6556
0.670725
0.7298
0.753325
0.756425
0.774125
0.791125
0.851825
0.861775
0.87515
0.894925
0.939425
0.9549
0.9618
0.966775
0.976175
1.019175
1.019725
1.048525
1.096
1.114275
1.144075
1.167475
1.1965
1.199225
1.24835
1.4068
1.45565
1.487925
1.4981
1.499125
1.5037
1.52375
1.595275
1.635775
1.64815
1.650425
1.799225
1.8245
1.881975
1.891725
1.90155
1.91455
1.92685
1.93725
2.04255
2.0854
2.100225
2.139275
2.19275
2.245725
2.26295
2.306175
2.49405
2.5199
2.5637
2.5688
2.610325
2.66175
2.7425
2.755
2.761475
2.78445
2.988125
3.028375
3.029375
3.092325
3.13445
3.2075
3.451375
3.58205
3.66865
3.7208
3.83795
3.939925
4.03055
4.22715
4.2325
4.380025
4.556275
4.8209
4.925925
5.042875
5.05695
5.21565
5.611775
6.748525
6.8339
7.154775
7.7374
7.99575
8.801375
8.831725
8.933525
9.072225
9.653575
9.758575
9.96145
9.997075
141
