0.1096
0.110575
0.1155
0.116475
0.1208
0.136925
0.16045
0.16425
0.168025
0.181375
0.185
0.19795
0.2024
0.2202
0.220375
0.222425
0.22295
0.242175
0.249275
0.263475
0.28385
0.2898
0.3306
0.3378
0.34215
0.37595
0.394925
0.39825
0.39945
0.419
0.4446
0.44935
0.49695
0.53405
0.5362
0.552975
0.5973
0.603675
0.612225
0.644475
0.66425
0.678725
0.68655
0.719625
0.7437
0.7982
0.840975
0.868775
0.87475
0.9003
0.9325
0.992175
1.005175
1.0086
1.02415
1.0607
1.078175
1.114275
1.119875
1.126575
1.127125
1.15945
1.196975
1.231875
1.2513
1.254425
1.2646
1.380675
1.3913
1.40215
1.455825
1.581025
1.645625
1.719275
1.80355
1.84925
1.94585
2.031825
2.037525
2.0414
2.11395
2.361625
2.41185
2.43025
2.457525
2.4752
2.52885
2.595075
2.608775
2.613125
2.672425
2.7861
2.9317
2.9991
3.0319
3.2277
3.486925
3.489825
3.586325
3.6518
3.8553
3.8618
3.93815
3.97185
4.0058
4.59885
4.982175
5.1962
5.508575
5.630375
5.848875
6.216825
6.28305
6.357925
6.361
6.4392
6.69245
6.834175
7.02245
7.4331
8.027375
8.316525
8.5321
8.56855
8.830075
8.901075
9.07865
9.3404
9.420525
129
