0.0012
0.02875
0.0295
0.031725
0.0679
0.08295
0.0846
0.0904
0.100025
0.10545
0.10655
0.137775
0.1468
0.14895
0.161775
0.178975
0.1893
0.19075
0.193925
0.203725
0.224925
0.2658
0.284875
0.30145
0.3196
0.341525
0.362
0.37765
0.387175
0.4023
0.4229
0.42465
0.427475
0.42785
0.432975
0.45905
0.48965
0.4901
0.49895
0.499575
0.54995
0.6608
0.772525
0.87375
0.8979
0.905525
0.9543
0.9837
1.0139
1.033375
1.05925
1.12175
1.1367
1.2008
1.2056
1.20885
1.214125
1.303875
1.31205
1.3923
1.42455
1.447
1.507775
1.596375
1.7869
1.86825
1.8742
1.899825
1.942625
1.961425
2.11975
2.182075
2.2365
2.29155
2.338875
2.638425
2.64635
2.8288
2.8504
2.8536
2.989625
3.073525
3.0929
3.228675
3.570875
3.683675
3.8562
4.027625
4.188625
4.36065
4.7686
4.769125
4.7858
4.84925
4.874075
5.118175
5.142525
5.196725
5.22335
5.871425
6.01115
6.1155
6.268325
6.351775
7.03365
7.49645
7.717275
7.9107
7.9286
7.9387
7.9813
8.251325
8.751325
8.843425
9.6225
9.9331
116
