0.0218
0.0226
0.035125
0.0445
0.057625
0.058875
0.08675
0.157675
0.15825
0.16075
0.163325
0.16925
0.1813
0.205875
0.218125
0.218225
0.253
0.287175
0.29105
0.317125
0.33985
0.343925
0.3495
0.362425
0.37575
0.445525
0.456125
0.4674
0.481925
0.516525
0.5307
0.551475
0.56005
0.576975
0.589075
0.623975
0.6871
0.69305
0.72885
0.74735
0.77
0.790875
0.795425
0.8231
0.83145
0.890225
0.9093
1.040175
1.047075
1.080675
1.1656
1.192725
1.199975
1.239475
1.268775
1.294375
1.298375
1.386125
1.4621
1.48405
1.484825
1.625475
1.646075
1.68035
1.758475
1.8624
1.878725
1.962375
1.9808
2.0411
2.1007
2.156975
2.209725
2.3031
2.3548
2.4391
2.458525
2.4614
2.655875
2.67225
2.72825
2.7779
2.801525
2.8306
2.86235
2.8628
2.8857
3.163825
3.168325
3.240725
3.303775
3.345725
3.386675
3.45735
3.56525
3.589525
3.605925
3.635575
3.650875
3.75955
4.105975
4.139325
4.162025
4.28015
4.553675
4.67345
4.972425
5.24985
5.34865
5.3675
5.372675
5.48305
5.834425
6.10045
6.3559
6.42825
6.568075
6.66375
7.3058
7.46985
7.859775
8.04895
8.4854
8.68165
8.79485
8.88195
9.152925
9.702025
128
