0.003225
0.005925
0.01275
0.03695
0.039175
0.060075
0.08825
0.09615
0.10005
0.113425
0.11855
0.11975
0.139225
0.164275
0.17835
0.183875
0.2057
0.218725
0.25015
0.256875
0.27105
0.282125
0.319475
0.32705
0.33695
0.380075
0.3917
0.401225
0.401375
0.4066
0.47675
0.483075
0.4895
0.4939
0.50245
0.5032
0.505575
0.522025
0.5403
0.6009
0.6224
0.623675
0.63705
0.692725
0.760575
0.776375
0.83575
0.838975
0.844425
0.8484
0.870125
0.910275
1.02325
1.0331
1.044125
1.048625
1.057425
1.073125
1.1592
1.187025
1.19565
1.2846
1.292075
1.359475
1.470325
1.498125
1.5226
1.529425
1.65515
1.680225
1.7062
1.956425
1.962525
1.98755
2.23505
2.271775
2.27555
2.301575
2.346475
2.368575
2.395275
2.4129
2.468025
2.4985
2.50695
2.5648
2.6003
2.7248
2.727125
2.817325
2.842125
2.86215
2.9869
3.084225
3.196975
3.254475
3.2704
3.356575
3.45015
3.50885
3.5747
3.59225
3.822975
3.934975
3.99045
4.083575
4.1192
4.348225
4.62645
4.724075
4.794475
5.1067
5.1672
5.350525
5.372
5.65805
5.690175
5.8255
6.229725
6.319
6.788175
7.018525
7.0857
7.15545
7.206525
7.4105
7.41825
7.679
8.23785
8.4496
8.56045
9.57625
132
