0.0011
0.002225
0.016125
0.024675
0.032225
0.0326
0.03425
0.04345
0.0606
0.06245
0.068825
0.070525
0.073825
0.118825
0.121975
0.124
0.137325
0.15045
0.1611
0.228375
0.231
0.269125
0.273675
0.2789
0.296625
0.333925
0.33835
0.351875
0.381725
0.398675
0.41195
0.429475
0.455925
0.467325
0.4812
0.57115
0.5815
0.594075
0.694925
0.7006
0.72425
0.7293
0.748625
0.7719
0.772625
0.868875
0.898175
0.89875
1.0059
1.0079
1.031025
1.045525
1.066975
1.1037
1.1738
1.2161
1.226775
1.26725
1.290525
1.324575
1.3487
1.381825
1.4666
1.520825
1.582475
1.6304
1.7722
1.830775
1.8376
1.937575
2.07065
2.0878
2.092325
2.135525
2.190825
2.199875
2.20515
2.275575
2.284675
2.363
2.376825
2.4035
2.4537
2.584925
2.6141
2.702775
2.801875
2.86645
2.91535
2.959425
3.036975
3.086225
3.1212
3.459025
3.4916
3.5196
3.5321
3.775025
3.9436
3.985975
4.143625
4.2862
4.32135
4.46645
4.68375
4.832875
4.97725
4.982675
5.034475
5.13285
5.187425
5.46865
5.731325
6.21785
6.29785
6.84205
6.853025
6.9161
6.93535
7.05435
7.203675
7.237375
7.3161
7.37365
7.532775
7.939825
7.949225
8.187175
8.5223
8.743475
8.86195
8.89035
9.145475
9.879925
134
