0.015125
0.025675
0.039375
0.05085
0.05365
0.064825
0.065325
0.0655
0.08805
0.151375
0.15915
0.160175
0.196275
0.207425
0.208
0.219925
0.22985
0.2395
0.26495
0.289525
0.290425
0.303375
0.311875
0.31255
0.31665
0.31965
0.322525
0.32975
0.34715
0.385525
0.39485
0.40875
0.433375
0.4495
0.45715
0.470225
0.473275
0.49065
0.49115
0.5025
0.504175
0.561725
0.5825
0.593175
0.610375
0.619575
0.633375
0.65975
0.7752
0.778
0.8013
0.823325
0.839525
0.842675
0.86855
0.869725
0.93775
0.9872
1.04825
1.068575
1.09275
1.110675
1.111675
1.141625
1.143625
1.16695
1.178575
1.1812
1.217375
1.27855
1.38905
1.4198
1.437925
1.49475
1.51975
1.600475
1.69695
1.79345
1.80065
1.83675
1.852125
1.877625
1.886675
1.9237
1.9855
2.028675
2.05075
2.08085
2.08645
2.17495
2.1836
2.203225
2.212375
2.368725
2.37025
2.39065
2.469975
2.4941
2.56535
2.6264
2.762875
2.875725
3.080425
3.133775
3.1356
3.147325
3.162625
3.1937
3.24385
3.299925
3.401175
3.504075
3.7892
3.841725
3.993775
4.00015
4.050175
4.14155
4.155075
4.30485
4.57155
4.59625
4.701
5.2961
5.68545
5.7366
5.793025
5.86565
5.938425
6.3877
6.474825
6.701475
6.702875
6.9137
7.09385
7.151125
7.27385
7.282475
7.78865
7.942225
7.957775
8.015225
8.075625
8.249925
9.605675
9.79565
9.938875
9.9675
9.976875
149
