0.009525
0.02415
0.0376
0.09435
0.102375
0.126325
0.139125
0.147125
0.1489
0.183675
0.20315
0.22295
0.232075
0.2782
0.289975
0.30235
0.303025
0.314575
0.328275
0.361375
0.3716
0.3751
0.4218
0.446825
0.480125
0.50655
0.5182
0.53705
0.538575
0.56145
0.5742
0.577475
0.582725
0.6007
0.61915
0.652575
0.759675
0.855525
0.90925
0.9697
1.10545
1.11025
1.178425
1.190225
1.226725
1.2433
1.323575
1.344175
1.377825
1.4203
1.541925
1.5886
1.608175
1.731675
1.814325
1.864525
1.8733
1.885275
1.889775
1.949375
1.9867
2.063375
2.094225
2.13975
2.18555
2.19845
2.24955
2.28565
2.307425
2.3531
2.480075
2.6435
2.69145
2.71635
2.725425
2.78095
2.8415
2.94645
2.96975
2.988775
2.993
3.010625
3.0162
3.2797
3.3024
3.383475
3.524525
3.5572
3.64445
3.7952
3.820975
3.9068
3.949925
3.978225
4.0489
4.11385
4.12095
4.600075
4.6834
4.69125
4.713075
5.062125
5.227125
5.440025
6.355825
6.38955
6.51345
6.848675
7.16425
7.406275
7.791675
7.877375
8.09485
8.307125
9.32835
115
