0.023025
0.0258
0.026375
0.043675
0.06475
0.072625
0.0793
0.0817
0.09735
0.106025
0.106875
0.1355
0.147725
0.194875
0.194925
0.196425
0.21815
0.2277
0.2365
0.238425
0.279625
0.285725
0.291925
0.292
0.3016
0.3088
0.3141
0.32395
0.3437
0.384325
0.4194
0.474975
0.512925
0.51405
0.653475
0.690125
0.726125
0.7281
0.736375
0.76025
0.774475
0.908125
1.01915
1.035325
1.0458
1.07825
1.08035
1.110625
1.122725
1.202825
1.30395
1.3202
1.3228
1.379775
1.4106
1.430675
1.500025
1.607275
1.644
1.67475
1.69105
1.7184
1.74865
1.8122
1.86125
1.8712
1.94605
2.090175
2.14375
2.166175
2.3881
2.526125
2.5647
2.6304
2.678775
2.703425
2.748075
2.8072
2.827225
2.827425
2.8321
3.119
3.299675
3.427175
3.475725
3.5268
3.908725
4.0513
4.177075
4.268775
4.29845
4.31705
4.366
4.395775
4.41605
5.1099
5.190925
5.230225
5.336225
5.4756
5.494525
5.534225
5.67955
5.717725
6.105
6.278625
6.52615
6.8571
7.199825
8.105025
8.11215
8.1278
8.12825
8.19315
8.210975
8.244925
8.876
9.131475
9.490625
119
