0.01085
0.016775
0.0254
0.028925
0.038075
0.053725
0.05555
0.06125
0.066875
0.073725
0.0788
0.0959
0.100975
0.10485
0.1093
0.11525
0.15335
0.183
0.186375
0.2059
0.234125
0.236275
0.245825
0.249775
0.26675
0.26785
0.318325
0.3195
0.31955
0.34835
0.3542
0.430975
0.4495
0.46705
0.4728
0.519475
0.54535
0.562025
0.579725
0.5853
0.630725
0.634225
0.6403
0.656525
0.65985
0.660925
0.710275
0.712175
0.742825
0.754275
0.76425
0.771475
0.792475
0.797575
0.79915
0.83995
0.863775
0.932175
0.9475
0.957925
1.014275
1.016875
1.05065
1.055075
1.102675
1.10315
1.196575
1.201025
1.25345
1.276575
1.34285
1.3574
1.37415
1.418925
1.4381
1.4622
1.480575
1.5709
1.5795
1.58405
1.617775
1.639125
1.67275
1.872025
1.896125
1.90055
1.97315
2.026975
2.0292
2.18805
2.235875
2.27675
2.3213
2.32725
2.3301
2.48365
2.52215
2.52445
2.658
2.7103
2.713275
2.750175
2.849
2.8769
3.03375
3.330125
3.609675
3.973175
4.196925
4.2479
4.313
4.4328
4.622225
4.650275
5.09535
5.13305
5.141
5.238
5.670825
5.8503
5.8535
5.95335
6.13735
6.381425
6.4108
7.7572
7.989525
8.1175
8.4689
8.4891
8.658075
8.824425
9.263375
9.40665
9.49185
9.79215
9.992825
137
