0.003025
0.017975
0.019425
0.03565
0.060975
0.0959
0.097925
0.115675
0.119975
0.142275
0.1499
0.162525
0.169225
0.17625
0.2048
0.2178
0.225025
0.256725
0.26365
0.271175
0.2813
0.327575
0.339175
0.430725
0.4431
0.443325
0.47785
0.508575
0.5303
0.6428
0.64515
0.748525
0.763925
0.820175
0.825325
0.835175
0.84095
0.902425
0.94335
0.94435
0.95715
1.01025
1.0135
1.036525
1.081525
1.1344
1.2053
1.282975
1.2832
1.28345
1.31095
1.3557
1.3718
1.516675
1.547325
1.65935
1.786775
1.793475
1.798025
1.91985
1.9295
1.9528
1.97245
2.03515
2.03795
2.08635
2.14035
2.1721
2.199875
2.3132
2.554175
2.66305
2.705125
2.74485
2.75255
2.84755
2.8481
2.87755
2.946725
2.99245
2.99505
3.07715
3.166175
3.294625
3.499475
3.815575
3.8499
4.1841
4.28665
4.40245
4.571775
4.5866
4.628625
4.70675
4.806825
4.9159
5.08475
5.120175
5.167675
5.4622
5.492575
5.53115
5.66345
5.732925
6.262725
6.45955
6.597125
6.722925
6.8639
7.047975
7.318725
7.74425
8.095375
9.49665
9.9369
115
