0.004575
0.004625
0.0109
0.02155
0.023
0.0312
0.03245
0.099025
0.1302
0.134325
0.1975
0.22535
0.2413
0.2471
0.2558
0.2679
0.268175
0.279975
0.281525
0.310025
0.3828
0.383475
0.4349
0.44145
0.44685
0.457475
0.460925
0.480475
0.527575
0.545375
0.59625
0.61305
0.6171
0.661725
0.697425
0.785325
0.804825
0.806375
0.839375
0.8496
0.8576
0.862825
0.87555
0.9477
1.0003
1.003325
1.02095
1.022125
1.031625
1.0547
1.07835
1.095
1.1417
1.21555
1.29795
1.371925
1.3878
1.39125
1.441725
1.498525
1.5535
1.595825
1.615475
1.620025
1.6451
1.671175
1.68295
1.694775
1.718575
1.7542
1.8188
1.8553
1.8835
1.9036
1.91285
1.92855
1.964425
2.0027
2.030225
2.10915
2.185825
2.222775
2.2377
2.248125
2.263125
2.291075
2.324525
2.365325
2.44925
2.483325
2.498725
2.5286
2.596925
2.713275
2.739075
2.76385
2.87515
2.95645
2.958975
3.027125
3.061775
3.139175
3.164325
3.61535
3.7583
3.97885
4.200275
4.20085
4.546775
4.70105
4.888375
4.952975
5.068425
5.25375
5.303175
5.53155
5.766525
5.905325
6.173525
6.497025
6.57955
6.9344
7.230875
7.2765
7.426175
7.9024
7.9731
8.015375
8.20355
8.236175
8.32885
8.367425
8.414875
8.493625
8.8487
9.263625
9.553
9.743225
9.843475
139
