0.050175
0.058825
0.060125
0.08515
0.094525
0.097175
0.10475
0.1118
0.114375
0.13245
0.133425
0.1454
0.17695
0.1946
0.214525
0.2198
0.234825
0.243675
0.260625
0.273475
0.2739
0.277725
0.2903
0.299725
0.30335
0.33565
0.349
0.385475
0.403375
0.4122
0.43445
0.48555
0.51075
0.5165
0.585375
0.591575
0.60095
0.645175
0.72775
0.75475
0.76165
0.767125
0.768
0.77475
0.832075
0.850475
0.87105
0.8945
0.933
0.968025
0.974775
0.9785
1.004475
1.037725
1.052375
1.0791
1.09735
1.155825
1.189925
1.213225
1.29135
1.31515
1.3484
1.384725
1.385375
1.4027
1.464525
1.4679
1.473375
1.483025
1.4921
1.4924
1.59625
1.60835
1.673925
1.818925
1.8584
1.865475
1.91915
1.919725
2.038825
2.048275
2.084125
2.221525
2.22455
2.3224
2.337075
2.416175
2.755725
2.76685
2.838325
2.878
3.098325
3.129325
3.45865
3.6633
3.674625
3.685325
3.746175
3.8203
3.843975
3.9078
3.9309
4.052925
4.508675
4.83205
4.9779
5.200275
5.54715
5.678375
5.7787
6.552525
6.639225
7.121925
7.430375
7.9145
8.32975
8.401625
8.82245
9.049775
9.18115
9.30315
9.386675
9.4983
9.5072
9.537425
9.55615
9.590125
128
