0.0364
0.05025
0.060175
0.071125
0.078775
0.094675
0.100825
0.108825
0.1227
0.12505
0.128575
0.13345
0.141825
0.14925
0.1706
0.216125
0.22915
0.288525
0.30365
0.30675
0.31925
0.330025
0.38115
0.40595
0.428775
0.46745
0.519925
0.531825
0.58685
0.666425
0.738575
0.80945
0.8096
0.9151
0.95465
1.167325
1.258925
1.304575
1.340225
1.3547
1.3768
1.514175
1.56575
1.59955
1.611675
1.63045
1.68265
1.7704
1.77645
1.7893
1.9406
1.9805
2.01795
2.0859
2.173375
2.21545
2.219275
2.38605
2.38845
2.417925
2.515125
2.535075
2.646475
2.85985
2.892875
2.90095
2.950325
2.9762
3.18305
3.2122
3.580425
3.593125
3.783475
3.92865
3.957525
4.0101
4.0954
4.57885
4.724025
4.7303
4.8357
4.935325
4.94405
5.0601
5.45445
5.549125
5.587425
5.893225
5.91885
6.446875
6.520325
6.819175
7.07205
7.156275
7.584725
7.804425
8.3049
8.3808
8.431025
8.666575
8.68185
8.6922
8.7067
9.127975
9.401375
105
