0.0029
0.004975
0.01105
0.023975
0.040325
0.05825
0.06585
0.103325
0.1179
0.117925
0.138925
0.14555
0.17415
0.1897
0.195975
0.227875
0.255575
0.261275
0.2663
0.284775
0.301075
0.336325
0.3648
0.36685
0.3766
0.42455
0.445025
0.46755
0.483775
0.537975
0.547875
0.55135
0.566025
0.6302
0.654475
0.694275
0.702025
0.7237
0.72405
0.74265
0.74315
0.760525
0.782775
0.8502
0.9587
0.973325
1.001975
1.019475
1.02765
1.0364
1.076675
1.143175
1.20165
1.214125
1.29825
1.360025
1.456575
1.46575
1.484325
1.4897
1.558475
1.607325
1.6122
1.6135
1.624325
1.6501
1.7058
1.773625
1.787875
1.88335
2.0448
2.049925
2.096575
2.144875
2.1533
2.15335
2.175
2.27455
2.28175
2.295425
2.3362
2.35995
2.3893
2.591625
2.682425
2.689675
2.701275
2.751775
2.9072
2.955075
3.0585
3.111625
3.28845
3.4849
3.583075
3.6006
3.6098
3.6863
3.804925
3.9447
4.043575
4.1395
4.22295
4.81665
4.817075
4.920425
5.003575
5.012375
5.19085
5.200575
5.44555
5.62995
5.97415
6.099425
6.162725
7.506275
7.95855
8.235225
8.27305
8.334525
8.57875
8.588625
8.652725
8.6573
8.7232
9.04715
9.3638
9.667575
9.955825
129
