0.00745
0.041225
0.04895
0.050525
0.05715
0.1259
0.15975
0.21975
0.221125
0.28115
0.298675
0.433275
0.43585
0.4573
0.462875
0.47715
0.4773
0.5216
0.55625
0.62205
0.63875
0.6412
0.65875
0.6632
0.6827
0.6957
0.71505
0.72595
0.745575
0.779425
0.80505
0.80745
0.8279
0.8875
0.900125
0.9145
1.032625
1.0339
1.06285
1.066025
1.102525
1.187025
1.223
1.344125
1.349425
1.3538
1.35515
1.4077
1.409425
1.441825
1.516975
1.606075
1.6182
1.684525
1.7138
1.77
1.79135
1.8884
1.951625
2.0109
2.03935
2.05405
2.222925
2.51285
2.5216
2.523425
2.63035
2.82005
2.850625
2.970825
3.05395
3.19725
3.9278
4.02335
4.071075
4.08095
4.25655
4.292375
4.328
4.47405
4.5115
4.664025
4.7631
4.815375
5.037875
5.0696
5.072275
5.360475
5.56915
5.784825
5.98465
6.149925
6.3468
6.60465
6.72355
6.9384
7.641025
7.6897
8.320875
8.374275
8.380525
8.547875
9.0985
9.39845
9.461375
105
