0.03055
0.038
0.0417
0.053475
0.05415
0.07085
0.08365
0.084725
0.09775
0.10695
0.119025
0.15735
0.159725
0.182325
0.200675
0.2086
0.21305
0.230325
0.231225
0.231625
0.232525
0.235125
0.246075
0.25965
0.26755
0.26875
0.28065
0.2853
0.286725
0.289525
0.32025
0.328375
0.344
0.387175
0.390525
0.4015
0.42655
0.468375
0.5185
0.519325
0.52275
0.54375
0.54715
0.550075
0.647525
0.708125
0.7128
0.7137
0.719
0.72575
0.736925
0.76955
0.7926
0.807725
0.924425
1.004175
1.094675
1.126775
1.128475
1.1477
1.16395
1.19475
1.228175
1.2415
1.272125
1.320325
1.359
1.382725
1.383175
1.51175
1.5723
1.5871
1.670975
1.682125
1.6938
1.7996
1.826875
1.8572
1.872725
1.881525
1.89255
1.938025
1.9413
2.03635
2.07185
2.094825
2.152825
2.157825
2.2597
2.268025
2.2989
2.39045
2.41415
2.430425
2.5108
2.542125
2.740775
2.75095
2.8339
2.86615
3.1448
3.165825
3.251775
3.3427
3.534075
3.5682
3.589
3.7496
3.834925
3.862625
3.994475
4.052525
4.071375
4.124425
4.318575
5.06255
5.201075
5.3509
5.765325
5.883725
6.225325
6.543375
6.68855
6.747825
6.85065
6.898225
6.9263
7.399125
7.498725
7.66475
7.709475
7.742325
8.017925
8.17975
8.29895
8.53835
9.07605
9.721475
138
