0.004425
0.0248
0.04095
0.058375
0.06415
0.0826
0.09165
0.1029
0.120825
0.146725
0.150775
0.155325
0.1688
0.191225
0.193325
0.197175
0.23315
0.324725
0.333525
0.333975
0.36205
0.37985
0.400875
0.427225
0.432375
0.435775
0.449775
0.46005
0.4774
0.477625
0.478275
0.5178
0.51895
0.522975
0.534325
0.563975
0.58835
0.603175
0.613875
0.63765
0.670575
0.69085
0.70165
0.706925
0.725475
0.741225
0.748525
0.749
0.7512
0.7614
0.78285
0.790875
0.8315
0.8611
0.8808
0.893525
0.937625
1.00055
1.008675
1.028525
1.049825
1.076325
1.220575
1.261625
1.269
1.298275
1.375325
1.390625
1.396575
1.45205
1.46015
1.476375
1.510425
1.51815
1.5228
1.57695
1.609575
1.71285
1.802575
1.82355
1.9021
1.9217
1.978175
2.0096
2.12165
2.12855
2.140625
2.166925
2.1798
2.211675
2.2716
2.3129
2.3147
2.5934
2.627975
2.6487
2.685675
2.705925
2.7065
2.71235
2.8014
2.911625
3.049125
3.219
3.37005
3.584475
3.77775
3.9254
4.083175
4.09065
4.1761
4.4735
4.501375
4.5519
4.6081
4.625475
4.666775
4.86825
5.020825
5.05485
5.1049
5.369775
5.4486
5.44885
5.456825
5.631225
5.733225
6.150225
6.19285
6.248625
6.30165
6.3563
6.388025
6.459525
6.595775
6.598675
6.966475
6.969475
7.09885
7.184025
7.829025
7.836025
7.864025
8.076325
8.28545
8.418725
8.587475
9.457725
9.54985
9.5649
9.852075
151
