0.0081
0.010025
0.015025
0.02115
0.02325
0.05315
0.0642
0.073075
0.07745
0.07795
0.100425
0.11245
0.131825
0.133625
0.152575
0.15345
0.156275
0.17275
0.18815
0.189675
0.2029
0.209775
0.25035
0.26175
0.263
0.2642
0.277225
0.30185
0.3172
0.333175
0.335
0.407325
0.42975
0.432
0.4377
0.46185
0.482675
0.49155
0.493275
0.49695
0.5061
0.548225
0.5589
0.601175
0.6132
0.6333
0.640825
0.7573
0.769325
0.7714
0.772975
0.77545
0.788225
0.791625
0.850525
0.862575
0.8714
0.914675
0.9426
0.9694
0.971375
0.973475
1.0015
1.011
1.0149
1.1144
1.122725
1.182125
1.208625
1.231275
1.297225
1.311425
1.3365
1.4781
1.491125
1.496325
1.557525
1.601925
1.6149
1.6664
1.67945
1.682825
2.130325
2.138875
2.2227
2.31155
2.379625
2.38145
2.388375
2.4995
2.58105
2.684775
2.93095
3.2396
3.401375
3.4809
3.51455
3.6216
3.6598
3.82365
4.17125
4.20025
4.388775
4.51095
4.59905
4.7119
4.8434
4.89695
4.962025
5.208125
5.515875
5.882425
5.9703
6.172375
6.228425
6.31245
6.37735
6.474
6.84135
6.9157
6.926
7.79845
7.811375
7.975425
8.296125
8.834725
8.9673
9.008975
9.546725
129
