0.0172
0.01985
0.025575
0.045025
0.0471
0.052275
0.06205
0.1022
0.113175
0.147775
0.15645
0.1657
0.181825
0.232525
0.2741
0.291075
0.294575
0.299425
0.317175
0.323925
0.32665
0.367725
0.368225
0.379625
0.3799
0.3903
0.390925
0.536575
0.5538
0.566375
0.582775
0.6073
0.6161
0.654675
0.6622
0.663325
0.700125
0.7023
0.74865
0.8211
0.8358
0.92525
0.926975
0.9362
0.942775
0.9783
1.0282
1.049525
1.073075
1.07515
1.086075
1.09425
1.103625
1.1628
1.17525
1.181425
1.193275
1.215575
1.218225
1.229125
1.261925
1.286825
1.29595
1.35715
1.40495
1.448375
1.478375
1.5066
1.5145
1.52105
1.52925
1.617625
1.67925
1.746575
1.776425
1.810625
1.91125
1.955675
2.14565
2.15355
2.164775
2.205225
2.3184
2.340275
2.34035
2.38875
2.440575
2.50485
2.6601
2.794275
2.888625
2.9283
2.92855
2.994675
3.0279
3.0877
3.09175
3.20225
3.274875
3.304125
3.34845
3.3773
3.459925
3.49695
3.836875
4.27
4.291375
4.299025
4.349675
4.463025
5.09485
5.177275
5.200825
5.744925
5.7635
5.985775
6.0138
6.197475
6.710725
6.752975
7.004525
7.35475
8.088225
8.169075
8.2764
8.355725
8.58985
8.600675
8.9829
9.28035
9.37175
9.518075
9.598025
9.7108
134
