0.013725
0.022375
0.0433
0.06165
0.07575
0.103225
0.10935
0.111875
0.127
0.12985
0.1299
0.133
0.151125
0.154225
0.160275
0.163975
0.165175
0.171675
0.236175
0.255075
0.28705
0.293975
0.295825
0.297425
0.3298
0.33165
0.34145
0.34285
0.359275
0.3824
0.400975
0.401275
0.411
0.416625
0.43635
0.438175
0.447225
0.456025
0.520525
0.5217
0.525775
0.53855
0.5389
0.5984
0.633875
0.647525
0.735375
0.77095
0.83475
0.8374
0.84365
0.965775
0.982425
1.02005
1.0491
1.055675
1.07095
1.077725
1.0996
1.11345
1.163225
1.16865
1.170575
1.1759
1.2936
1.369775
1.410725
1.49995
1.5033
1.523975
1.645725
1.652775
1.690375
1.6955
1.7529
1.7746
1.785025
1.787975
1.827675
1.870925
1.874475
1.87615
1.90535
1.965125
2.032875
2.142025
2.239375
2.274625
2.319625
2.33055
2.3603
2.367075
2.393875
2.461875
2.46485
2.5351
2.61325
2.6621
2.706075
2.7333
2.770225
2.815775
2.935825
2.94355
2.9706
3.017075
3.152125
3.18915
3.336325
3.417525
3.64185
4.00155
4.069075
4.09815
4.585025
4.600075
4.7459
4.830975
4.85775
5.082225
5.11795
5.816225
6.12185
6.373525
6.8264
7.069525
7.074225
7.124675
7.381975
7.646125
7.7998
7.916125
8.0411
8.14065
8.171725
8.3151
8.7076
9.081425
9.30015
139
