0.032925
0.033075
0.044025
0.070125
0.0977
0.097775
0.1649
0.1916
0.244775
0.253925
0.268975
0.306775
0.322175
0.33315
0.35045
0.362675
0.41245
0.4378
0.439175
0.445
0.451825
0.5447
0.54825
0.55665
0.57075
0.597125
0.61005
0.6125
0.633275
0.636675
0.640825
0.65315
0.679275
0.689975
0.730975
0.7313
0.736525
0.8556
0.873925
0.905525
0.9158
0.960725
0.977375
0.995675
0.997525
0.998175
1.008675
1.05545
1.127175
1.166925
1.182575
1.311175
1.314225
1.338
1.353825
1.36815
1.4485
1.468225
1.5334
1.563325
1.6502
1.676625
1.68515
1.7144
1.749275
1.757975
1.7727
1.810875
1.8283
1.86075
1.918875
2.003275
2.06725
2.0723
2.130375
2.18345
2.2355
2.256925
2.3193
2.3761
2.436025
2.452225
2.52125
2.552225
2.5869
2.706925
2.983925
3.0009
3.04695
3.069775
3.136
3.22865
3.344375
3.344475
3.4513
3.518475
3.541
3.622175
3.626825
3.663325
3.7164
3.7208
3.839625
3.89115
4.017575
4.10615
4.21645
4.3818
4.56785
4.733325
4.8421
4.9001
4.9384
5.28255
5.524175
5.6877
5.7634
6.170825
6.2397
6.85785
6.989325
7.727975
7.897875
8.045925
8.69925
9.032725
9.040125
9.12625
9.15255
9.6054
9.88505
9.904925
132
