400
15325
17961
19825
11338
20720
6733
16771
15322
20009
12048
17627
18362
11860
16852
17578
14809
12610
13689
13839
13065
15945
9098
18408
11399
13108
19256
10454
17942
16394
17958
17633
19828
12462
10622
15406
7445
19253
10718
18571
15429
7981
19521
13102
17568
19452
12566
14914
19751
18678
17648
12511
7446
14925
16811
6614
7836
18629
20295
20049
15457
14340
20011
13136
20903
14380
19500
16855
15420
9718
15836
16392
14771
21581
17184
18334
14931
18338
14781
19225
16413
15352
11375
15317
12576
21466
17248
13081
13236
11403
16362
10650
17947
18310
15851
21585
14811
20525
17651
20246
19977
8626
13225
16674
16826
15371
17224
15939
15423
11177
9967
20728
21197
16768
7985
9307
8548
18287
18348
12608
20265
13187
19778
10442
16421
16376
17187
15953
6756
17579
11251
11404
18963
20261
15934
20256
15376
11876
14812
14378
13237
9720
13764
5494
13071
14325
13673
20509
15414
11937
11853
17987
12513
20722
14384
17963
13231
16940
9031
10011
14239
15914
8471
16380
14354
13799
6639
15878
20508
14841
15415
18340
10703
13215
13736
14323
16822
17212
9771
17247
16772
11245
12051
19753
11924
12468
13841
11416
13702
14928
13216
19243
4798
14867
19780
12047
16673
11259
17576
15862
13710
13107
14379
14334
19787
20277
14890
17097
17949
19721
16378
14355
16325
13177
19219
10001
14834
17604
18956
14278
14784
19533
19720
14324
20031
19223
13184
15473
18410
10715
19771
12459
16424
12018
10651
20735
16352
11991
16827
15338
17176
19786
15366
13120
18406
15897
18302
13720
17982
17215
11993
18651
13677
11265
17580
17238
11256
18683
15909
20046
15895
16332
17200
15583
10541
17573
20051
15339
13842
12046
16791
18638
16847
19512
12002
18978
9945
11181
18319
18634
11865
21702
15349
12049
13129
14374
18950
18011
19254
9095
18624
18876
15441
14825
17198
21582
17262
21051
18653
11933
9074
13805
11268
18636
16414
9777
18328
18300
17220
12473
17256
14338
13130
19797
11346
17227
8395
20889
18611
19823
9313
15332
13827
11998
17938
14297
20311
15439
17189
18961
15360
13820
15943
7202
9029
8627
15358
14250
21044
18654
17598
14884
13226
20893
19789
8057
15730
11343
17647
13715
13230
14321
16857
15837
15337
13105
13831
5358
17246
12625
17195
14882
12606
13707
19218
10449
11426
20892
18347
18971
12565
16850
19172
11941
19523
11406
18361
18299
16398
12620
18293
13794
13843
9999
18330
18672
11401
14772
11916
11339
12509
9241
9918
13220
19527
19451
15926
9997
16400
9803
10649
