400
16940
16809
17608
11424
10703
12003
11858
9805
18655
19509
15337
13829
19823
15953
11413
9096
15379
14324
14384
17723
8646
4946
15940
18337
13714
13222
15472
20260
18638
13120
20294
20510
20020
13193
7984
15317
15450
18359
20907
12633
13792
18658
13134
12619
14375
17175
8392
13841
16811
13239
17623
16789
18299
14270
20900
17645
13837
14280
11176
8047
9723
17959
17982
16847
20045
11400
11924
18312
15954
14808
15950
19522
16392
11343
12056
17940
18300
17606
12623
14935
16417
17258
14248
16795
6732
17866
14249
20273
10509
12041
18938
15964
17210
14932
14791
12464
15470
14333
11263
16378
7837
17198
11338
19977
11256
18338
16760
13821
14833
17947
20893
10530
9303
9770
19230
19491
15455
6770
12604
15873
13204
20271
9720
18950
13104
20050
4433
18614
17600
13110
14389
6734
10462
17987
13129
17201
20029
16800
18572
17264
19721
12520
11178
15893
13175
18085
11422
15340
11862
18973
16355
13738
16358
10721
14358
15583
5962
15432
5358
12577
9999
18937
17193
19484
17261
20729
20292
13822
21703
17998
18358
17209
18932
15370
16759
11255
16416
20723
19220
16840
20015
11195
7227
10021
15848
7820
15865
9314
17588
13174
12603
17993
17214
17233
19495
15371
16327
13712
15429
18350
14780
6736
18929
16325
16846
11418
20275
19300
19249
15949
15924
17265
21702
16785
19243
18678
19214
16821
18963
13225
19982
10649
11931
9011
11876
6612
21048
18922
18917
19229
21194
9229
18640
10657
15406
18408
17961
17984
20512
17506
19768
11940
7202
17996
15373
14878
18010
19720
14886
17631
9305
10650
17194
19523
9235
18642
19828
11864
9251
11259
16808
19511
12495
14794
12618
16420
15913
19770
18959
15929
19531
15388
18362
10510
17571
12561
19772
19976
11185
11364
16381
19532
11913
13171
15366
18610
18018
13843
17183
14867
20524
16771
11932
11925
18227
11853
17628
19174
20011
20293
18968
18624
14350
20038
17093
15381
12470
20003
8639
18290
14838
13236
15330
10539
17188
20034
13706
6122
11250
18722
17227
17206
20253
21803
12053
9233
6097
17189
14840
19015
17262
22107
8391
19486
8567
12449
15444
15318
15926
12001
14242
18002
20225
20257
13677
12052
18407
18570
11998
16815
18628
8585
14277
8647
14771
13185
14914
11857
14369
14344
13107
8627
18958
11867
10732
18355
17343
18633
12473
9312
21584
11922
11264
10520
15885
15467
12011
8576
16788
15361
18924
11238
17999
12512
19527
20037
19257
19789
17618
16345
13197
14325
20247
8072
17957
20282
10701
17651
12457
21343
