400
11191
18006
19798
16406
8371
17243
11357
13176
10657
12046
13735
19505
13222
20903
18624
21054
18359
15839
11855
19015
7342
9256
17649
14271
12623
10443
20278
15443
19720
18609
18663
18409
18003
8382
9961
11867
14883
12042
20899
11398
11403
9031
14292
20531
12563
18288
15379
19488
14810
17617
9258
17975
20022
14871
21339
19262
11415
12058
18939
10509
17230
13077
16823
14898
21047
12495
13229
18337
11874
18341
19749
15895
14930
12584
18573
14246
18649
15844
13201
12559
20517
18978
20286
19257
17190
14348
18318
20004
13204
11346
15884
20513
21197
16799
7343
9819
13671
19211
16360
10456
14928
16419
8646
11348
18319
8434
12578
17952
12060
18655
20226
17226
12604
10445
16776
14288
17651
11260
13079
18002
14868
11858
14885
9217
15864
17629
11993
14821
15949
15383
9709
16398
15934
14353
13676
14841
17988
19786
16850
15351
19801
13188
12576
11410
15424
18408
13768
9074
16839
10510
9304
12635
20013
8057
18622
15886
11997
18957
16809
14388
19233
16411
13233
20272
14777
13084
14244
13234
17981
16400
15881
13677
8471
17646
15466
20020
18919
8626
19527
15863
9724
14840
19494
14322
8072
14243
10501
18352
9033
14892
16328
16410
16782
15413
12055
11862
19976
18007
19796
21586
16379
15957
16853
12469
10627
20265
17652
16422
16819
13135
20019
14937
19780
12621
12054
16394
14250
20027
21341
18082
12070
12461
18304
18618
14803
14280
11374
9711
11176
13766
19497
18683
11911
9777
11365
19249
19828
15876
17581
6639
8391
5358
21464
12012
18625
10448
20261
14274
11422
17591
19536
20536
19222
18358
15385
10454
15415
14837
14842
13198
20250
20247
16940
17187
21803
13772
14831
11420
11332
17186
15733
16352
13805
17263
12503
11864
12577
4434
13775
17866
13185
19259
17244
7365
18349
17982
9917
9029
15914
18681
13707
18922
9802
13133
18954
17569
19232
17597
12460
18363
12589
16810
16848
18935
18970
14926
7202
15331
10447
14240
17863
10464
18962
4797
16830
13220
20723
13703
14387
9108
17939
9231
16779
16673
17625
15935
15419
18013
17599
20249
19218
10716
20262
19209
18651
11934
17223
15960
14876
12618
15845
12634
10457
9945
16401
14780
18650
17867
19757
15440
8630
7859
19778
8578
21466
13820
21469
13721
16803
12463
14833
11414
11267
17568
18350
8647
19513
7185
18307
12608
19256
11193
10648
15852
19773
10622
17584
15909
17194
18317
20710
11336
19246
13215
19214
15371
18669
14785
13172
18952
18314
17578
16770
13690
18657
14844
17644
19224
16765
15847
