400
16815
13138
17504
17615
17984
17962
19528
7770
19015
7837
17940
9304
18948
12567
17578
18938
10460
19787
19252
12020
20024
13682
19488
18355
18957
17943
14792
20019
17177
17862
18571
16783
7342
18953
19220
14927
10502
16424
17506
19232
15870
15407
17988
18337
15406
16351
14375
15432
19801
14238
18342
10442
9709
15467
17588
18961
15931
20900
20038
18952
16315
20036
13722
17249
18674
16387
20509
18347
19248
20290
5492
16395
16781
20041
19771
21053
17596
7364
12560
15441
11911
19245
9725
14348
10613
16376
18310
14277
11401
14319
20011
15913
9934
18083
7838
19222
21701
7860
18572
19500
21195
13066
17096
11262
10705
14371
19797
13705
18969
15878
14836
18290
16411
11991
19795
18668
12523
5495
14237
21056
12491
16388
17584
12624
17985
17175
18628
8371
18318
18627
16337
9301
17939
4945
17614
18408
9308
9033
20888
13184
17187
14862
12010
13229
10720
18082
14777
15837
15372
17587
13794
14791
14386
21467
14827
16825
18019
13195
13238
18000
7226
11868
15434
10627
9967
17580
10000
18611
14275
19259
19263
18294
15469
6598
17961
17647
16856
16346
17983
17949
10002
12565
20514
7862
13715
8576
17503
13196
20501
12511
14295
17606
12611
15340
11366
18970
16318
10646
16852
17577
12604
13837
16765
6638
16414
19766
17641
8463
17576
19524
11228
11418
21051
18311
7129
9217
19789
19208
8384
18001
19980
11941
16830
7365
9233
19978
20287
16853
13721
15956
17635
20281
11362
18721
13193
11857
16333
18010
10641
18669
15583
20257
19828
12521
14831
17342
17574
19505
20513
20714
18967
17952
8450
17502
13076
16319
16811
18225
12504
9718
20267
15390
12000
17248
17632
17230
9720
13841
16400
15322
20905
17258
19214
7983
6755
20711
10719
12060
19249
19255
11997
12618
15873
10007
13068
16847
16314
17604
14345
16056
13681
20005
16845
18964
8372
19827
14353
20289
20035
10463
12492
19774
15338
22002
9796
19256
17573
16831
20264
7759
11162
19226
15857
15339
13835
13236
14833
13121
18935
18673
18667
11191
16324
14341
14298
11998
15892
14387
14327
10715
7984
12623
13804
19780
11424
9096
16345
14774
16854
19793
6097
17224
14382
13689
17865
20021
9109
17627
8449
10703
16362
18640
17971
15386
16766
10455
15866
13733
13240
20270
18676
9719
7446
17611
14368
11267
17598
14342
22106
15959
15318
10528
16821
18336
14835
20718
19174
17268
6734
14782
16380
12603
15440
12061
11423
11332
17211
4433
13687
15961
19981
12467
9066
9218
20252
16771
15463
12463
13838
17960
