400
22107
20900
15931
19780
13737
15871
13676
19760
17651
16403
11853
14238
13829
13175
19498
15328
14296
14285
9019
11845
18332
21200
10459
18010
19826
10432
15847
20905
15364
16410
20721
16803
19981
11267
14379
18015
19246
20281
16376
18627
16825
4948
15852
14868
20893
10003
14890
15459
14781
19511
14331
20726
14884
13705
11180
18017
18083
17602
9306
16399
15933
17175
14881
16846
17623
20044
18949
17944
13822
17187
13067
18318
13726
15389
17195
10705
11185
15430
12038
12000
20040
17254
15371
17958
17863
9251
18670
14350
11854
19758
20258
17598
14864
15916
16311
8555
13799
15429
14242
19771
18287
17588
15318
21197
10529
13832
18931
16332
15380
10452
9073
11344
13122
16416
13704
4434
19244
9020
11418
21203
18340
15423
12039
19766
17183
9305
19770
19530
14383
12610
13222
20732
14244
19778
13731
18722
16809
18610
10710
17185
19800
20516
13196
19489
19510
17234
15733
12510
13830
19211
19747
10707
11357
15959
17570
20274
12606
20722
9098
8073
14240
17992
20265
18298
14280
13678
17225
14785
21344
17581
10540
19754
10456
15886
14780
14937
15461
9961
18681
11335
19767
14352
20019
15846
9709
14326
14836
20504
6731
13215
17250
7769
14936
17997
13679
15909
11179
12468
18303
16380
20712
16782
11183
18661
20728
19499
17180
17267
15422
17587
20037
21585
13681
10713
19491
18406
19482
13826
15324
10706
17592
17503
19797
21701
21048
18937
13172
5961
11162
13711
17261
15385
13203
18942
13225
17624
12448
13689
16769
9967
10450
14807
5359
12058
14883
16852
20259
18004
20889
18008
9723
16770
12621
14333
17244
14842
12633
20036
13110
17591
17970
10714
12472
17960
14889
19512
9721
14343
9722
12615
9717
17982
10458
13672
11411
13717
14269
19535
9999
12521
11187
17974
18006
15441
18226
16379
13783
19768
9719
20278
15894
18660
13071
18295
7746
20248
13177
11860
16829
18328
20049
20525
13713
15386
8648
18874
17221
19744
18936
11997
9030
20500
17957
20526
14330
9324
10704
15946
13706
9314
10000
18317
20891
12051
18289
12069
13820
15581
19245
14370
17260
13784
15457
18644
18020
13117
14775
9710
13108
13774
10627
19251
19238
18360
20897
11914
11374
12463
20273
20017
11404
20279
20031
14779
16384
13682
12059
14288
21195
16426
17973
11260
9032
11182
13736
17176
11871
19508
15897
14933
12583
4946
11334
12564
10449
19795
18667
19298
16396
17268
17990
17212
15961
18362
18018
15891
7185
15390
18974
21343
20523
8371
19253
6770
20907
8072
15953
19791
16388
7985
