400
9717
16815
21466
11914
20513
20292
10527
15946
17955
17951
16318
13073
17265
18953
17599
13184
9231
14932
11911
11873
14786
19218
18646
18635
12635
16419
13740
15443
18308
20025
11913
14342
8577
17987
15339
15839
5358
15939
16342
19760
16338
9308
17185
11419
15965
13170
18610
20271
14812
17952
15372
16362
19236
14331
17236
13734
18309
11245
20295
16853
20246
20019
21045
16324
13078
12462
18963
19497
22002
19748
11336
12610
19564
15917
18962
15960
16813
13714
11333
16763
10713
11855
14280
18643
16422
16860
14278
12559
15385
14827
14815
10526
17630
14381
17230
10703
13822
10528
13194
16785
7820
15581
15404
9098
17175
5360
19784
15877
20734
19452
11992
11181
20027
14325
18666
12020
15845
18331
14916
20268
13707
14326
16798
16355
15351
18297
20039
18342
16789
18634
18673
9771
19488
10021
14338
20051
14244
18296
17613
6121
19767
18410
10008
14775
12517
14877
18965
10715
18973
11255
17266
10540
8586
9718
14348
13682
21342
12491
20517
13230
8627
20007
17639
18683
17954
20226
14369
13799
18572
10444
18018
9722
13800
20500
10641
14922
12002
13687
19298
13216
16827
16319
16377
18306
20250
19173
16858
14817
8637
13237
17616
18225
20017
5359
11423
10445
21053
15458
20733
14384
21703
15364
15412
8047
17992
18974
18948
18613
7225
12468
16323
18959
18661
7862
13131
15927
16399
17191
15367
18939
17180
12047
17961
10502
7769
19255
14358
20290
15964
6638
10005
16819
17648
16809
16310
4796
21204
12624
18645
18228
20714
14923
9020
16417
15357
16415
11865
15422
11871
9817
8555
13780
16333
19774
14929
10721
20531
9217
16378
15337
11931
19521
17996
18624
9258
13183
13786
19258
11932
13725
16854
15870
19248
10613
12583
15435
14386
10649
20261
7456
17186
13690
16411
13138
10454
15851
20903
18300
19250
18677
18933
17258
19982
18667
13169
17615
13084
20311
17642
20532
16320
20904
17198
11268
14818
10520
15327
12480
20889
20004
15857
9307
9968
12602
13765
19232
17624
14840
16359
17211
15376
9302
18654
17241
12012
16357
17344
17253
17625
15323
20015
18938
17636
12625
18681
14285
11877
11413
15911
19244
19512
21058
12459
18931
10442
18682
16848
12060
7836
15359
17243
14785
19792
17342
18957
18663
16772
13722
20278
17568
20249
15353
7981
12565
6736
19976
17174
16824
21202
17252
16400
14275
13117
17956
13730
13109
16380
14355
14837
14838
15350
15456
19756
15317
17193
19529
14375
7446
18642
16317
20265
11409
22217
22107
12460
19770
14388
14889
8646
7185
