400
17951
12061
13232
17987
18312
10500
18680
18338
18625
11339
20271
17962
16415
18328
19174
13070
14866
18288
14267
19230
12457
20889
7770
13236
15409
15471
13087
18643
10530
15338
19752
20015
8638
13129
15863
18335
14278
20536
19513
17224
20728
20724
14835
14935
9258
11915
18676
19529
13704
15387
14236
19755
8548
15880
10462
11180
10701
19823
17596
20003
14867
10450
21056
5962
21900
20043
17581
13838
17506
20039
20534
11936
16783
10455
15884
20048
13830
12459
19790
14868
10452
15333
14289
14783
4948
14294
14266
18923
12516
13837
17641
12510
20021
4945
18875
18350
16838
14808
17209
13762
16785
20282
12512
18920
13234
21468
13736
18918
16358
20286
21465
17961
9917
15317
13134
15950
16404
13120
9229
15353
11366
13792
19787
9021
11419
12634
14295
18310
15873
11998
18948
11402
18960
9109
14786
18344
11925
16823
16377
19757
16324
8395
17970
17185
19483
11931
9308
12048
11251
16380
17981
16399
16338
12002
11237
7367
12518
13705
19015
15420
19978
19213
20531
17580
15426
20046
15955
8381
15457
16842
17599
19533
16777
9770
11866
13169
20504
18341
20246
16426
19747
14327
19493
14238
14827
20535
11262
15358
15414
14240
7860
15443
7227
18291
18008
9067
6755
15340
17181
20006
14331
11991
7769
22001
17095
9307
17593
12479
15322
5495
16855
9920
18330
7202
17637
12480
14335
19758
10007
18406
20265
18917
16792
17201
19498
16832
20900
18664
21344
10002
20710
18636
17608
9324
18009
18659
9306
12010
12460
17591
13185
11374
20508
19527
17260
18363
14248
13689
16059
9919
11864
12470
20525
8554
13132
20722
16776
19223
17587
17246
16796
14926
14353
18340
21899
9074
17723
12578
19781
13231
17974
15330
13118
17262
20898
10623
13203
13081
9721
13780
21343
14771
13068
16780
13822
16317
18298
9777
19252
19484
11415
20291
16850
14792
16416
17240
13238
13139
17625
18016
11261
13103
20285
12043
12521
15931
14337
13734
11877
11994
16411
18624
6637
18660
18336
11186
13174
19489
10011
18964
16417
17239
20007
18020
18641
13220
18005
17575
18666
19300
4433
11411
9097
18609
15887
16818
14897
15949
13178
14280
11348
19016
13768
18317
18644
20281
9934
16834
21196
10722
15434
16406
17570
17644
20016
20018
20290
17645
15466
18289
13774
15730
13075
13722
19219
13714
20903
14927
15945
21057
13796
14844
20283
12505
17647
10451
11418
7956
17216
19530
11911
11992
19481
19534
8451
14297
7342
7820
14359
15468
14925
16410
20261
13840
18965
19232
18293
17242
17989
10648
