400
15851
12468
16795
20904
21338
16056
13075
9308
20284
15943
20275
12466
17242
20266
11179
14861
19224
14776
14285
15930
14886
18018
14326
13734
9011
18669
16413
12001
19451
16852
20311
20254
17581
14816
13118
15408
19529
12004
14777
19237
15411
17586
11903
10460
11344
8554
17206
12462
8646
19826
16829
20267
14332
18335
16809
14862
13731
15961
14924
20046
9073
16786
14784
18620
17616
16839
16410
17947
18003
10622
17570
18293
20735
16788
18316
19246
11423
10657
12608
17209
18966
18290
14893
10457
12520
19220
11865
18721
12477
11162
14936
10616
17944
15419
16821
9716
12448
13703
14878
14818
8451
18226
19977
18362
11425
16761
18014
16352
18961
7374
11872
17175
18289
9096
7367
8548
6636
11358
9029
18927
6733
22107
17095
11870
13839
19785
13187
8639
14265
12510
10006
11176
15453
8567
10008
9700
22002
6755
13786
15455
14821
16342
21804
6756
17987
18671
8555
15456
17585
16798
16417
14787
20293
15938
14803
17506
15842
14792
15376
14785
17993
13068
20533
7984
6736
17582
16333
14359
6731
16853
19774
14826
11874
11996
10528
18013
21055
19015
15351
10464
20225
13197
9796
12012
9088
18962
14804
20536
16377
12584
13173
18343
12606
15941
20524
18306
11337
19796
21047
13226
15965
12011
12625
13689
19720
17640
21198
18674
19491
13841
16819
10712
18959
9218
17183
14884
17220
15847
19794
20900
16384
14388
17236
6638
14782
20048
15862
19530
15910
6735
19231
20515
12476
18972
20252
10443
15319
20890
13171
12061
11177
20014
7836
12505
17864
20532
11404
16399
19507
19747
18002
8371
18015
19784
11175
11415
20732
15361
17939
17587
17262
16382
9719
14840
15406
11348
14939
11343
17651
6598
20535
14917
19212
7838
18679
15962
16222
10462
10539
8471
21341
13194
11911
16770
17266
20039
19499
20527
9314
15457
20723
16375
18925
9722
15383
9257
16320
12633
14877
17642
18573
11866
18676
19172
13766
19506
20272
13794
14284
12457
15583
9097
19781
17343
19523
17866
17233
16426
16824
16361
9920
19490
16394
17265
14333
18943
13204
7994
19767
17177
20281
14834
14371
20029
20889
17645
16395
17215
21702
7835
11931
12613
20903
11860
19536
9324
17214
19521
9710
16789
18628
12047
11363
16855
19757
9725
10461
20282
13764
9717
13231
19232
10444
11229
15866
11991
15963
4797
8381
20891
7863
7366
13081
20049
13071
19250
16402
16860
15366
17505
20525
12619
15893
11244
11398
7203
13719
15957
16779
13732
8648
17962
17211
17198
19789
17574
17212
18640
13175
20031
