400
20046
15862
14928
18292
17868
15583
10613
12000
11916
13189
17640
16831
17623
19770
20051
11922
10711
20908
17182
18920
14876
16355
17644
17632
17973
10616
11178
18316
12590
10005
16772
10719
21703
9252
16842
19485
20725
10651
18356
17985
7966
16377
17094
21346
12517
18621
11854
19513
11923
13769
18331
11245
11863
19787
15350
13717
16396
18938
13184
13679
13082
16759
13677
20033
17220
12061
9772
7377
16841
9968
20250
15470
11336
12608
12492
9325
18950
14889
15359
11418
9721
17572
13204
14284
15877
13835
12462
11911
16410
20906
15421
15412
17942
15910
17951
7984
20283
14270
14368
15847
15935
16332
20043
16838
19796
18573
18935
11195
8471
16419
9717
18332
16413
13776
20281
14918
15949
13777
7759
18570
14897
15318
14344
15845
6598
16808
18622
13711
18636
11998
18301
20271
13177
18349
17503
18293
18351
16760
13723
9920
17606
16845
16789
11861
11334
12050
13176
13071
8592
17212
17594
18644
19508
8568
12477
21043
20517
10460
12001
14296
15373
16337
18630
15896
21053
17188
18312
20735
14864
13138
12617
12464
18362
9065
18661
20279
11915
18968
16415
20035
8570
16848
13079
11407
15452
16403
9301
12556
12623
12021
15895
11267
14785
10732
8646
20249
12523
8567
6639
19299
18014
17209
14347
17617
13197
14386
9303
17966
13720
13725
10448
12470
19260
18617
17093
15913
15379
18350
11252
16220
15932
17947
10701
16799
18722
19752
14245
13170
15383
13834
12479
14355
17635
14815
15386
16324
10454
19218
19793
12503
6097
9997
18963
13073
9073
11365
9027
8463
15442
11244
14332
17998
18625
17971
18658
18660
13774
18002
17184
17225
4273
18004
4434
17618
18976
17202
14345
17970
17597
22001
20227
18620
11988
19243
16379
12633
10716
18875
11348
20292
16311
19249
7201
11190
11181
15363
17254
12524
20270
16801
17234
12635
21047
11913
13235
9804
17721
18672
17255
14787
17862
15441
15436
11872
9932
8383
14272
18001
18619
15390
19258
8638
16770
17723
20523
17616
17578
15917
20720
13219
20019
16783
18326
15434
16392
17599
15388
14882
18921
17577
13133
20282
17636
13121
9725
13820
19522
16823
11236
6733
5495
9095
12604
14342
17595
15893
12622
13833
14377
16060
21051
13173
6096
19506
10456
19238
13766
9232
16314
17226
14275
20514
18682
18951
11173
20257
16345
18290
11174
17177
13832
15457
14297
7341
21058
15933
9306
20904
16056
10021
20258
16327
13843
13690
9796
17634
7859
8057
19216
17631
12069
17603
19496
20252
16830
16350
15423
15453
13772
16313
