400
10509
11853
15863
20283
12633
11180
17622
11178
18653
17958
13081
12590
18409
18083
15381
17226
14807
21202
14244
15385
13781
20038
11913
11931
12613
10464
19758
11415
15325
20715
18361
18668
18572
12568
15379
12051
9711
13722
16388
19015
17249
15450
12041
14935
15408
17239
14842
20718
17187
19534
19746
16768
13238
18643
20017
9234
16337
16512
11186
14914
17968
20509
16059
7770
15958
11417
7226
20530
18641
13173
15856
17612
7983
20710
12053
11923
18614
19977
14883
12466
20892
17608
10716
20290
12479
17998
15962
12448
19982
11871
8058
13217
20262
14776
18950
6735
14357
14787
10703
19252
19172
11411
17200
20504
14826
20535
14240
5492
10701
18326
15957
9307
17267
18019
15927
10021
11863
19263
14934
17723
13066
15390
20521
12070
10013
15422
19243
14368
14924
8630
16777
14341
20512
13724
15360
19519
7859
7129
19221
15466
11857
17590
7760
9723
19247
17642
13705
16767
14833
11409
18341
18654
12012
17969
7981
17999
7377
14925
10005
13226
13193
13829
17996
11997
20048
16311
13843
13085
10453
17209
17262
9314
8000
14367
8450
21582
20893
21195
18355
19237
20264
11933
9325
15369
7994
7185
15442
15354
10650
14344
18018
8047
18357
21200
8627
17645
11912
6734
18958
7820
15949
17194
12044
13786
11864
19533
13105
18308
11999
18953
15455
13737
17250
10448
10648
12069
14892
11910
9026
22106
14792
17634
20508
16421
17174
12567
13136
5358
10539
11407
12476
16314
13730
13176
10443
18287
15941
14326
9931
19487
19825
18328
20903
14927
17586
9718
18337
17216
13684
17961
17238
13819
18939
17096
8435
20485
12058
18633
20269
17639
18573
16374
11865
9212
11860
11238
15373
14877
9968
14815
12518
17995
11916
14385
18317
14293
10711
15339
20254
12057
18949
17636
14922
18312
16361
14386
20276
13110
9019
10641
17182
15428
13706
17616
20501
15848
9299
15956
16759
16834
12472
18968
15932
19796
8048
20517
15463
11922
13717
19781
19225
11988
15876
12614
11339
11366
16390
13770
16325
17985
16857
19750
8057
15935
11399
19211
14327
15413
13138
9770
21583
18935
18954
14814
16844
19234
13769
19791
18298
20519
16322
19249
20019
10613
19251
11194
20721
18617
20040
15895
20724
17573
15887
11408
15406
20227
15857
14378
18350
7374
12565
9961
15850
16515
6612
18971
20034
18667
16342
18335
19767
15864
17211
18675
15858
18611
14810
15468
20510
13784
10444
19770
15891
14243
11859
19256
18406
18978
13234
10456
15361
17575
18228
11996
16833
20514
19979
13832
7863
18299
