100
9655
10912
7047
5831
6761
10664
8862
7044
9596
9648
6760
10961
6532
4807
8863
11167
8805
7969
7758
6433
8452
7858
10135
8669
11112
8466
7777
5302
9108
8686
5164
10272
5300
9210
9480
11482
11644
10770
9110
6875
11170
6945
10206
8240
7391
10133
6884
6883
10978
8881
7698
5767
5226
10434
8235
5954
9993
7469
6315
9639
8765
5677
6758
7467
9088
9640
5569
7298
8860
8433
7886
6321
9672
11302
8367
10480
11115
10763
10704
10933
6247
8810
10767
6773
6347
9647
10280
9662
10711
6859
10925
7549
4810
6236
10544
10138
10237
7843
11155
8471
