300
8681
7698
10447
6656
9901
5571
7033
7774
5764
7756
10272
8424
9106
7545
9680
9535
7772
10689
7729
6346
8252
10776
10939
9814
9945
10945
10022
8487
10157
6886
5165
8326
10209
9589
5221
7894
10309
7474
7854
7892
11457
5057
8243
9476
11297
7288
8198
6953
5413
4691
7214
6518
9109
9876
6959
8241
7509
5414
11166
9454
11113
11478
5046
8671
8251
5572
7900
7477
9789
9637
6757
9540
8804
10205
4447
8807
6678
9463
6345
10193
9261
9311
5827
7681
9648
5682
10536
9641
10910
9799
9286
11336
10528
11461
8046
10146
5667
7855
4750
9474
7856
7047
6429
6344
6147
6254
6434
10924
8656
4802
9465
6351
10002
11341
7208
7392
7841
6348
10964
8027
9892
6876
8428
7049
3789
7565
10769
9823
8679
11638
8466
9924
7543
7286
6530
9440
10443
10126
7043
9800
10672
9297
10014
10448
9937
7363
9469
7276
10707
8323
11339
6949
5767
4805
10163
11128
7890
10965
6873
11176
7281
10944
9829
6437
10502
8356
8322
6962
7549
4596
6777
9317
9893
8755
10688
9948
5174
8447
11111
6764
8228
9209
6118
7287
9588
9989
9819
9263
8256
11328
7353
10675
10289
6439
9269
7564
7845
9598
4810
9204
5826
10278
10677
5954
9274
10419
10704
7395
7552
10909
9170
9826
8425
10948
9934
7471
7052
9939
10744
5166
4899
9824
10542
7683
6880
9926
8683
7780
9161
11170
5425
7838
9594
10766
7486
8666
9211
8809
10950
9162
5415
8448
11168
10526
10760
4803
6767
10128
9817
9158
10504
11465
9875
9166
6848
10481
7694
7962
5668
5836
11335
6851
7042
10301
8259
9898
9460
4806
10532
4448
11764
8440
11163
10122
4209
7776
6755
10664
9439
7195
9652
10143
8929
10139
6442
8689
5575
7950
7550
5298
10427
10306
8874
9067
8261
9090
8877
10673
10243
6534
