300
9283
5568
8857
5668
10244
7211
9093
8913
8328
6853
5171
10204
10530
6241
10936
9588
5949
7972
6258
10287
11638
4450
8164
10681
10246
8616
7702
11307
8193
9582
5737
7213
10193
7049
10761
9425
10715
11343
8043
4806
9111
8326
9886
8663
7995
11303
9090
6884
10145
9889
8920
5678
10482
8464
7839
8680
10758
10296
10447
9438
10203
6541
6340
7473
11113
8323
10543
10718
10144
7993
9157
11482
8756
11168
9819
9096
10687
11125
10245
7698
9672
11644
9272
7033
7776
9685
5169
9808
9875
6533
10481
7468
8768
6347
4320
4279
9100
6681
8011
10977
9541
10667
9879
9810
5306
8233
6437
9092
10738
10669
7279
6859
9536
9466
9458
6886
9643
10021
10423
7682
7394
4691
8245
9598
9640
7281
10272
7282
10750
10551
9285
6149
8363
7548
9589
9899
7840
10947
11764
8880
6314
5226
4899
6725
7854
8435
10920
7191
6959
8675
9266
10301
9809
6880
10289
5824
5227
9208
10281
8198
8682
5845
10941
10675
8359
10689
10691
10151
6963
10273
9679
10979
11465
7209
6250
9109
10192
6346
8754
6756
10286
10199
11339
9894
11120
5414
7564
11488
4909
9145
10445
9035
8666
7842
6962
10197
6845
10720
10285
11466
10918
5826
10664
7544
10674
8320
6873
9089
9471
5681
8041
8442
7765
7966
9992
9647
11163
10137
7358
8426
11126
8253
9791
5057
4447
6947
6765
5677
4803
7396
4802
7954
10135
6439
6354
7479
9169
8683
11114
8332
7463
5059
5175
11301
9144
9461
9680
9874
9807
7849
7764
6319
10767
9592
9676
5835
8679
6344
7388
9085
9936
10915
9932
7385
8877
8432
7847
6147
11141
10421
8678
7566
10739
5934
6952
10479
9269
7546
9439
8231
6949
7214
7466
5683
8893
9317
9474
9587
5292
9658
5827
6124
7955
7973
9580
9531
10533
8249
4809
8181
