100
8250
7463
8678
6876
8864
5676
9215
9170
9257
10208
4733
9826
8323
6236
9070
10498
8365
9163
10237
8755
9473
8893
7468
7770
8871
5418
9089
7526
8896
8614
4448
10983
10164
8011
9830
8486
10249
8245
10205
8426
5762
8866
6530
7277
11463
11460
9051
10943
9316
10980
9476
7276
7889
9145
9585
8424
10234
10689
7353
8321
7697
9888
10443
8433
8874
8862
10476
8928
7955
10746
4734
8234
5173
7753
9824
10273
5950
8358
8364
9931
6766
10674
6847
7887
7838
4075
10741
7482
9312
7189
10690
8235
8929
9987
6957
7197
5832
10982
6698
7845
