100
9544
6248
11120
8438
9171
8370
10442
8898
7902
7196
11626
10916
7034
10546
7855
6347
8506
4813
9938
6422
8931
10939
6257
7281
6944
10922
9992
7466
11496
8668
9270
7546
6949
7843
5413
8769
11480
9146
10967
7890
7199
10683
6861
5829
9877
6
6128
6665
7301
10529
9996
8859
6354
10241
8489
7996
9287
6951
6531
9165
6763
9476
6250
6727
5739
5846
7282
9937
7544
3791
8026
8044
9263
6135
9071
10474
7399
8183
7764
6760
7213
9588
6658
7860
10927
9800
7954
9053
5683
9111
9893
10674
10281
8874
10299
4911
10316
5835
10250
6757
