100
10762
4450
10752
8165
8263
7756
8881
8169
6661
5681
6667
10927
9951
8880
6122
8675
4440
10153
7390
8692
7760
5306
6535
7487
8873
8449
5595
5827
8510
7681
6764
10985
7955
10288
10157
9461
6238
8669
7037
9786
11307
9092
6941
8690
9283
5673
7464
10751
9659
7296
9088
4586
9037
8043
9278
7781
10002
7365
10421
7762
11339
5574
9277
6544
9091
4902
9819
10290
8615
10673
7278
6440
6765
4447
9818
4805
8257
10776
11169
9664
10008
9820
6443
10990
8763
7951
6245
10291
5576
7553
5577
7954
6945
10005
8670
7564
7777
6131
5302
10253
