0.11075
0.116475
0.133175
0.134575
0.146925
0.149125
0.161775
0.164925
0.16525
0.18015
0.194225
0.194275
0.249825
0.271375
0.2784
0.29545
0.3068
0.3157
0.35235
0.354125
0.357225
0.4003
0.4031
0.403125
0.408625
0.409875
0.413725
0.419425
0.4216
0.432275
0.4328
0.439125
0.455625
0.458075
0.466275
0.474025
0.475275
0.476675
0.5148
0.56135
0.562375
0.5698
0.57545
0.5838
0.589025
0.589925
0.60745
0.6103
0.6164
0.65175
0.6626
0.674025
0.68355
0.69735
0.71995
0.7215
0.728725
0.745325
0.748675
0.751325
0.752125
0.762325
0.768325
0.774725
0.7807
0.80145
0.802025
0.8133
0.8182
0.834825
0.837
0.846425
0.850675
0.85105
0.87825
0.889075
0.8923
0.8943
0.940625
0.945725
0.978975
0.99945
1.012325
1.023125
1.035475
1.043725
1.051625
1.05375
1.0573
1.081925
1.090425
1.12045
1.1544
1.1789
1.185175
1.243075
1.2692
1.2857
1.2929
1.30705
1.3119
1.312425
1.31415
1.314525
1.315475
1.316375
1.3251
1.3275
1.331425
1.335875
1.3619
1.3888
1.392925
1.3939
1.397025
1.409075
1.41575
1.419925
1.445975
1.456575
1.459075
1.4862
1.523475
1.52675
1.55
1.564975
1.568325
1.590025
1.59095
1.60045
1.60195
1.605525
1.6233
1.62655
1.634575
1.641525
1.64315
1.646075
1.65335
1.67725
1.69895
1.700175
1.70775
1.71115
1.72145
1.725375
1.7317
1.7408
1.74225
1.7471
1.751325
1.767775
1.79375
1.79625
1.831775
1.84835
1.857725
1.8783
1.8798
1.9017
1.905525
1.913275
1.91445
1.919075
1.9208
1.925425
1.93245
1.9368
1.937275
1.956175
1.967425
1.968375
1.9815
1.98675
1.98685
2.0405
2.045525
2.052325
2.112525
2.11315
2.1224
2.158025
2.166975
2.207375
2.2078
2.209075
2.209975
2.220425
2.230925
2.234575
2.24215
2.246325
2.2562
2.260825
2.261175
2.26325
2.269775
2.292525
2.314825
2.32205
2.32245
2.32955
2.3421
2.342725
2.356775
2.358625
2.39305
2.41115
2.41195
2.462975
2.46805
2.5007
2.50225
2.502925
2.5044
2.50845
2.515225
2.51615
2.51705
2.5191
2.524425
2.5252
2.53105
2.5327
2.5356
2.549575
2.55135
2.554
2.57245
2.591025
2.591625
2.59935
2.613075
2.63975
2.650225
2.668325
2.7165
2.72865
2.73465
2.74295
2.7614
2.800675
2.8068
2.80785
2.814575
2.81675
2.825975
2.83765
2.84405
2.850625
2.87295
2.884175
2.887075
2.890325
2.9039
2.95565
2.9999
3.018125
3.0216
3.067975
3.072425
3.0875
3.088175
3.10345
3.111675
3.1257
3.130225
3.135475
3.14125
3.152125
3.161275
3.1657
3.168675
3.17085
3.1751
3.1882
3.224925
3.228
3.250825
3.263725
3.26795
3.26815
3.30565
3.307725
3.31205
3.327625
3.363475
3.3639
3.370925
3.409625
3.411775
3.412625
3.41295
3.41725
3.419625
3.428825
3.44375
3.46205
3.4646
3.49255
3.49825
3.514025
3.51625
3.51875
3.541975
3.543325
3.558275
3.5749
3.576225
3.6137
3.614225
3.6206
3.63335
3.66535
3.66805
3.696425
3.70715
3.7099
3.721475
3.730825
3.7376
3.74505
3.748425
3.749225
3.7576
3.768675
3.775
3.781625
3.7959
3.80775
3.813525
3.840725
3.844675
3.866875
3.867175
3.903875
3.9176
3.932675
3.939775
3.943025
3.957
3.96705
3.9825
4.00365
4.0207
4.028175
4.037275
4.040575
4.044325
4.048125
4.053275
4.0549
4.075675
4.0759
4.07705
4.078825
4.092925
4.094275
4.1021
4.1026
4.10855
4.128875
4.14095
4.16075
4.168525
4.1703
4.20435
4.215625
4.244175
4.25035
4.253975
4.259
4.288875
4.290925
4.30935
4.31345
4.318475
4.320075
4.322875
4.324225
4.325125
4.33005
4.33215
4.347775
4.352525
4.3527
4.362325
4.36535
4.3719
4.383225
4.407775
4.4133
4.4291
4.447925
4.449225
4.4757
4.477975
4.501075
4.519575
4.537575
4.5811
4.588125
4.62595
4.6269
4.6272
4.635575
4.6383
4.641175
4.65895
4.67685
4.705025
4.7074
4.718725
4.71945
4.73475
4.74675
4.786625
4.802725
4.86505
4.88475
4.886575
4.88685
4.9098
4.9105
4.914025
4.91825
4.9185
4.9292
4.9511
4.962175
4.9768
4.994175
5.01585
5.0381
5.072125
5.1135
5.123325
5.145625
5.1502
5.152925
5.19645
5.19885
5.218225
5.2768
5.280275
5.287425
5.32245
5.33195
5.34525
5.35655
5.3702
5.373725
5.379075
5.392875
5.393825
5.421625
5.4274
5.427575
5.446525
5.45385
5.48375
5.5168
5.5228
5.5344
5.5383
5.548
5.54885
5.5807
5.58525
5.587675
5.630225
5.658775
5.658925
5.665925
5.68035
5.724325
5.77235
5.782
5.80875
5.809725
5.8127
5.82775
5.84625
5.8498
5.8553
5.8596
5.86605
5.869725
5.874625
5.877575
5.88345
5.883525
5.89115
5.8987
5.905275
5.9082
5.91095
5.9543
5.96285
5.9713
6.027
6.04895
6.057225
6.060725
6.069225
6.1027
6.106
6.10675
6.130975
6.131725
6.132575
6.1343
6.138775
6.139625
6.1509
6.1576
6.1693
6.194875
6.19795
6.210025
6.2106
6.213825
6.220025
6.243875
6.252825
6.25395
6.257725
6.26605
6.2661
6.28585
6.28965
6.307975
6.31925
6.33835
6.33945
6.361725
6.36325
6.38545
6.400325
6.413725
6.41995
6.456125
6.473475
6.487575
6.49795
6.519675
6.5239
6.542075
6.55145
6.579775
6.598275
6.5987
6.604175
6.656375
6.678375
6.6793
6.683925
6.705375
6.7076
6.7128
6.7228
6.727875
6.735425
6.74965
6.74975
6.781975
6.784125
6.7929
6.8008
6.805275
6.805425
6.805725
6.826875
6.85305
6.8708
6.8728
6.88735
6.9082
6.9231
6.9442
6.95255
7.0003
7.010325
7.014125
7.0223
7.02945
7.03335
7.03615
7.06405
7.0709
7.0813
7.104875
7.120275
7.13115
7.144675
7.15045
7.166425
7.184225
7.196525
7.197875
7.225775
7.25255
7.2862
7.30955
7.321275
7.33435
7.343475
7.344475
7.361925
7.367775
7.381125
7.387525
7.403675
7.423325
7.440875
7.441575
7.448675
7.469475
7.4736
7.484325
7.515375
7.5615
7.608075
7.611
7.6157
7.616275
7.6201
7.6316
7.640575
7.65875
7.66235
7.6688
7.678775
7.691275
7.695375
7.698
7.7155
7.73365
7.738475
7.756875
7.7606
7.76105
7.786525
7.81545
7.81595
7.816825
7.8676
7.8842
7.900875
7.903375
7.904225
7.907825
7.90795
7.9136
7.9166
7.919525
7.919775
7.922675
7.92285
7.925025
7.934125
7.9474
7.947825
7.95265
7.95485
7.966175
7.9669
7.96845
7.98835
7.993775
7.9944
7.996375
8.003375
8.014975
8.01885
8.0193
8.046375
8.050875
8.083725
8.1676
8.190975
8.201475
8.201625
8.206325
8.213875
8.218125
8.22905
8.25905
8.262175
8.267975
8.26875
8.269375
8.281475
8.30395
8.306225
8.308275
8.319625
8.327875
8.33315
8.33665
8.34855
8.39755
8.4156
8.4336
8.47335
8.474975
8.501
8.505025
8.507325
8.52065
8.52775
8.5363
8.538475
8.544775
8.568225
8.5785
8.580875
8.582925
8.586825
8.592675
8.606575
8.62185
8.623725
8.634525
8.64485
8.66175
8.6653
8.673625
8.680725
8.6853
8.692475
8.6946
8.69995
8.70415
8.71445
8.7299
8.73335
8.77775
8.810475
8.81355
8.81385
8.8283
8.836825
8.83805
8.84545
8.852225
8.852675
8.855175
8.855775
8.863325
8.863825
8.868625
8.870325
8.884775
8.908775
8.91505
8.924
8.933
8.933125
8.945725
8.958525
8.961025
8.96135
9.036325
9.047075
9.057425
9.0588
9.077025
768
