0.045125
0.11205
0.1127
0.1439
0.14665
0.1523
0.154425
0.162475
0.16915
0.176325
0.186475
0.202825
0.221775
0.222175
0.2378
0.259725
0.349775
0.398225
0.400425
0.402225
0.405775
0.409825
0.420525
0.421
0.422925
0.423625
0.4281
0.4407
0.446375
0.451325
0.4549
0.46285
0.46675
0.486275
0.487525
0.4893
0.496775
0.497025
0.498425
0.4985
0.498875
0.49905
0.505025
0.507075
0.530275
0.5837
0.606175
0.628975
0.631825
0.675325
0.681775
0.70895
0.7182
0.7277
0.7304
0.7363
0.743175
0.751125
0.75425
0.758125
0.763875
0.7663
0.774
0.776525
0.780525
0.794425
0.8022
0.80445
0.812925
0.8173
0.8183
0.826175
0.8263
0.827375
0.865875
0.8724
0.87865
0.880325
0.881325
0.886325
0.89005
0.891725
0.9358
1.00095
1.0041
1.014975
1.0173
1.0285
1.0297
1.03025
1.0312
1.03635
1.04155
1.042125
1.0699
1.084375
1.08645
1.08685
1.0885
1.100875
1.1046
1.115325
1.116525
1.127775
1.1285
1.1297
1.165175
1.166
1.171675
1.176375
1.201925
1.203575
1.218725
1.300075
1.301175
1.304625
1.30995
1.31895
1.3203
1.320575
1.3243
1.32985
1.33745
1.33765
1.33825
1.350675
1.355525
1.359575
1.361925
1.383575
1.391975
1.396225
1.426675
1.434225
1.460975
1.467525
1.47265
1.511125
1.536825
1.565575
1.566125
1.607575
1.609975
1.622
1.62215
1.631325
1.638775
1.644875
1.648275
1.660475
1.6966
1.7198
1.72195
1.735125
1.745475
1.7766
1.7978
1.83175
1.861025
1.89845
1.9027
1.905375
1.9083
1.913625
1.9149
1.916275
1.918625
1.9204
1.92075
1.92205
1.924375
1.924625
1.92855
1.93125
1.934175
1.942475
1.94305
1.972125
1.973025
1.990075
1.9948
1.99565
2.00945
2.0147
2.016025
2.023775
2.035
2.0465
2.0618
2.086825
2.10315
2.10615
2.114275
2.1535
2.165125
2.19065
2.200675
2.208025
2.214
2.216
2.219325
2.2274
2.23825
2.2585
2.26405
2.271475
2.28495
2.295025
2.29775
2.298575
2.307925
2.31535
2.325125
2.331825
2.33345
2.339575
2.356475
2.356675
2.3855
2.40855
2.41065
2.42075
2.425425
2.486
2.50535
2.512175
2.517625
2.52105
2.5225
2.5264
2.532625
2.541925
2.551575
2.5529
2.5694
2.5922
2.5934
2.60965
2.610275
2.626525
2.63225
2.634275
2.66295
2.679175
2.704125
2.71915
2.727425
2.747675
2.78805
2.80105
2.80425
2.806325
2.8124
2.8133
2.8189
2.822825
2.82575
2.8288
2.839025
2.852675
2.8595
2.864325
2.868725
2.8711
2.8829
2.88325
2.891225
2.89245
2.893475
2.895875
2.906525
2.9068
2.9163
2.92475
2.930725
2.932575
2.93275
2.95545
2.960575
3.013825
3.015375
3.05705
3.1006
3.1035
3.1218
3.138325
3.14715
3.161275
3.165575
3.196375
3.20205
3.20385
3.211
3.2304
3.24205
3.2521
3.261825
3.3256
3.34
3.345125
3.40025
3.401075
3.403675
3.411375
3.423
3.4241
3.42815
3.436875
3.44525
3.4455
3.45025
3.45285
3.453075
3.4634
3.482975
3.4841
3.527575
3.5975
3.5979
3.60475
3.6073
3.607775
3.640125
3.643575
3.654
3.6616
3.718525
3.7236
3.74805
3.748075
3.764775
3.76535
3.79415
3.81485
3.822175
3.8247
3.82865
3.837825
3.841825
3.851175
3.86535
3.865925
3.8748
3.88135
3.89005
3.898375
3.899775
3.904975
3.967225
3.98155
4.01625
4.0226
4.025475
4.02585
4.039075
4.04635
4.047225
4.1039
4.10795
4.1113
4.1186
4.130125
4.13035
4.131025
4.13195
4.150225
4.16025
4.182075
4.2167
4.275725
4.30045
4.30085
4.30245
4.306925
4.30815
4.311
4.31245
4.316575
4.33185
4.33385
4.334425
4.339275
4.33965
4.35615
4.3776
4.38805
4.407325
4.4245
4.42765
4.4293
4.453225
4.454325
4.463225
4.4649
4.467275
4.474725
4.47875
4.57485
4.575625
4.583225
4.595875
4.600275
4.60095
4.6025
4.6026
4.60565
4.60665
4.607575
4.61555
4.61865
4.63765
4.642575
4.655175
4.660175
4.66785
4.673375
4.682025
4.690075
4.70255
4.708375
4.7208
4.724125
4.7354
4.759575
4.7669
4.790025
4.8113
4.811725
4.822775
4.836525
4.85195
4.863325
4.867125
4.902825
4.909225
4.92625
4.92745
4.9324
4.941025
4.94145
4.944925
4.9476
4.947975
4.97125
4.97405
4.975925
4.978175
4.984325
4.99115
5.001725
5.00575
5.011725
5.013625
5.024825
5.0639
5.069275
5.153375
5.162025
5.1717
5.1895
5.205325
5.21425
5.215875
5.22995
5.2317
5.237975
5.2421
5.2687
5.271125
5.295675
5.299225
5.329275
5.339175
5.360725
5.378275
5.385025
5.3903
5.393925
5.403425
5.411575
5.42415
5.43945
5.43985
5.442375
5.462225
5.464325
5.46645
5.503525
5.51195
5.5136
5.515125
5.522125
5.527775
5.530925
5.53395
5.550425
5.561675
5.5657
5.57075
5.57355
5.5861
5.6531
5.66085
5.663375
5.6673
5.7301
5.7594
5.820975
5.827925
5.8291
5.8797
5.8895
5.8942
5.895325
5.897475
5.90295
5.921025
5.9241
5.958725
5.9796
6.058175
6.05995
6.0621
6.091625
6.12025
6.129175
6.12985
6.135125
6.153575
6.153775
6.15715
6.16895
6.17105
6.17485
6.184125
6.188825
6.195025
6.200175
6.208825
6.218525
6.221725
6.251625
6.2692
6.3326
6.337775
6.3541
6.3567
6.406625
6.409375
6.41855
6.419175
6.446075
6.467375
6.4722
6.4724
6.47745
6.50335
6.508375
6.508575
6.51425
6.51505
6.536375
6.536625
6.539625
6.54915
6.5541
6.588475
6.5896
6.61425
6.6263
6.637475
6.65335
6.659175
6.66195
6.667275
6.677925
6.6904
6.70385
6.716225
6.71815
6.71895
6.72175
6.7247
6.72855
6.731325
6.73335
6.73525
6.742975
6.751375
6.755425
6.7564
6.756975
6.757
6.76925
6.781825
6.787925
6.796575
6.80205
6.805625
6.815475
6.8199
6.82435
6.831425
6.834175
6.845475
6.848975
6.8527
6.8528
6.855625
6.858075
6.8584
6.86045
6.89675
6.9031
6.91415
6.946575
6.976975
7.001875
7.008325
7.013475
7.024375
7.02545
7.043775
7.051825
7.055575
7.06615
7.066625
7.112275
7.125375
7.12805
7.138
7.1458
7.1873
7.19265
7.2266
7.233275
7.301475
7.3045
7.30875
7.3156
7.316675
7.31975
7.352025
7.381025
7.39165
7.3969
7.399625
7.41985
7.425575
7.472475
7.49795
7.4995
7.505425
7.517325
7.5263
7.616175
7.6232
7.6337
7.638825
7.666175
7.6776
7.698575
7.7249
7.740825
7.7962
7.816925
7.817975
7.8531
7.877325
7.90085
7.9056
7.91605
7.940525
7.9424
7.942675
7.94895
8.004075
8.01095
8.0498
8.13885
8.140775
8.147525
8.2313
8.234925
8.241975
8.245175
8.248175
8.264875
8.269725
8.288925
8.3269
8.3415
8.346175
8.351775
8.384775
8.3945
8.399375
8.413775
8.416675
8.438575
8.494425
8.502675
8.511125
8.51785
8.52125
8.52235
8.53305
8.5451
8.5473
8.549025
8.5505
8.55255
8.565175
8.566775
8.568075
8.568325
8.58015
8.581975
8.646825
8.662375
8.666925
8.677425
8.710925
8.715775
8.737625
8.758575
8.7636
8.772525
8.8021
8.802175
8.81
8.81915
8.82995
8.830825
8.83235
8.835475
8.83915
8.848875
8.85315
8.854125
8.854325
8.8651
8.86845
8.870275
8.873275
8.8823
8.88465
8.892025
8.89235
8.894775
8.899125
8.90355
8.907275
8.911225
8.9192
8.93695
8.941275
8.945775
8.989725
9.000725
9.037825
9.056825
762
