0.1059
0.1146
0.115
0.126225
0.1318
0.1336
0.136825
0.138
0.138475
0.157025
0.1635
0.171
0.1717
0.180325
0.187075
0.200375
0.231325
0.2369
0.26055
0.264975
0.26835
0.281975
0.289375
0.299175
0.343225
0.36925
0.37675
0.4033
0.408675
0.42255
0.4329
0.43315
0.4348
0.46255
0.47065
0.47475
0.4983
0.5076
0.51005
0.511175
0.519975
0.530125
0.535275
0.541275
0.541575
0.54905
0.577025
0.6023
0.612425
0.621175
0.628175
0.6552
0.659425
0.6601
0.665075
0.67595
0.698825
0.7113
0.71165
0.712325
0.71385
0.7203
0.726475
0.728475
0.733425
0.736475
0.740475
0.75205
0.754625
0.7547
0.7675
0.767625
0.76775
0.776375
0.779975
0.785425
0.79265
0.798075
0.811775
0.819125
0.822375
0.836425
0.851325
0.85435
0.868625
0.87345
0.87745
0.915975
0.9444
0.9705
0.989275
1.00175
1.0106
1.010825
1.014225
1.0315
1.0357
1.04165
1.0467
1.05025
1.057475
1.059525
1.063475
1.0706
1.07205
1.0743
1.076675
1.077
1.08395
1.085825
1.1038
1.104075
1.114675
1.117225
1.185025
1.18535
1.205275
1.21115
1.245
1.298875
1.308925
1.32805
1.328675
1.329225
1.329375
1.33365
1.33935
1.34925
1.35555
1.35585
1.356025
1.36545
1.3658
1.371575
1.374225
1.37895
1.4012
1.4052
1.409925
1.468425
1.473825
1.47575
1.49295
1.502075
1.520425
1.603
1.60565
1.605875
1.6236
1.62555
1.63155
1.633675
1.645
1.64665
1.64955
1.659625
1.678825
1.682475
1.684125
1.714575
1.714925
1.719775
1.755975
1.767925
1.781025
1.7965
1.8214
1.856525
1.871875
1.901525
1.910725
1.910775
1.9354
1.939075
1.94305
1.9453
1.97665
1.993075
2.003825
2.004625
2.01005
2.014275
2.026375
2.03965
2.0771
2.099275
2.14375
2.156425
2.162275
2.18775
2.194925
2.200775
2.2023
2.207575
2.225575
2.225625
2.241375
2.276775
2.27885
2.288675
2.304275
2.305425
2.315675
2.322275
2.3243
2.343525
2.3469
2.3613
2.37895
2.379875
2.38045
2.38365
2.40225
2.441325
2.521
2.52265
2.5378
2.5516
2.560375
2.627275
2.6278
2.640425
2.642875
2.65055
2.680075
2.694225
2.716725
2.7459
2.78905
2.8047
2.80495
2.80715
2.8302
2.832325
2.852725
2.852825
2.855
2.85915
2.859175
2.873175
2.879125
2.88685
2.927175
2.939025
2.9511
2.95795
3.0119
3.012075
3.022525
3.02525
3.035975
3.040525
3.044625
3.049825
3.074275
3.0827
3.088175
3.09705
3.1049
3.1065
3.11775
3.118425
3.12275
3.145525
3.152
3.15355
3.166875
3.168025
3.178375
3.17895
3.181425
3.19485
3.198075
3.227825
3.243125
3.243725
3.248575
3.25975
3.2747
3.276875
3.2887
3.313275
3.317275
3.399025
3.41065
3.415975
3.422575
3.42445
3.4247
3.428875
3.431475
3.4319
3.436575
3.444175
3.444425
3.461025
3.462025
3.47295
3.4902
3.508775
3.516275
3.52015
3.53105
3.532325
3.5641
3.605325
3.606425
3.62965
3.66265
3.666225
3.67675
3.688525
3.704275
3.7065
3.707325
3.715475
3.723175
3.723325
3.735675
3.747525
3.761775
3.76205
3.76785
3.7741
3.796875
3.7975
3.804525
3.8124
3.819225
3.821075
3.823575
3.842325
3.8445
3.8754
3.8957
3.903525
3.931825
3.97315
4.003375
4.006575
4.009025
4.011575
4.0353
4.0377
4.048775
4.049
4.0581
4.062275
4.0745
4.08
4.0812
4.091175
4.0953
4.100225
4.1525
4.1697
4.18045
4.190375
4.2267
4.235125
4.245075
4.262725
4.2902
4.297725
4.310025
4.31085
4.319525
4.321175
4.3267
4.335525
4.341
4.3572
4.362025
4.366825
4.370475
4.397275
4.398025
4.41565
4.4209
4.425
4.453475
4.455275
4.463225
4.478975
4.4841
4.5068
4.527225
4.5298
4.5467
4.57345
4.577225
4.6215
4.6258
4.63685
4.638925
4.667825
4.675425
4.6894
4.69915
4.700275
4.700725
4.7041
4.7058
4.707525
4.707675
4.709
4.715025
4.7176
4.723375
4.723725
4.726925
4.747875
4.75305
4.75455
4.762525
4.782175
4.788375
4.801075
4.80855
4.831675
4.839825
4.85605
4.873025
4.875275
4.88745
4.904175
4.912325
4.914075
4.9164
4.9346
4.936975
4.9597
4.973125
4.9737
4.978825
4.980975
4.985875
4.991875
4.997025
5.009725
5.0181
5.01885
5.0199
5.033725
5.03735
5.04205
5.074725
5.07575
5.090725
5.104325
5.110825
5.13595
5.199625
5.200325
5.21225
5.213
5.224225
5.2271
5.25335
5.253875
5.25565
5.265575
5.2679
5.2741
5.27725
5.29155
5.291725
5.32045
5.354125
5.365225
5.367425
5.3682
5.37055
5.374325
5.38035
5.4159
5.4194
5.4398
5.4671
5.490725
5.50535
5.515275
5.5199
5.523925
5.529625
5.549975
5.554425
5.5611
5.5638
5.5694
5.577075
5.5855
5.643875
5.658825
5.664425
5.692525
5.705825
5.763675
5.79355
5.795075
5.81265
5.830525
5.831725
5.836325
5.8453
5.84735
5.85825
5.858475
5.859675
5.88525
5.8886
5.90225
5.9109
5.93245
5.938075
5.978175
5.9823
6.00585
6.0224
6.02505
6.05135
6.061175
6.0743
6.0801
6.0915
6.1029
6.10675
6.111675
6.11785
6.11925
6.129775
6.130475
6.132275
6.1452
6.1454
6.174975
6.17865
6.18015
6.180425
6.19475
6.197875
6.20255
6.208075
6.220625
6.23325
6.233975
6.2479
6.25865
6.30535
6.3739
6.401425
6.41215
6.412875
6.41845
6.422575
6.42265
6.4272
6.427725
6.43085
6.431225
6.4352
6.436775
6.438725
6.443775
6.447375
6.448575
6.4536
6.473425
6.485625
6.5115
6.5151
6.521425
6.5369
6.540375
6.62685
6.6953
6.69895
6.703925
6.70645
6.7184
6.71995
6.73185
6.735625
6.73855
6.743225
6.74745
6.75895
6.762325
6.762825
6.764675
6.77465
6.784175
6.793575
6.812875
6.8131
6.8226
6.82435
6.843
6.852275
6.8548
6.861
6.9108
6.93665
6.942
6.949575
6.95555
6.962775
6.99735
7.0011
7.0015
7.00165
7.01045
7.016725
7.0418
7.0551
7.0553
7.056975
7.072275
7.0763
7.088775
7.1056
7.113425
7.117875
7.124575
7.129025
7.1355
7.15595
7.1648
7.171025
7.176125
7.18625
7.187175
7.229675
7.24845
7.27995
7.300275
7.302525
7.30315
7.304425
7.304925
7.3057
7.3115
7.316625
7.3201
7.3219
7.351225
7.356275
7.36895
7.378025
7.401475
7.42445
7.4319
7.43425
7.445425
7.457775
7.460925
7.489125
7.497175
7.497975
7.546925
7.565675
7.600675
7.60185
7.60685
7.618125
7.621925
7.623125
7.623275
7.624175
7.6348
7.64195
7.648275
7.6493
7.674975
7.6768
7.679675
7.681275
7.6834
7.7187
7.730475
7.7503
7.75055
7.7601
7.764575
7.79295
7.906925
7.909675
7.910175
7.911375
7.914175
7.9182
7.920525
7.93105
7.9321
7.93335
7.93685
7.939725
7.94685
7.953
7.95445
7.959675
7.966975
7.9731
7.979125
7.979975
8.005225
8.0154
8.0283
8.0356
8.04805
8.0831
8.0934
8.09525
8.100025
8.102925
8.112275
8.17805
8.186875
8.200175
8.200475
8.208025
8.20945
8.2131
8.2151
8.23655
8.239575
8.24385
8.244325
8.245075
8.245275
8.247975
8.2544
8.25845
8.2624
8.281675
8.299025
8.299975
8.30485
8.3489
8.357375
8.363525
8.36405
8.3721
8.399575
8.4287
8.429475
8.442
8.502525
8.5136
8.517325
8.521425
8.52615
8.527325
8.54605
8.549375
8.555125
8.5586
8.56685
8.57735
8.604475
8.61
8.625025
8.6258
8.650675
8.66095
8.66355
8.691725
8.695625
8.708375
8.750125
8.7814
8.802925
8.809275
8.8102
8.815075
8.82295
8.8266
8.83195
8.8321
8.838825
8.84335
8.886175
8.887875
8.89045
8.904575
8.905675
8.908425
8.9118
8.918275
8.93
8.93555
8.936925
8.9548
8.9558
8.966275
8.97065
8.970825
8.97615
8.9939
9.01065
9.0305
9.044425
9.0702
9.081725
9.09935
805
