0.10685
0.1243
0.1683
0.171975
0.187325
0.193975
0.195775
0.197825
0.21495
0.225825
0.233575
0.284
0.295825
0.316575
0.3204
0.3232
0.332175
0.358225
0.4089
0.411725
0.417625
0.42275
0.42815
0.4359
0.452575
0.4564
0.456425
0.45995
0.466
0.468225
0.473375
0.47785
0.483075
0.490475
0.500925
0.5028
0.503075
0.5234
0.5244
0.52545
0.527675
0.52795
0.5426
0.54735
0.554875
0.5602
0.5762
0.5835
0.59575
0.60755
0.61335
0.6322
0.666225
0.67055
0.697775
0.7061
0.706475
0.71755
0.739475
0.745375
0.74595
0.758225
0.7654
0.76595
0.76895
0.77565
0.778925
0.780525
0.78105
0.781575
0.78545
0.789775
0.80045
0.81675
0.8488
0.854325
0.860175
0.865675
0.91635
0.922525
0.93675
0.98755
0.9929
1.006025
1.0124
1.02505
1.030325
1.036075
1.05635
1.057975
1.062275
1.064675
1.072175
1.073575
1.084975
1.10095
1.108625
1.118875
1.125425
1.13085
1.14065
1.146425
1.168025
1.1686
1.170825
1.179775
1.180325
1.19265
1.206425
1.22955
1.233875
1.240725
1.265225
1.2679
1.27085
1.285825
1.30315
1.309725
1.320625
1.324475
1.33655
1.339575
1.38575
1.4
1.4008
1.4445
1.4544
1.46855
1.472675
1.4856
1.489725
1.519075
1.529225
1.5733
1.574
1.59135
1.603625
1.619075
1.624975
1.63825
1.639875
1.652125
1.6587
1.6727
1.674625
1.679475
1.687175
1.6927
1.695075
1.711875
1.719425
1.721625
1.7342
1.761075
1.76595
1.775625
1.786275
1.79215
1.84385
1.84615
1.85295
1.853175
1.85555
1.861075
1.88255
1.900925
1.905625
1.9059
1.907325
1.908375
1.910475
1.93035
1.943175
1.9443
1.9449
1.948475
1.9517
1.9744
1.97805
1.98655
1.989125
2.002625
2.010075
2.02005
2.0384
2.0488
2.055325
2.083225
2.0918
2.117625
2.13475
2.156275
2.201025
2.20795
2.210775
2.2182
2.227425
2.228875
2.246175
2.2583
2.260525
2.2861
2.286275
2.28855
2.30415
2.314775
2.317475
2.321875
2.325525
2.328875
2.348225
2.36205
2.3624
2.3845
2.400525
2.40625
2.408075
2.49575
2.51245
2.5126
2.5413
2.544225
2.551475
2.558475
2.561075
2.573775
2.575
2.604125
2.624825
2.636875
2.66365
2.6758
2.67815
2.679875
2.688
2.7159
2.7213
2.736875
2.7395
2.739575
2.7449
2.751075
2.75295
2.800275
2.800625
2.803775
2.80945
2.810225
2.813625
2.81745
2.822
2.8252
2.826225
2.83045
2.832275
2.835625
2.84325
2.84985
2.87925
2.886975
2.9029
2.903625
2.93915
2.959125
2.96225
2.966875
2.97925
3.0043
3.025925
3.1005
3.100875
3.10625
3.1088
3.109325
3.1114
3.117325
3.11775
3.1267
3.13565
3.173525
3.181425
3.18305
3.185825
3.198025
3.202225
3.204825
3.21475
3.2206
3.238575
3.242175
3.283325
3.28505
3.2919
3.29815
3.3014
3.402475
3.404825
3.4121
3.4157
3.443275
3.445475
3.44905
3.450575
3.4507
3.4514
3.453225
3.453725
3.454625
3.46925
3.48305
3.496275
3.554275
3.5659
3.5768
3.588025
3.598375
3.6069
3.646925
3.657775
3.7001
3.708125
3.735675
3.73645
3.742975
3.74845
3.754075
3.7561
3.757775
3.76915
3.771
3.783175
3.789775
3.793125
3.802675
3.808
3.822275
3.831825
3.8379
3.845875
3.871275
3.8863
3.89095
3.894125
3.9092
3.95325
3.96955
4.003375
4.00445
4.0081
4.0124
4.021675
4.02565
4.026825
4.02775
4.043
4.045875
4.047375
4.05035
4.056375
4.068875
4.084725
4.0898
4.103075
4.10835
4.137325
4.13735
4.149525
4.226
4.249925
4.30015
4.30365
4.311875
4.313
4.3233
4.32445
4.326175
4.32635
4.3331
4.3346
4.338525
4.36345
4.374325
4.38735
4.38775
4.3902
4.416775
4.422425
4.424425
4.42515
4.4286
4.42965
4.43215
4.43345
4.45485
4.478925
4.483475
4.483525
4.52625
4.555275
4.5599
4.565475
4.568425
4.603075
4.61465
4.621325
4.6263
4.626475
4.629175
4.63895
4.639175
4.641025
4.650475
4.653175
4.675125
4.676975
4.688075
4.688425
4.6908
4.698925
4.710075
4.720775
4.722125
4.723325
4.725725
4.734625
4.738325
4.741825
4.79175
4.8231
4.84285
4.862525
4.869975
4.902075
4.9035
4.92405
4.933875
4.95355
4.956075
4.973025
4.974025
4.980525
4.981775
4.995275
4.9997
5.01185
5.020725
5.02125
5.041725
5.047575
5.04865
5.06625
5.093175
5.097375
5.152075
5.183325
5.1938
5.206825
5.20765
5.21155
5.211575
5.21445
5.21745
5.224375
5.2244
5.235775
5.2411
5.245725
5.24755
5.2476
5.250125
5.2594
5.2601
5.286975
5.2896
5.296675
5.30045
5.3009
5.31365
5.319725
5.3458
5.36365
5.3709
5.37515
5.382775
5.39355
5.3959
5.3974
5.4007
5.43045
5.436025
5.45425
5.502675
5.504575
5.51375
5.51705
5.52885
5.529975
5.545325
5.550975
5.55575
5.556675
5.563475
5.602075
5.61225
5.6223
5.653325
5.6771
5.680975
5.702375
5.7257
5.73
5.7409
5.7664
5.771025
5.83095
5.8359
5.839925
5.8429
5.858725
5.8625
5.86655
5.878725
5.8835
5.8916
5.897
5.8992
5.899225
5.905975
5.90955
5.913675
5.94665
5.94845
5.9551
5.9593
5.986825
5.995375
6.004525
6.0781
6.104375
6.10555
6.10575
6.12375
6.1247
6.14225
6.142425
6.153775
6.15565
6.1605
6.176275
6.176625
6.18655
6.191875
6.19525
6.222475
6.226025
6.229775
6.2335
6.2619
6.27085
6.316525
6.362825
6.387575
6.396675
6.4076
6.41075
6.414
6.43575
6.444925
6.454925
6.455725
6.480925
6.49015
6.51895
6.5248
6.5471
6.558725
6.57765
6.582
6.5851
6.599675
6.626075
6.67355
6.6783
6.68375
6.692925
6.7105
6.7149
6.723375
6.729325
6.734125
6.742125
6.76605
6.773375
6.8163
6.832175
6.844625
6.852675
6.853075
6.871425
6.9055
6.94135
6.94965
6.95025
6.970925
6.97435
6.977775
6.97855
7.001175
7.00755
7.0105
7.01255
7.02865
7.0373
7.04035
7.048325
7.0484
7.050675
7.06995
7.072625
7.0862
7.09605
7.105525
7.108675
7.1152
7.1585
7.164225
7.1884
7.190625
7.201925
7.205125
7.240325
7.273075
7.299925
7.300275
7.30455
7.304625
7.316725
7.318175
7.319375
7.3342
7.3365
7.336625
7.34045
7.34875
7.367875
7.37405
7.37465
7.37775
7.38555
7.398475
7.42175
7.4248
7.427475
7.4306
7.433175
7.434475
7.4355
7.4485
7.510625
7.513625
7.605425
7.605525
7.619225
7.629825
7.632
7.6363
7.636425
7.65475
7.656925
7.662575
7.6675
7.67765
7.69165
7.700625
7.7046
7.7101
7.7114
7.744325
7.7477
7.74925
7.7527
7.753325
7.833425
7.9145
7.9216
7.9243
7.934675
7.941575
7.947525
7.95065
7.953175
7.9542
7.9615
7.962075
7.9751
7.97745
7.978975
7.994625
7.9971
8.0037
8.00615
8.05845
8.0593
8.071025
8.10975
8.146375
8.1502
8.1546
8.159825
8.193375
8.202125
8.203275
8.2181
8.21855
8.219975
8.2232
8.228925
8.24305
8.24805
8.2542
8.25545
8.25885
8.260825
8.263475
8.2675
8.276475
8.282625
8.3024
8.3069
8.354275
8.373425
8.4021
8.419625
8.42205
8.450125
8.5008
8.50665
8.518775
8.521025
8.5215
8.5328
8.54735
8.5512
8.5564
8.55915
8.583425
8.585525
8.59315
8.60285
8.64675
8.6486
8.652725
8.671475
8.672025
8.713375
8.72685
8.7318
8.759275
8.760925
8.784775
8.802325
8.81
8.81975
8.847425
8.8479
8.85815
8.86025
8.860975
8.8683
8.874975
8.87605
8.8802
8.884425
8.922625
8.926525
8.945225
8.9514
8.9579
8.96335
8.966925
8.99185
9.0098
9.023175
9.0507
9.073675
9.09855
786
