0.1008
0.10145
0.10225
0.1107
0.1113
0.1138
0.11465
0.11835
0.1259
0.126025
0.13895
0.140375
0.157525
0.18565
0.18765
0.189125
0.22795
0.24255
0.248075
0.28175
0.28875
0.291625
0.29295
0.3075
0.30815
0.32245
0.335375
0.3665
0.369925
0.37485
0.40315
0.429125
0.4314
0.436225
0.442625
0.461
0.46625
0.468325
0.4696
0.4726
0.481575
0.492675
0.494575
0.507025
0.522325
0.529325
0.529925
0.536025
0.54155
0.547175
0.5475
0.548975
0.580425
0.6053
0.608375
0.61415
0.614575
0.623025
0.63465
0.638975
0.645725
0.655625
0.686825
0.70395
0.70995
0.71155
0.7192
0.7226
0.72395
0.74005
0.74275
0.752725
0.761025
0.763325
0.783575
0.8043
0.820375
0.840225
0.84355
0.88575
0.908975
0.909925
0.923025
0.969825
1.0052
1.0085
1.018025
1.0251
1.041225
1.0636
1.072125
1.0747
1.07975
1.091025
1.097575
1.1185
1.1486
1.150175
1.1563
1.17255
1.191325
1.207325
1.2347
1.24595
1.283575
1.286575
1.29325
1.302925
1.309625
1.33615
1.34775
1.3513
1.3519
1.35755
1.360975
1.367275
1.385075
1.44685
1.4497
1.455275
1.53715
1.541
1.56575
1.569075
1.592825
1.603375
1.606275
1.6087
1.6196
1.626875
1.62995
1.65215
1.6564
1.65695
1.6773
1.6824
1.692825
1.731275
1.739125
1.74925
1.751125
1.7536
1.782725
1.78525
1.812675
1.86165
1.874575
1.88925
1.9224
1.936925
1.94665
1.95
1.955
1.965875
1.96965
1.97215
1.99275
2.0263
2.027825
2.035675
2.038075
2.045125
2.06075
2.06535
2.074525
2.07555
2.08305
2.08325
2.093125
2.102075
2.145575
2.194725
2.2006
2.20235
2.2128
2.213925
2.21745
2.221725
2.224975
2.2278
2.234575
2.240225
2.240375
2.246475
2.246575
2.25325
2.2542
2.2606
2.261225
2.261675
2.262975
2.269875
2.2727
2.2766
2.283225
2.283525
2.287825
2.2927
2.3153
2.317975
2.318775
2.3337
2.364525
2.3711
2.378425
2.440125
2.45175
2.50115
2.5184
2.525875
2.5325
2.534225
2.537625
2.56355
2.57305
2.575125
2.58095
2.60015
2.619175
2.640225
2.650275
2.652875
2.65795
2.660975
2.662325
2.70575
2.710675
2.7146
2.7453
2.753025
2.758775
2.780925
2.806125
2.808275
2.82375
2.83585
2.852825
2.85315
2.854775
2.858875
2.865175
2.872575
2.8808
2.885925
2.8909
2.8917
2.902775
2.911125
2.919175
2.921325
2.9576
2.974275
3.005575
3.0094
3.03265
3.07305
3.106075
3.1187
3.12435
3.12795
3.129025
3.1291
3.133925
3.13595
3.13785
3.15095
3.1598
3.160575
3.166625
3.174075
3.1868
3.1978
3.234875
3.292375
3.320125
3.3223
3.322325
3.3233
3.33345
3.338575
3.3443
3.36465
3.37405
3.3885
3.401775
3.410775
3.418625
3.419025
3.426275
3.429725
3.448675
3.44935
3.46625
3.4847
3.5082
3.51775
3.523025
3.574125
3.587975
3.59905
3.6111
3.61365
3.615725
3.62375
3.647825
3.677475
3.699075
3.70615
3.710925
3.715425
3.7158
3.72425
3.7287
3.73135
3.73375
3.7383
3.740625
3.751925
3.76955
3.7714
3.788025
3.808625
3.8134
3.822425
3.850575
3.866375
3.871725
3.87645
3.901075
3.909425
3.9217
3.974775
3.985725
3.98945
4.000725
4.0018
4.005975
4.0104
4.019925
4.020625
4.022475
4.023325
4.027525
4.028975
4.031125
4.039825
4.043175
4.04415
4.065075
4.074675
4.076425
4.079875
4.1197
4.123625
4.17155
4.1766
4.17975
4.182
4.228275
4.242225
4.278525
4.3296
4.330375
4.3305
4.333675
4.3416
4.343175
4.34635
4.359
4.361725
4.364275
4.379125
4.381825
4.3877
4.38895
4.389675
4.41045
4.41215
4.425675
4.46375
4.4706
4.488725
4.5097
4.51035
4.518
4.601825
4.604975
4.6123
4.6227
4.62825
4.6485
4.671825
4.6776
4.680625
4.6839
4.6854
4.687225
4.716175
4.71835
4.736225
4.7463
4.76625
4.78135
4.789275
4.80335
4.804075
4.805075
4.8232
4.8908
4.89835
4.9031
4.90755
4.907775
4.90835
4.9101
4.911525
4.913325
4.916325
4.936425
4.937675
4.9431
4.95775
4.961325
4.962775
4.9643
4.9699
4.97095
5.002975
5.003225
5.07555
5.079025
5.116875
5.12885
5.15275
5.2028
5.203425
5.20795
5.225925
5.232125
5.234875
5.2421
5.245725
5.245925
5.268525
5.27175
5.276575
5.2812
5.291175
5.31195
5.3161
5.321725
5.3224
5.322825
5.3305
5.33965
5.360325
5.360575
5.360625
5.361425
5.39265
5.411
5.432375
5.503275
5.50515
5.506975
5.515075
5.5195
5.523275
5.527625
5.537575
5.539225
5.556575
5.560375
5.56145
5.57455
5.60705
5.611025
5.6416
5.6499
5.64995
5.660525
5.677975
5.703825
5.709825
5.72125
5.722525
5.732225
5.760575
5.76925
5.774475
5.792025
5.804125
5.8143
5.81575
5.8215
5.82385
5.826125
5.828675
5.8378
5.850325
5.852
5.8581
5.866675
5.8685
5.8783
5.880575
5.883925
5.8859
5.8896
5.914875
5.91975
5.92555
5.933275
5.9356
5.94145
5.965725
5.985975
6.0007
6.008075
6.009625
6.011275
6.01485
6.046525
6.064225
6.09485
6.1084
6.111
6.114875
6.1207
6.123925
6.130025
6.13225
6.13435
6.153625
6.1661
6.20195
6.23465
6.236875
6.247525
6.271425
6.284475
6.2946
6.296425
6.376825
6.395825
6.408075
6.4131
6.42055
6.4223
6.4256
6.437
6.44375
6.443875
6.469925
6.4922
6.495625
6.496175
6.49745
6.503575
6.5092
6.526775
6.588925
6.59115
6.59965
6.6015
6.604025
6.629525
6.6302
6.638225
6.65955
6.68685
6.7042
6.714325
6.725125
6.7288
6.735775
6.742825
6.7466
6.74675
6.74945
6.75705
6.758325
6.758575
6.7669
6.7677
6.780225
6.784475
6.78645
6.80175
6.812075
6.817275
6.8184
6.818975
6.8289
6.843425
6.871475
6.893575
6.9105
6.922475
6.92315
6.9533
6.96115
7.00495
7.008025
7.008825
7.0137
7.015025
7.017175
7.0181
7.0273
7.0382
7.05305
7.058775
7.06975
7.09515
7.1055
7.11245
7.122225
7.1281
7.134375
7.137625
7.16705
7.169075
7.182025
7.1963
7.238025
7.2387
7.24025
7.2475
7.293825
7.3093
7.311025
7.322325
7.333925
7.33655
7.341125
7.34145
7.344525
7.351875
7.352625
7.3586
7.36205
7.364575
7.36845
7.370325
7.372225
7.3762
7.382375
7.3887
7.42165
7.4615
7.4781
7.5456
7.55645
7.56905
7.58695
7.613125
7.617125
7.6199
7.633625
7.63525
7.64435
7.64585
7.66815
7.6715
7.685625
7.69475
7.7445
7.7475
7.781475
7.7975
7.814325
7.828625
7.83985
7.840275
7.881625
7.90945
7.9108
7.914
7.92665
7.926825
7.9311
7.93825
7.939325
7.947575
7.961425
7.971625
7.9773
7.982875
7.985575
7.989925
8.028425
8.039575
8.051375
8.0612
8.063725
8.12445
8.127875
8.156125
8.20015
8.2071
8.2178
8.21885
8.227675
8.228675
8.233675
8.23385
8.236475
8.245725
8.2467
8.260325
8.260725
8.267925
8.272525
8.27375
8.304525
8.30525
8.31325
8.3264
8.33725
8.367925
8.369125
8.404275
8.410525
8.423275
8.435925
8.441275
8.477225
8.479925
8.50145
8.50565
8.50965
8.51225
8.5172
8.52235
8.536575
8.53905
8.540375
8.54425
8.54515
8.54935
8.569025
8.570275
8.571125
8.577825
8.57785
8.57895
8.581575
8.582
8.5863
8.5946
8.6001
8.611725
8.6749
8.691075
8.759475
8.79235
8.800325
8.803725
8.8064
8.813875
8.8274
8.829425
8.830875
8.83595
8.836375
8.836875
8.8407
8.847175
8.84925
8.8586
8.86115
8.8717
8.871875
8.876875
8.892125
8.893475
8.89495
8.897
8.8995
8.900675
8.912575
8.914575
8.916125
8.926375
8.926975
8.946025
8.9596
8.973725
9.018225
9.0462
9.0488
9.05785
9.05825
794
