0.100725
0.10855
0.138725
0.203675
0.212025
0.212225
0.2341
0.238925
0.2632
0.2644
0.274075
0.27925
0.2921
0.303025
0.31415
0.31485
0.33505
0.3598
0.399325
0.40245
0.4031
0.403425
0.410975
0.414925
0.418875
0.425875
0.443625
0.446075
0.45
0.451375
0.458375
0.46935
0.4853
0.4877
0.490875
0.520675
0.532
0.536225
0.53835
0.543675
0.5593
0.574175
0.5862
0.58685
0.602775
0.6301
0.6449
0.667425
0.690475
0.701075
0.70725
0.709725
0.7105
0.710625
0.710725
0.7131
0.7143
0.717475
0.725575
0.733725
0.7422
0.744075
0.751425
0.7516
0.780275
0.78575
0.789525
0.7903
0.794675
0.8503
0.882725
0.883525
0.918975
0.9484
0.957675
0.9657
1.02055
1.0206
1.028775
1.0335
1.03955
1.041625
1.042325
1.05075
1.050775
1.05145
1.052925
1.054775
1.0571
1.070725
1.086925
1.092775
1.102125
1.110125
1.113675
1.1168
1.12375
1.126575
1.12795
1.150875
1.1625
1.162825
1.18645
1.2025
1.206875
1.241175
1.24155
1.253875
1.3112
1.31195
1.3159
1.3329
1.3357
1.358275
1.363775
1.367225
1.37995
1.387275
1.3939
1.394125
1.41275
1.41635
1.42015
1.433
1.45855
1.4635
1.490525
1.509525
1.52675
1.552825
1.56895
1.57455
1.583875
1.60375
1.6064
1.611375
1.6389
1.642175
1.653725
1.654675
1.660325
1.6628
1.667225
1.686675
1.688225
1.69265
1.6967
1.70525
1.712775
1.72905
1.7301
1.77085
1.77155
1.77975
1.791325
1.8032
1.830875
1.830925
1.90475
1.905975
1.908175
1.9123
1.913275
1.917875
1.92005
1.933225
1.94255
1.945675
1.94825
1.955325
1.9605
2.0013
2.007525
2.0138
2.01605
2.0232
2.027125
2.0502
2.055675
2.056525
2.063825
2.0656
2.06675
2.0964
2.104475
2.1426
2.150575
2.200075
2.2023
2.206125
2.228775
2.24015
2.2433
2.24625
2.2463
2.2538
2.26235
2.26335
2.26425
2.265975
2.289175
2.304125
2.332325
2.33255
2.335875
2.33845
2.34035
2.417475
2.423625
2.4298
2.435075
2.446975
2.4626
2.48195
2.50905
2.514975
2.5185
2.52315
2.52475
2.535275
2.5355
2.552075
2.559125
2.566075
2.56745
2.57345
2.586325
2.591625
2.59165
2.6073
2.63465
2.64545
2.648375
2.659475
2.6627
2.671025
2.692325
2.723675
2.72525
2.765125
2.801425
2.8112
2.8214
2.82335
2.8274
2.8311
2.84215
2.856225
2.868775
2.8705
2.871675
2.873775
2.8898
2.8984
2.90885
2.950375
3.067775
3.105975
3.107175
3.10805
3.114525
3.1512
3.1539
3.160625
3.1708
3.179425
3.179875
3.198275
3.201225
3.218675
3.238275
3.24295
3.243175
3.24925
3.3133
3.318875
3.3227
3.353325
3.369575
3.39205
3.39345
3.3972
3.435175
3.437975
3.438375
3.44675
3.451275
3.45285
3.4603
3.4624
3.470375
3.4747
3.484225
3.493875
3.49505
3.501525
3.50205
3.507275
3.51995
3.527925
3.539875
3.54325
3.54355
3.5519
3.57525
3.578025
3.584525
3.6098
3.619575
3.649875
3.68205
3.693375
3.705625
3.707425
3.7155
3.71655
3.71815
3.72535
3.75085
3.7526
3.75315
3.764625
3.7788
3.77965
3.80755
3.82135
3.826425
3.845
3.853375
3.87755
3.889475
3.91015
3.954375
3.96865
3.984625
3.996325
4.00605
4.016025
4.027675
4.03805
4.040825
4.048925
4.05505
4.056825
4.062575
4.066
4.071
4.071025
4.074575
4.1066
4.120025
4.188625
4.206075
4.214075
4.2294
4.245
4.27345
4.280575
4.2906
4.3007
4.3095
4.3138
4.323175
4.3293
4.33
4.337325
4.35645
4.36195
4.36535
4.4071
4.4098
4.42075
4.444375
4.452475
4.46525
4.491175
4.4955
4.5245
4.52615
4.600125
4.615625
4.62945
4.630175
4.637175
4.654
4.67515
4.697025
4.698325
4.69925
4.7219
4.72425
4.733325
4.745825
4.780075
4.784
4.79245
4.805625
4.83405
4.903775
4.913425
4.921925
4.9244
4.9281
4.929475
4.93045
4.9427
4.948925
4.95155
4.9538
4.96245
4.965
4.974275
4.98205
4.982975
4.98805
4.9885
4.99415
4.9962
5.007375
5.0238
5.02635
5.03415
5.0465
5.05045
5.051575
5.087475
5.09935
5.1399
5.147575
5.187125
5.197625
5.20915
5.20945
5.218825
5.23035
5.242375
5.24765
5.25495
5.267575
5.2764
5.305225
5.305725
5.3083
5.325925
5.334675
5.356475
5.36825
5.39505
5.441675
5.454625
5.483225
5.500075
5.5002
5.501525
5.5083
5.5087
5.513725
5.515525
5.5199
5.536825
5.5371
5.543725
5.544575
5.554625
5.55615
5.557825
5.558875
5.565625
5.589425
5.58965
5.590275
5.600225
5.6051
5.606175
5.696475
5.727175
5.72915
5.801125
5.807
5.8099
5.83145
5.832725
5.83715
5.850825
5.85145
5.853075
5.8586
5.864
5.87035
5.87485
5.875225
5.93735
5.94935
5.965275
6.009375
6.017775
6.03615
6.03665
6.063575
6.064425
6.078875
6.0934
6.10305
6.105925
6.113925
6.1164
6.118975
6.14975
6.159375
6.162125
6.16325
6.163475
6.16885
6.170525
6.18725
6.188225
6.19175
6.19435
6.203575
6.212
6.217025
6.229925
6.23855
6.2542
6.29075
6.31405
6.384575
6.401575
6.4077
6.410575
6.4165
6.421025
6.425775
6.438925
6.451175
6.462025
6.465525
6.49195
6.494775
6.511025
6.52075
6.537225
6.537875
6.539
6.543675
6.550875
6.5746
6.59305
6.594475
6.62815
6.646975
6.6793
6.711875
6.71255
6.7184
6.719075
6.720225
6.722
6.72375
6.73875
6.742475
6.749325
6.762025
6.766075
6.768625
6.772625
6.7811
6.7872
6.814125
6.828125
6.831375
6.8324
6.84145
6.8527
6.8582
6.919
6.92625
6.965425
6.972575
6.979825
6.991075
7.00085
7.010725
7.010925
7.01645
7.0185
7.01865
7.025575
7.026425
7.03345
7.04
7.04375
7.070525
7.0801
7.10415
7.124825
7.125925
7.1389
7.156925
7.172175
7.1975
7.201675
7.230925
7.24225
7.3096
7.313975
7.3352
7.3386
7.34655
7.3675
7.371875
7.385025
7.387825
7.417425
7.418425
7.43555
7.4377
7.45875
7.46765
7.5013
7.529275
7.55365
7.606575
7.617825
7.626025
7.6325
7.64415
7.654575
7.662125
7.675175
7.6794
7.681375
7.6972
7.6974
7.706775
7.712225
7.71365
7.7381
7.74615
7.752275
7.7616
7.776725
7.79155
7.793925
7.7992
7.803575
7.80825
7.819025
7.823475
7.8278
7.846825
7.850675
7.856425
7.861575
7.874875
7.879175
7.90265
7.9043
7.923225
7.93845
7.940175
7.94675
7.9471
7.950725
7.961375
7.96985
7.971175
7.9846
7.993575
7.996825
8.0261
8.031475
8.031975
8.05035
8.0885
8.08965
8.10295
8.11475
8.124575
8.129375
8.13105
8.1645
8.168975
8.185375
8.2077
8.214125
8.21655
8.2251
8.227075
8.229075
8.23895
8.247375
8.251625
8.2647
8.2853
8.30145
8.302575
8.388325
8.3897
8.41935
8.471475
8.50825
8.508875
8.51375
8.528
8.52835
8.5299
8.539375
8.56575
8.57635
8.576525
8.58725
8.59115
8.597225
8.598075
8.60745
8.6235
8.64995
8.66155
8.6685
8.676875
8.68655
8.6998
8.701625
8.707825
8.747225
8.75575
8.7577
8.7653
8.77685
8.785225
8.8023
8.810975
8.8112
8.811525
8.818325
8.82875
8.831475
8.833375
8.8408
8.85595
8.85775
8.871675
8.875325
8.879275
8.88665
8.8879
8.89795
8.899925
8.9147
8.922775
8.938925
8.9507
8.96125
8.99775
9.001375
9.006325
9.04225
9.05595
9.0944
9.09515
761
