0.10475
0.11585
0.121325
0.121475
0.12385
0.1265
0.1285
0.13835
0.14515
0.162575
0.163525
0.184375
0.211575
0.2369
0.264725
0.265775
0.2708
0.283175
0.28525
0.28615
0.31405
0.400475
0.40165
0.403475
0.405325
0.406575
0.425325
0.4285
0.4333
0.4337
0.45715
0.46
0.461575
0.463925
0.480075
0.506675
0.50805
0.5123
0.520975
0.5381
0.5633
0.5674
0.579925
0.5907
0.615175
0.634275
0.6472
0.653175
0.654225
0.668625
0.67255
0.693425
0.697875
0.7128
0.7205
0.7285
0.730625
0.73975
0.781825
0.7842
0.787325
0.78805
0.803175
0.823725
0.839125
0.843825
0.845725
0.84575
0.85145
0.858475
0.903375
0.9092
0.91455
0.92305
1.00025
1.003525
1.01045
1.018325
1.023525
1.0252
1.0257
1.041475
1.052725
1.057425
1.0592
1.065275
1.096
1.0996
1.1172
1.1246
1.140175
1.1414
1.15755
1.167675
1.19765
1.22445
1.224775
1.2299
1.2316
1.24345
1.258875
1.3042
1.306425
1.315725
1.32195
1.3377
1.34595
1.348175
1.35285
1.37355
1.37465
1.378375
1.380175
1.394875
1.40365
1.43335
1.435675
1.45395
1.45455
1.462275
1.47195
1.4917
1.5082
1.510425
1.513225
1.5223
1.5356
1.55745
1.616525
1.619175
1.625925
1.627625
1.644975
1.653175
1.6695
1.70455
1.7096
1.711175
1.74745
1.7629
1.7677
1.770275
1.7803
1.781725
1.782625
1.784175
1.78495
1.80845
1.8272
1.864825
1.869975
1.8777
1.890025
1.906375
1.9074
1.912375
1.9232
1.924675
1.934725
1.9366
1.942425
1.94425
1.948325
1.950875
1.95645
1.9905
2.0147
2.01995
2.0233
2.027325
2.030675
2.03355
2.036225
2.04325
2.0516
2.0628
2.06365
2.0659
2.107675
2.112875
2.1173
2.120325
2.141525
2.185125
2.193825
2.21485
2.226775
2.236925
2.242675
2.26035
2.2643
2.267575
2.270125
2.27435
2.284875
2.2868
2.299575
2.302875
2.309975
2.313625
2.32235
2.3392
2.3417
2.3619
2.395825
2.4081
2.432175
2.449575
2.455525
2.463325
2.510625
2.551
2.551525
2.559525
2.561775
2.56755
2.5764
2.580875
2.582575
2.593775
2.593975
2.596225
2.597625
2.605325
2.6209
2.6375
2.64125
2.642675
2.6488
2.652325
2.6548
2.674625
2.7096
2.738725
2.756
2.79765
2.80475
2.80815
2.814475
2.8196
2.820675
2.8367
2.843075
2.85415
2.86275
2.8672
2.868025
2.869
2.8884
2.89475
2.899
2.900475
2.939
2.951125
2.9586
2.98205
3.003325
3.00555
3.00685
3.04555
3.05715
3.0652
3.09415
3.1087
3.118175
3.1316
3.14265
3.15115
3.165275
3.16715
3.1736
3.1752
3.179125
3.217025
3.21935
3.24055
3.244575
3.2619
3.272275
3.2935
3.29655
3.2972
3.306875
3.310125
3.3181
3.321025
3.3787
3.401125
3.40385
3.40625
3.410575
3.415125
3.415975
3.4212
3.421625
3.421775
3.435975
3.442075
3.44485
3.445375
3.447275
3.45185
3.4568
3.471925
3.4801
3.50185
3.50265
3.518075
3.541025
3.553375
3.591725
3.591825
3.60135
3.61215
3.633725
3.64795
3.70025
3.704425
3.706325
3.707525
3.70855
3.709125
3.72245
3.7264
3.733975
3.735225
3.73975
3.74295
3.74705
3.7491
3.7492
3.771025
3.804775
3.8207
3.854875
3.85785
3.863925
3.864875
3.882275
3.892825
3.8972
3.9084
3.912225
3.915875
3.923875
3.92535
3.941475
3.94445
3.9705
3.98395
4.00005
4.001275
4.019825
4.02425
4.0303
4.032875
4.03555
4.0491
4.055475
4.058275
4.069375
4.073
4.07325
4.07825
4.084925
4.1095
4.122475
4.167725
4.17085
4.17385
4.22595
4.257225
4.258125
4.262125
4.303225
4.3039
4.3058
4.3073
4.31265
4.32015
4.326975
4.33
4.353575
4.356275
4.38075
4.387225
4.393325
4.39555
4.421375
4.425
4.438975
4.4434
4.44565
4.4748
4.486525
4.507975
4.5283
4.53475
4.5895
4.60165
4.6046
4.60605
4.6068
4.607825
4.6079
4.6088
4.611075
4.61285
4.61585
4.6206
4.62315
4.636125
4.644825
4.65775
4.684725
4.693575
4.6994
4.705175
4.707625
4.709175
4.710225
4.71875
4.720475
4.7325
4.747575
4.800525
4.826575
4.837175
4.848675
4.84985
4.851225
4.898625
4.900125
4.9006
4.903675
4.905325
4.9076
4.928825
4.93535
4.94785
4.9518
4.9541
4.9546
4.95485
4.95855
4.9598
4.963475
4.972075
4.9953
4.998875
5.0154
5.029975
5.05395
5.110225
5.152775
5.1663
5.173675
5.187825
5.20175
5.20395
5.204425
5.2116
5.213775
5.218975
5.2286
5.2295
5.23415
5.243325
5.260725
5.2778
5.291525
5.2929
5.3004
5.314525
5.3177
5.348575
5.34965
5.369725
5.373375
5.37625
5.381825
5.443375
5.44655
5.448225
5.452775
5.4756
5.47805
5.48085
5.4857
5.494325
5.50105
5.501825
5.502825
5.51105
5.5223
5.5335
5.5354
5.552975
5.560825
5.57255
5.58445
5.592
5.62145
5.621825
5.628575
5.6346
5.6393
5.653875
5.669975
5.67075
5.716875
5.732125
5.765925
5.775025
5.799675
5.81365
5.8162
5.823275
5.831475
5.84175
5.856025
5.8574
5.865925
5.89395
5.90195
5.915525
5.9165
5.928625
5.94245
5.95285
5.964725
5.971375
5.98485
5.986575
6.061575
6.0775
6.082925
6.100575
6.117225
6.121025
6.133125
6.1415
6.142875
6.159275
6.18195
6.207
6.2218
6.2232
6.2297
6.233425
6.2354
6.253975
6.296775
6.297575
6.31605
6.3198
6.401125
6.405775
6.4102
6.41295
6.4197
6.421675
6.424275
6.43635
6.437
6.441075
6.448875
6.462425
6.47385
6.485825
6.512325
6.518025
6.519425
6.524675
6.548075
6.55655
6.55675
6.567225
6.575675
6.59535
6.601175
6.605725
6.6099
6.67175
6.693975
6.699075
6.704075
6.708425
6.715375
6.731125
6.734525
6.746725
6.752975
6.7536
6.767975
6.772625
6.7864
6.786525
6.811875
6.815325
6.8468
6.857675
6.864625
6.876725
6.88325
6.884575
6.892525
6.90005
6.90425
6.9085
6.930875
6.939475
6.975075
7.008775
7.009525
7.01105
7.02125
7.033775
7.05355
7.05705
7.0579
7.0614
7.0704
7.075625
7.078125
7.089275
7.08945
7.093725
7.096125
7.098325
7.1133
7.137625
7.16435
7.16645
7.171625
7.197625
7.20425
7.2094
7.23245
7.290325
7.301575
7.3218
7.32225
7.32405
7.324125
7.32545
7.338925
7.3416
7.3635
7.373775
7.38615
7.388225
7.39865
7.400775
7.410925
7.4193
7.456175
7.474025
7.480075
7.484525
7.49255
7.54875
7.589125
7.606225
7.61195
7.620925
7.623275
7.6246
7.6261
7.62765
7.6284
7.63345
7.634575
7.639275
7.6401
7.6461
7.6495
7.6659
7.6881
7.689425
7.698525
7.767575
7.802725
7.897625
7.922875
7.924875
7.9486
7.953325
7.953975
7.97005
7.975425
7.980125
7.98015
7.991525
7.992875
7.998325
8.007525
8.064625
8.07945
8.0819
8.09345
8.126075
8.158425
8.164225
8.19355
8.194525
8.20085
8.212075
8.22925
8.2322
8.2391
8.240025
8.251575
8.25395
8.257175
8.26745
8.27245
8.2782
8.28145
8.30185
8.309875
8.32575
8.34075
8.340825
8.36085
8.383975
8.395275
8.43415
8.435125
8.479775
8.50235
8.507325
8.508225
8.51155
8.518
8.52285
8.524525
8.525575
8.53775
8.545375
8.548575
8.554175
8.56155
8.5738
8.57405
8.597925
8.6366
8.64515
8.648175
8.6918
8.69225
8.702825
8.803475
8.8088
8.809
8.817575
8.826625
8.8297
8.859375
8.87265
8.900975
8.915775
8.917525
8.9298
8.933225
8.960225
8.9719
8.98005
9.039525
9.043025
9.043175
9.048275
9.0896
773
