0.100675
0.104075
0.104875
0.1105
0.1224
0.1285
0.130775
0.139125
0.15705
0.160625
0.164125
0.166275
0.173875
0.179725
0.1892
0.189575
0.1904
0.217225
0.21785
0.220025
0.220925
0.228025
0.25085
0.252175
0.2731
0.28345
0.28575
0.303125
0.312975
0.319375
0.3446
0.362225
0.380775
0.400575
0.404
0.405625
0.409775
0.416525
0.420975
0.424325
0.431
0.4338
0.435175
0.43775
0.440475
0.441225
0.44165
0.447575
0.448025
0.448175
0.48145
0.491575
0.504475
0.51055
0.513125
0.53975
0.5816
0.60205
0.6064
0.622975
0.6475
0.675775
0.6805
0.697
0.699475
0.703475
0.722075
0.7299
0.73365
0.741975
0.753375
0.7794
0.798425
0.800575
0.806275
0.8198
0.827075
0.839
0.86745
0.874975
0.8853
0.90915
0.9429
0.950875
0.96725
0.999275
1.004275
1.006275
1.010925
1.0175
1.018725
1.0192
1.034075
1.036425
1.05295
1.05765
1.0608
1.062225
1.06885
1.0723
1.073475
1.093125
1.095775
1.102775
1.1036
1.1129
1.132725
1.13475
1.15175
1.160725
1.186075
1.20385
1.212625
1.230725
1.2821
1.284225
1.298525
1.301875
1.3048
1.3139
1.3244
1.324925
1.34435
1.345775
1.35245
1.355025
1.355625
1.3604
1.3675
1.37525
1.38085
1.3809
1.406775
1.41175
1.41395
1.438325
1.483825
1.497275
1.4998
1.504325
1.5252
1.5297
1.5613
1.56205
1.59665
1.60435
1.60505
1.6064
1.61845
1.623375
1.6307
1.634025
1.64655
1.65205
1.6786
1.688025
1.72415
1.73265
1.739925
1.744875
1.755875
1.772475
1.773875
1.777275
1.77985
1.784225
1.785725
1.819
1.84165
1.884325
1.888725
1.903025
1.914075
1.91895
1.9202
1.9239
1.94175
1.9446
1.950975
1.95235
1.95315
1.96845
1.969925
1.9759
1.977175
1.990225
2.00905
2.025475
2.039425
2.05205
2.0609
2.0736
2.075075
2.078725
2.0848
2.094575
2.118625
2.12845
2.149675
2.17095
2.17195
2.203475
2.20895
2.218075
2.22105
2.2353
2.255075
2.255425
2.256125
2.2699
2.272275
2.2772
2.27965
2.2867
2.293925
2.298575
2.30085
2.31045
2.312775
2.31645
2.32145
2.32505
2.34105
2.3578
2.359875
2.3857
2.39155
2.394625
2.395675
2.407525
2.4491
2.4621
2.468225
2.470375
2.489925
2.518475
2.519075
2.521725
2.530925
2.551925
2.555225
2.57275
2.579475
2.58765
2.5912
2.593275
2.599825
2.6008
2.60155
2.611325
2.61225
2.62425
2.6309
2.646925
2.655525
2.780775
2.79545
2.800575
2.81285
2.82875
2.831425
2.833225
2.847075
2.854825
2.87045
2.8818
2.892175
2.9043
2.9194
2.931275
2.947375
2.94845
2.95505
2.9762
2.987875
2.98985
3.0085
3.015125
3.0257
3.0472
3.0479
3.081075
3.1081
3.1196
3.123375
3.140725
3.14355
3.15185
3.162725
3.1677
3.185125
3.1945
3.20555
3.2072
3.220575
3.221775
3.250475
3.252775
3.25465
3.258825
3.28375
3.320025
3.322775
3.3285
3.32945
3.402575
3.403925
3.410875
3.4137
3.41445
3.41595
3.423825
3.430725
3.434275
3.43625
3.440275
3.44695
3.45185
3.4545
3.456125
3.46245
3.464825
3.490025
3.49605
3.5076
3.508
3.52
3.5279
3.530675
3.536825
3.550875
3.551375
3.55915
3.573475
3.5933
3.595125
3.6195
3.6751
3.7029
3.705425
3.7083
3.722075
3.722375
3.723025
3.730025
3.739075
3.753
3.753075
3.763375
3.773375
3.774725
3.80635
3.820875
3.82215
3.8238
3.829575
3.848125
3.862325
3.873475
3.87615
3.928425
3.933275
3.972825
3.9907
4.002925
4.00965
4.015175
4.02045
4.0295
4.034475
4.03935
4.0412
4.048075
4.055425
4.061075
4.062125
4.0667
4.07625
4.093875
4.102175
4.112375
4.113675
4.1224
4.125575
4.127
4.165625
4.187725
4.191425
4.20865
4.2405
4.253
4.2538
4.270275
4.29455
4.306525
4.315075
4.318725
4.320075
4.3215
4.32525
4.32535
4.328325
4.338575
4.3407
4.363625
4.370125
4.397275
4.426575
4.43285
4.44605
4.5181
4.525625
4.52585
4.56
4.614725
4.619475
4.62335
4.632075
4.6414
4.6443
4.650475
4.65265
4.6539
4.654775
4.665425
4.670525
4.6745
4.6806
4.68245
4.707675
4.712
4.721175
4.72655
4.728025
4.742625
4.74565
4.77825
4.802675
4.808
4.900125
4.90595
4.906925
4.910175
4.92065
4.921175
4.92385
4.932925
4.934975
4.940075
4.9441
4.944325
4.958225
4.9647
4.97325
4.973475
4.9818
4.984775
4.987075
5.005825
5.01705
5.047075
5.05765
5.06655
5.071625
5.084
5.08475
5.089125
5.090525
5.09115
5.091625
5.092125
5.096625
5.098375
5.09955
5.111725
5.115
5.121475
5.13835
5.15485
5.196425
5.202225
5.2024
5.211925
5.22375
5.22455
5.226525
5.229825
5.236175
5.241125
5.247125
5.248425
5.25585
5.2656
5.267575
5.289625
5.2933
5.29925
5.30345
5.318775
5.332725
5.357925
5.375325
5.379125
5.422975
5.441425
5.503425
5.522
5.5243
5.528125
5.531775
5.5347
5.5498
5.554475
5.56015
5.578975
5.590675
5.60075
5.603825
5.604
5.617025
5.62685
5.64515
5.681475
5.7048
5.7057
5.7291
5.7454
5.7635
5.77375
5.784425
5.8046
5.806025
5.816525
5.823575
5.825525
5.832375
5.841
5.841825
5.845275
5.848775
5.8513
5.857325
5.858125
5.85975
5.86175
5.86395
5.872025
5.890025
5.90175
5.9091
5.9101
5.91315
5.9136
5.916325
5.961325
5.963225
5.964925
5.979625
5.98365
5.9891
5.99565
5.997175
6.003725
6.01035
6.05415
6.07635
6.1026
6.110625
6.1117
6.116675
6.137275
6.138425
6.142825
6.149425
6.17645
6.183625
6.18585
6.2008
6.204625
6.208375
6.2118
6.220625
6.223325
6.241325
6.252025
6.277125
6.28765
6.289925
6.305625
6.326
6.3386
6.3475
6.350525
6.38995
6.40455
6.436375
6.439525
6.456075
6.48005
6.48215
6.484275
6.486825
6.489475
6.491375
6.50045
6.50295
6.51835
6.546825
6.54815
6.561125
6.5699
6.584825
6.585875
6.631925
6.701475
6.70335
6.7067
6.708775
6.71305
6.715875
6.7188
6.73115
6.73295
6.7338
6.7358
6.741325
6.7452
6.748475
6.751875
6.76165
6.762875
6.77365
6.7738
6.782125
6.792425
6.796825
6.798875
6.81005
6.830875
6.8318
6.835725
6.847525
6.8529
6.862225
6.86795
6.874275
6.899025
6.899725
6.941275
6.9699
6.97695
6.99815
7.005925
7.01165
7.012525
7.016025
7.019575
7.02175
7.02485
7.02735
7.0277
7.02775
7.0496
7.065575
7.0678
7.076825
7.0857
7.0858
7.103675
7.120975
7.1227
7.148425
7.15485
7.159175
7.1593
7.166025
7.1763
7.18275
7.24035
7.241025
7.2433
7.243875
7.246725
7.24915
7.259725
7.263175
7.3101
7.311325
7.3119
7.313525
7.32125
7.321975
7.325825
7.327675
7.33135
7.343925
7.356075
7.36885
7.36915
7.375725
7.38855
7.3983
7.4175
7.43535
7.473775
7.486525
7.496975
7.50655
7.5213
7.541275
7.5518
7.599975
7.600725
7.6035
7.60905
7.61035
7.620125
7.63325
7.635925
7.6494
7.6668
7.669875
7.67685
7.68
7.68285
7.693825
7.69765
7.708125
7.7165
7.722575
7.72555
7.727025
7.734225
7.739675
7.7762
7.78255
7.79205
7.800875
7.8088
7.847875
7.86465
7.869275
7.902475
7.90435
7.9074
7.912175
7.912375
7.916525
7.923275
7.928475
7.930325
7.93605
7.945175
7.94795
7.954025
7.954525
7.954675
7.9613
7.9628
7.9668
7.970775
7.9933
7.996125
7.9964
8.002675
8.0045
8.006675
8.01945
8.026775
8.02975
8.03135
8.0434
8.04415
8.045625
8.0639
8.09205
8.1227
8.1621
8.175825
8.183975
8.20155
8.206975
8.213125
8.214425
8.2215
8.2263
8.2286
8.234025
8.240125
8.25795
8.26075
8.26185
8.273325
8.273825
8.27525
8.285075
8.28805
8.288475
8.288825
8.292375
8.31215
8.31525
8.3178
8.33075
8.33275
8.359975
8.36655
8.374325
8.408225
8.4228
8.425875
8.433425
8.439025
8.439875
8.469575
8.483825
8.505275
8.50915
8.52975
8.533475
8.537
8.538725
8.54545
8.556175
8.568775
8.572425
8.58135
8.598075
8.619425
8.62635
8.6511
8.681275
8.684375
8.69245
8.69575
8.7
8.751875
8.786375
8.8079
8.8116
8.813
8.824225
8.8413
8.85705
8.8702
8.871775
8.8725
8.8743
8.87515
8.8784
8.888625
8.890375
8.914075
8.966
8.968825
8.97155
8.97365
8.9962
8.997375
9.0545
9.0951
861
