0.100925
0.10445
0.104475
0.112225
0.11425
0.1147
0.1187
0.1363
0.141425
0.19715
0.22305
0.233825
0.2404
0.242425
0.2551
0.271675
0.27615
0.2778
0.297
0.434125
0.435575
0.439425
0.441825
0.4481
0.452825
0.4584
0.463375
0.468975
0.478475
0.49465
0.5015
0.504525
0.508025
0.5088
0.5098
0.51965
0.536925
0.553025
0.553825
0.5555
0.556525
0.560575
0.570775
0.571475
0.578075
0.58125
0.5897
0.592
0.6098
0.70625
0.706325
0.7111
0.712475
0.727575
0.7381
0.761775
0.7659
0.768225
0.77935
0.793125
0.8047
0.807425
0.807875
0.832225
0.833775
0.8364
0.837425
0.851575
0.86495
0.885025
0.966975
0.971375
0.984375
0.995775
1.000275
1.010825
1.0115
1.0138
1.02945
1.0419
1.05295
1.0611
1.0669
1.073525
1.07385
1.07425
1.078375
1.09555
1.096675
1.103275
1.10795
1.1169
1.123225
1.1759
1.179175
1.2378
1.30625
1.30675
1.3075
1.30825
1.3105
1.316225
1.319
1.323375
1.337575
1.34055
1.353875
1.364275
1.36825
1.3774
1.401775
1.4113
1.411425
1.413325
1.4395
1.4397
1.441775
1.458775
1.461975
1.49965
1.505825
1.5122
1.521475
1.528825
1.540225
1.544125
1.575575
1.5944
1.615675
1.62265
1.626475
1.62785
1.629975
1.646475
1.665125
1.6719
1.678825
1.67965
1.680075
1.6812
1.697225
1.705375
1.7072
1.70845
1.70955
1.7115
1.723575
1.723925
1.742175
1.7488
1.756025
1.759125
1.77245
1.7752
1.77585
1.8221
1.848525
1.894575
1.9154
1.9187
1.92365
1.924975
1.9356
1.9394
1.945925
1.955875
1.960075
1.960775
1.9617
1.9626
1.962925
1.987425
2.00385
2.0524
2.0572
2.06045
2.06395
2.06445
2.0956
2.1186
2.13325
2.16725
2.173275
2.202575
2.21225
2.222225
2.223975
2.2242
2.2295
2.2456
2.26325
2.269625
2.28335
2.288175
2.3103
2.31435
2.3329
2.333175
2.34845
2.3516
2.3584
2.406925
2.42005
2.4821
2.501775
2.5279
2.52805
2.543275
2.550075
2.550425
2.5515
2.567725
2.57305
2.574025
2.5832
2.584975
2.589625
2.598375
2.60205
2.603625
2.6098
2.611275
2.616175
2.623625
2.67935
2.702425
2.710325
2.714975
2.715875
2.74655
2.754225
2.7778
2.801575
2.812775
2.82985
2.83895
2.846475
2.856275
2.8586
2.8636
2.8697
2.8699
2.8739
2.877975
2.89545
2.91965
2.9277
2.939475
2.940525
2.941375
2.943425
2.9719
2.9997
3.0151
3.017375
3.0675
3.070475
3.0979
3.1092
3.110225
3.1137
3.1294
3.132
3.1465
3.1505
3.150575
3.153975
3.16635
3.170725
3.181225
3.1846
3.18665
3.1871
3.193175
3.20155
3.20395
3.24105
3.25605
3.261275
3.26405
3.27405
3.320125
3.410975
3.41455
3.428175
3.435125
3.4425
3.445125
3.446725
3.45635
3.4667
3.47425
3.47605
3.476275
3.47735
3.488175
3.540825
3.546675
3.551525
3.552425
3.57265
3.6212
3.682675
3.6939
3.697
3.705825
3.714875
3.719725
3.72365
3.730075
3.735175
3.747425
3.7509
3.753625
3.756675
3.7596
3.789525
3.79125
3.792775
3.80115
3.8204
3.834825
3.83545
3.83645
3.960475
3.965325
3.9799
4.002625
4.008075
4.009375
4.014375
4.020925
4.0448
4.0465
4.047025
4.054075
4.055325
4.05605
4.056275
4.06375
4.068875
4.070525
4.072525
4.0771
4.0954
4.111075
4.113725
4.115025
4.122475
4.123775
4.126725
4.129725
4.134875
4.157
4.17135
4.17155
4.1896
4.198625
4.2034
4.2146
4.2266
4.302725
4.306225
4.309725
4.30995
4.313125
4.315025
4.328475
4.333525
4.336575
4.3485
4.352525
4.3706
4.3736
4.376975
4.381975
4.385125
4.3887
4.3994
4.410425
4.431775
4.48995
4.510075
4.565675
4.56725
4.5896
4.600525
4.6061
4.608725
4.622675
4.63115
4.63835
4.638625
4.657625
4.658275
4.666125
4.68435
4.686
4.706425
4.706725
4.71235
4.728025
4.744625
4.757875
4.788025
4.820575
4.844425
4.844675
4.857825
4.860025
4.869025
4.897925
4.911925
4.913425
4.9165
4.9168
4.918575
4.9252
4.93345
4.938975
4.939825
4.944175
4.95245
4.9569
4.9742
4.98295
4.997975
5.017
5.0391
5.041025
5.042525
5.043825
5.052525
5.096775
5.096875
5.1027
5.10495
5.1076
5.10865
5.1211
5.1278
5.13495
5.140525
5.148525
5.153825
5.1858
5.20425
5.210625
5.221
5.22405
5.23765
5.237775
5.241375
5.24925
5.250775
5.251075
5.256725
5.265975
5.281425
5.2888
5.304775
5.310775
5.3186
5.3203
5.326525
5.327625
5.359325
5.359725
5.38475
5.4038
5.406575
5.41845
5.431275
5.4564
5.45795
5.510125
5.5103
5.51035
5.512
5.521225
5.522075
5.5297
5.541225
5.54125
5.550525
5.556625
5.570725
5.5752
5.5839
5.591975
5.5923
5.599275
5.5996
5.622125
5.629325
5.639425
5.641475
5.6548
5.658275
5.6634
5.66965
5.682375
5.68915
5.726675
5.7491
5.800275
5.804775
5.812175
5.8124
5.817975
5.8186
5.820625
5.826475
5.8309
5.84125
5.856025
5.8694
5.8713
5.886325
5.904325
5.90765
5.9425
5.9458
5.963375
5.9702
5.9913
5.994525
5.9949
5.998425
6.006675
6.0118
6.09025
6.103625
6.10525
6.118625
6.13515
6.14005
6.144725
6.146825
6.153625
6.1549
6.1621
6.181525
6.18255
6.185775
6.21005
6.22255
6.230875
6.2328
6.2608
6.26905
6.2716
6.2726
6.274
6.2742
6.277375
6.302925
6.33025
6.368825
6.3821
6.38235
6.4117
6.412475
6.41395
6.42145
6.440625
6.45515
6.470875
6.47475
6.48495
6.4865
6.494
6.500925
6.501725
6.543375
6.546725
6.552825
6.567675
6.623025
6.64425
6.68695
6.70515
6.7061
6.70845
6.7127
6.716475
6.7334
6.742175
6.74935
6.762525
6.76885
6.7802
6.785775
6.79655
6.803475
6.809175
6.8266
6.832975
6.925225
6.9394
6.969825
6.985675
6.9957
7.0029
7.0038
7.00605
7.0131
7.015975
7.022
7.0245
7.031725
7.03995
7.047975
7.071875
7.075025
7.076
7.078625
7.098175
7.118475
7.12745
7.1524
7.163625
7.166925
7.17585
7.199925
7.257575
7.2605
7.265525
7.29645
7.301625
7.303125
7.310025
7.3111
7.321525
7.325325
7.3312
7.331825
7.33675
7.338025
7.35425
7.354425
7.397925
7.39835
7.4016
7.40735
7.42075
7.4669
7.4732
7.47855
7.4923
7.551325
7.5582
7.5981
7.601575
7.605775
7.6214
7.6281
7.63385
7.6342
7.63515
7.6473
7.655575
7.66845
7.67025
7.69695
7.70125
7.724825
7.7507
7.7647
7.777875
7.801875
7.840325
7.841175
7.84375
7.89355
7.904175
7.9117
7.918475
7.925225
7.938075
7.95195
7.952425
7.96935
7.970475
7.972375
7.9757
8.02
8.028325
8.0326
8.03305
8.0484
8.068675
8.079925
8.0906
8.094775
8.109725
8.1456
8.147675
8.14875
8.166875
8.174175
8.204025
8.21295
8.217625
8.21865
8.24045
8.243525
8.2491
8.2777
8.2828
8.28715
8.3006
8.34345
8.345625
8.3502
8.376275
8.39895
8.41
8.448275
8.4618
8.5032
8.50565
8.50795
8.509275
8.5117
8.5124
8.5127
8.5145
8.51895
8.525025
8.529475
8.532925
8.54125
8.5427
8.5479
8.550175
8.5513
8.570475
8.57555
8.606375
8.62965
8.66965
8.67275
8.676125
8.6934
8.703375
8.703475
8.7066
8.70665
8.7105
8.724075
8.738675
8.740425
8.744375
8.76105
8.800425
8.808775
8.8097
8.81225
8.812625
8.8171
8.8278
8.837325
8.839
8.842425
8.877075
8.88255
8.883475
8.886925
8.9089
8.912425
8.91705
8.949575
8.95945
8.976575
8.977125
8.983875
9.024
9.027
9.05845
9.064475
9.07435
9.07455
783
