0.11015
0.1272
0.14865
0.15555
0.1583
0.178975
0.180325
0.18555
0.19205
0.196
0.205025
0.211125
0.22515
0.22795
0.231725
0.2416
0.246675
0.252725
0.253475
0.26475
0.2682
0.272375
0.2755
0.31715
0.31915
0.320275
0.32485
0.336175
0.400175
0.415775
0.417775
0.420525
0.42555
0.437525
0.437725
0.449325
0.450025
0.4531
0.4729
0.484375
0.508175
0.5198
0.53475
0.542
0.5668
0.5814
0.581875
0.58625
0.58965
0.608625
0.6155
0.61855
0.640825
0.6442
0.653075
0.653875
0.654475
0.6822
0.68715
0.700375
0.701325
0.70165
0.70505
0.7092
0.7141
0.71965
0.721025
0.723025
0.725225
0.72685
0.74595
0.7646
0.766525
0.78985
0.79065
0.8028
0.807175
0.82995
0.83125
0.8356
0.846825
0.850125
0.85215
0.872525
0.878
0.882375
0.89435
0.9275
0.962475
1.00845
1.0149
1.0178
1.03225
1.03675
1.0545
1.058425
1.06125
1.075275
1.080575
1.08135
1.0906
1.0976
1.1222
1.122375
1.126675
1.13655
1.13805
1.145675
1.148575
1.14875
1.1503
1.234875
1.237775
1.3009
1.303625
1.307825
1.3336
1.334825
1.338725
1.3491
1.356
1.361775
1.370625
1.372575
1.38035
1.393825
1.402775
1.429725
1.438775
1.446075
1.447575
1.4733
1.4734
1.477225
1.4987
1.50045
1.517075
1.523725
1.530175
1.538925
1.53945
1.555375
1.5802
1.595725
1.609125
1.6108
1.61545
1.617025
1.62855
1.6328
1.639825
1.6665
1.690225
1.698475
1.7021
1.712625
1.7131
1.716175
1.71895
1.7218
1.739525
1.774275
1.7743
1.776225
1.787425
1.7901
1.7941
1.81825
1.82305
1.854125
1.8869
1.8935
1.902875
1.9051
1.90955
1.909725
1.911225
1.912275
1.91315
1.9227
1.929125
1.933
1.9522
1.9539
1.967075
1.976725
1.9775
1.9887
1.995475
2.000875
2.00315
2.0179
2.0183
2.019025
2.030475
2.050125
2.053225
2.060075
2.06045
2.0622
2.064825
2.078225
2.07835
2.1396
2.145675
2.19535
2.205075
2.2107
2.223475
2.229625
2.2332
2.250475
2.263025
2.288525
2.294275
2.328325
2.33285
2.361625
2.363425
2.3639
2.380225
2.399125
2.427175
2.436025
2.465275
2.490575
2.50115
2.5016
2.502875
2.504
2.524475
2.534975
2.5474
2.568425
2.579675
2.587725
2.597525
2.622075
2.62715
2.6344
2.662625
2.71985
2.755575
2.75995
2.7799
2.784875
2.824425
2.8296
2.835625
2.84115
2.8475
2.857575
2.859925
2.8717
2.87195
2.87455
2.876875
2.92225
2.936125
2.951875
2.95965
2.962225
2.9725
2.9857
3.00725
3.029725
3.034175
3.051425
3.054075
3.082825
3.1093
3.11305
3.116175
3.1201
3.120475
3.124175
3.13015
3.1398
3.181175
3.204025
3.2085
3.21455
3.216475
3.224675
3.235725
3.240525
3.26745
3.27365
3.3047
3.32295
3.332525
3.33775
3.384525
3.38715
3.400675
3.400925
3.406625
3.41385
3.4173
3.421125
3.42185
3.42215
3.43475
3.4395
3.449725
3.449825
3.4627
3.464075
3.469525
3.4788
3.4929
3.49645
3.522825
3.533275
3.5353
3.5438
3.5449
3.558125
3.5657
3.570425
3.599725
3.604075
3.604975
3.611925
3.637675
3.701525
3.701975
3.705
3.707475
3.710175
3.7122
3.753625
3.76325
3.7639
3.78585
3.7866
3.79425
3.8104
3.813
3.846525
3.86545
3.87465
3.8836
3.892975
3.894625
3.911225
3.95
3.960625
3.98875
4.001875
4.002025
4.021225
4.0238
4.024625
4.025925
4.0322
4.0429
4.0513
4.060375
4.077075
4.092925
4.0951
4.09785
4.11015
4.120425
4.134425
4.1899
4.2411
4.24785
4.295775
4.302
4.30375
4.3067
4.320625
4.32165
4.321725
4.3236
4.3338
4.340075
4.352275
4.3663
4.375475
4.378025
4.379775
4.394775
4.396525
4.397275
4.40025
4.419625
4.423875
4.4246
4.436575
4.447375
4.454475
4.464825
4.466575
4.4709
4.4736
4.556
4.5568
4.60195
4.605975
4.618225
4.619775
4.630575
4.64905
4.65175
4.657775
4.66175
4.667425
4.6819
4.6857
4.688975
4.6928
4.697
4.7089
4.714625
4.7199
4.732925
4.744
4.7524
4.75835
4.78755
4.8214
4.8328
4.833475
4.8373
4.8387
4.8609
4.8626
4.9114
4.9149
4.91605
4.937425
4.9387
4.939375
4.94395
4.947875
4.968025
4.97495
4.980925
4.9822
4.98725
5.00165
5.027675
5.04125
5.045375
5.0497
5.0536
5.0601
5.06165
5.06235
5.0992
5.113825
5.1218
5.138375
5.156775
5.210025
5.220125
5.229175
5.237175
5.2401
5.241725
5.26085
5.2699
5.2741
5.287975
5.288575
5.31265
5.3472
5.352
5.3621
5.3732
5.38885
5.406275
5.407725
5.427925
5.4364
5.46935
5.5019
5.50825
5.51395
5.5165
5.51665
5.524925
5.536125
5.5448
5.550725
5.55865
5.564
5.566
5.57095
5.581825
5.594
5.632825
5.633925
5.646
5.669925
5.686925
5.713775
5.717525
5.7182
5.7271
5.7339
5.734825
5.7606
5.7658
5.78165
5.8047
5.807775
5.813975
5.816825
5.8172
5.823275
5.841125
5.843225
5.857275
5.866325
5.8729
5.877875
5.879825
5.8842
5.88785
5.8913
5.905875
5.91035
5.9259
5.948125
5.95425
5.955
5.964375
5.96565
5.9772
5.9972
6.00705
6.0384
6.08025
6.10225
6.10395
6.104
6.110575
6.121175
6.12165
6.123025
6.1273
6.140725
6.14185
6.1422
6.145475
6.149075
6.1491
6.1507
6.151475
6.15935
6.15985
6.173325
6.187125
6.19895
6.201775
6.2156
6.2186
6.24305
6.254925
6.276125
6.282125
6.285475
6.28645
6.2968
6.309775
6.313575
6.31585
6.370525
6.377325
6.383775
6.404575
6.404825
6.411725
6.418
6.43875
6.443
6.485125
6.489225
6.49215
6.51555
6.5164
6.525075
6.533625
6.534225
6.545525
6.5493
6.560275
6.56265
6.58305
6.584575
6.626075
6.64575
6.7005
6.712275
6.717425
6.717475
6.7204
6.72055
6.72775
6.732
6.73565
6.73575
6.744875
6.745575
6.7661
6.766725
6.7681
6.771
6.777475
6.779275
6.802675
6.80465
6.8181
6.8184
6.821075
6.8236
6.848925
6.85885
6.875625
6.8757
6.8782
6.895525
6.906225
6.999425
7.005275
7.0212
7.0265
7.027875
7.041425
7.045275
7.056125
7.05825
7.065425
7.088775
7.0918
7.1078
7.113425
7.120625
7.12455
7.128125
7.151725
7.15285
7.156375
7.162425
7.18605
7.188025
7.1887
7.25205
7.256775
7.280625
7.304
7.3115
7.315325
7.322575
7.334825
7.3386
7.34175
7.346275
7.347275
7.34885
7.3608
7.360875
7.3826
7.38365
7.39045
7.392775
7.397975
7.399725
7.40225
7.425175
7.432075
7.4399
7.440675
7.450075
7.46965
7.4849
7.489575
7.514125
7.567575
7.5931
7.602925
7.60815
7.61195
7.61275
7.6157
7.616275
7.618425
7.621225
7.626375
7.6268
7.629025
7.632675
7.646775
7.6711
7.674375
7.6921
7.707225
7.726225
7.742425
7.7431
7.750475
7.752575
7.7632
7.767875
7.789675
7.799575
7.81265
7.818475
7.903525
7.90685
7.907325
7.914925
7.920375
7.940675
7.9423
7.95875
7.967775
7.9947
8.00145
8.0063
8.021375
8.03125
8.035125
8.0526
8.0638
8.0641
8.0943
8.1045
8.105925
8.11875
8.141775
8.155775
8.204
8.2058
8.210175
8.2106
8.2124
8.25475
8.2634
8.263625
8.26395
8.2658
8.27945
8.295575
8.308525
8.32705
8.328025
8.33505
8.33625
8.364775
8.374075
8.37895
8.3893
8.3922
8.41775
8.423675
8.4265
8.4266
8.440425
8.48925
8.49495
8.523025
8.54965
8.556075
8.55865
8.565175
8.567475
8.569225
8.577725
8.58425
8.599725
8.601025
8.60255
8.613725
8.636375
8.6461
8.650725
8.6533
8.66985
8.6707
8.681925
8.711625
8.730225
8.73285
8.787925
8.792125
8.811325
8.813375
8.814575
8.8195
8.8201
8.821625
8.829525
8.834025
8.843
8.8435
8.85935
8.87535
8.875525
8.876825
8.896775
8.9143
8.931075
8.946125
8.952625
8.955925
9.016475
9.041525
9.06355
9.0761
814
