0.101975
0.102125
0.103625
0.10835
0.1089
0.117325
0.12515
0.131525
0.136775
0.141475
0.14745
0.14895
0.156925
0.1651
0.198125
0.207875
0.208425
0.217325
0.22575
0.238
0.256475
0.26085
0.281825
0.323125
0.358975
0.36885
0.3784
0.40755
0.40935
0.419125
0.421325
0.42505
0.4331
0.4351
0.448225
0.454175
0.4558
0.457425
0.46075
0.46365
0.46465
0.471075
0.474975
0.47545
0.491375
0.492975
0.493125
0.4934
0.495575
0.513325
0.519375
0.5236
0.5286
0.5462
0.571
0.5944
0.60255
0.620025
0.641475
0.658125
0.662375
0.678575
0.6909
0.7123
0.714875
0.72525
0.736775
0.741225
0.7419
0.74345
0.751825
0.756925
0.757725
0.759625
0.79455
0.807775
0.81525
0.819925
0.82665
0.82865
0.840925
0.845275
0.849525
0.8496
0.850875
0.8594
0.864875
0.8717
0.899875
0.9151
0.931625
0.94365
0.954225
1.00275
1.003525
1.005175
1.005825
1.007375
1.01065
1.010675
1.012225
1.0132
1.043675
1.077475
1.087025
1.09425
1.14095
1.151625
1.1792
1.199125
1.23935
1.2483
1.287
1.300525
1.300825
1.307975
1.337725
1.343325
1.34695
1.362475
1.365
1.379425
1.38055
1.38385
1.3878
1.394125
1.428575
1.430075
1.430625
1.4335
1.442425
1.446
1.447275
1.454825
1.468625
1.477
1.52315
1.536725
1.5551
1.5661
1.57455
1.5782
1.60335
1.6035
1.60975
1.612775
1.62995
1.63845
1.656925
1.669075
1.670325
1.6743
1.676775
1.699475
1.706375
1.707975
1.714125
1.71735
1.757875
1.775975
1.7845
1.800425
1.8082
1.808325
1.8154
1.822675
1.834
1.83705
1.841725
1.85515
1.862925
1.882375
1.903575
1.906475
1.90745
1.9111
1.914025
1.916625
1.922825
1.930425
1.935275
1.942925
1.946675
1.96125
1.96205
1.963675
1.972475
1.974975
2.004275
2.028175
2.04035
2.04495
2.06335
2.075325
2.077025
2.142675
2.145625
2.159
2.186525
2.202175
2.20705
2.209375
2.209925
2.2346
2.2349
2.2365
2.2371
2.250775
2.266175
2.271
2.30815
2.3091
2.312225
2.31525
2.3154
2.3206
2.324125
2.36265
2.36285
2.362975
2.397925
2.407775
2.42025
2.42125
2.432725
2.44695
2.4553
2.484275
2.499925
2.505275
2.511675
2.514075
2.5167
2.5452
2.55
2.5531
2.567775
2.584425
2.596825
2.614875
2.6227
2.63055
2.646025
2.69575
2.702125
2.7066
2.75715
2.75995
2.786275
2.803375
2.8068
2.821975
2.824625
2.828025
2.82865
2.832175
2.83675
2.84065
2.857125
2.86005
2.860175
2.869225
2.8718
2.8888
2.8919
2.892375
2.894325
2.89505
2.898725
2.9023
2.9084
2.9248
2.938425
2.9424
2.950625
2.995975
3.016475
3.021075
3.068175
3.1076
3.111925
3.11375
3.1166
3.122975
3.153375
3.15835
3.1626
3.1671
3.183525
3.18515
3.19395
3.1979
3.20445
3.217725
3.22125
3.238925
3.239625
3.2449
3.2519
3.2767
3.29575
3.321425
3.404925
3.408475
3.412075
3.422425
3.422625
3.44535
3.44605
3.446325
3.461475
3.4923
3.4973
3.5177
3.520225
3.529625
3.5409
3.54325
3.548975
3.556225
3.56215
3.565675
3.5702
3.612525
3.629125
3.630925
3.6585
3.703375
3.719825
3.7227
3.7511
3.761175
3.76405
3.765225
3.771725
3.78815
3.788675
3.791725
3.79205
3.799375
3.800125
3.804925
3.814975
3.81995
3.820675
3.839275
3.842325
3.84885
3.8537
3.866425
3.899375
3.909575
3.9462
3.973025
3.9796
4.006275
4.00815
4.015
4.0165
4.0267
4.030725
4.0389
4.041025
4.043375
4.043975
4.04585
4.046675
4.0572
4.064025
4.064675
4.06815
4.07275
4.080775
4.0833
4.09605
4.1135
4.1435
4.1547
4.15955
4.16425
4.165225
4.16675
4.168775
4.1698
4.18285
4.195525
4.197075
4.203475
4.215925
4.2794
4.283225
4.321725
4.3285
4.3419
4.34465
4.368525
4.37045
4.3836
4.4094
4.41545
4.4209
4.423525
4.459025
4.46005
4.474325
4.4841
4.493875
4.50675
4.521175
4.548475
4.56485
4.568925
4.60545
4.608925
4.611425
4.611775
4.615675
4.618475
4.62305
4.6403
4.641775
4.65855
4.68115
4.690825
4.71885
4.740425
4.775725
4.775925
4.80455
4.81595
4.830875
4.835175
4.86885
4.8859
4.90025
4.90135
4.9015
4.903225
4.904825
4.90625
4.93175
4.93865
4.95985
4.963325
4.96635
4.991125
4.9916
4.992025
5.001625
5.0079
5.020575
5.023825
5.042975
5.0648
5.0717
5.0829
5.1104
5.1109
5.120725
5.1244
5.174825
5.201825
5.20475
5.2106
5.219275
5.220525
5.221
5.238275
5.244925
5.252825
5.283575
5.2853
5.286375
5.291225
5.307075
5.320725
5.325075
5.328525
5.332525
5.352475
5.353525
5.355875
5.37105
5.383725
5.3894
5.4047
5.4129
5.417275
5.465625
5.481025
5.511125
5.517375
5.526525
5.53245
5.57345
5.578325
5.57845
5.579675
5.581275
5.58245
5.587025
5.6051
5.621
5.62805
5.646125
5.65675
5.67635
5.679825
5.683225
5.694775
5.700275
5.718375
5.72635
5.7277
5.738475
5.760425
5.77675
5.8055
5.807125
5.812875
5.81905
5.8203
5.82065
5.847775
5.857125
5.8628
5.86955
5.8719
5.8734
5.8765
5.88695
5.903675
5.9073
5.911025
5.92025
5.921075
5.94875
5.9673
5.975525
5.982025
5.987425
5.99285
6.033675
6.046
6.0799
6.0804
6.083075
6.09815
6.101275
6.1054
6.105775
6.112975
6.11795
6.120925
6.138425
6.1572
6.1631
6.173375
6.1845
6.192225
6.19835
6.208475
6.222875
6.227675
6.2281
6.228725
6.250525
6.2729
6.2753
6.289675
6.299025
6.306025
6.3085
6.310325
6.32535
6.328475
6.3537
6.414825
6.427875
6.43815
6.44405
6.459975
6.47995
6.483575
6.484675
6.494275
6.496375
6.51525
6.538625
6.598425
6.607825
6.62165
6.6612
6.66775
6.675875
6.68915
6.716425
6.723275
6.732925
6.7524
6.763725
6.76405
6.773425
6.78015
6.797425
6.819175
6.831075
6.835725
6.838625
6.851625
6.854525
6.8703
6.873475
6.9544
6.9753
7.00345
7.008475
7.011225
7.012325
7.021625
7.04225
7.042325
7.081
7.087975
7.103775
7.10925
7.139075
7.164275
7.17735
7.1783
7.1957
7.2135
7.255475
7.264425
7.2682
7.30365
7.306725
7.31185
7.311975
7.3137
7.3259
7.330725
7.3338
7.3354
7.33825
7.343925
7.34405
7.35645
7.381225
7.3817
7.38815
7.398125
7.403275
7.409475
7.417075
7.42625
7.430325
7.4338
7.435725
7.448975
7.52795
7.5309
7.55015
7.5897
7.6037
7.611725
7.621975
7.6237
7.6295
7.63695
7.6409
7.649375
7.6563
7.677925
7.678275
7.67905
7.683
7.68755
7.70255
7.70305
7.706025
7.709675
7.71675
7.7209
7.722925
7.728875
7.7347
7.753975
7.77735
7.809475
7.838825
7.882125
7.906875
7.91075
7.921325
7.9412
7.947225
7.953875
7.9625
7.96895
7.971375
7.975225
8.02195
8.026525
8.05605
8.062575
8.06355
8.07685
8.0888
8.10205
8.106875
8.115475
8.186325
8.2025
8.212975
8.23635
8.244275
8.2609
8.266275
8.278075
8.284925
8.297675
8.298575
8.308925
8.3225
8.3298
8.35095
8.3829
8.439325
8.43955
8.445775
8.452425
8.502
8.5032
8.503375
8.50845
8.541
8.62305
8.63595
8.657675
8.667525
8.6787
8.68735
8.705
8.714175
8.738475
8.8189
8.82005
8.8236
8.82645
8.8265
8.826975
8.828025
8.829325
8.8321
8.83865
8.842125
8.860175
8.862175
8.8673
8.875
8.87925
8.890825
8.893
8.9238
8.940375
8.94425
8.96505
8.96515
8.970875
8.975575
9.0459
9.0698
9.097575
774
