0.111725
0.1501
0.15165
0.152925
0.152975
0.158025
0.164475
0.172775
0.172925
0.175925
0.2139
0.216325
0.232375
0.240225
0.24255
0.256975
0.27095
0.29245
0.2966
0.302275
0.30235
0.309175
0.3135
0.32445
0.3248
0.368075
0.402125
0.4043
0.419825
0.4211
0.4267
0.455075
0.464325
0.473575
0.479
0.4801
0.501025
0.51045
0.51485
0.515675
0.538475
0.551025
0.560725
0.57425
0.586425
0.61695
0.653275
0.660875
0.67025
0.67855
0.686525
0.701125
0.70245
0.70475
0.7114
0.719525
0.719575
0.724575
0.730625
0.743225
0.798
0.8005
0.80185
0.808375
0.81275
0.8196
0.8372
0.84775
0.872375
0.903875
0.9166
0.928375
0.9322
0.946625
0.94695
0.94875
0.95165
0.964875
0.970425
1.000375
1.003925
1.009675
1.013625
1.02395
1.035
1.038325
1.0449
1.048675
1.068675
1.07005
1.076225
1.07715
1.090325
1.099425
1.1252
1.159225
1.170025
1.1733
1.181325
1.188225
1.228275
1.2375
1.27425
1.298875
1.30345
1.304475
1.306675
1.3185
1.3224
1.3265
1.333
1.3331
1.341
1.356825
1.360175
1.363025
1.3635
1.38095
1.3884
1.4124
1.425
1.427775
1.46545
1.479125
1.482025
1.5
1.518175
1.593325
1.6
1.60425
1.6098
1.616875
1.62585
1.627675
1.635225
1.636925
1.64175
1.655125
1.655175
1.656025
1.667
1.668875
1.685625
1.686925
1.688475
1.704275
1.70575
1.71835
1.747375
1.764375
1.770725
1.77855
1.78415
1.789275
1.825175
1.88415
1.89325
1.90155
1.907375
1.907675
1.913725
1.924775
1.926625
1.938575
1.972475
1.998725
2.01225
2.020225
2.0334
2.03535
2.036325
2.04195
2.0463
2.0536
2.061975
2.06345
2.072775
2.074025
2.093025
2.1065
2.1107
2.17655
2.20165
2.21765
2.22135
2.223175
2.237575
2.23825
2.242375
2.2439
2.255525
2.26955
2.288275
2.322675
2.334
2.339525
2.3469
2.35165
2.3847
2.4145
2.434925
2.43985
2.471075
2.487725
2.49535
2.49985
2.5014
2.509975
2.51065
2.511
2.526075
2.528825
2.5334
2.569275
2.5694
2.594225
2.59885
2.599975
2.619075
2.6202
2.633225
2.641025
2.66705
2.697925
2.70975
2.72925
2.747325
2.748375
2.780325
2.802
2.80455
2.8217
2.825075
2.830575
2.832375
2.8342
2.8489
2.86575
2.86775
2.876575
2.886875
2.897125
2.921475
2.925075
2.96435
2.966725
2.97
2.98
2.9983
3.00155
3.001725
3.0129
3.029625
3.057475
3.073625
3.085775
3.106625
3.10715
3.11495
3.120725
3.130225
3.14265
3.147775
3.14805
3.161275
3.1628
3.163875
3.212575
3.22665
3.2378
3.254425
3.2559
3.257625
3.265475
3.271175
3.27215
3.284075
3.29155
3.316275
3.325675
3.385525
3.395275
3.399575
3.41425
3.4157
3.420025
3.42115
3.422925
3.426425
3.4282
3.4402
3.44235
3.45455
3.471925
3.4748
3.492075
3.504525
3.5139
3.516325
3.556875
3.5811
3.5824
3.58885
3.632675
3.634225
3.63735
3.639975
3.641675
3.6686
3.70425
3.704725
3.711525
3.72085
3.727425
3.728875
3.73015
3.733075
3.73435
3.7347
3.7377
3.754475
3.75915
3.76765
3.7715
3.77965
3.780525
3.7822
3.79715
3.80105
3.828775
3.8491
3.849875
3.8602
3.8642
3.8695
3.875725
3.886425
3.909075
3.927725
3.93755
4.0029
4.00485
4.005975
4.014475
4.01485
4.015475
4.016675
4.039325
4.040225
4.040625
4.04855
4.056
4.056425
4.0576
4.057875
4.0581
4.072425
4.085425
4.100475
4.10485
4.1204
4.123325
4.145325
4.1653
4.2093
4.2213
4.221775
4.22445
4.25265
4.263225
4.280325
4.31545
4.315875
4.319275
4.329825
4.33145
4.3338
4.338025
4.350475
4.36595
4.384375
4.40125
4.402175
4.450775
4.4689
4.47455
4.47545
4.477725
4.4999
4.537
4.582475
4.628875
4.63795
4.642175
4.6457
4.654675
4.666375
4.66695
4.6695
4.67
4.675925
4.678225
4.68635
4.6893
4.705025
4.71985
4.727875
4.734625
4.737775
4.74195
4.7908
4.801775
4.808325
4.81525
4.828325
4.863
4.87085
4.8958
4.910375
4.915175
4.9154
4.9172
4.922175
4.9292
4.9293
4.933
4.9435
4.957325
4.964975
4.967875
4.9716
4.977175
4.97955
4.991825
5.006525
5.026475
5.030425
5.045575
5.046
5.047175
5.093875
5.102425
5.11555
5.1198
5.130825
5.1647
5.186
5.195925
5.203825
5.2047
5.211125
5.21395
5.215375
5.216725
5.217
5.2217
5.223125
5.22315
5.224175
5.225275
5.22595
5.229625
5.244675
5.247075
5.255875
5.2825
5.293625
5.302925
5.30525
5.3054
5.309425
5.317575
5.325275
5.334425
5.334775
5.346225
5.36385
5.366375
5.3833
5.38355
5.396725
5.416475
5.519225
5.521125
5.521875
5.5221
5.524325
5.535575
5.5541
5.560125
5.56045
5.574925
5.5775
5.5905
5.596125
5.60895
5.61595
5.624725
5.638025
5.6585
5.67495
5.68445
5.706375
5.7064
5.73905
5.759975
5.793125
5.802075
5.820375
5.83855
5.840925
5.84825
5.850825
5.8626
5.8675
5.893525
5.91545
5.92015
5.9273
5.930975
5.9352
5.9437
5.949125
5.96565
5.966475
5.966975
5.969375
5.97935
5.9805
5.985275
5.98985
5.9919
5.996225
6.004325
6.006975
6.009475
6.047525
6.055
6.057875
6.060775
6.104175
6.108525
6.111575
6.114225
6.11735
6.12375
6.12625
6.12825
6.13265
6.1349
6.1499
6.15665
6.1629
6.16775
6.171225
6.176
6.1834
6.187775
6.2166
6.218125
6.219175
6.245025
6.251025
6.251575
6.2587
6.27195
6.277025
6.313975
6.328375
6.3299
6.3577
6.372425
6.381375
6.40015
6.402175
6.402375
6.420775
6.4227
6.44625
6.453775
6.47415
6.483325
6.48955
6.495375
6.499025
6.504525
6.5302
6.534125
6.5806
6.6099
6.641075
6.653825
6.65725
6.66565
6.7061
6.709725
6.714325
6.714675
6.715875
6.72095
6.72625
6.7275
6.73405
6.735625
6.73805
6.741125
6.748675
6.7529
6.75445
6.76195
6.765225
6.766425
6.769825
6.773225
6.778075
6.79415
6.794225
6.798375
6.800325
6.8058
6.81365
6.824425
6.86355
6.864625
6.883075
6.91945
6.9491
7.004975
7.008225
7.0156
7.02205
7.022775
7.023325
7.02385
7.0362
7.0369
7.039075
7.0696
7.0795
7.084725
7.105425
7.112625
7.113375
7.123575
7.1249
7.132775
7.1472
7.163775
7.167625
7.168225
7.1714
7.17325
7.1792
7.184475
7.187275
7.197975
7.23795
7.311975
7.31415
7.3342
7.3419
7.349475
7.3874
7.406375
7.424825
7.4418
7.478525
7.51
7.556175
7.5848
7.604475
7.606975
7.607525
7.626225
7.627
7.634425
7.64005
7.642325
7.6429
7.6457
7.651
7.659775
7.664725
7.669875
7.671025
7.680625
7.6826
7.68315
7.6961
7.69905
7.713625
7.71505
7.717275
7.7178
7.762675
7.76445
7.77305
7.78135
7.784925
7.792625
7.819525
7.85535
7.856125
7.866875
7.905225
7.908575
7.909875
7.912575
7.93135
7.932675
7.9382
7.938375
7.95455
7.955575
7.9616
7.967825
7.9739
7.9754
7.976775
7.99335
7.9978
8.000675
8.009825
8.014825
8.015575
8.026075
8.04
8.040625
8.045375
8.047375
8.069
8.08775
8.10485
8.11175
8.144275
8.154225
8.186875
8.189575
8.20185
8.20235
8.2068
8.216175
8.2225
8.223525
8.2237
8.236875
8.260175
8.261225
8.27055
8.275175
8.2986
8.302
8.30205
8.30575
8.308175
8.309775
8.310325
8.31335
8.338475
8.354225
8.365525
8.3748
8.3889
8.41155
8.416025
8.448925
8.455875
8.4959
8.502275
8.504225
8.506525
8.5112
8.51255
8.513225
8.523725
8.52485
8.52885
8.533775
8.53635
8.54265
8.547925
8.5484
8.5572
8.570875
8.57155
8.575875
8.5774
8.61045
8.626375
8.638275
8.6559
8.703175
8.7194
8.72715
8.72975
8.77555
8.777375
8.7973
8.8007
8.8113
8.84335
8.846725
8.85745
8.8632
8.864075
8.8684
8.875825
8.876975
8.89495
8.9008
8.916525
8.9166
8.929875
8.9503
9.0092
9.0617
9.06735
817
