0.113625
0.118575
0.119875
0.1206
0.121875
0.124975
0.12515
0.1406
0.142775
0.146525
0.158775
0.162
0.1647
0.1681
0.172275
0.21525
0.2184
0.2411
0.251025
0.263775
0.270325
0.303525
0.324875
0.351325
0.3521
0.35385
0.388625
0.40905
0.41735
0.418275
0.427475
0.43485
0.4356
0.435675
0.442125
0.45405
0.486825
0.487925
0.4899
0.490075
0.499075
0.5117
0.53135
0.540125
0.58845
0.609175
0.60995
0.6501
0.6615
0.6654
0.701425
0.708175
0.72245
0.73345
0.74135
0.7652
0.7721
0.7751
0.7898
0.806
0.80625
0.811025
0.820825
0.8237
0.82885
0.82955
0.85635
0.872775
0.8811
0.881725
0.922775
0.993125
0.994775
1.003225
1.00975
1.01845
1.01875
1.0247
1.02965
1.032125
1.039775
1.043775
1.066575
1.078775
1.08975
1.10475
1.10905
1.11215
1.114325
1.11975
1.122
1.126975
1.168
1.181125
1.18585
1.20545
1.21325
1.228
1.23765
1.254325
1.2658
1.302125
1.302225
1.3126
1.31365
1.33405
1.34215
1.34295
1.357675
1.368075
1.37425
1.3983
1.40085
1.4119
1.413675
1.418475
1.425625
1.42775
1.4443
1.445975
1.4566
1.4596
1.469225
1.47655
1.4854
1.494575
1.4988
1.51825
1.5522
1.56155
1.5647
1.601175
1.60165
1.6047
1.611925
1.6164
1.624225
1.62815
1.631225
1.6339
1.643125
1.6484
1.651075
1.6637
1.68205
1.711375
1.71625
1.7179
1.720125
1.75845
1.758975
1.759475
1.762775
1.766025
1.7791
1.8053
1.82435
1.84865
1.891125
1.89305
1.9313
1.9314
1.948
1.9676
1.968175
1.9685
1.973475
1.979775
1.992225
2.022375
2.0237
2.0834
2.08715
2.106075
2.108775
2.1623
2.173425
2.194375
2.198625
2.206075
2.21175
2.221525
2.230575
2.243525
2.2457
2.249075
2.2501
2.258325
2.25925
2.267925
2.2804
2.28075
2.2898
2.2924
2.2926
2.298425
2.31705
2.3173
2.329575
2.353175
2.391725
2.3953
2.39755
2.39845
2.42845
2.4528
2.46555
2.470875
2.50115
2.5024
2.509875
2.5178
2.535375
2.538025
2.539275
2.541525
2.54305
2.54435
2.561575
2.56375
2.567775
2.5686
2.580775
2.59835
2.601225
2.611125
2.6319
2.642975
2.6554
2.67075
2.689625
2.692175
2.70905
2.7114
2.77615
2.7906
2.794125
2.806675
2.807125
2.8489
2.875375
2.884775
2.892175
2.919675
2.933575
2.93435
2.938725
2.942775
2.944375
2.956725
2.9692
2.973675
2.9818
2.987775
2.9949
2.9969
2.998525
2.999175
3.037175
3.08115
3.105475
3.112875
3.122325
3.131625
3.133175
3.1336
3.134825
3.136275
3.136425
3.150975
3.17505
3.207675
3.212925
3.223475
3.2312
3.232225
3.238125
3.23865
3.2508
3.251175
3.262825
3.308975
3.3169
3.3359
3.4112
3.418425
3.420825
3.42235
3.43565
3.436625
3.448575
3.45145
3.4547
3.470475
3.47325
3.473825
3.47725
3.488575
3.493675
3.50715
3.5121
3.512475
3.518875
3.5222
3.5268
3.5343
3.5703
3.571575
3.5733
3.582025
3.5883
3.588725
3.601875
3.6067
3.619175
3.622525
3.667825
3.685325
3.693425
3.699525
3.70375
3.704275
3.707325
3.727
3.728775
3.7382
3.74405
3.74505
3.754925
3.755725
3.7622
3.765475
3.766175
3.7845
3.790325
3.793775
3.795875
3.79895
3.804
3.82735
3.82965
3.8376
3.875275
3.891875
3.909925
3.9671
3.98255
4.00265
4.00335
4.007
4.009925
4.017425
4.021125
4.02785
4.0334
4.034375
4.050375
4.0525
4.07345
4.08445
4.0897
4.09085
4.09485
4.09845
4.10565
4.111225
4.117275
4.130775
4.13925
4.149575
4.14995
4.153375
4.1571
4.161625
4.171975
4.172375
4.177125
4.20065
4.21295
4.26745
4.30035
4.3062
4.3118
4.324
4.3287
4.332375
4.33895
4.34895
4.359375
4.374775
4.377675
4.38335
4.404125
4.423375
4.4255
4.4317
4.45525
4.49595
4.5036
4.5303
4.537
4.537875
4.54085
4.541775
4.546775
4.5479
4.565725
4.602475
4.60755
4.618775
4.61885
4.627775
4.646025
4.6474
4.674925
4.697825
4.7252
4.772
4.77855
4.807
4.819675
4.83015
4.830225
4.906925
4.913
4.9148
4.92305
4.9249
4.93095
4.931475
4.93435
4.942275
4.953575
4.954325
4.9584
4.966025
4.98235
4.984475
4.98865
4.994275
5.01205
5.029225
5.036875
5.047
5.05185
5.07995
5.09375
5.1543
5.2066
5.209375
5.20975
5.222625
5.2228
5.2334
5.23965
5.243875
5.261225
5.263775
5.27415
5.277725
5.283625
5.295875
5.29775
5.298975
5.3012
5.32115
5.323025
5.323675
5.3485
5.37395
5.3769
5.44595
5.45225
5.4779
5.48105
5.511425
5.5152
5.523425
5.52355
5.534125
5.53985
5.55705
5.558425
5.5732
5.585075
5.5884
5.592025
5.65865
5.672125
5.68245
5.70205
5.72585
5.72745
5.8
5.80635
5.812375
5.820475
5.8237
5.831975
5.8412
5.85025
5.8558
5.856875
5.857825
5.858475
5.8619
5.8732
5.876125
5.87815
5.8888
5.902875
5.90475
5.909625
5.914325
5.92635
5.9377
5.95085
5.9744
6.00145
6.00345
6.009475
6.058125
6.0661
6.0671
6.081375
6.088625
6.088775
6.10945
6.10975
6.11305
6.124075
6.14215
6.145
6.1537
6.161825
6.16685
6.17225
6.18855
6.191825
6.191975
6.19365
6.23865
6.254325
6.274125
6.274875
6.2815
6.297825
6.31535
6.335575
6.359225
6.377875
6.39505
6.39905
6.4035
6.405775
6.4085
6.424925
6.426725
6.427675
6.428525
6.431925
6.4391
6.466075
6.47
6.4808
6.499025
6.499975
6.504325
6.506175
6.506325
6.51775
6.52235
6.5279
6.54625
6.61495
6.632675
6.676475
6.6788
6.685375
6.701325
6.7018
6.72015
6.721925
6.726225
6.730875
6.73255
6.744825
6.7452
6.7495
6.750375
6.760075
6.768625
6.772025
6.791875
6.7931
6.808925
6.813675
6.81455
6.817825
6.823325
6.828525
6.83375
6.87595
6.8799
6.880725
6.89205
6.909025
6.90945
6.9149
6.9295
6.9334
6.941525
6.9656
7.000425
7.008875
7.011875
7.018325
7.018375
7.029375
7.043875
7.05235
7.05325
7.0612
7.073925
7.07725
7.09035
7.1085
7.1086
7.11585
7.1225
7.130675
7.131525
7.14715
7.1619
7.20795
7.2093
7.22245
7.22425
7.24495
7.26905
7.3102
7.3151
7.322425
7.338025
7.3381
7.340175
7.349775
7.3621
7.365825
7.375725
7.378125
7.393425
7.397625
7.40715
7.431525
7.432875
7.441625
7.462025
7.518775
7.52685
7.53355
7.536025
7.543075
7.544325
7.614775
7.619625
7.625925
7.6284
7.6286
7.629575
7.636075
7.6482
7.654625
7.65785
7.665125
7.665225
7.665775
7.667675
7.667875
7.66835
7.682675
7.68905
7.722075
7.739225
7.745025
7.75805
7.761425
7.7717
7.781775
7.83335
7.8362
7.8364
7.839275
7.855375
7.85725
7.8843
7.9034
7.9144
7.916025
7.919525
7.934525
7.934625
7.95475
7.9587
7.96315
7.9641
7.968475
7.9991
7.999925
8.00265
8.00775
8.012325
8.0162
8.02205
8.04055
8.044025
8.051525
8.062675
8.1186
8.122475
8.132875
8.154425
8.177675
8.2098
8.224275
8.22615
8.228175
8.251825
8.25675
8.265725
8.268625
8.304275
8.3125
8.313375
8.34305
8.350225
8.3507
8.3676
8.379425
8.3886
8.3993
8.408325
8.408925
8.447425
8.457875
8.509675
8.51465
8.5185
8.530325
8.539975
8.5408
8.57095
8.578225
8.58005
8.6123
8.619525
8.62015
8.6245
8.634325
8.640675
8.658925
8.704675
8.72325
8.74895
8.7958
8.796425
8.8041
8.8091
8.819
8.823025
8.82895
8.839725
8.844275
8.847625
8.848725
8.848875
8.849325
8.85355
8.85855
8.865875
8.925975
8.929125
8.950925
8.953825
8.9542
8.961025
8.996
8.9976
8.99935
9.01135
9.031975
9.052975
9.08055
9.0861
9.089175
795
