0.031075
0.0491
0.0746
0.101475
0.109575
0.121975
0.12335
0.13395
0.134875
0.135375
0.168525
0.17335
0.1781
0.194925
0.20305
0.216275
0.21715
0.222325
0.237675
0.2426
0.245
0.2623
0.27155
0.2826
0.28335
0.3107
0.328375
0.343775
0.347975
0.361675
0.39525
0.409575
0.412675
0.419175
0.421525
0.426225
0.452075
0.4533
0.471625
0.479575
0.4928
0.517475
0.5241
0.52785
0.53475
0.536675
0.542875
0.5459
0.58465
0.586775
0.588025
0.5882
0.631575
0.6799
0.703475
0.720675
0.73445
0.742925
0.74705
0.74885
0.756775
0.76155
0.764575
0.7654
0.780275
0.78305
0.79875
0.805025
0.816975
0.840775
0.863975
0.8644
0.868825
0.8689
0.941775
0.944475
0.979125
0.989525
0.9993
1.00095
1.006875
1.032725
1.0352
1.0358
1.037725
1.0388
1.046875
1.050125
1.0536
1.0566
1.061275
1.070475
1.079925
1.098375
1.1105
1.1509
1.16045
1.1605
1.1933
1.2232
1.25645
1.25655
1.264275
1.269325
1.2994
1.303875
1.304075
1.30725
1.3164
1.32355
1.326825
1.3375
1.338625
1.342825
1.348025
1.376225
1.37855
1.3991
1.4144
1.43065
1.4592
1.46575
1.467975
1.46985
1.495575
1.5184
1.5487
1.551075
1.6
1.60195
1.624825
1.6314
1.639275
1.6442
1.64615
1.668675
1.670525
1.672725
1.689175
1.700775
1.7285
1.742425
1.7672
1.782825
1.85985
1.868275
1.9001
1.90925
1.9266
1.938675
1.941225
1.965875
1.97085
1.9884
1.991425
1.99295
2.026125
2.029225
2.0372
2.0409
2.084525
2.0866
2.09535
2.097475
2.12155
2.1733
2.179175
2.1884
2.20185
2.206525
2.220575
2.23535
2.2364
2.237975
2.239575
2.25235
2.2527
2.256325
2.262825
2.263375
2.26855
2.2689
2.27855
2.284075
2.286125
2.288275
2.291475
2.292825
2.317125
2.322775
2.32595
2.34485
2.3459
2.360975
2.3719
2.379975
2.382125
2.400875
2.407
2.44535
2.451425
2.490775
2.5018
2.50745
2.5132
2.51625
2.516625
2.519
2.520875
2.52925
2.537975
2.538175
2.5425
2.55285
2.55655
2.561275
2.5619
2.589425
2.596375
2.607575
2.61995
2.626775
2.636375
2.6434
2.657925
2.681025
2.683225
2.69695
2.69705
2.69845
2.708975
2.7153
2.77055
2.802275
2.804625
2.806025
2.808825
2.8156
2.8218
2.824525
2.825575
2.834175
2.835625
2.84445
2.845825
2.864125
2.865425
2.8788
2.893725
2.9147
2.917575
2.923
2.92955
2.930875
2.9363
2.94345
2.9472
2.9502
3.0105
3.012525
3.0132
3.055425
3.0624
3.084125
3.092875
3.0997
3.104425
3.1298
3.1322
3.142875
3.1532
3.155925
3.159475
3.172825
3.172875
3.18145
3.19615
3.200425
3.2005
3.204825
3.232575
3.2335
3.24045
3.244
3.2607
3.26755
3.28145
3.286625
3.2869
3.31075
3.326275
3.330675
3.334975
3.341475
3.352325
3.358875
3.381925
3.41265
3.413325
3.417875
3.4264
3.438625
3.44795
3.45375
3.45385
3.454775
3.476175
3.477925
3.484725
3.485975
3.488625
3.512475
3.5245
3.557375
3.585275
3.59605
3.6024
3.6051
3.61055
3.618075
3.6382
3.645475
3.652575
3.669675
3.7033
3.70755
3.7223
3.72885
3.733525
3.7351
3.7385
3.7449
3.74795
3.752125
3.760275
3.76215
3.76865
3.777425
3.78045
3.790325
3.7947
3.797375
3.80935
3.827075
3.841375
3.84925
3.861975
3.867225
3.872825
3.9
3.925925
3.9413
3.94885
3.9595
3.96225
3.9773
4.00175
4.003225
4.0071
4.007925
4.009575
4.011675
4.019475
4.02525
4.029975
4.03
4.036
4.038575
4.042775
4.043825
4.05915
4.0601
4.065525
4.072575
4.077225
4.0848
4.085825
4.090575
4.093275
4.120125
4.123775
4.128125
4.13665
4.202775
4.226925
4.2457
4.25115
4.261575
4.29015
4.302475
4.303375
4.310475
4.311825
4.32515
4.326425
4.3511
4.353925
4.35395
4.359925
4.371225
4.37365
4.415175
4.437225
4.43925
4.44035
4.44475
4.467475
4.507775
4.538075
4.57665
4.5963
4.599525
4.60135
4.601825
4.604575
4.613
4.638325
4.648525
4.651525
4.660925
4.665675
4.67775
4.715725
4.71575
4.717675
4.71845
4.719675
4.735775
4.7447
4.762825
4.7999
4.804775
4.8125
4.83415
4.842925
4.90075
4.903925
4.908725
4.911125
4.916075
4.91885
4.9223
4.924175
4.9245
4.929075
4.940075
4.9469
4.951725
4.955025
4.958125
4.960275
4.96655
4.976925
4.983875
4.9906
5.022925
5.0257
5.042875
5.083725
5.112175
5.160575
5.20325
5.205825
5.20615
5.208925
5.2094
5.211625
5.22475
5.2325
5.2336
5.242375
5.2494
5.25075
5.25345
5.255
5.2627
5.267025
5.269925
5.279325
5.31535
5.3285
5.3463
5.35235
5.393175
5.394825
5.39675
5.40635
5.4418
5.445625
5.4752
5.5047
5.5137
5.515825
5.516675
5.5172
5.517925
5.522775
5.525625
5.52875
5.531475
5.5344
5.5407
5.54715
5.549975
5.559875
5.57135
5.57815
5.581975
5.58505
5.585825
5.604625
5.61285
5.615825
5.6257
5.6352
5.639525
5.649825
5.677225
5.701
5.8006
5.822125
5.8225
5.831275
5.832075
5.850725
5.8539
5.86345
5.864175
5.8891
5.907475
5.9151
5.9202
5.92405
5.940275
5.96465
5.966075
5.971775
5.97735
5.9832
5.9879
6.0053
6.0199
6.036725
6.050925
6.061325
6.10445
6.106125
6.111925
6.1138
6.1149
6.122775
6.143025
6.149075
6.155775
6.159225
6.1607
6.165975
6.169775
6.181775
6.1865
6.1896
6.214625
6.2173
6.226475
6.2395
6.243525
6.294025
6.33115
6.35995
6.393525
6.41025
6.41185
6.43065
6.442375
6.4488
6.454875
6.46095
6.461175
6.461325
6.473675
6.47475
6.484525
6.48845
6.493725
6.51225
6.54275
6.564425
6.59455
6.59515
6.6292
6.629475
6.64085
6.649675
6.664425
6.6701
6.689375
6.6897
6.701675
6.7025
6.703525
6.70415
6.71865
6.726025
6.7294
6.7304
6.733275
6.734425
6.740425
6.742275
6.7473
6.755625
6.76725
6.77125
6.7721
6.77375
6.77865
6.7909
6.8078
6.814075
6.827725
6.842525
6.877
6.880225
6.8818
6.887675
6.889925
6.896925
6.9085
6.952675
6.962325
6.96785
6.97515
7.017
7.0213
7.02195
7.0421
7.0441
7.045825
7.054275
7.05835
7.059425
7.068875
7.0797
7.1031
7.10515
7.136275
7.137175
7.147475
7.149
7.153775
7.157475
7.188025
7.206625
7.20915
7.23275
7.23295
7.23705
7.23955
7.256525
7.28275
7.2983
7.3304
7.3388
7.340575
7.344275
7.345875
7.381325
7.399325
7.4093
7.4154
7.4438
7.46915
7.487175
7.489875
7.49455
7.496575
7.5091
7.54045
7.5499
7.55405
7.5699
7.57145
7.590675
7.604925
7.60915
7.6246
7.6385
7.6412
7.65075
7.651225
7.66625
7.684
7.69145
7.6962
7.702075
7.725325
7.749925
7.750075
7.834175
7.8423
7.849625
7.858325
7.8748
7.896025
7.903575
7.9119
7.9139
7.916225
7.92845
7.9295
7.933125
7.94915
7.95045
7.959825
7.960925
7.9828
7.98705
7.999725
8.009575
8.011075
8.01605
8.026075
8.027125
8.037325
8.063675
8.0781
8.0867
8.088325
8.11525
8.126425
8.133225
8.13455
8.1436
8.15275
8.204125
8.224175
8.231625
8.253525
8.255475
8.259625
8.27005
8.2733
8.281975
8.286225
8.293875
8.294425
8.296625
8.2988
8.3096
8.31205
8.31545
8.3207
8.364925
8.371475
8.373025
8.415225
8.425125
8.47905
8.49905
8.501925
8.50315
8.529775
8.5419
8.546125
8.548825
8.55555
8.55785
8.562725
8.56365
8.576925
8.5805
8.58405
8.587675
8.595525
8.598125
8.60885
8.6176
8.63525
8.638775
8.642
8.655175
8.683475
8.699275
8.7076
8.720575
8.748375
8.805125
8.8163
8.830975
8.831525
8.847875
8.8571
8.86045
8.86175
8.867275
8.89655
8.8999
8.900775
8.901975
8.911125
8.914725
8.92725
8.935625
8.936
8.948
8.96395
8.9642
8.9705
9.00775
9.008275
9.00895
9.044025
9.068425
9.07435
814
