0.1024
0.1033
0.105325
0.11005
0.116475
0.123425
0.126325
0.134875
0.138375
0.141075
0.141175
0.142725
0.1569
0.157675
0.166875
0.175325
0.17705
0.177775
0.1868
0.191975
0.195175
0.198425
0.2045
0.25095
0.2557
0.259125
0.2664
0.266775
0.279225
0.30015
0.322725
0.328825
0.331675
0.35715
0.372125
0.376225
0.39105
0.420175
0.421525
0.43225
0.4378
0.46485
0.4822
0.484825
0.522575
0.526075
0.527275
0.541625
0.548975
0.561325
0.5745
0.579725
0.59055
0.590575
0.626175
0.631975
0.63895
0.6576
0.71305
0.7135
0.719325
0.736275
0.7366
0.747775
0.7498
0.751875
0.76055
0.7687
0.768975
0.78665
0.8012
0.803575
0.813475
0.816975
0.818725
0.838375
0.8428
0.8656
0.891175
0.895075
0.9259
0.980825
0.99555
0.998075
1.0073
1.00745
1.01375
1.019875
1.0234
1.024775
1.035275
1.047125
1.05155
1.051725
1.052
1.0655
1.065525
1.080375
1.084375
1.0865
1.08925
1.101625
1.1053
1.112575
1.11375
1.11675
1.117825
1.1425
1.1445
1.165575
1.21185
1.218225
1.234425
1.2371
1.2379
1.2561
1.262
1.271025
1.2779
1.28255
1.304425
1.308375
1.316125
1.320675
1.322025
1.333425
1.34385
1.34485
1.353675
1.359625
1.361175
1.364325
1.38045
1.3806
1.3808
1.393125
1.417125
1.42
1.47305
1.493175
1.49545
1.501225
1.51895
1.5796
1.60945
1.612725
1.61355
1.613625
1.61515
1.639075
1.640225
1.65205
1.652725
1.664325
1.674925
1.68
1.681925
1.685425
1.6997
1.707425
1.712975
1.71525
1.715975
1.72315
1.726975
1.7399
1.776925
1.79245
1.7955
1.80425
1.806525
1.849275
1.850375
1.852825
1.8618
1.8755
1.906125
1.90955
1.911375
1.9116
1.9122
1.927725
1.929975
1.930625
1.93215
1.954875
1.963325
1.96575
1.987525
2.00555
2.00735
2.0091
2.020675
2.03045
2.0365
2.037275
2.049475
2.08345
2.10265
2.104575
2.10545
2.11825
2.120675
2.144125
2.150275
2.175475
2.20315
2.203825
2.207125
2.207225
2.20865
2.2171
2.221175
2.22195
2.224425
2.225825
2.23675
2.240325
2.261275
2.26485
2.281575
2.295875
2.300875
2.334025
2.335525
2.337
2.3439
2.346625
2.350525
2.358425
2.359
2.399525
2.402025
2.406125
2.4192
2.42145
2.425875
2.431225
2.448875
2.476375
2.504875
2.507175
2.507425
2.5095
2.516075
2.523075
2.52365
2.5237
2.5287
2.5369
2.555525
2.55665
2.56315
2.58535
2.586675
2.598025
2.6496
2.6511
2.663075
2.67405
2.684075
2.690125
2.6976
2.802175
2.8365
2.837175
2.84135
2.8531
2.854875
2.85685
2.857725
2.86
2.861475
2.862025
2.868925
2.871575
2.8746
2.8751
2.880225
2.882725
2.899125
2.943575
2.9828
3.0006
3.009125
3.014775
3.030675
3.060475
3.077
3.084925
3.10605
3.106375
3.113225
3.117675
3.12245
3.14895
3.17945
3.19825
3.21465
3.2275
3.236425
3.237925
3.2488
3.250625
3.251625
3.25655
3.319275
3.32225
3.331075
3.42325
3.423525
3.42395
3.440575
3.44225
3.44515
3.4452
3.4543
3.458675
3.4814
3.4877
3.4909
3.491125
3.4957
3.58475
3.617475
3.674225
3.71425
3.718775
3.728625
3.7309
3.741225
3.74215
3.743775
3.7516
3.75165
3.751925
3.77685
3.778475
3.7865
3.803775
3.835725
3.837425
3.845725
3.88775
3.922725
3.98895
3.9966
4.01305
4.0146
4.02195
4.0233
4.028425
4.036175
4.037775
4.049275
4.067975
4.07205
4.072575
4.0732
4.074075
4.0863
4.0889
4.0925
4.1092
4.13955
4.159
4.278425
4.29795
4.313225
4.318275
4.32065
4.329625
4.33935
4.347475
4.353125
4.353875
4.36785
4.372125
4.38415
4.396875
4.406675
4.41605
4.426675
4.42925
4.439175
4.439825
4.441725
4.53295
4.539
4.570725
4.60315
4.61305
4.64745
4.65865
4.668725
4.682725
4.68445
4.695225
4.7079
4.7113
4.711775
4.749275
4.76655
4.7863
4.8063
4.80915
4.8337
4.877525
4.902325
4.910475
4.9163
4.927925
4.93215
4.93375
4.94305
4.943825
4.9498
4.970175
4.970525
4.98045
4.990575
5.0103
5.014125
5.017275
5.0185
5.022425
5.02525
5.050425
5.06075
5.0624
5.075575
5.0852
5.08795
5.1424
5.15595
5.181275
5.1984
5.204725
5.204775
5.2216
5.235075
5.23635
5.237475
5.2483
5.248675
5.256375
5.2593
5.262625
5.262875
5.269975
5.275675
5.2788
5.2794
5.2819
5.293475
5.29485
5.29755
5.300775
5.33155
5.3386
5.34015
5.3519
5.360125
5.361375
5.363225
5.3682
5.3813
5.38225
5.390425
5.392175
5.408025
5.43435
5.4448
5.453825
5.46155
5.4883
5.49375
5.50065
5.504675
5.50475
5.514575
5.520025
5.52205
5.531825
5.54235
5.562625
5.58665
5.59245
5.59645
5.60345
5.60455
5.614125
5.620525
5.632425
5.63795
5.6477
5.671275
5.6784
5.694475
5.7291
5.732925
5.737275
5.768125
5.7904
5.803125
5.8088
5.816225
5.8371
5.84605
5.85345
5.85665
5.85695
5.883125
5.89695
5.8997
5.938275
5.9436
5.944025
5.95255
5.95525
5.9741
6.014025
6.01755
6.0241
6.107975
6.109375
6.116725
6.12045
6.12335
6.126775
6.133175
6.13785
6.13835
6.14005
6.1464
6.15285
6.158575
6.15945
6.1634
6.16565
6.170825
6.1819
6.194025
6.243925
6.268225
6.32065
6.3376
6.360875
6.3773
6.403475
6.416625
6.420775
6.429925
6.43675
6.43815
6.4476
6.454275
6.459175
6.471575
6.47745
6.4797
6.48505
6.492625
6.49485
6.499975
6.511925
6.515125
6.54375
6.550025
6.551025
6.563375
6.571825
6.58615
6.60375
6.606925
6.6574
6.659025
6.6739
6.68355
6.7461
6.746975
6.74875
6.756
6.7591
6.763225
6.77115
6.772025
6.774325
6.774575
6.79885
6.801925
6.807825
6.808975
6.817325
6.818975
6.831375
6.8392
6.85205
6.8553
6.869125
6.9481
6.9483
6.96145
6.96765
6.971375
6.9839
6.988575
7.011825
7.012975
7.03205
7.036225
7.050675
7.052175
7.05425
7.0582
7.059675
7.065125
7.0696
7.077175
7.113375
7.12285
7.1612
7.1803
7.1974
7.2507
7.295325
7.307
7.322425
7.32345
7.338925
7.3561
7.3686
7.371175
7.385875
7.40985
7.418375
7.42385
7.481425
7.48255
7.485225
7.4905
7.495075
7.536425
7.579325
7.603925
7.6046
7.60815
7.6099
7.61645
7.6221
7.635475
7.6409
7.655675
7.658125
7.661125
7.662875
7.677075
7.6795
7.688875
7.696425
7.6988
7.72245
7.725925
7.72795
7.73785
7.759775
7.78515
7.811725
7.827375
7.844475
7.855225
7.8593
7.9033
7.914575
7.92195
7.928075
7.930325
7.931
7.9335
7.9341
7.93455
7.9509
7.952
7.95545
7.971675
7.9973
8.015575
8.016075
8.025825
8.0384
8.04715
8.06135
8.09895
8.10645
8.15475
8.158725
8.170475
8.20095
8.20485
8.2051
8.2081
8.209325
8.212275
8.213825
8.21745
8.223925
8.236625
8.23695
8.262175
8.2699
8.2825
8.2883
8.2962
8.302825
8.32615
8.327725
8.34155
8.357775
8.363925
8.3769
8.38665
8.42095
8.428225
8.430925
8.51135
8.51605
8.52855
8.53055
8.53535
8.5511
8.55175
8.557675
8.577725
8.58225
8.6045
8.617125
8.627925
8.631225
8.6342
8.6516
8.678125
8.685075
8.685975
8.6933
8.704875
8.708025
8.712575
8.73625
8.738675
8.743375
8.768425
8.802725
8.808925
8.8111
8.815175
8.8174
8.81945
8.8244
8.824525
8.838875
8.853375
8.8683
8.87445
8.875575
8.902525
8.902875
8.904975
8.90915
8.926725
8.932875
8.938875
8.946475
8.9478
8.951025
8.95205
8.996525
9.02385
9.02425
9.0323
9.036225
9.0447
9.06005
782
