0.095775
0.1014
0.102425
0.1049
0.108375
0.1113
0.11255
0.112825
0.1212
0.1216
0.1243
0.130175
0.1371
0.1385
0.1401
0.147825
0.162
0.162525
0.170675
0.171175
0.186225
0.191
0.1967
0.2151
0.22535
0.232375
0.248675
0.25185
0.26975
0.2811
0.285625
0.297725
0.306075
0.306625
0.341525
0.3553
0.362575
0.370075
0.3839
0.391975
0.413475
0.417225
0.42115
0.4274
0.430425
0.4592
0.472825
0.48245
0.486625
0.4959
0.517125
0.52155
0.522325
0.52285
0.538775
0.5413
0.541825
0.5645
0.58275
0.585525
0.5881
0.589625
0.622925
0.623625
0.625725
0.65315
0.663875
0.670175
0.67585
0.70095
0.706175
0.7121
0.7131
0.713425
0.74245
0.74375
0.750225
0.753725
0.766025
0.766475
0.767125
0.7715
0.77705
0.778575
0.7911
0.79495
0.803025
0.8058
0.81995
0.825625
0.826525
0.8321
0.85815
0.861325
0.8704
0.911025
0.929325
0.938
0.940925
0.952
0.96325
0.98365
0.986325
1.004625
1.011525
1.0162
1.0169
1.026125
1.043075
1.051425
1.06205
1.0689
1.070325
1.075175
1.081825
1.090275
1.093325
1.098475
1.1348
1.151
1.1625
1.196175
1.2071
1.2359
1.237625
1.25735
1.2859
1.290275
1.29185
1.2995
1.300275
1.301525
1.308075
1.313125
1.32695
1.3307
1.33125
1.336125
1.353425
1.353675
1.371475
1.372875
1.3737
1.3879
1.3888
1.400225
1.401125
1.4167
1.417325
1.42625
1.426775
1.42915
1.4298
1.43095
1.4448
1.448125
1.481075
1.506425
1.509725
1.5956
1.616975
1.6204
1.620625
1.62405
1.627725
1.6336
1.6515
1.65165
1.6526
1.653175
1.6605
1.68415
1.71725
1.732
1.732575
1.7362
1.7511
1.752875
1.8002
1.813275
1.83455
1.850275
1.897525
1.900925
1.906375
1.91005
1.9133
1.9182
1.926675
1.93375
1.943725
1.945275
1.956575
1.990025
1.9908
2.000625
2.018325
2.0551
2.0692
2.06965
2.0845
2.106425
2.14435
2.152225
2.16395
2.19495
2.20355
2.211375
2.214025
2.224125
2.23165
2.2494
2.25135
2.25415
2.26555
2.268225
2.278125
2.287375
2.30235
2.32035
2.328575
2.342225
2.366475
2.383825
2.4003
2.442375
2.4485
2.45165
2.478075
2.4803
2.494475
2.51445
2.528925
2.5363
2.558325
2.56545
2.582025
2.591975
2.60165
2.602225
2.6113
2.62145
2.621475
2.648625
2.6765
2.707225
2.726025
2.736925
2.74465
2.792625
2.80205
2.8037
2.804775
2.804825
2.8221
2.83915
2.844575
2.8463
2.849475
2.850225
2.850725
2.8608
2.866925
2.867625
2.886375
2.895175
2.895725
2.90145
2.9037
2.9129
2.9393
2.943
2.96725
2.997275
3.0864
3.097625
3.1033
3.10985
3.1163
3.11775
3.119725
3.13145
3.14015
3.153675
3.1542
3.1557
3.1565
3.163575
3.169225
3.1763
3.18855
3.19465
3.197675
3.204375
3.216825
3.235225
3.2499
3.262675
3.2893
3.29095
3.294575
3.339575
3.344225
3.355
3.36655
3.3898
3.3993
3.40425
3.416225
3.418875
3.4199
3.42255
3.425725
3.429675
3.445675
3.44695
3.4477
3.44875
3.4653
3.466675
3.495675
3.497325
3.50015
3.506775
3.51205
3.527525
3.542525
3.54695
3.5542
3.57095
3.579125
3.58205
3.5939
3.5999
3.607425
3.634825
3.6413
3.649825
3.65455
3.70595
3.717375
3.7262
3.727075
3.743225
3.761575
3.766075
3.767
3.773675
3.77825
3.781075
3.806275
3.819225
3.82925
3.855825
3.873425
3.8973
3.94215
3.94925
3.972525
4.013
4.0206
4.0312
4.032525
4.033275
4.04385
4.04655
4.05555
4.05985
4.061125
4.086525
4.097075
4.0975
4.1174
4.12705
4.130775
4.149375
4.1538
4.1797
4.193575
4.2468
4.285825
4.3036
4.304275
4.30795
4.310975
4.314425
4.328
4.33065
4.332625
4.3484
4.3528
4.35305
4.3577
4.3798
4.38015
4.380925
4.390825
4.396925
4.400375
4.400975
4.43245
4.438375
4.454825
4.514625
4.529175
4.5377
4.54075
4.60395
4.614075
4.61645
4.63575
4.638925
4.64605
4.6649
4.6847
4.6944
4.6966
4.714975
4.723925
4.727225
4.7747
4.7982
4.82135
4.821625
4.844
4.852625
4.905775
4.907525
4.9147
4.943
4.944075
4.945175
4.94685
4.947975
4.9497
4.95795
4.974875
4.984875
4.993775
4.997125
4.99995
5.00755
5.017075
5.071075
5.073675
5.081225
5.092125
5.11955
5.15705
5.1711
5.1724
5.18685
5.1895
5.1993
5.20445
5.2056
5.205675
5.21175
5.2155
5.229375
5.2403
5.2502
5.26025
5.270275
5.281325
5.2927
5.305525
5.32165
5.3333
5.33825
5.33835
5.338675
5.340925
5.34375
5.346175
5.35065
5.372875
5.38385
5.415
5.418925
5.42505
5.4797
5.497575
5.5104
5.512775
5.517225
5.5225
5.5232
5.5311
5.5328
5.5363
5.5451
5.5469
5.56595
5.566475
5.566625
5.567575
5.56915
5.574025
5.575075
5.60385
5.604175
5.630325
5.6378
5.669475
5.6748
5.691025
5.69935
5.75455
5.770325
5.776375
5.8003
5.810275
5.817325
5.819725
5.82
5.827675
5.833725
5.8361
5.855025
5.86055
5.8614
5.862575
5.87355
5.8921
5.898675
5.931625
5.96975
5.97485
6.0055
6.05425
6.0736
6.079325
6.086575
6.089175
6.103525
6.103675
6.118275
6.1208
6.122875
6.135825
6.138075
6.16065
6.1654
6.1671
6.1904
6.213175
6.236325
6.2505
6.251275
6.2546
6.260075
6.2605
6.261025
6.26165
6.27545
6.285825
6.2904
6.30775
6.354875
6.393025
6.40635
6.419425
6.426825
6.430075
6.4348
6.440025
6.440275
6.4428
6.44635
6.455975
6.458175
6.4611
6.4616
6.466
6.488125
6.512825
6.519575
6.521175
6.525825
6.529375
6.532675
6.54295
6.549425
6.564575
6.582375
6.648225
6.660225
6.714175
6.7223
6.734075
6.74515
6.749325
6.756525
6.77
6.77165
6.781275
6.7935
6.79665
6.802475
6.804475
6.823725
6.825275
6.8257
6.82735
6.838925
6.8398
6.8659
6.8747
6.8958
6.90385
6.917
6.960575
7.00975
7.0132
7.028775
7.0365
7.046
7.04655
7.05385
7.074725
7.085825
7.0957
7.10365
7.1628
7.175
7.200525
7.22135
7.26275
7.2779
7.279575
7.3013
7.3104
7.318025
7.31945
7.328525
7.33185
7.337875
7.36935
7.372475
7.37545
7.38035
7.401675
7.415725
7.43855
7.447575
7.454125
7.4809
7.4857
7.5163
7.521325
7.5325
7.5326
7.534875
7.55315
7.610025
7.61495
7.631025
7.645775
7.648675
7.6656
7.699375
7.702075
7.72945
7.73615
7.748275
7.76895
7.7735
7.777775
7.7783
7.780875
7.782875
7.788275
7.799
7.82155
7.840475
7.8427
7.85385
7.861675
7.905725
7.912825
7.914775
7.92235
7.923075
7.926175
7.928
7.928625
7.9504
7.9641
7.9691
7.976325
7.99015
7.9944
7.99925
7.9997
8.001675
8.0164
8.042875
8.061025
8.0925
8.096975
8.106375
8.1249
8.126625
8.136675
8.13675
8.1592
8.20255
8.2035
8.2146
8.22835
8.2333
8.2393
8.2641
8.26915
8.26945
8.286425
8.295025
8.29745
8.298525
8.312625
8.3129
8.352775
8.357625
8.39615
8.416375
8.4168
8.417375
8.4321
8.438625
8.46205
8.485975
8.5002
8.500425
8.522775
8.53325
8.54345
8.5599
8.5621
8.563675
8.570125
8.570575
8.574175
8.603825
8.618725
8.62435
8.647475
8.657575
8.680725
8.6885
8.689125
8.70045
8.7074
8.7121
8.74495
8.76155
8.802475
8.8093
8.80985
8.81735
8.83625
8.8411
8.8476
8.855875
8.857575
8.85885
8.862825
8.890025
8.914875
8.931
8.93735
8.9523
8.956575
8.964675
8.99265
8.996875
9.003525
9.015825
9.021275
9.04135
9.0476
9.057075
9.05875
9.09375
784
