0.043775
0.10565
0.122425
0.126225
0.132625
0.134325
0.137
0.1373
0.138
0.140975
0.141775
0.145975
0.1525
0.15735
0.187675
0.1953
0.19665
0.222275
0.24645
0.269625
0.273175
0.292975
0.295
0.297475
0.302225
0.33245
0.3448
0.375825
0.39125
0.41035
0.416925
0.4174
0.4199
0.4208
0.426125
0.435875
0.4391
0.4517
0.469575
0.485925
0.49095
0.505025
0.57505
0.58415
0.59405
0.605625
0.606775
0.64935
0.67485
0.7002
0.70465
0.705625
0.708675
0.72145
0.722525
0.74355
0.75005
0.753125
0.758325
0.76005
0.76165
0.78175
0.811375
0.812725
0.819275
0.8273
0.831675
0.8336
0.84505
0.8674
0.895225
0.917325
0.922025
1.010525
1.014275
1.027675
1.028
1.04075
1.050325
1.0607
1.06905
1.0791
1.08435
1.088025
1.1081
1.12325
1.1289
1.1475
1.16405
1.21335
1.2194
1.2307
1.230975
1.2655
1.305225
1.306475
1.308925
1.31295
1.31985
1.321525
1.329375
1.33135
1.337975
1.3393
1.34135
1.34335
1.3505
1.352725
1.355875
1.3588
1.372
1.390125
1.394825
1.399725
1.4029
1.404975
1.445125
1.455975
1.467825
1.49445
1.532175
1.5781
1.604575
1.61005
1.618625
1.61955
1.6282
1.628425
1.6313
1.637025
1.640075
1.642225
1.64285
1.6441
1.64905
1.6491
1.65145
1.6527
1.65805
1.6768
1.677875
1.684675
1.6853
1.690725
1.6941
1.7099
1.7297
1.739675
1.740775
1.745475
1.74795
1.7734
1.805375
1.8124
1.85045
1.866075
1.872275
1.912975
1.9228
1.947375
1.948375
1.95045
1.9547
1.96055
1.9782
1.9827
1.98305
1.985075
2.050325
2.06845
2.08145
2.105225
2.1289
2.149875
2.173
2.211575
2.2162
2.219025
2.22035
2.224975
2.22945
2.236075
2.240475
2.252425
2.267175
2.26995
2.276225
2.278775
2.2843
2.29635
2.33005
2.345275
2.363425
2.3923
2.4431
2.452575
2.544375
2.55865
2.56615
2.57095
2.593225
2.594425
2.618525
2.622525
2.62495
2.633625
2.636125
2.656575
2.668025
2.743775
2.75575
2.766275
2.767475
2.78455
2.8022
2.804475
2.811075
2.82695
2.82745
2.8279
2.82935
2.833775
2.837475
2.851675
2.853525
2.85965
2.8597
2.860025
2.862375
2.86585
2.8813
2.882325
2.88515
2.8863
2.89095
2.89785
2.90045
2.905825
2.909075
2.925825
2.926
2.936675
2.941175
2.96075
2.967275
3.001425
3.011775
3.024075
3.02915
3.06545
3.086225
3.1105
3.11405
3.117225
3.125475
3.128725
3.13735
3.142275
3.14555
3.151125
3.1534
3.157025
3.175525
3.18405
3.187325
3.187825
3.18825
3.191325
3.194525
3.1977
3.19795
3.219925
3.23765
3.2838
3.287925
3.3187
3.331825
3.352525
3.364575
3.366725
3.40035
3.400425
3.4008
3.40455
3.4111
3.41255
3.429725
3.4448
3.459425
3.473125
3.479475
3.551175
3.55215
3.555675
3.5649
3.5707
3.573675
3.5745
3.57825
3.583925
3.601075
3.6051
3.606625
3.6207
3.62535
3.6426
3.644025
3.682125
3.7136
3.717575
3.723
3.739975
3.7446
3.744775
3.750725
3.7594
3.7677
3.774825
3.779225
3.779425
3.785675
3.795575
3.7966
3.798025
3.7986
3.805625
3.818325
3.82205
3.85305
3.869825
3.887725
3.891825
3.9023
3.9364
3.9389
3.946575
3.96235
3.967725
3.97545
4.002325
4.00945
4.03255
4.035475
4.041225
4.04165
4.048775
4.051
4.051825
4.053125
4.0567
4.0684
4.069125
4.0793
4.0831
4.102425
4.106175
4.113
4.114875
4.12305
4.1302
4.2053
4.205975
4.220225
4.229325
4.234625
4.249175
4.262675
4.3243
4.3412
4.344825
4.347925
4.35065
4.3514
4.351975
4.36375
4.3687
4.36945
4.375425
4.379675
4.387725
4.3891
4.40675
4.41165
4.4373
4.474175
4.47595
4.5079
4.515125
4.5715
4.5891
4.597375
4.600575
4.601775
4.60375
4.607275
4.60825
4.612325
4.617725
4.619
4.628375
4.6329
4.6331
4.6378
4.63955
4.649475
4.669025
4.669225
4.66955
4.67005
4.68115
4.706925
4.7076
4.70795
4.714325
4.7388
4.743
4.78605
4.80465
4.812675
4.812725
4.818225
4.83815
4.869225
4.901675
4.903925
4.904425
4.921175
4.921825
4.933325
4.95855
4.96085
4.9732
4.98245
5.003425
5.0271
5.044375
5.054775
5.0687
5.089725
5.09075
5.1175
5.122175
5.15015
5.176
5.201425
5.212725
5.215425
5.22865
5.234725
5.247825
5.2566
5.270175
5.278675
5.282925
5.29375
5.29425
5.296675
5.32445
5.330475
5.35905
5.36065
5.36995
5.3818
5.39705
5.41925
5.459375
5.485975
5.50445
5.5053
5.51415
5.524375
5.526275
5.540225
5.5418
5.565925
5.571825
5.575875
5.577625
5.58065
5.621425
5.6269
5.700675
5.801025
5.80945
5.811
5.816225
5.821525
5.827825
5.834775
5.839
5.8404
5.845975
5.85765
5.864575
5.86915
5.8699
5.87205
5.87675
5.910975
5.921275
5.92455
5.9503
5.950375
5.96345
5.97745
6.004
6.008725
6.031125
6.0762
6.08185
6.0927
6.100225
6.1107
6.112825
6.1133
6.11375
6.130325
6.132825
6.147075
6.15195
6.1631
6.167425
6.20215
6.208375
6.2172
6.21815
6.254575
6.2548
6.280675
6.28765
6.309625
6.31105
6.3184
6.33905
6.342425
6.348375
6.349225
6.394575
6.404725
6.4102
6.411625
6.41395
6.414375
6.43
6.433175
6.435425
6.454725
6.45655
6.4708
6.478025
6.4925
6.493725
6.4965
6.498225
6.506125
6.5131
6.529025
6.531925
6.5587
6.625075
6.63215
6.650825
6.657475
6.68255
6.700625
6.7118
6.71205
6.721575
6.728225
6.731925
6.744325
6.749425
6.758825
6.7601
6.76105
6.76945
6.77345
6.777925
6.787675
6.794325
6.7985
6.798875
6.7999
6.803675
6.830825
6.868375
6.883275
6.8847
6.898525
6.95215
6.95945
6.96255
6.99955
7.005725
7.008175
7.01865
7.02275
7.03155
7.033125
7.04215
7.044525
7.047175
7.05565
7.06255
7.07435
7.076375
7.082875
7.08695
7.104825
7.105625
7.108825
7.127125
7.1275
7.1507
7.165575
7.211175
7.2528
7.280025
7.309825
7.30995
7.3112
7.319725
7.332525
7.333175
7.338225
7.344875
7.349125
7.353925
7.359075
7.360225
7.369025
7.371575
7.38465
7.3898
7.39135
7.3975
7.4069
7.411175
7.417275
7.420325
7.42245
7.43105
7.455925
7.470075
7.47905
7.500175
7.533625
7.604925
7.6221
7.628125
7.6368
7.650125
7.6557
7.656975
7.65745
7.665875
7.66765
7.676625
7.69005
7.71315
7.71825
7.72255
7.755425
7.79325
7.80135
7.807025
7.81275
7.8231
7.848925
7.8506
7.870275
7.8736
7.889425
7.90545
7.9069
7.91125
7.91605
7.916775
7.920175
7.9204
7.93165
7.946025
7.96235
7.96765
7.970375
7.9758
7.98795
8.036375
8.0586
8.164175
8.168875
8.1843
8.19255
8.211225
8.21415
8.214275
8.216075
8.2178
8.220825
8.222425
8.22285
8.22535
8.2255
8.2376
8.252375
8.2579
8.2659
8.2678
8.274475
8.27745
8.27965
8.28515
8.290925
8.2951
8.3105
8.314
8.324175
8.325525
8.332125
8.33465
8.337825
8.35855
8.38685
8.4018
8.410675
8.421575
8.424325
8.512025
8.51485
8.5262
8.529425
8.53185
8.534375
8.547625
8.5789
8.59405
8.599525
8.603275
8.60635
8.610575
8.61285
8.622725
8.624
8.62505
8.642125
8.64215
8.64815
8.653975
8.68785
8.689575
8.72825
8.801525
8.813475
8.818
8.822925
8.8247
8.826825
8.8314
8.8405
8.841475
8.851425
8.85815
8.8611
8.878
8.9013
8.9125
8.92585
8.928575
8.93325
8.938275
8.9562
8.9706
9.018025
9.062525
9.066975
9.071525
9.095475
777
