0.11355
0.12255
0.1474
0.15135
0.15305
0.155575
0.162875
0.1727
0.17775
0.190925
0.1957
0.21185
0.2148
0.2173
0.221675
0.22435
0.229175
0.259225
0.26475
0.270125
0.3258
0.344375
0.35765
0.407
0.4077
0.4092
0.41075
0.412275
0.418875
0.4203
0.42425
0.42445
0.426825
0.427625
0.444525
0.453475
0.46925
0.473925
0.482825
0.48705
0.5072
0.515125
0.520075
0.52535
0.53065
0.530925
0.5325
0.54505
0.5651
0.57255
0.627675
0.653775
0.671925
0.6738
0.684025
0.686675
0.700325
0.71265
0.71445
0.723225
0.72915
0.73695
0.739725
0.742675
0.743225
0.744675
0.7554
0.76975
0.7704
0.7743
0.786925
0.804025
0.82155
0.823125
0.82425
0.833575
0.86515
0.867775
0.873575
0.95325
0.96475
0.97045
1.00085
1.004325
1.007025
1.01595
1.0217
1.023525
1.036575
1.04115
1.043025
1.048025
1.05395
1.0739
1.075775
1.083025
1.0926
1.0997
1.131475
1.1497
1.16775
1.17785
1.19125
1.193325
1.212975
1.2277
1.230475
1.23815
1.250775
1.257125
1.26875
1.300425
1.305475
1.3065
1.3179
1.3261
1.330075
1.3319
1.33815
1.35035
1.35065
1.36295
1.369325
1.369825
1.3743
1.3868
1.387725
1.3916
1.404275
1.408375
1.431725
1.43755
1.4463
1.46005
1.466025
1.475225
1.483525
1.492325
1.4936
1.511225
1.5326
1.542075
1.5485
1.59905
1.614175
1.61915
1.624525
1.6346
1.6479
1.651775
1.671725
1.684225
1.708725
1.71595
1.730075
1.741775
1.770675
1.786
1.7899
1.80755
1.8166
1.8372
1.840775
1.8582
1.86355
1.910225
1.913525
1.916225
1.921375
1.93035
1.935925
1.941375
1.946175
1.948075
1.952625
1.953
1.95575
1.959175
1.960225
1.962075
1.970175
1.9752
1.9782
1.978425
1.98935
1.994975
2.00205
2.020125
2.03995
2.046175
2.05915
2.060625
2.069925
2.07905
2.090125
2.11945
2.126075
2.126425
2.13005
2.147525
2.183525
2.20215
2.204975
2.206175
2.222175
2.223325
2.25475
2.25865
2.259225
2.259675
2.2652
2.27975
2.291275
2.321925
2.323475
2.3505
2.359025
2.374025
2.394125
2.427875
2.459875
2.460325
2.4883
2.50135
2.5078
2.529775
2.531575
2.53425
2.5358
2.5407
2.552725
2.563675
2.577025
2.58515
2.59
2.5909
2.59235
2.60025
2.6038
2.6087
2.632425
2.6548
2.65895
2.669575
2.6817
2.6908
2.7151
2.71715
2.7237
2.7562
2.81725
2.8189
2.834575
2.84455
2.8518
2.852775
2.862725
2.877075
2.888475
2.892075
2.909775
2.909875
2.922525
2.923575
2.9365
2.970675
2.999025
3.01685
3.02775
3.036275
3.0509
3.06235
3.08575
3.101525
3.113825
3.118325
3.119425
3.1337
3.14145
3.152175
3.152375
3.153775
3.15605
3.158775
3.16035
3.160425
3.165075
3.17965
3.195275
3.20325
3.254
3.26165
3.265025
3.266225
3.2847
3.300675
3.3099
3.409875
3.4243
3.425225
3.4257
3.428475
3.4328
3.433275
3.434975
3.43705
3.440925
3.442575
3.45705
3.47515
3.4756
3.4793
3.499975
3.502325
3.5278
3.541025
3.561475
3.564625
3.63035
3.632375
3.633725
3.640325
3.64975
3.664025
3.6646
3.6659
3.672825
3.679575
3.685325
3.703525
3.7266
3.73105
3.7386
3.738725
3.746325
3.758475
3.759475
3.764
3.765525
3.776125
3.78895
3.7891
3.80925
3.81485
3.823775
3.829125
3.84445
3.846825
3.8473
3.863675
3.878025
3.881025
3.91775
3.95795
3.958925
4.01085
4.0157
4.01945
4.044225
4.0531
4.066125
4.07035
4.0786
4.1163
4.12155
4.142375
4.158025
4.158375
4.159475
4.1678
4.19445
4.198075
4.2081
4.22635
4.2664
4.301825
4.302075
4.31455
4.31475
4.314975
4.32595
4.331175
4.336575
4.34155
4.346875
4.348475
4.363975
4.3691
4.3696
4.377925
4.3893
4.401575
4.405275
4.41005
4.419775
4.428025
4.442375
4.461175
4.470575
4.48915
4.537175
4.5494
4.554525
4.574025
4.61075
4.617325
4.620475
4.621125
4.621425
4.623575
4.6314
4.64345
4.64745
4.65935
4.661575
4.667575
4.671775
4.6728
4.681225
4.6875
4.69115
4.71085
4.753925
4.774375
4.77655
4.79275
4.83495
4.835875
4.8365
4.900525
4.9042
4.905375
4.906225
4.90785
4.918125
4.920225
4.9257
4.9367
4.937675
4.9484
4.962225
4.966175
4.97
4.980075
4.993025
4.995425
5.000225
5.026925
5.0303
5.052475
5.0661
5.0783
5.114275
5.131275
5.133825
5.154425
5.160725
5.16785
5.205675
5.216425
5.2182
5.22145
5.2387
5.2516
5.269125
5.269625
5.275225
5.285625
5.2863
5.2976
5.300775
5.3102
5.314475
5.3175
5.322225
5.326475
5.3398
5.357675
5.3639
5.387675
5.4222
5.427325
5.4452
5.4995
5.507325
5.5094
5.5274
5.546025
5.547875
5.548625
5.5789
5.5874
5.59055
5.590925
5.59595
5.613475
5.6266
5.6278
5.6305
5.631275
5.6462
5.65235
5.67365
5.685375
5.7196
5.747875
5.797925
5.8015
5.8054
5.816475
5.81745
5.821175
5.824975
5.841975
5.845225
5.85425
5.86115
5.87255
5.879825
5.896475
5.90745
5.908125
5.914925
5.936075
5.936525
5.936825
5.948575
5.95365
5.9538
5.957
5.97975
5.9872
6.014375
6.0201
6.02825
6.02945
6.035475
6.037175
6.10255
6.10355
6.1042
6.109125
6.109875
6.113975
6.114825
6.115475
6.12385
6.1261
6.137525
6.139925
6.14245
6.1662
6.1689
6.1808
6.188775
6.215175
6.2214
6.249375
6.250975
6.2554
6.2575
6.268925
6.271575
6.278775
6.2792
6.2813
6.316625
6.324725
6.330625
6.334375
6.35965
6.3686
6.375725
6.449575
6.451575
6.453175
6.45645
6.45885
6.46045
6.469125
6.47325
6.480325
6.485275
6.485425
6.48705
6.4878
6.49365
6.496225
6.525475
6.52695
6.5462
6.583225
6.5973
6.61905
6.624775
6.625075
6.644925
6.654475
6.659725
6.699075
6.7
6.70435
6.7141
6.719525
6.723525
6.72375
6.728475
6.73585
6.7474
6.749175
6.75225
6.75315
6.765825
6.77455
6.776825
6.77745
6.780125
6.7867
6.793225
6.82075
6.824775
6.841875
6.84475
6.89685
6.90395
6.9239
6.983725
7.0038
7.010325
7.010825
7.0276
7.032625
7.037875
7.0414
7.043625
7.0471
7.0476
7.056325
7.062025
7.06275
7.072775
7.076425
7.082575
7.08285
7.083
7.087375
7.08785
7.107575
7.13815
7.161325
7.174225
7.175025
7.1997
7.255075
7.2615
7.285975
7.307825
7.313375
7.31715
7.3217
7.3237
7.329975
7.333175
7.340675
7.35
7.35555
7.363525
7.365875
7.37955
7.40095
7.408925
7.412625
7.419625
7.43765
7.440875
7.4531
7.45755
7.460525
7.468775
7.5473
7.56815
7.597675
7.604025
7.63215
7.635675
7.639225
7.642925
7.64355
7.6489
7.68015
7.688175
7.691625
7.696175
7.7157
7.71665
7.7167
7.7356
7.75275
7.75725
7.77195
7.7784
7.7933
7.885025
7.909325
7.91945
7.9415
7.9443
7.9456
7.947025
7.956075
7.960175
7.9713
7.97955
8.0013
8.0055
8.011475
8.037525
8.042875
8.0493
8.051375
8.0706
8.12205
8.134675
8.14645
8.1509
8.189475
8.198075
8.202175
8.2034
8.208
8.2164
8.21925
8.219375
8.229675
8.23365
8.2397
8.2409
8.243
8.245475
8.2465
8.250225
8.261625
8.26695
8.270025
8.275225
8.277425
8.277575
8.29605
8.300775
8.306675
8.3222
8.334225
8.34785
8.35935
8.38405
8.4071
8.450925
8.4627
8.465725
8.50015
8.503775
8.50835
8.5182
8.52035
8.52405
8.53075
8.53115
8.532725
8.54595
8.5854
8.599025
8.60785
8.612525
8.615775
8.625325
8.632
8.636125
8.648325
8.66115
8.663875
8.671025
8.67535
8.677025
8.69515
8.699425
8.70045
8.704175
8.7092
8.7108
8.7315
8.76925
8.778
8.79575
8.79625
8.803275
8.80705
8.8135
8.831775
8.839625
8.856175
8.856625
8.86485
8.8802
8.8859
8.896375
8.90185
8.906475
8.90685
8.9132
8.926675
8.926875
8.927575
8.942175
8.960825
8.969125
8.9847
8.987075
8.995875
9.0055
9.00985
9.029375
821
