0.100825
0.10355
0.10755
0.108625
0.11345
0.12185
0.12375
0.130975
0.13245
0.1343
0.135925
0.1442
0.171175
0.178525
0.2169
0.218775
0.22635
0.2289
0.24925
0.258975
0.264075
0.299425
0.302
0.3132
0.36045
0.40185
0.4118
0.411825
0.41695
0.42315
0.425
0.4369
0.443225
0.4433
0.447125
0.454725
0.45895
0.47165
0.476625
0.4777
0.4799
0.483375
0.486225
0.501675
0.5066
0.524475
0.52865
0.533475
0.5575
0.560475
0.563575
0.575325
0.582025
0.5877
0.655025
0.66955
0.69205
0.70585
0.706175
0.709125
0.714125
0.7163
0.73045
0.7335
0.769175
0.774575
0.788975
0.804825
0.818775
0.82565
0.8315
0.8349
0.8453
0.87165
0.8743
0.944925
0.957575
0.984675
1.0073
1.00945
1.04495
1.06455
1.06495
1.06725
1.084675
1.09705
1.099175
1.09935
1.101525
1.128475
1.13035
1.1314
1.13625
1.151975
1.152875
1.219575
1.2277
1.234675
1.256075
1.289175
1.294325
1.313025
1.31425
1.323575
1.32575
1.332875
1.3339
1.33885
1.342775
1.353975
1.356625
1.358125
1.3606
1.3762
1.3822
1.393475
1.4092
1.4161
1.42105
1.423675
1.429525
1.438675
1.45675
1.50555
1.513425
1.566575
1.602175
1.606425
1.616325
1.63795
1.641675
1.64705
1.6732
1.6776
1.6827
1.6829
1.695875
1.7009
1.7368
1.74165
1.742575
1.752325
1.758975
1.81045
1.864525
1.891125
1.901325
1.90155
1.915325
1.925675
1.927775
1.94695
1.95395
1.977075
1.9779
1.988225
1.996075
2.000425
2.002925
2.014675
2.01535
2.024075
2.032975
2.035425
2.054875
2.0635
2.06885
2.07245
2.0834
2.168625
2.17425
2.190375
2.222875
2.241325
2.242975
2.24365
2.244425
2.25615
2.264875
2.31095
2.311
2.3155
2.321075
2.332675
2.3371
2.340375
2.341025
2.3463
2.3495
2.3615
2.3798
2.389
2.3916
2.400175
2.407525
2.4165
2.44625
2.458775
2.47185
2.498525
2.500925
2.51465
2.519525
2.522325
2.529175
2.53935
2.54225
2.55715
2.5591
2.566675
2.596275
2.599975
2.600475
2.60375
2.612525
2.619075
2.619575
2.628125
2.644675
2.651375
2.662225
2.705825
2.739875
2.74885
2.7504
2.760575
2.79585
2.80225
2.8127
2.81995
2.831425
2.836075
2.83745
2.840575
2.8457
2.846425
2.8505
2.851
2.8646
2.8994
2.9002
2.913225
2.9171
2.930375
2.946075
2.94805
2.9507
2.9859
3.05525
3.09945
3.1103
3.11165
3.1121
3.11345
3.126225
3.1406
3.141525
3.143225
3.153275
3.15735
3.17735
3.1889
3.1917
3.198525
3.19985
3.206325
3.208125
3.2205
3.2254
3.23045
3.257975
3.270925
3.27905
3.279425
3.2824
3.2837
3.286425
3.29745
3.29775
3.302725
3.311125
3.3171
3.327325
3.347325
3.36675
3.384875
3.3879
3.401175
3.411875
3.421
3.4215
3.457125
3.457575
3.46445
3.470725
3.472325
3.4746
3.47565
3.4771
3.4778
3.4905
3.491575
3.497525
3.5038
3.513
3.516825
3.5225
3.52875
3.566175
3.587075
3.6071
3.614775
3.6367
3.64435
3.693275
3.710525
3.7149
3.722425
3.722825
3.7404
3.7454
3.749225
3.751225
3.759375
3.76845
3.77325
3.787575
3.797075
3.8118
3.81525
3.827425
3.827925
3.838375
3.873975
3.8864
3.8911
3.897225
3.9033
3.911225
4.001175
4.0033
4.00925
4.016275
4.016475
4.0498
4.055475
4.06365
4.07265
4.080625
4.089775
4.106875
4.109675
4.11475
4.1175
4.12465
4.1361
4.138
4.1483
4.149775
4.194425
4.2103
4.210925
4.218725
4.221775
4.237175
4.25735
4.2797
4.28255
4.284775
4.288575
4.305675
4.307075
4.308675
4.31055
4.320425
4.3205
4.32375
4.3263
4.335375
4.33895
4.339625
4.349225
4.359075
4.359225
4.366425
4.3706
4.376375
4.379625
4.380125
4.39245
4.398575
4.39985
4.401175
4.4244
4.4342
4.4394
4.440775
4.50965
4.51165
4.5163
4.517075
4.528225
4.548125
4.551675
4.5664
4.577175
4.616825
4.634575
4.635925
4.638225
4.642125
4.65355
4.655175
4.65815
4.660225
4.66145
4.6693
4.6834
4.689775
4.7041
4.70705
4.707675
4.742975
4.754325
4.760975
4.77185
4.775925
4.793875
4.81585
4.8182
4.84855
4.855675
4.8709
4.87125
4.880225
4.903775
4.905975
4.90655
4.907275
4.912025
4.914225
4.914575
4.91525
4.9174
4.917725
4.921
4.921675
4.92715
4.9317
4.94095
4.945675
4.95745
4.961625
4.963875
4.96525
4.971125
4.98455
4.989275
5.0119
5.015175
5.022825
5.024
5.025
5.046625
5.046675
5.0607
5.06825
5.1506
5.203725
5.20565
5.20835
5.22455
5.2343
5.237925
5.241625
5.2432
5.2661
5.273525
5.284275
5.287725
5.2962
5.312425
5.332625
5.34045
5.34585
5.370775
5.372875
5.401625
5.416875
5.418725
5.4218
5.443525
5.4511
5.50635
5.5095
5.51095
5.512625
5.52
5.529625
5.532025
5.533825
5.53505
5.548375
5.55115
5.555425
5.556825
5.580425
5.609975
5.621725
5.6309
5.63255
5.633175
5.671
5.67505
5.687925
5.72175
5.7243
5.7529
5.785375
5.8094
5.8148
5.82155
5.833425
5.837225
5.846225
5.8565
5.857175
5.857925
5.86815
5.868225
5.8744
5.8764
5.87725
5.88855
5.897975
5.92815
5.9497
5.95055
5.956025
5.959275
5.9697
5.995425
6.004025
6.0727
6.082075
6.10105
6.1023
6.1111
6.115625
6.127875
6.12985
6.1404
6.1424
6.144225
6.153
6.15445
6.17155
6.1856
6.20575
6.21525
6.2155
6.22555
6.227975
6.2347
6.244875
6.2549
6.311275
6.3257
6.3619
6.380225
6.403525
6.40635
6.42125
6.4214
6.42625
6.43485
6.436375
6.449225
6.4505
6.454775
6.467575
6.469775
6.4807
6.4836
6.50075
6.500825
6.50445
6.5123
6.51885
6.5323
6.540625
6.546925
6.556275
6.559775
6.578025
6.662375
6.66515
6.667875
6.700325
6.70345
6.703825
6.70405
6.7114
6.72025
6.722575
6.741425
6.742
6.74925
6.751075
6.752975
6.77955
6.78195
6.797975
6.832025
6.836775
6.850825
6.861825
6.8675
6.886975
6.9011
6.943425
6.961875
6.96455
7.001225
7.00935
7.01
7.045275
7.0534
7.088175
7.097325
7.125975
7.129625
7.1307
7.140275
7.153075
7.1586
7.16275
7.1634
7.18225
7.212325
7.21235
7.21425
7.2286
7.28175
7.302075
7.3046
7.308775
7.311875
7.31415
7.31525
7.316475
7.3242
7.3284
7.3342
7.337325
7.34215
7.34525
7.34985
7.349975
7.37765
7.3832
7.394625
7.404175
7.4092
7.416975
7.441725
7.4763
7.477125
7.496125
7.4981
7.520625
7.526475
7.590775
7.60095
7.601625
7.606225
7.610875
7.613225
7.643775
7.644525
7.648825
7.651075
7.656775
7.65895
7.669
7.67165
7.683575
7.684225
7.701325
7.714525
7.716225
7.7166
7.720625
7.72405
7.7267
7.75635
7.80225
7.810925
7.816675
7.907425
7.90795
7.9096
7.91975
7.92245
7.9237
7.9245
7.92555
7.926275
7.932525
7.93575
7.946825
7.94985
7.954575
7.9792
7.98695
8.01
8.0157
8.019125
8.0379
8.0463
8.0539
8.062225
8.069375
8.09955
8.12185
8.1408
8.161675
8.1744
8.180375
8.18575
8.1877
8.201425
8.209975
8.22195
8.2271
8.2309
8.23865
8.26395
8.265975
8.27495
8.275775
8.286825
8.2978
8.306025
8.308025
8.317925
8.350675
8.364575
8.370025
8.386925
8.39225
8.40145
8.413475
8.48025
8.50205
8.50835
8.512325
8.5216
8.5243
8.5404
8.544725
8.546425
8.54685
8.5558
8.5637
8.59515
8.598675
8.602875
8.604375
8.6062
8.608575
8.609975
8.618875
8.6224
8.6475
8.647925
8.654125
8.670225
8.68195
8.684625
8.70195
8.7063
8.710775
8.716725
8.734225
8.7468
8.7813
8.80485
8.80695
8.81965
8.834225
8.844975
8.855175
8.865625
8.8819
8.905925
8.90985
8.9273
8.933375
8.937025
8.938525
8.95765
8.96575
8.97535
8.992325
8.997275
9.027075
9.04705
9.050475
9.0623
9.0679
9.0705
9.0736
9.088975
814
