0.047025
0.12255
0.1288
0.1305
0.13165
0.136325
0.1454
0.149525
0.155875
0.161175
0.16335
0.171225
0.17635
0.181625
0.20225
0.205625
0.222175
0.227425
0.23085
0.23375
0.2349
0.24995
0.2581
0.2677
0.2754
0.342425
0.3779
0.379125
0.3839
0.4014
0.406825
0.41815
0.424075
0.4296
0.43045
0.436325
0.45015
0.452475
0.45275
0.453925
0.454475
0.456075
0.46295
0.4705
0.478175
0.485275
0.48925
0.50205
0.5196
0.522175
0.5436
0.543625
0.562225
0.58445
0.6119
0.641775
0.645025
0.65945
0.6656
0.669075
0.680675
0.688175
0.699025
0.700825
0.7108
0.732425
0.737975
0.747875
0.752275
0.759625
0.76155
0.766425
0.782525
0.787275
0.788325
0.792525
0.7969
0.797125
0.800275
0.81285
0.8149
0.815225
0.817575
0.82
0.823525
0.82955
0.847775
0.85275
0.863475
0.865975
0.8767
0.894875
0.8967
0.898625
0.90585
0.909025
0.924125
0.935
0.9422
0.950125
0.950575
0.9728
1.01195
1.01225
1.016375
1.01765
1.025875
1.03045
1.034
1.03965
1.040425
1.0488
1.049425
1.050025
1.0637
1.066125
1.084475
1.087075
1.087975
1.1072
1.1234
1.128475
1.133075
1.15605
1.186525
1.210675
1.214575
1.28125
1.28525
1.314075
1.32115
1.335225
1.3515
1.3623
1.37565
1.385375
1.405125
1.41655
1.450275
1.451925
1.47755
1.489075
1.498225
1.4996
1.5072
1.518675
1.5384
1.55045
1.560025
1.604225
1.61065
1.612925
1.61675
1.618
1.61955
1.6326
1.64175
1.65255
1.65725
1.65975
1.664625
1.68445
1.70205
1.7127
1.71305
1.718675
1.72315
1.725375
1.746625
1.749825
1.7831
1.7979
1.807875
1.81025
1.815675
1.882625
1.892325
1.892875
1.896975
1.90345
1.9092
1.90965
1.9162
1.918525
1.921775
1.953475
1.95585
1.9776
1.981725
1.9849
1.993175
2.002325
2.010975
2.011125
2.02375
2.0407
2.041925
2.04535
2.051525
2.08625
2.14965
2.149825
2.179425
2.1942
2.216625
2.222725
2.232325
2.23685
2.2427
2.245425
2.263425
2.26855
2.2725
2.27575
2.277625
2.281625
2.31835
2.323825
2.333375
2.359475
2.387175
2.4132
2.46365
2.47085
2.505125
2.517
2.5172
2.521
2.5251
2.53635
2.545075
2.54565
2.54765
2.5484
2.571075
2.574225
2.57805
2.60285
2.6044
2.61025
2.61155
2.631075
2.633325
2.635075
2.6353
2.650575
2.662375
2.679475
2.680725
2.706775
2.7083
2.765625
2.8058
2.813325
2.8151
2.82025
2.82405
2.82435
2.83635
2.84835
2.8522
2.862675
2.871125
2.898475
2.904325
2.928275
2.9315
2.93205
2.937775
2.9414
2.944525
2.950525
2.958575
3.011475
3.0234
3.04845
3.0572
3.0577
3.071025
3.0748
3.11915
3.123025
3.1249
3.12575
3.131825
3.140325
3.14125
3.141525
3.144825
3.1467
3.158425
3.160125
3.166075
3.181225
3.2299
3.235775
3.269925
3.290925
3.3001
3.31525
3.368075
3.411675
3.412225
3.415075
3.415975
3.44235
3.46355
3.4717
3.47435
3.474775
3.477575
3.49095
3.49375
3.496275
3.525025
3.545
3.55175
3.5563
3.5592
3.604925
3.61545
3.61955
3.629725
3.688125
3.7055
3.7116
3.714125
3.732575
3.73595
3.742075
3.7456
3.75125
3.751425
3.75445
3.7602
3.7615
3.76985
3.771525
3.77755
3.7791
3.7836
3.803375
3.806175
3.808725
3.853975
3.854025
3.8566
3.858775
3.86285
3.863525
3.88285
3.8936
3.9121
3.9244
3.9316
3.9423
3.9569
3.96525
4.00685
4.00735
4.01315
4.024575
4.0247
4.025
4.02975
4.067825
4.079925
4.088225
4.098625
4.105125
4.10945
4.116075
4.1199
4.14775
4.1541
4.15625
4.1617
4.1618
4.170925
4.178325
4.183225
4.202725
4.206925
4.221
4.22685
4.230175
4.23195
4.243675
4.271475
4.27935
4.281375
4.3022
4.30705
4.314725
4.3155
4.322125
4.337625
4.345075
4.35225
4.35765
4.359225
4.3637
4.36605
4.39205
4.396
4.400425
4.41595
4.421
4.4259
4.441875
4.443525
4.477475
4.483375
4.48395
4.50075
4.52785
4.53895
4.5836
4.610375
4.615825
4.6168
4.623525
4.62445
4.629125
4.637825
4.642525
4.643975
4.645325
4.6779
4.684775
4.696875
4.70725
4.709575
4.721675
4.742875
4.758
4.77305
4.775325
4.810475
4.82795
4.83935
4.856475
4.87815
4.8798
4.901875
4.903875
4.90705
4.9087
4.910625
4.915475
4.917175
4.91735
4.93015
4.93025
4.93215
4.932675
4.954975
4.966125
4.967275
4.972375
4.972475
4.97405
4.983525
4.99115
4.992325
4.9956
5.0042
5.006975
5.0112
5.01125
5.016825
5.021375
5.0373
5.04035
5.047175
5.086775
5.0869
5.095325
5.12265
5.14875
5.18365
5.2065
5.219575
5.22775
5.2336
5.240525
5.24535
5.248525
5.25055
5.250925
5.2678
5.275125
5.28055
5.31605
5.323325
5.355575
5.362725
5.363975
5.3664
5.385825
5.405675
5.4083
5.43055
5.4392
5.4996
5.510725
5.5114
5.52605
5.540675
5.541175
5.557125
5.568075
5.56915
5.582375
5.585625
5.637575
5.6438
5.64955
5.6563
5.65945
5.671925
5.6915
5.69585
5.72635
5.738825
5.752975
5.7793
5.785475
5.80955
5.809975
5.815625
5.8269
5.8273
5.82985
5.84295
5.859325
5.85985
5.862125
5.865325
5.86825
5.87645
5.87795
5.8918
5.893775
5.899175
5.920325
5.928175
5.975375
5.99505
6.00475
6.011525
6.0208
6.02495
6.081875
6.1026
6.106925
6.118025
6.120725
6.121675
6.122675
6.128975
6.1309
6.13315
6.135025
6.149125
6.173475
6.2045
6.2262
6.271175
6.313375
6.3198
6.33395
6.3392
6.362475
6.36775
6.37895
6.443275
6.451725
6.473925
6.499675
6.506775
6.516525
6.5264
6.56295
6.583025
6.60895
6.6443
6.672075
6.6826
6.718175
6.718975
6.72235
6.7282
6.7538
6.765975
6.77845
6.8691
6.983275
7.0016
7.003825
7.0068
7.019175
7.0322
7.0346
7.041075
7.051775
7.061875
7.063225
7.0678
7.06895
7.075025
7.08615
7.093525
7.1017
7.1571
7.1714
7.1831
7.187425
7.1999
7.224025
7.24955
7.25355
7.304225
7.3064
7.312925
7.317375
7.3304
7.336525
7.3377
7.340025
7.347775
7.367725
7.380025
7.389975
7.391925
7.403575
7.404475
7.408375
7.4094
7.4169
7.417375
7.41805
7.424975
7.4273
7.439925
7.4592
7.475825
7.4903
7.50085
7.54615
7.55405
7.557875
7.56705
7.6009
7.601975
7.6163
7.634875
7.635425
7.639425
7.644575
7.64495
7.646575
7.655825
7.663275
7.66345
7.670525
7.6725
7.67905
7.68015
7.6873
7.6889
7.705525
7.709775
7.710325
7.719675
7.72495
7.735125
7.749125
7.749725
7.749925
7.75045
7.7664
7.775475
7.7763
7.776675
7.786075
7.79365
7.81565
7.880925
7.90385
7.919975
7.92205
7.9237
7.926075
7.9331
7.9365
7.938375
7.938425
7.9434
7.9453
7.965
7.972925
7.980425
7.993225
8.00445
8.009225
8.048475
8.050275
8.0964
8.126125
8.130975
8.13725
8.1472
8.16295
8.223625
8.224575
8.226225
8.22685
8.23035
8.2424
8.26045
8.274575
8.278775
8.28535
8.29685
8.3081
8.3173
8.3263
8.343275
8.34515
8.3456
8.381225
8.38985
8.39095
8.4037
8.417625
8.431725
8.463875
8.49675
8.514075
8.53185
8.537525
8.55485
8.56645
8.56925
8.58825
8.592125
8.606425
8.6181
8.620875
8.634075
8.63585
8.6464
8.661975
8.6825
8.7285
8.74265
8.74935
8.76515
8.80225
8.8051
8.81485
8.823175
8.828375
8.83
8.83255
8.840075
8.8432
8.852725
8.857925
8.9027
8.917975
8.91925
8.942575
8.976225
8.993375
8.996625
9.002825
778
