0.103075
0.10585
0.12
0.12235
0.12255
0.122775
0.1246
0.127875
0.13645
0.139675
0.140725
0.142
0.14935
0.162575
0.20125
0.202275
0.2126
0.220975
0.251275
0.296275
0.3009
0.31165
0.3165
0.35405
0.37815
0.422275
0.42245
0.424625
0.426425
0.4503
0.45335
0.4616
0.4623
0.462625
0.466425
0.46825
0.4842
0.48965
0.519375
0.527975
0.53395
0.54805
0.556375
0.568
0.571275
0.582625
0.59105
0.6135
0.633875
0.6427
0.68995
0.7044
0.7051
0.7089
0.710975
0.712
0.724575
0.736525
0.73655
0.74105
0.7412
0.741725
0.74725
0.748075
0.753375
0.755175
0.75885
0.7592
0.7613
0.76185
0.769175
0.771825
0.7844
0.813525
0.86535
0.884625
0.9081
0.913825
0.9155
0.919375
0.94795
0.95995
0.997975
1.002
1.00315
1.00345
1.014575
1.022175
1.028
1.03755
1.048425
1.063725
1.067075
1.081
1.083
1.103425
1.103775
1.13055
1.131725
1.153375
1.16375
1.181825
1.185325
1.19085
1.2063
1.256325
1.2838
1.3074
1.308125
1.31605
1.317075
1.3175
1.34395
1.350725
1.351275
1.357875
1.36315
1.379125
1.379775
1.38735
1.39665
1.41525
1.436275
1.44485
1.5182
1.530175
1.55165
1.55615
1.56935
1.600875
1.608175
1.6118
1.618
1.618025
1.618325
1.632075
1.638425
1.650275
1.6592
1.661575
1.66355
1.66925
1.693125
1.695875
1.708
1.71505
1.724825
1.73085
1.731275
1.740125
1.7729
1.78305
1.78435
1.79365
1.84155
1.866025
1.86615
1.8696
1.887225
1.897025
1.899975
1.907075
1.91525
1.916575
1.9196
1.9249
1.929075
1.9312
1.93795
1.954875
1.970475
1.9828
1.983475
1.9996
2.019425
2.051425
2.06845
2.085375
2.126125
2.13025
2.14405
2.14585
2.188
2.190775
2.191675
2.204125
2.206125
2.2081
2.208975
2.2093
2.213675
2.2204
2.231975
2.2327
2.232875
2.2386
2.2432
2.24495
2.252825
2.2733
2.283
2.289825
2.293675
2.29795
2.3266
2.33215
2.370275
2.374075
2.377
2.38415
2.3975
2.41255
2.421575
2.42845
2.432925
2.434175
2.449875
2.46175
2.5006
2.5017
2.504325
2.5073
2.522075
2.523125
2.523975
2.528775
2.530825
2.537
2.54515
2.548125
2.559175
2.569375
2.5732
2.584775
2.6034
2.60435
2.61455
2.627225
2.64095
2.64175
2.642175
2.64865
2.65295
2.677425
2.696025
2.700375
2.715925
2.753325
2.8004
2.80225
2.8128
2.832425
2.8355
2.83895
2.848675
2.85505
2.856675
2.86345
2.863925
2.8652
2.86685
2.874625
2.9029
2.9105
2.9165
2.919425
2.93055
2.9379
2.976875
3.012525
3.015025
3.031275
3.05235
3.05725
3.06055
3.0745
3.09505
3.109325
3.110625
3.118825
3.12695
3.13115
3.13145
3.1325
3.1393
3.140575
3.1418
3.146375
3.172625
3.172775
3.177525
3.18685
3.2042
3.205275
3.206275
3.215725
3.22515
3.23025
3.2372
3.248675
3.282525
3.292425
3.322225
3.3234
3.3247
3.33655
3.36295
3.4123
3.413075
3.414475
3.4186
3.419075
3.42275
3.424375
3.437025
3.43845
3.453475
3.4571
3.4573
3.46645
3.46685
3.469075
3.4747
3.47855
3.483325
3.487375
3.490825
3.494375
3.498775
3.500625
3.506325
3.532025
3.53965
3.555425
3.57155
3.58075
3.585325
3.594275
3.61675
3.623075
3.6486
3.69115
3.70455
3.70645
3.716125
3.728275
3.731175
3.731725
3.7322
3.751375
3.754775
3.757275
3.767675
3.778075
3.797675
3.8013
3.809375
3.811525
3.86975
3.8738
3.88305
3.94615
3.964075
3.993575
3.9947
4.016275
4.0186
4.02285
4.0248
4.027975
4.029975
4.03065
4.06035
4.0614
4.061725
4.062975
4.0656
4.092325
4.093275
4.097825
4.1022
4.121425
4.12195
4.128925
4.12935
4.138375
4.140175
4.14045
4.150075
4.1543
4.1593
4.16965
4.174675
4.2036
4.204725
4.23525
4.240625
4.3
4.3047
4.31985
4.34235
4.346425
4.34855
4.3515
4.395125
4.4072
4.40925
4.41155
4.418825
4.421175
4.4353
4.437875
4.46775
4.484325
4.485175
4.52425
4.54215
4.550975
4.60175
4.606125
4.606875
4.6077
4.609225
4.620675
4.620925
4.628425
4.630625
4.646375
4.65375
4.65955
4.68765
4.6904
4.70195
4.7043
4.704475
4.732025
4.745125
4.745375
4.745925
4.773725
4.778675
4.78515
4.789075
4.795325
4.81
4.814275
4.86195
4.904375
4.911525
4.920775
4.92545
4.92845
4.936075
4.938925
4.946525
4.94965
4.96835
4.9862
4.991575
4.9979
4.999325
5.009475
5.029575
5.0805
5.0896
5.1033
5.11125
5.133975
5.14645
5.161275
5.20705
5.2107
5.23915
5.2505
5.25105
5.257425
5.262125
5.273775
5.27725
5.278
5.291325
5.294325
5.3081
5.31825
5.3257
5.32635
5.33905
5.34425
5.3445
5.3458
5.34755
5.363425
5.3675
5.391925
5.406425
5.424275
5.438325
5.444925
5.4532
5.469425
5.47945
5.491225
5.505775
5.520425
5.5216
5.5276
5.535325
5.557175
5.564825
5.567375
5.568225
5.58045
5.58075
5.5818
5.59745
5.6009
5.618775
5.640525
5.6456
5.6462
5.665875
5.683925
5.69765
5.729775
5.77525
5.80045
5.808775
5.811325
5.82975
5.8322
5.8356
5.841
5.842575
5.844675
5.869225
5.8725
5.887225
5.90605
5.926725
5.927
5.94045
5.942575
5.943375
6.01135
6.0327
6.03915
6.0653
6.079025
6.10305
6.1086
6.117075
6.121475
6.13225
6.13315
6.133625
6.1342
6.138875
6.171725
6.17965
6.1808
6.227825
6.257325
6.261675
6.307
6.318575
6.3298
6.331325
6.332975
6.3448
6.3554
6.360725
6.363125
6.381925
6.383625
6.4013
6.402525
6.413975
6.422975
6.42615
6.42705
6.434675
6.440025
6.44785
6.45725
6.458525
6.473925
6.50295
6.50365
6.5038
6.51665
6.518925
6.5322
6.562425
6.575125
6.59775
6.6319
6.7045
6.710425
6.71495
6.72915
6.734375
6.752175
6.769925
6.7791
6.786725
6.788125
6.78835
6.789225
6.79675
6.799525
6.807075
6.812525
6.8196
6.832725
6.83655
6.84285
6.843975
6.8513
6.854775
6.86495
6.877225
6.954525
7.002925
7.0095
7.016375
7.01795
7.01945
7.0205
7.031925
7.0347
7.057375
7.061375
7.06255
7.08195
7.087275
7.1077
7.1117
7.11445
7.116475
7.1211
7.127025
7.134575
7.1447
7.162625
7.169625
7.1849
7.206575
7.207
7.2076
7.285775
7.305225
7.311625
7.317975
7.318175
7.332825
7.337625
7.34905
7.351325
7.3622
7.37615
7.379425
7.409825
7.42225
7.427225
7.439175
7.444075
7.4489
7.46475
7.4955
7.537025
7.55285
7.603125
7.6059
7.60835
7.61575
7.61695
7.6227
7.623825
7.625825
7.660775
7.664575
7.6704
7.683775
7.6923
7.6956
7.706075
7.7109
7.714575
7.721375
7.7533
7.76025
7.7732
7.817025
7.829775
7.836875
7.850025
7.854625
7.8615
7.877925
7.89875
7.901
7.90275
7.9042
7.904975
7.907125
7.913625
7.919
7.920825
7.928075
7.94425
7.951775
7.953975
7.977675
7.979975
7.9881
7.992575
7.9946
8.03345
8.0337
8.060375
8.06465
8.0772
8.089875
8.095025
8.116
8.11825
8.1491
8.189475
8.190475
8.20385
8.2176
8.221175
8.227025
8.2288
8.250525
8.254925
8.26605
8.26665
8.274675
8.30035
8.300725
8.3137
8.321275
8.338325
8.340525
8.34465
8.371875
8.3771
8.38635
8.407
8.44645
8.45665
8.478425
8.494825
8.508
8.51265
8.5335
8.5362
8.536925
8.563075
8.58555
8.59985
8.6058
8.613625
8.648075
8.665425
8.6804
8.693325
8.7089
8.772425
8.805075
8.81175
8.816675
8.8481
8.848225
8.852425
8.857025
8.874175
8.902
8.90605
8.921075
8.940725
8.94325
8.9503
8.951475
8.95805
8.985425
8.99695
9.027
9.0284
790
