0.101775
0.10285
0.107
0.107625
0.110475
0.11205
0.1246
0.13485
0.14145
0.14275
0.145325
0.14535
0.151775
0.163525
0.171575
0.174875
0.1783
0.18185
0.200425
0.2017
0.21435
0.218925
0.226925
0.231475
0.2644
0.273
0.2857
0.3034
0.30735
0.31705
0.318225
0.375575
0.376925
0.4279
0.45185
0.457575
0.4654
0.479075
0.480925
0.4842
0.51325
0.524525
0.5252
0.526575
0.545175
0.55455
0.558025
0.5674
0.5694
0.571925
0.58215
0.5832
0.58885
0.6
0.612725
0.613425
0.621175
0.6402
0.680275
0.705225
0.7135
0.715625
0.71595
0.72715
0.734125
0.73905
0.741075
0.75285
0.756425
0.766425
0.7731
0.773225
0.773425
0.777925
0.784325
0.7985
0.803225
0.8302
0.84225
0.84825
0.862175
0.868375
0.8702
0.900425
0.91
0.9354
0.94845
0.948975
0.976725
0.997325
1.0152
1.019525
1.028275
1.030175
1.04065
1.04875
1.0618
1.06385
1.070975
1.076725
1.08305
1.0913
1.095375
1.0999
1.1059
1.120475
1.123275
1.1255
1.134175
1.1511
1.153825
1.184775
1.203075
1.217125
1.23085
1.231825
1.2835
1.286125
1.301125
1.30425
1.30435
1.31185
1.313775
1.3266
1.330225
1.331125
1.333175
1.336575
1.3454
1.346425
1.348775
1.358175
1.362125
1.3652
1.374625
1.3814
1.399225
1.41035
1.4151
1.418775
1.428375
1.446325
1.4843
1.488425
1.50455
1.5048
1.510925
1.517175
1.5493
1.5508
1.57195
1.600975
1.628675
1.6318
1.639375
1.653225
1.65515
1.6565
1.6628
1.666675
1.667525
1.6679
1.674175
1.67695
1.67825
1.680875
1.6828
1.685575
1.691075
1.698625
1.7009
1.70935
1.712575
1.713875
1.7236
1.7364
1.78285
1.8006
1.869575
1.871625
1.87945
1.885275
1.886
1.907675
1.912
1.927275
1.929275
1.93055
1.935
1.94
1.9706
1.97815
1.98605
1.9864
1.991325
1.997125
2.00945
2.010275
2.0307
2.03755
2.040025
2.042475
2.05675
2.063475
2.0728
2.074375
2.117025
2.132125
2.154375
2.20375
2.208725
2.211525
2.214725
2.233575
2.2393
2.24875
2.25235
2.256725
2.2605
2.2736
2.2821
2.284
2.29535
2.2965
2.303725
2.309025
2.31855
2.328975
2.37315
2.416625
2.43125
2.465325
2.500775
2.50145
2.509375
2.5153
2.529875
2.533325
2.5437
2.545
2.564325
2.5682
2.5897
2.600075
2.6072
2.61715
2.6196
2.646925
2.647175
2.6653
2.737325
2.74485
2.76495
2.785575
2.78795
2.81075
2.816075
2.827175
2.838875
2.860525
2.863525
2.86605
2.88665
2.899275
2.901325
2.9097
2.922275
2.939175
2.945725
2.95555
2.971125
2.97515
2.983575
2.989875
3.011625
3.043075
3.071825
3.083775
3.102825
3.1068
3.1073
3.107425
3.112225
3.119575
3.120675
3.122375
3.13765
3.1622
3.178575
3.1869
3.18765
3.202775
3.205275
3.208625
3.215625
3.217975
3.226675
3.243975
3.2629
3.27895
3.28365
3.3247
3.3266
3.36135
3.404125
3.411275
3.419425
3.42605
3.430325
3.438025
3.4405
3.4445
3.45575
3.460575
3.47675
3.484325
3.4908
3.49585
3.502475
3.504925
3.514725
3.5196
3.520875
3.57615
3.58005
3.5979
3.674925
3.706325
3.715175
3.7172
3.720825
3.754725
3.7612
3.773175
3.776975
3.777725
3.78225
3.786075
3.79225
3.7947
3.805625
3.8255
3.834525
3.838775
3.84775
3.84835
3.849525
3.859275
3.869675
3.8923
3.91345
3.952225
3.955925
3.9693
4.015075
4.0198
4.0228
4.024025
4.024225
4.03725
4.037825
4.042775
4.055
4.055575
4.0812
4.08465
4.12245
4.122875
4.139125
4.14185
4.15075
4.176675
4.18735
4.19945
4.201425
4.206775
4.21555
4.23775
4.260075
4.2669
4.2813
4.3036
4.307
4.317375
4.32085
4.329175
4.3373
4.342725
4.34325
4.345375
4.345825
4.3461
4.347
4.352875
4.359375
4.362325
4.369175
4.376375
4.3864
4.39575
4.4059
4.407025
4.42
4.427575
4.43575
4.442225
4.45575
4.564525
4.5817
4.59195
4.595475
4.60025
4.613075
4.613125
4.6208
4.6282
4.629575
4.636025
4.638275
4.6416
4.64885
4.649225
4.66515
4.67005
4.670675
4.6773
4.694375
4.705825
4.7117
4.723075
4.7412
4.7447
4.77715
4.8476
4.9118
4.917025
4.927425
4.931475
4.932
4.9343
4.9462
4.9463
4.946375
4.9492
4.958325
4.967425
4.975475
4.982675
4.99395
5.01235
5.050875
5.100325
5.1095
5.118175
5.127125
5.14245
5.197775
5.202325
5.2034
5.2048
5.208725
5.208825
5.2245
5.2403
5.243875
5.246575
5.248625
5.259875
5.2636
5.2837
5.3204
5.33455
5.346825
5.356825
5.369925
5.391975
5.42605
5.4315
5.438325
5.477775
5.5081
5.508575
5.509825
5.510425
5.51635
5.525525
5.536825
5.541925
5.558075
5.56045
5.56875
5.58195
5.588525
5.588725
5.59515
5.61715
5.646625
5.65125
5.653725
5.660525
5.7006
5.8076
5.83355
5.8452
5.84805
5.871525
5.8789
5.891525
5.899425
5.90855
5.9108
5.9153
5.93095
5.957375
5.959225
5.959475
5.9606
5.977025
6.0185
6.03585
6.038425
6.0408
6.101275
6.104825
6.10545
6.118875
6.125
6.144775
6.162375
6.175975
6.177925
6.18875
6.190075
6.192925
6.19335
6.193425
6.204025
6.217625
6.228325
6.242925
6.254125
6.283075
6.2858
6.32425
6.3364
6.350175
6.38355
6.410925
6.4155
6.422325
6.428025
6.431525
6.43645
6.445425
6.47305
6.4744
6.484925
6.5044
6.532475
6.533
6.5416
6.557125
6.56415
6.582625
6.6641
6.695325
6.7063
6.721275
6.7405
6.744725
6.747275
6.750525
6.750675
6.7509
6.75925
6.764125
6.794375
6.797025
6.8011
6.8243
6.8716
6.8762
6.881325
6.91565
6.945675
6.976625
6.9947
7.018075
7.0204
7.0268
7.043475
7.05405
7.0854
7.0904
7.0926
7.129325
7.1316
7.148775
7.159625
7.16715
7.168525
7.1728
7.178525
7.190925
7.204325
7.206175
7.2181
7.222925
7.28095
7.304025
7.308875
7.31915
7.32395
7.33055
7.3362
7.336425
7.344125
7.36515
7.365825
7.369425
7.3754
7.37885
7.380675
7.385175
7.387975
7.39875
7.406375
7.440825
7.448125
7.452825
7.4583
7.473425
7.5056
7.5199
7.523825
7.607075
7.61935
7.62875
7.64235
7.647125
7.65335
7.668025
7.6708
7.6738
7.677225
7.694375
7.71135
7.7148
7.73235
7.7349
7.75115
7.7561
7.7682
7.788125
7.8316
7.852975
7.886625
7.887375
7.8919
7.893075
7.89585
7.903325
7.90935
7.909775
7.914025
7.917975
7.9186
7.921075
7.9269
7.92705
7.9275
7.956525
7.968325
7.9805
7.995375
8.00955
8.027625
8.0335
8.037675
8.065225
8.076275
8.078625
8.130725
8.154975
8.20065
8.212125
8.215975
8.225075
8.225275
8.226825
8.230675
8.2383
8.2682
8.273925
8.285075
8.29845
8.30015
8.30675
8.308425
8.308775
8.31245
8.322375
8.367275
8.39225
8.42525
8.455825
8.4644
8.52315
8.525125
8.5252
8.5255
8.5303
8.5322
8.533475
8.5434
8.548875
8.55525
8.56345
8.572775
8.5852
8.591725
8.597575
8.6226
8.62335
8.62745
8.6385
8.652475
8.65795
8.669425
8.6781
8.714825
8.72085
8.7459
8.74945
8.7711
8.801875
8.803025
8.824075
8.84505
8.8498
8.850425
8.8658
8.877925
8.88405
8.890825
8.911225
8.944325
8.96505
8.9681
8.9806
8.98925
9.004175
9.0058
9.023825
9.0329
9.0346
9.053375
9.0603
9.0669
9.088525
760
