0.1047
0.130725
0.130825
0.13405
0.147425
0.150825
0.15995
0.166575
0.2018
0.211125
0.2279
0.26905
0.283525
0.28675
0.311475
0.33195
0.338625
0.3519
0.3815
0.390925
0.395675
0.403275
0.407275
0.40735
0.4081
0.40975
0.438125
0.447
0.4608
0.464075
0.468125
0.47315
0.47855
0.48085
0.48455
0.486525
0.4899
0.497275
0.5104
0.5157
0.523025
0.529125
0.561725
0.576025
0.6118
0.67055
0.687375
0.700175
0.707125
0.71435
0.717625
0.722725
0.72585
0.736225
0.73715
0.75695
0.76995
0.777425
0.778675
0.786875
0.796225
0.80065
0.80325
0.804825
0.82575
0.855625
0.86725
0.8944
0.9218
0.924375
0.928525
0.94885
0.95095
0.977675
0.98985
0.99845
1.013775
1.026625
1.031175
1.04995
1.05
1.089825
1.09815
1.105025
1.126875
1.1462
1.1529
1.155525
1.180775
1.239875
1.26485
1.30335
1.311575
1.3169
1.3315
1.33365
1.335925
1.347175
1.35035
1.3539
1.354875
1.35805
1.364175
1.38065
1.380725
1.39
1.390025
1.3901
1.4082
1.420175
1.4257
1.431625
1.454375
1.4667
1.472
1.52475
1.558175
1.56935
1.586625
1.59595
1.601575
1.60825
1.6162
1.61835
1.641975
1.642025
1.654925
1.6774
1.682225
1.687625
1.689925
1.694375
1.6977
1.751975
1.7605
1.770875
1.783075
1.79475
1.82955
1.836625
1.88765
1.90135
1.909225
1.91185
1.91695
1.9212
1.92175
1.927875
1.941
1.957225
1.963225
1.963625
1.97175
1.981125
1.99005
1.992975
1.9942
1.99635
2.00255
2.0082
2.01935
2.032875
2.0329
2.03705
2.077775
2.138875
2.1657
2.175075
2.20015
2.2022
2.2035
2.20635
2.209725
2.21435
2.21465
2.233475
2.237125
2.252675
2.276
2.29105
2.307775
2.31395
2.317425
2.318125
2.3344
2.344
2.35105
2.36445
2.379575
2.386675
2.390575
2.41945
2.439025
2.4488
2.50485
2.526625
2.52755
2.528425
2.529275
2.530975
2.545875
2.5464
2.556475
2.5584
2.561675
2.56355
2.56715
2.5676
2.57575
2.5866
2.594
2.597525
2.6079
2.612
2.612075
2.6237
2.63635
2.642025
2.671875
2.720725
2.72635
2.7289
2.733925
2.750475
2.784125
2.801925
2.825175
2.8308
2.832525
2.847575
2.8492
2.849225
2.850675
2.86075
2.863525
2.876875
2.88355
2.938625
2.93875
2.9475
2.958275
2.984575
2.989
3.057
3.083175
3.1055
3.109375
3.11345
3.116325
3.129225
3.132
3.136775
3.1377
3.155375
3.1618
3.1674
3.175775
3.18515
3.189025
3.19145
3.196425
3.20815
3.219575
3.2203
3.230975
3.231225
3.249025
3.2654
3.2673
3.275275
3.280775
3.2855
3.289375
3.3064
3.307025
3.351875
3.3603
3.383375
3.404325
3.40435
3.405125
3.406625
3.4067
3.41495
3.4155
3.416575
3.419625
3.4204
3.427425
3.432375
3.43725
3.437875
3.43855
3.4426
3.4446
3.45165
3.4702
3.4705
3.471075
3.472925
3.48635
3.490925
3.500675
3.514625
3.524425
3.5759
3.57595
3.59655
3.616175
3.651275
3.677975
3.70115
3.7201
3.72285
3.729275
3.74235
3.74535
3.745925
3.747775
3.767725
3.7839
3.789425
3.793425
3.80885
3.8206
3.828375
3.830675
3.842575
3.84865
3.850375
3.853025
3.854425
3.878575
3.885725
3.88835
3.88935
3.893675
3.921325
3.925775
3.950025
3.970975
3.985425
4.00475
4.004975
4.015575
4.0183
4.028
4.0384
4.041025
4.044275
4.055625
4.071825
4.0758
4.0759
4.077
4.08265
4.086275
4.088575
4.105825
4.111625
4.11475
4.1207
4.121775
4.13335
4.134825
4.148075
4.166975
4.167225
4.1774
4.227575
4.246225
4.269425
4.2722
4.2796
4.30475
4.305425
4.307825
4.310325
4.311525
4.319925
4.320475
4.324075
4.32505
4.328775
4.33585
4.34315
4.377975
4.378325
4.388025
4.389375
4.39595
4.414575
4.43665
4.449
4.449275
4.459875
4.462875
4.470925
4.4912
4.502625
4.521525
4.53515
4.539075
4.549475
4.5936
4.603925
4.60395
4.605575
4.61375
4.619525
4.637425
4.650675
4.68105
4.68115
4.703725
4.71475
4.7276
4.729025
4.752825
4.759575
4.76405
4.7657
4.77425
4.832975
4.844825
4.855225
4.866025
4.902925
4.903375
4.903475
4.904975
4.914225
4.928775
4.929
4.939925
4.959275
4.97625
4.981725
4.985275
4.9983
5.002925
5.01865
5.028975
5.031825
5.0386
5.039125
5.044275
5.0527
5.0768
5.09115
5.09745
5.09965
5.1043
5.1083
5.1406
5.152125
5.152625
5.206575
5.228125
5.228575
5.245175
5.246075
5.24625
5.261025
5.2918
5.292
5.308525
5.312775
5.319875
5.324375
5.331575
5.334225
5.34305
5.358825
5.3618
5.36895
5.373275
5.385175
5.418275
5.433775
5.45135
5.50785
5.509925
5.5107
5.51375
5.51635
5.520075
5.526975
5.531825
5.5353
5.537475
5.545425
5.55665
5.57665
5.579975
5.58805
5.588375
5.59955
5.605375
5.614275
5.617875
5.653575
5.665
5.669675
5.6702
5.696375
5.7119
5.73265
5.77515
5.788775
5.808125
5.8167
5.82605
5.826125
5.82915
5.832925
5.836525
5.837825
5.85015
5.851375
5.851825
5.852825
5.863925
5.883875
5.914725
5.932075
5.9366
5.96735
5.970775
5.9709
5.990075
5.997825
6.002425
6.0071
6.012075
6.0158
6.109
6.123975
6.127275
6.1286
6.1311
6.136825
6.13755
6.143625
6.1497
6.1545
6.15485
6.17155
6.1751
6.186425
6.19125
6.192525
6.1992
6.20505
6.2073
6.21165
6.2159
6.216425
6.216725
6.21765
6.241675
6.255425
6.258175
6.2714
6.277875
6.289825
6.309175
6.3228
6.32365
6.329875
6.396025
6.407
6.4071
6.412525
6.4185
6.4269
6.432975
6.4414
6.45575
6.46045
6.4633
6.473525
6.478825
6.48335
6.486725
6.4951
6.534825
6.546275
6.551125
6.552325
6.605525
6.620325
6.623125
6.63625
6.644
6.6469
6.677975
6.690875
6.706675
6.7209
6.7256
6.7304
6.7401
6.748
6.750625
6.753875
6.754075
6.76115
6.764325
6.76505
6.768175
6.778275
6.78715
6.78935
6.805475
6.8113
6.8194
6.83635
6.8663
6.90395
6.924375
6.927925
6.9292
6.9317
6.9367
6.948075
6.9848
7.0068
7.010575
7.010625
7.0165
7.020175
7.043425
7.04655
7.049525
7.0632
7.066575
7.067925
7.077225
7.0796
7.080025
7.0803
7.083475
7.0866
7.1054
7.1109
7.118975
7.123375
7.1275
7.131875
7.13625
7.16915
7.17175
7.1741
7.178325
7.178625
7.1816
7.194125
7.19935
7.2068
7.2224
7.23925
7.2547
7.2593
7.316075
7.326375
7.331575
7.338525
7.343475
7.36035
7.3821
7.432875
7.465125
7.510525
7.5118
7.556125
7.573425
7.5855
7.585775
7.5938
7.60535
7.618825
7.630525
7.637125
7.6451
7.65455
7.660175
7.663475
7.66695
7.6758
7.67595
7.676175
7.685475
7.688925
7.739975
7.7414
7.768675
7.778325
7.78105
7.786125
7.82365
7.84425
7.85055
7.89365
7.903425
7.911625
7.921875
7.924075
7.925075
7.925775
7.926225
7.941625
7.957425
7.982275
7.9859
8.0023
8.01825
8.03405
8.0404
8.078025
8.09485
8.1337
8.142275
8.1578
8.2081
8.21325
8.232325
8.235675
8.246025
8.249925
8.2553
8.2583
8.2594
8.271375
8.2798
8.281325
8.283225
8.29025
8.3104
8.31075
8.326375
8.336375
8.34445
8.3498
8.3576
8.4016
8.402275
8.406725
8.449875
8.461175
8.4704
8.47475
8.482875
8.505975
8.5088
8.51025
8.5122
8.537425
8.538575
8.549575
8.553375
8.559325
8.5634
8.5681
8.570275
8.5819
8.59395
8.601175
8.601325
8.604325
8.607425
8.62925
8.685775
8.706675
8.7228
8.742125
8.74345
8.749025
8.769125
8.771925
8.7966
8.80245
8.80925
8.8257
8.82705
8.836
8.844
8.850125
8.88335
8.895725
8.901225
8.9249
8.944425
8.946025
8.9468
8.9507
8.987975
9.026
9.0393
9.041925
9.0624
9.063475
802
