0.101825
0.1027
0.11235
0.1184
0.126475
0.140175
0.141375
0.14225
0.17435
0.1805
0.181075
0.1869
0.1897
0.1907
0.193025
0.20385
0.204825
0.230225
0.23445
0.253475
0.258125
0.259625
0.271975
0.2741
0.278375
0.2786
0.279
0.2805
0.28255
0.28595
0.286275
0.2922
0.2955
0.2993
0.30475
0.32085
0.3249
0.34695
0.348375
0.3493
0.3641
0.398525
0.41875
0.419675
0.422175
0.428775
0.4292
0.440175
0.45235
0.460575
0.47735
0.477975
0.480325
0.481375
0.48455
0.4973
0.512125
0.5162
0.5187
0.532475
0.535375
0.53655
0.540075
0.543975
0.5728
0.59905
0.605375
0.608475
0.626275
0.6451
0.6583
0.674525
0.703525
0.70425
0.7054
0.709075
0.70985
0.712025
0.7181
0.7251
0.7263
0.73485
0.735275
0.7476
0.764875
0.767575
0.8225
0.8293
0.8473
0.851825
0.859075
0.8737
0.88805
0.89275
0.8948
0.896375
0.922475
0.926375
0.9264
0.944225
0.962975
0.983275
1.0142
1.022475
1.027025
1.03185
1.046325
1.0496
1.069525
1.09265
1.120475
1.133
1.142075
1.16715
1.1812
1.1982
1.199275
1.20045
1.20395
1.206025
1.21255
1.251425
1.26445
1.2714
1.27185
1.28705
1.303825
1.3205
1.32115
1.329
1.3311
1.33365
1.33455
1.34635
1.3581
1.361675
1.3772
1.383
1.392725
1.410425
1.43535
1.437775
1.466075
1.493725
1.5016
1.5595
1.569125
1.57305
1.5811
1.59755
1.601175
1.6038
1.6145
1.61765
1.618825
1.644475
1.645275
1.646275
1.64655
1.647425
1.64965
1.6514
1.660625
1.66785
1.695825
1.711975
1.72945
1.742525
1.758225
1.76205
1.77615
1.787175
1.795475
1.8272
1.855525
1.91395
1.921425
1.92555
1.936
1.9382
1.938425
1.94805
1.9539
1.955875
1.956575
1.9664
1.97025
1.983075
1.9885
1.990525
1.99155
1.997925
1.9999
2.00145
2.005075
2.0096
2.012475
2.016425
2.016475
2.0267
2.058
2.067475
2.07035
2.0773
2.085375
2.1505
2.170525
2.2072
2.20915
2.2099
2.218075
2.2236
2.224575
2.24415
2.245575
2.246175
2.24965
2.2625
2.28065
2.28175
2.2931
2.32135
2.3433
2.368325
2.3689
2.36985
2.379
2.45605
2.501225
2.503025
2.507725
2.5136
2.5179
2.522475
2.52435
2.529725
2.53355
2.53985
2.54345
2.561825
2.56285
2.569925
2.5769
2.603525
2.606075
2.612175
2.6204
2.622575
2.623725
2.62885
2.6724
2.70845
2.708475
2.7149
2.74335
2.753725
2.7556
2.7637
2.786375
2.80235
2.80605
2.807125
2.81165
2.818475
2.824175
2.82425
2.8281
2.840825
2.880125
2.880675
2.892575
2.898425
2.921075
2.938775
2.940725
2.950025
2.9836
2.99835
3.012775
3.0543
3.07685
3.096675
3.102175
3.10735
3.1076
3.10865
3.10985
3.116525
3.126925
3.134125
3.1389
3.139575
3.151025
3.1548
3.161225
3.161525
3.1716
3.17895
3.17925
3.193
3.200625
3.201825
3.213875
3.221075
3.2285
3.232325
3.2754
3.2757
3.278075
3.326325
3.346525
3.3509
3.3792
3.40245
3.404925
3.40815
3.409
3.417925
3.425925
3.4319
3.437675
3.447425
3.44975
3.4601
3.465075
3.468175
3.473825
3.49295
3.5075
3.51275
3.51745
3.52685
3.539025
3.54845
3.55275
3.5532
3.609775
3.6134
3.615525
3.630175
3.665875
3.70605
3.70725
3.717
3.721525
3.7442
3.756975
3.758725
3.764725
3.782975
3.790325
3.80755
3.829325
3.8325
3.838275
3.851225
3.86015
3.86365
3.871525
3.877325
3.88345
3.8911
3.92065
3.922825
3.928275
3.933925
3.939425
3.9448
3.9494
3.999175
4.0038
4.037225
4.047275
4.052075
4.0572
4.07565
4.085525
4.1125
4.117825
4.122125
4.138875
4.14425
4.145825
4.158875
4.1649
4.168075
4.1734
4.1738
4.18665
4.201925
4.2029
4.239225
4.268625
4.285125
4.301425
4.311175
4.314825
4.3169
4.324125
4.326975
4.336675
4.340725
4.34095
4.3606
4.3625
4.365275
4.372525
4.372875
4.3916
4.39515
4.42175
4.454825
4.4551
4.473125
4.48355
4.518675
4.541575
4.54555
4.546725
4.602575
4.606175
4.6109
4.6173
4.63145
4.634075
4.646675
4.651075
4.661275
4.67365
4.6851
4.6859
4.71105
4.72625
4.72845
4.737275
4.746175
4.77175
4.775725
4.7959
4.83015
4.846825
4.865375
4.900425
4.9013
4.907875
4.914675
4.924975
4.946075
4.9486
4.9561
4.956925
4.9607
4.962225
4.979
4.979275
4.993225
4.99545
4.99555
4.9978
5.00005
5.0031
5.02395
5.031875
5.0395
5.064175
5.0751
5.1188
5.12395
5.209825
5.209875
5.21095
5.215225
5.2169
5.218725
5.220875
5.223825
5.226125
5.237
5.2402
5.241875
5.25145
5.25645
5.285125
5.3032
5.311775
5.3274
5.329275
5.333025
5.34285
5.352375
5.411725
5.4121
5.41335
5.449775
5.451025
5.475325
5.492175
5.50375
5.509675
5.52985
5.551375
5.562125
5.58785
5.587975
5.589
5.589425
5.596625
5.603375
5.629125
5.665125
5.6733
5.738675
5.752025
5.757225
5.76625
5.784425
5.7876
5.7978
5.80125
5.802725
5.8101
5.811375
5.8114
5.834625
5.842125
5.85595
5.868425
5.87445
5.8817
5.885625
5.88695
5.898975
5.9058
5.9086
5.909175
5.933875
5.93975
5.946475
5.94765
5.9519
5.969225
5.974375
5.98195
5.983575
6.02935
6.031875
6.067925
6.072725
6.0745
6.118875
6.1216
6.1287
6.1417
6.147025
6.15955
6.161625
6.18995
6.2038
6.2205
6.2329
6.235475
6.2672
6.326675
6.40085
6.404725
6.418125
6.420125
6.42275
6.430875
6.434225
6.460275
6.4639
6.464075
6.475125
6.476775
6.49835
6.513675
6.514875
6.526975
6.5522
6.564475
6.591725
6.59665
6.613375
6.64475
6.6723
6.681225
6.697025
6.72135
6.724875
6.743525
6.746125
6.7511
6.753325
6.759475
6.7661
6.769925
6.770275
6.7857
6.788825
6.792375
6.793325
6.819225
6.82095
6.8279
6.83915
6.839675
6.839725
6.855625
6.858075
6.891975
6.9206
6.9326
6.94495
6.952075
6.954025
6.982825
7.000625
7.004425
7.005775
7.009825
7.0145
7.015325
7.01775
7.018125
7.020375
7.03805
7.04125
7.047425
7.056125
7.05725
7.0684
7.09655
7.0991
7.1116
7.1127
7.115175
7.124375
7.130725
7.137625
7.17305
7.190225
7.209
7.215575
7.29045
7.310075
7.3203
7.33225
7.33425
7.35515
7.36115
7.4016
7.4188
7.4209
7.425275
7.45435
7.458
7.46055
7.485875
7.490975
7.493575
7.49885
7.59895
7.60235
7.60845
7.608525
7.61865
7.6257
7.626825
7.6316
7.639625
7.650825
7.7017
7.721125
7.73425
7.751875
7.7545
7.755275
7.764625
7.7748
7.7931
7.834925
7.84985
7.853825
7.88925
7.90175
7.912525
7.919475
7.9251
7.9351
7.935825
7.95005
7.95795
7.9648
7.965725
7.97015
7.977275
7.978375
7.978975
8.0039
8.013
8.015675
8.022125
8.042425
8.0616
8.093525
8.109875
8.121425
8.1253
8.1388
8.180625
8.1967
8.20415
8.211825
8.2129
8.21845
8.228675
8.231625
8.237675
8.23895
8.24505
8.2518
8.254375
8.25535
8.259475
8.272225
8.282075
8.300175
8.303925
8.332325
8.34595
8.365875
8.36655
8.387675
8.388725
8.395225
8.400875
8.417575
8.434475
8.441775
8.45125
8.4593
8.46145
8.504625
8.50945
8.509925
8.520825
8.547475
8.557225
8.55855
8.577775
8.5793
8.58835
8.596225
8.6012
8.618575
8.629925
8.63435
8.6894
8.702525
8.767275
8.8017
8.807
8.8132
8.816
8.816375
8.826475
8.827625
8.8343
8.8386
8.844625
8.855075
8.859975
8.87445
8.8808
8.88945
8.915725
8.917175
8.917875
8.9237
8.92725
8.92865
8.938275
8.9411
8.944875
8.962225
8.96635
9.0678
9.0846
789
