0.10105
0.102125
0.10445
0.1139
0.1321
0.15525
0.155275
0.161575
0.16715
0.1693
0.169525
0.172825
0.18585
0.18595
0.19005
0.1909
0.1951
0.2135
0.228425
0.2508
0.265775
0.272475
0.277525
0.290625
0.2914
0.3229
0.339825
0.369275
0.369375
0.4013
0.404925
0.4134
0.4166
0.420325
0.43875
0.47135
0.4895
0.50115
0.531375
0.5367
0.5769
0.600075
0.614325
0.61505
0.6501
0.65175
0.653
0.678325
0.69555
0.7004
0.705625
0.720825
0.721725
0.735075
0.737
0.7379
0.756
0.759575
0.779875
0.784875
0.793275
0.7979
0.8438
0.849425
0.8697
0.90715
0.910725
0.931325
0.941025
0.969925
1.0035
1.041125
1.04205
1.042675
1.057
1.0576
1.0578
1.0814
1.08695
1.08805
1.089525
1.09395
1.09475
1.10705
1.12825
1.137075
1.14925
1.158475
1.163125
1.1723
1.1811
1.205525
1.2322
1.23275
1.23415
1.242075
1.26125
1.31245
1.3184
1.322725
1.3301
1.336
1.34135
1.342725
1.35965
1.36285
1.373075
1.3906
1.39445
1.414225
1.41885
1.424375
1.42965
1.434475
1.43965
1.444075
1.44805
1.461525
1.47475
1.475025
1.4949
1.495125
1.5171
1.536075
1.5436
1.55935
1.605075
1.617775
1.67415
1.686525
1.690425
1.6953
1.701475
1.702175
1.712475
1.721475
1.726075
1.729475
1.77325
1.773525
1.779225
1.7872
1.78885
1.8132
1.821825
1.826925
1.851425
1.85905
1.863625
1.901475
1.906875
1.917025
1.923125
1.92375
1.92565
1.934175
1.94195
1.94495
1.9496
1.949825
1.9615
1.96885
1.97395
1.975525
1.986825
2.01955
2.02405
2.050225
2.05145
2.05815
2.103025
2.1047
2.12765
2.167225
2.17265
2.18945
2.208275
2.21005
2.21355
2.2255
2.228725
2.23295
2.23445
2.24025
2.2425
2.2661
2.268025
2.27195
2.279475
2.289025
2.2917
2.2981
2.2999
2.307975
2.324275
2.334325
2.3555
2.36685
2.396175
2.406275
2.407675
2.434525
2.43675
2.44925
2.4539
2.45765
2.501
2.501025
2.51415
2.516625
2.517475
2.5196
2.521075
2.528425
2.535125
2.537075
2.53825
2.54365
2.548375
2.5544
2.55515
2.5623
2.564625
2.5778
2.579625
2.581475
2.58525
2.593275
2.59575
2.60735
2.62465
2.628325
2.63295
2.646375
2.649425
2.660875
2.681525
2.696375
2.698825
2.7567
2.8022
2.80455
2.807775
2.807975
2.814975
2.820325
2.832925
2.83525
2.8356
2.837975
2.84395
2.84525
2.8503
2.852175
2.8522
2.85445
2.8676
2.872825
2.88125
2.8847
2.88915
2.89295
2.89495
2.89825
2.904525
2.906025
2.91745
2.927375
2.936125
2.944075
2.947625
2.95335
2.95345
2.95435
2.9615
2.963075
3.019925
3.0276
3.0433
3.064075
3.0697
3.11535
3.119425
3.1383
3.158725
3.166125
3.169425
3.17295
3.1767
3.185375
3.186025
3.18675
3.224525
3.224725
3.229775
3.24805
3.25305
3.273325
3.28655
3.290425
3.29675
3.31065
3.3415
3.3419
3.342175
3.35115
3.40135
3.4132
3.416475
3.4189
3.42025
3.423025
3.4282
3.428325
3.432875
3.444725
3.452775
3.473125
3.50325
3.5081
3.5114
3.517
3.5372
3.54815
3.5626
3.575025
3.577975
3.60415
3.6107
3.64765
3.707775
3.71535
3.725675
3.730075
3.7579
3.7612
3.763025
3.777525
3.7789
3.8007
3.801725
3.8196
3.829575
3.833475
3.8395
3.8476
3.877125
3.88665
3.891725
3.91145
3.927775
3.948325
4.00005
4.025275
4.036925
4.04995
4.0604
4.06475
4.071075
4.07425
4.07515
4.079475
4.08445
4.0912
4.1011
4.1066
4.115925
4.130225
4.1463
4.15215
4.15925
4.2039
4.221925
4.23665
4.28935
4.3102
4.3171
4.317575
4.319725
4.328575
4.33965
4.354125
4.37285
4.38515
4.39115
4.404525
4.41665
4.448525
4.46825
4.495775
4.512325
4.531425
4.53955
4.56345
4.571775
4.603
4.6073
4.608575
4.619975
4.620225
4.63
4.6342
4.638975
4.645175
4.645325
4.655225
4.658725
4.6613
4.667375
4.673075
4.692
4.693075
4.76625
4.773225
4.80075
4.8166
4.8716
4.883725
4.900925
4.90635
4.91205
4.918475
4.926475
4.927225
4.929225
4.92945
4.93
4.941275
4.954975
4.955675
4.95715
4.9747
4.979925
4.9804
4.9918
5.00895
5.0132
5.0161
5.0244
5.03205
5.0356
5.038025
5.038475
5.0452
5.0484
5.04865
5.04945
5.0519
5.072075
5.079475
5.084025
5.104575
5.113825
5.12125
5.133175
5.166925
5.20825
5.212825
5.217025
5.221
5.22295
5.229475
5.250725
5.252
5.2736
5.297
5.315675
5.3321
5.33275
5.348275
5.3577
5.3743
5.39525
5.400625
5.40245
5.4051
5.406425
5.42455
5.45335
5.461625
5.4803
5.5002
5.50125
5.50345
5.512425
5.513075
5.52605
5.53305
5.53775
5.554675
5.555025
5.555725
5.5559
5.560125
5.56025
5.560275
5.564225
5.564625
5.5647
5.5715
5.571975
5.574375
5.575
5.5753
5.597
5.636175
5.6522
5.6743
5.6783
5.6943
5.7174
5.7254
5.73065
5.73395
5.80225
5.81205
5.812225
5.8181
5.8214
5.830775
5.84055
5.845025
5.84585
5.857425
5.85935
5.865
5.86665
5.8769
5.8798
5.8974
5.9117
5.91845
5.94015
5.941625
5.96895
5.969725
5.975575
5.97995
6.003225
6.01195
6.0179
6.022325
6.047275
6.056625
6.0761
6.102125
6.1086
6.123425
6.1328
6.137575
6.141025
6.14525
6.1558
6.162775
6.1664
6.17115
6.1747
6.175275
6.188675
6.2217
6.2242
6.224775
6.231425
6.232275
6.239275
6.240625
6.253525
6.260875
6.29025
6.2907
6.29805
6.299875
6.3037
6.331475
6.371025
6.3821
6.40585
6.407325
6.4083
6.412975
6.414925
6.4156
6.416075
6.4277
6.43175
6.437325
6.437775
6.445625
6.447
6.448475
6.453675
6.456575
6.4574
6.458125
6.471775
6.482475
6.498975
6.50305
6.5182
6.536725
6.553975
6.5576
6.5753
6.576375
6.57735
6.5885
6.653
6.6733
6.700725
6.70525
6.7096
6.711975
6.72525
6.7364
6.775875
6.77745
6.78335
6.78935
6.7953
6.822325
6.823075
6.83265
6.83735
6.8395
6.852675
6.937475
6.93935
7.017425
7.029675
7.032475
7.043975
7.092
7.121125
7.1251
7.14085
7.142775
7.1724
7.198175
7.201025
7.2528
7.270625
7.28795
7.288425
7.293675
7.29725
7.300125
7.303125
7.31405
7.319775
7.324375
7.3258
7.3317
7.33235
7.35245
7.357275
7.3728
7.38465
7.3985
7.402475
7.419175
7.4207
7.44645
7.455925
7.45845
7.464775
7.4738
7.475625
7.494325
7.501675
7.517475
7.5645
7.580225
7.60365
7.61165
7.61765
7.620125
7.6438
7.649975
7.65235
7.65815
7.6592
7.66
7.6708
7.674325
7.674825
7.67495
7.6755
7.684175
7.688775
7.693825
7.701625
7.706475
7.70735
7.70805
7.72535
7.725375
7.72765
7.765925
7.7679
7.79785
7.81305
7.838
7.879725
7.902325
7.907
7.91805
7.918425
7.927725
7.931325
7.932525
7.939
7.94705
7.9494
7.966475
7.973325
7.97365
7.977625
7.980325
7.9806
7.99185
8.003425
8.031825
8.038775
8.0392
8.04235
8.05895
8.067025
8.106775
8.111375
8.1339
8.136925
8.190325
8.206625
8.20675
8.2445
8.245
8.27205
8.28195
8.302075
8.309375
8.339075
8.3504
8.356775
8.35975
8.373025
8.37875
8.3805
8.3873
8.394125
8.41895
8.42845
8.460125
8.50815
8.508525
8.517375
8.54105
8.5472
8.548975
8.550325
8.552425
8.558875
8.571225
8.57275
8.57495
8.576475
8.5845
8.588225
8.613475
8.62905
8.6593
8.68295
8.692075
8.704875
8.734225
8.7389
8.745475
8.784625
8.787525
8.788225
8.7915
8.8188
8.820025
8.82105
8.832225
8.8372
8.8528
8.854525
8.85705
8.860825
8.86515
8.8725
8.897125
8.9001
8.920025
8.92345
8.924325
8.9279
8.93895
8.948775
9.0029
9.022575
9.043775
9.0494
9.09845
804
