0.118625
0.119225
0.120425
0.123175
0.129325
0.14035
0.160575
0.168725
0.1718
0.18825
0.18855
0.19385
0.19505
0.19715
0.19855
0.206125
0.215025
0.219625
0.24345
0.24615
0.249
0.256775
0.25955
0.2598
0.31395
0.31585
0.31965
0.35675
0.396575
0.410375
0.4141
0.423725
0.430475
0.43445
0.4361
0.440575
0.443475
0.444375
0.449375
0.46015
0.467375
0.475225
0.4804
0.503575
0.505475
0.5067
0.5646
0.59295
0.608075
0.6231
0.635925
0.63835
0.643775
0.681175
0.683125
0.717225
0.723525
0.732425
0.7402
0.741075
0.74255
0.74525
0.74605
0.746475
0.755375
0.7641
0.7699
0.78015
0.782425
0.7882
0.804975
0.811875
0.820025
0.8465
0.855075
0.87305
0.87895
0.880525
0.8853
0.89535
0.917075
0.969725
0.991225
1.0031
1.0033
1.011325
1.014875
1.016225
1.0184
1.020475
1.0398
1.0454
1.0474
1.05485
1.06915
1.07335
1.0771
1.090325
1.101275
1.108
1.1083
1.116925
1.129675
1.138175
1.1444
1.151825
1.168925
1.17425
1.204825
1.2073
1.225425
1.2407
1.26955
1.2935
1.308275
1.32465
1.326925
1.3334
1.333725
1.337125
1.347475
1.363625
1.370725
1.371775
1.38025
1.386725
1.38845
1.402075
1.440725
1.445775
1.463075
1.466725
1.4729
1.49625
1.527325
1.536925
1.6007
1.604225
1.611625
1.616675
1.637875
1.6524
1.6577
1.6627
1.672375
1.6789
1.680525
1.68365
1.6845
1.687675
1.69225
1.700575
1.723725
1.723975
1.7592
1.764475
1.768825
1.778525
1.7912
1.79175
1.8253
1.82675
1.831975
1.848625
1.887725
1.90445
1.91165
1.91565
1.93455
1.942825
1.960175
1.96535
2.00235
2.009625
2.0193
2.0255
2.046425
2.04695
2.058975
2.061475
2.076825
2.096975
2.108575
2.11025
2.1318
2.14155
2.216525
2.21845
2.21905
2.224675
2.22735
2.24005
2.242075
2.258125
2.27545
2.284
2.29375
2.29475
2.298425
2.30525
2.3396
2.347725
2.3512
2.352325
2.375525
2.386675
2.41995
2.433325
2.4768
2.5017
2.50245
2.508
2.510725
2.5111
2.520975
2.52345
2.525175
2.529775
2.534175
2.535675
2.5429
2.547825
2.5482
2.55585
2.5745
2.58045
2.5838
2.611725
2.612925
2.6235
2.6318
2.6583
2.67855
2.682775
2.68635
2.6888
2.693925
2.6957
2.7215
2.7227
2.72325
2.735975
2.743125
2.7444
2.76855
2.785325
2.8084
2.8112
2.8177
2.817925
2.834075
2.838875
2.843775
2.854375
2.861925
2.900625
2.918975
2.922125
2.9248
2.9434
2.945125
2.99695
3.003625
3.017075
3.0185
3.060225
3.0985
3.1068
3.10685
3.120975
3.164075
3.16655
3.1742
3.1804
3.199825
3.2016
3.20435
3.207925
3.220475
3.2704
3.29415
3.3039
3.3062
3.30805
3.348775
3.422175
3.430625
3.441475
3.442225
3.4541
3.46655
3.4825
3.482925
3.485
3.489675
3.504425
3.50755
3.529325
3.5365
3.549325
3.5693
3.57155
3.581475
3.593275
3.598225
3.608775
3.6099
3.6201
3.62115
3.62295
3.63735
3.640075
3.6779
3.691825
3.694
3.7019
3.728825
3.729725
3.7364
3.741625
3.773525
3.774125
3.7774
3.787475
3.7927
3.798825
3.806325
3.8067
3.809125
3.8244
3.826825
3.8287
3.831025
3.834725
3.8418
3.8448
3.86945
3.90505
3.9096
3.95695
3.985925
3.987
3.9908
4.0155
4.01685
4.01765
4.019125
4.0234
4.025025
4.029625
4.037
4.048325
4.0513
4.064025
4.071025
4.086475
4.09925
4.1
4.107375
4.109675
4.13615
4.151925
4.17335
4.18725
4.275275
4.307825
4.30885
4.310175
4.31385
4.320675
4.3233
4.33445
4.341075
4.355125
4.3556
4.3594
4.36625
4.36885
4.372625
4.372775
4.372825
4.38265
4.391675
4.405225
4.420575
4.427375
4.436825
4.44195
4.44745
4.464725
4.470425
4.53235
4.610275
4.6107
4.614575
4.61805
4.62535
4.6297
4.6317
4.637875
4.645025
4.650675
4.668675
4.66965
4.674275
4.68355
4.692575
4.69505
4.76625
4.77215
4.777375
4.822125
4.836525
4.872975
4.8766
4.900975
4.903825
4.9041
4.9075
4.909225
4.9093
4.92035
4.931675
4.93565
4.936475
4.941575
4.943775
4.956425
4.95695
4.970925
4.971675
4.972775
4.97335
4.975675
4.9765
4.97755
4.986875
4.994425
4.998075
5.00295
5.004025
5.0062
5.009675
5.0175
5.033075
5.043325
5.04435
5.044925
5.05075
5.0706
5.082725
5.082975
5.083175
5.093675
5.094
5.0944
5.13
5.1308
5.145425
5.149175
5.1665
5.216775
5.221625
5.221925
5.2253
5.231975
5.234625
5.2436
5.25605
5.26375
5.304375
5.3159
5.32695
5.340275
5.348525
5.3597
5.365275
5.376375
5.3786
5.3847
5.388475
5.397525
5.40965
5.417325
5.4817
5.500425
5.50075
5.501125
5.508075
5.5128
5.515375
5.51625
5.5316
5.538425
5.5467
5.54925
5.552325
5.560325
5.5613
5.568725
5.5745
5.576625
5.578775
5.602225
5.603275
5.61065
5.6208
5.633475
5.65615
5.704075
5.707825
5.724725
5.760525
5.76415
5.7662
5.8084
5.809075
5.809325
5.812025
5.816775
5.836975
5.837925
5.840025
5.841175
5.859075
5.877375
5.87945
5.881325
5.892575
5.893075
5.894225
5.894325
5.89515
5.914625
5.9206
5.93715
5.938325
5.951825
5.953325
5.976
5.97775
5.99475
5.9974
6.0041
6.01085
6.026825
6.03595
6.06235
6.06955
6.1
6.111625
6.112725
6.1143
6.120325
6.1207
6.122775
6.13065
6.139625
6.13995
6.1439
6.1475
6.15355
6.157225
6.1638
6.164025
6.164975
6.165
6.170675
6.171425
6.171975
6.192125
6.252075
6.25505
6.261175
6.281325
6.3005
6.307525
6.312325
6.33925
6.34555
6.351175
6.38855
6.395825
6.401575
6.436275
6.4389
6.4407
6.465775
6.4833
6.50315
6.504525
6.51255
6.543725
6.548525
6.551625
6.5554
6.568775
6.575775
6.585725
6.60435
6.62515
6.6273
6.645475
6.66795
6.679
6.685675
6.7051
6.705375
6.71115
6.7252
6.72705
6.7413
6.743275
6.7522
6.754875
6.75695
6.759575
6.764125
6.76645
6.7833
6.787725
6.794075
6.799975
6.804925
6.8059
6.815825
6.8241
6.843825
6.8512
6.853175
6.857825
6.883475
6.892175
6.893675
6.89895
6.950675
6.96385
6.975675
7.001525
7.00365
7.003725
7.00745
7.009775
7.00995
7.011225
7.014075
7.014675
7.02735
7.0354
7.03915
7.058325
7.06875
7.07205
7.095225
7.104725
7.1175
7.120125
7.120375
7.123175
7.126575
7.170625
7.181825
7.184375
7.225775
7.2301
7.2613
7.30475
7.3136
7.315775
7.326725
7.332375
7.337525
7.343975
7.3463
7.370125
7.375925
7.403125
7.406325
7.41345
7.417
7.421325
7.42305
7.428475
7.456175
7.485
7.555125
7.55815
7.5614
7.5873
7.598325
7.61455
7.616625
7.6205
7.626225
7.629925
7.6321
7.63215
7.633775
7.638525
7.65445
7.665625
7.674125
7.685675
7.6936
7.6943
7.6963
7.70575
7.70695
7.714575
7.726275
7.72715
7.7321
7.734375
7.75715
7.75725
7.78185
7.79475
7.7971
7.829975
7.8546
7.8725
7.8842
7.9068
7.907
7.911375
7.918475
7.91875
7.919775
7.92175
7.93625
7.93975
7.9423
7.9437
7.963025
7.96355
7.9665
7.971375
7.972775
7.993425
7.99795
8.014225
8.023025
8.038775
8.043275
8.044
8.045275
8.04705
8.0624
8.0915
8.1043
8.1329
8.182425
8.21535
8.218975
8.2192
8.226525
8.228775
8.233575
8.23545
8.239875
8.242675
8.2436
8.246375
8.25165
8.253525
8.25415
8.25485
8.258625
8.278075
8.284175
8.285225
8.297675
8.300375
8.30175
8.306725
8.317625
8.353325
8.36385
8.3675
8.3851
8.393575
8.406875
8.44905
8.505725
8.51585
8.517525
8.52295
8.533
8.538875
8.541
8.5422
8.54315
8.556825
8.561875
8.57115
8.574825
8.580725
8.58255
8.5826
8.5865
8.6114
8.616425
8.6185
8.621725
8.62255
8.646875
8.66375
8.669625
8.71755
8.74205
8.7669
8.77715
8.7793
8.81345
8.81765
8.8284
8.8312
8.844775
8.84705
8.849175
8.85595
8.863375
8.863775
8.8684
8.890075
8.890275
8.89185
8.907175
8.93065
8.939425
8.951175
8.951325
8.9626
8.98985
9.0143
835
