0.0618
0.1005
0.1016
0.104275
0.107725
0.1093
0.11325
0.11565
0.124825
0.1309
0.139775
0.1432
0.15025
0.15155
0.168925
0.20115
0.230375
0.264725
0.277
0.3043
0.32275
0.3783
0.3785
0.3975
0.404
0.40995
0.4103
0.4172
0.4215
0.4308
0.435675
0.438675
0.451975
0.470525
0.4875
0.517925
0.527925
0.54895
0.558825
0.566625
0.588025
0.598
0.6027
0.6092
0.627275
0.632375
0.650825
0.67065
0.69175
0.70015
0.701675
0.706125
0.71895
0.722625
0.723525
0.726575
0.726775
0.73265
0.735675
0.740675
0.7475
0.749525
0.764425
0.77095
0.78605
0.791275
0.79755
0.80235
0.8024
0.80275
0.81455
0.831525
0.83265
0.835675
0.84925
0.857725
0.873575
0.87505
0.88785
0.904275
0.907175
0.914025
0.9244
0.92705
1.009075
1.0188
1.0203
1.059725
1.0646
1.06905
1.0695
1.077075
1.07865
1.079175
1.089175
1.091575
1.11235
1.118925
1.1306
1.183
1.1965
1.22885
1.2314
1.255025
1.268175
1.318275
1.3371
1.337975
1.33905
1.34425
1.348
1.349525
1.356225
1.363825
1.36895
1.3767
1.37985
1.38915
1.393075
1.39475
1.39905
1.410725
1.434075
1.4399
1.446025
1.4473
1.4518
1.453825
1.48895
1.49715
1.537
1.5374
1.5408
1.541825
1.5504
1.55295
1.564625
1.6067
1.6069
1.6119
1.61285
1.61735
1.624575
1.63165
1.632025
1.64435
1.65065
1.653175
1.6539
1.6619
1.68015
1.78385
1.787975
1.78915
1.823275
1.825125
1.865525
1.8669
1.8816
1.884975
1.896125
1.899975
1.90215
1.913375
1.927875
1.937725
1.94115
1.95405
1.97265
1.97975
1.98555
1.98805
1.99895
2.020025
2.0335
2.0355
2.036225
2.0385
2.04715
2.049925
2.096525
2.1377
2.154375
2.196425
2.203725
2.204325
2.2046
2.20485
2.205925
2.2113
2.21215
2.214825
2.217525
2.217925
2.21795
2.219525
2.230125
2.240375
2.246575
2.256725
2.266675
2.27445
2.288775
2.316225
2.338625
2.3509
2.35655
2.360425
2.3689
2.373075
2.397025
2.41515
2.420125
2.444275
2.447725
2.50515
2.528875
2.5335
2.558675
2.5687
2.57915
2.58275
2.583325
2.5855
2.589275
2.590625
2.595675
2.642575
2.66655
2.67435
2.68785
2.689925
2.72655
2.767675
2.780025
2.8004
2.8072
2.8099
2.844775
2.846375
2.858
2.861925
2.868025
2.869275
2.91215
2.9403
2.94695
2.95445
2.977325
2.985925
3.02725
3.08305
3.104775
3.105475
3.10755
3.109875
3.1109
3.112425
3.123475
3.14125
3.15165
3.17005
3.17275
3.180375
3.18755
3.19205
3.2036
3.2224
3.22685
3.234225
3.24715
3.25485
3.260225
3.282575
3.313375
3.326425
3.370575
3.3746
3.420775
3.427325
3.43015
3.43095
3.44305
3.4722
3.486025
3.500425
3.5141
3.52115
3.522425
3.530825
3.53555
3.548625
3.55995
3.570425
3.575575
3.622
3.657925
3.6603
3.66915
3.700825
3.7141
3.714625
3.745825
3.757825
3.7639
3.768
3.78875
3.7996
3.800475
3.801
3.814725
3.817875
3.818825
3.8229
3.8313
3.845525
3.849025
3.85645
3.867675
3.907325
3.910825
3.91095
3.962375
3.971025
3.972425
3.976
3.9848
4.0006
4.001325
4.00655
4.0167
4.018425
4.020075
4.0267
4.026725
4.04175
4.044625
4.04895
4.05215
4.059775
4.07075
4.078325
4.0813
4.09675
4.112475
4.114125
4.1218
4.1265
4.179225
4.18475
4.191
4.21185
4.2229
4.29275
4.313025
4.313275
4.326475
4.327625
4.329625
4.3447
4.3534
4.3535
4.35525
4.3587
4.3649
4.36915
4.3869
4.3932
4.400725
4.40885
4.413925
4.441875
4.4526
4.4715
4.47615
4.497275
4.5004
4.505
4.523775
4.595925
4.603575
4.60595
4.609625
4.611475
4.6117
4.6119
4.6124
4.61985
4.62325
4.636925
4.64095
4.683075
4.686175
4.686425
4.691075
4.698
4.71205
4.75285
4.7567
4.75885
4.759125
4.763525
4.763825
4.77655
4.7881
4.79405
4.816125
4.84685
4.88755
4.905675
4.91955
4.9202
4.931125
4.9476
4.964725
4.973875
4.977
4.99565
4.99695
4.9971
5.0009
5.007475
5.014725
5.0185
5.0371
5.0895
5.12115
5.2088
5.21525
5.215725
5.24105
5.244425
5.248775
5.255125
5.25525
5.2612
5.277125
5.2882
5.28825
5.300275
5.302
5.310625
5.316225
5.31745
5.325175
5.325875
5.32735
5.3299
5.336825
5.34285
5.34305
5.3985
5.408925
5.411
5.4607
5.464675
5.50705
5.5162
5.5172
5.517975
5.52315
5.526125
5.544825
5.54995
5.5574
5.591475
5.5935
5.595625
5.609675
5.62805
5.645875
5.64875
5.65035
5.656375
5.659275
5.666525
5.66855
5.671775
5.676475
5.68215
5.689725
5.69395
5.701425
5.72535
5.7311
5.788425
5.801225
5.80745
5.8133
5.8143
5.8192
5.83655
5.836725
5.856225
5.864825
5.86805
5.86915
5.872075
5.87225
5.874725
5.88105
5.88485
5.88585
5.888375
5.9024
5.9026
5.9068
5.960925
5.981675
6.01595
6.03305
6.038225
6.056175
6.0567
6.09615
6.101325
6.1027
6.110075
6.110925
6.111925
6.119925
6.120725
6.13615
6.14015
6.14995
6.157075
6.165
6.169025
6.178525
6.1787
6.202025
6.2292
6.2312
6.305775
6.3441
6.41255
6.4171
6.419825
6.420325
6.4211
6.430075
6.435
6.436125
6.440325
6.448625
6.458525
6.464475
6.4647
6.487125
6.48715
6.493475
6.5046
6.504675
6.53405
6.53985
6.541025
6.541675
6.55285
6.567475
6.5845
6.588225
6.680825
6.69135
6.702175
6.703375
6.71155
6.719275
6.7218
6.72785
6.733875
6.747525
6.75275
6.755175
6.7777
6.78655
6.788675
6.821975
6.83595
6.841875
6.843225
6.844675
6.850125
6.85225
6.85265
6.889525
6.898675
6.90445
6.94155
6.97745
7.00785
7.01275
7.015775
7.0188
7.025075
7.0359
7.037125
7.040675
7.06065
7.0691
7.071775
7.0781
7.1041
7.1043
7.1117
7.114075
7.120775
7.1226
7.1311
7.15165
7.161425
7.166025
7.170625
7.181375
7.1935
7.194975
7.2034
7.2114
7.212475
7.213775
7.23465
7.311575
7.312475
7.342525
7.354825
7.3656
7.3695
7.38605
7.391375
7.415525
7.432475
7.440225
7.44125
7.44815
7.46705
7.467775
7.495675
7.541875
7.549225
7.587975
7.602225
7.61505
7.627225
7.64145
7.64325
7.65465
7.663275
7.671075
7.677325
7.6817
7.6953
7.707475
7.71205
7.71405
7.7251
7.72575
7.734625
7.765225
7.776
7.7763
7.809525
7.83655
7.845625
7.885625
7.888725
7.899675
7.90555
7.906075
7.908425
7.91385
7.922675
7.92425
7.930275
7.931025
7.934925
7.9428
7.94475
7.962
7.970875
8.00455
8.026125
8.033175
8.04355
8.082625
8.087475
8.114925
8.1325
8.1524
8.197425
8.20075
8.2138
8.229525
8.23595
8.246075
8.246175
8.259475
8.2655
8.273375
8.284675
8.2864
8.308725
8.31435
8.32025
8.3239
8.33145
8.341975
8.351975
8.354875
8.3736
8.384375
8.389875
8.428225
8.45385
8.45495
8.455175
8.461875
8.505475
8.5157
8.53405
8.535525
8.53575
8.5565
8.57205
8.579175
8.582825
8.59135
8.599525
8.619875
8.6334
8.636325
8.64885
8.65625
8.670475
8.6721
8.69105
8.7013
8.721
8.723175
8.7257
8.807475
8.812575
8.816025
8.82595
8.8264
8.83745
8.838
8.861125
8.867525
8.8723
8.8793
8.89405
8.9085
8.9336
8.937775
8.938275
8.952075
8.965075
8.98455
9.01195
9.080875
759
