0.1066
0.11885
0.155225
0.1652
0.1761
0.188075
0.191325
0.19825
0.21115
0.221325
0.229175
0.249625
0.24975
0.255425
0.283325
0.290275
0.2936
0.296825
0.3034
0.3741
0.385825
0.4157
0.42825
0.4387
0.4487
0.46995
0.470675
0.472725
0.504275
0.5057
0.509925
0.512775
0.528325
0.5359
0.549675
0.57785
0.590325
0.6035
0.64905
0.6836
0.7006
0.701625
0.701725
0.703325
0.70725
0.710975
0.71445
0.72425
0.7341
0.735025
0.737075
0.743225
0.747575
0.749175
0.76195
0.7624
0.764875
0.772075
0.775425
0.775925
0.784075
0.786925
0.794475
0.807175
0.811075
0.83015
0.85535
0.8684
0.8702
0.878175
0.880875
0.90395
0.927725
0.928025
0.9284
0.92865
0.948175
0.957425
1.001725
1.004175
1.00635
1.02655
1.030575
1.046275
1.082175
1.086525
1.0908
1.091875
1.096275
1.09715
1.097225
1.113525
1.115625
1.12185
1.12725
1.1445
1.161175
1.161625
1.175575
1.17925
1.1835
1.1855
1.213675
1.25035
1.2602
1.28635
1.3019
1.301925
1.313725
1.31545
1.32315
1.3242
1.328225
1.328325
1.3353
1.3444
1.349025
1.35185
1.375
1.3759
1.382125
1.40885
1.412825
1.417475
1.4857
1.492025
1.5145
1.5306
1.5363
1.561325
1.565775
1.5708
1.6058
1.60585
1.609775
1.6099
1.6104
1.61165
1.61595
1.6222
1.628875
1.62955
1.63625
1.637975
1.64315
1.644275
1.64835
1.657975
1.6629
1.66875
1.679775
1.68355
1.69435
1.69885
1.704175
1.7084
1.713825
1.718375
1.73365
1.75545
1.769225
1.774575
1.79065
1.7917
1.8342
1.85255
1.87045
1.890425
1.896375
1.906125
1.9151
1.920025
1.925325
1.93305
1.935275
1.942675
1.943075
1.945975
1.97645
1.98195
1.9846
1.98665
1.98995
1.99245
1.997825
2.004725
2.016
2.02005
2.038225
2.06095
2.06695
2.074725
2.09075
2.10595
2.12605
2.182275
2.1969
2.196925
2.209975
2.21215
2.215675
2.215875
2.22155
2.229525
2.23215
2.23325
2.2373
2.238125
2.23995
2.243
2.2499
2.253675
2.258625
2.2688
2.274675
2.277125
2.28485
2.32205
2.33565
2.35115
2.36245
2.365925
2.369225
2.3742
2.38555
2.396375
2.416625
2.4328
2.446975
2.4855
2.4912
2.53535
2.54195
2.551
2.554925
2.5587
2.568825
2.572025
2.58745
2.5949
2.59675
2.601075
2.603825
2.6773
2.6793
2.763725
2.7813
2.788625
2.801525
2.8121
2.81485
2.840975
2.84505
2.8547
2.878025
2.87905
2.8844
2.89765
2.928275
2.935025
2.942475
2.969975
2.9776
2.994475
2.994525
3.00695
3.00795
3.074525
3.10095
3.10225
3.10355
3.1087
3.1117
3.125125
3.1278
3.13075
3.133575
3.142725
3.14465
3.160275
3.162725
3.181575
3.206225
3.222075
3.228625
3.256225
3.260525
3.281025
3.3135
3.377825
3.401075
3.4073
3.4279
3.473125
3.476775
3.48395
3.48775
3.496825
3.50675
3.507625
3.50985
3.5139
3.51715
3.52845
3.539375
3.5696
3.569875
3.5704
3.582925
3.594
3.59635
3.6109
3.632325
3.6863
3.7196
3.724325
3.72775
3.729125
3.734075
3.7367
3.74285
3.7453
3.752125
3.76255
3.773725
3.775725
3.776175
3.7773
3.779675
3.79895
3.801125
3.8145
3.83095
3.854025
3.86015
3.8744
3.883025
3.895925
3.90025
3.91475
3.9254
3.9352
3.943325
3.97455
3.97805
4.05325
4.05365
4.0623
4.07145
4.087325
4.101425
4.105125
4.117975
4.1406
4.14425
4.144925
4.1535
4.158125
4.16075
4.16205
4.175975
4.18415
4.195
4.2134
4.21905
4.254275
4.266675
4.3152
4.3233
4.32535
4.32635
4.32815
4.332625
4.333025
4.334925
4.340075
4.347075
4.34965
4.35215
4.353325
4.394175
4.4036
4.410075
4.4209
4.44885
4.459725
4.492675
4.50215
4.545025
4.55145
4.60365
4.62095
4.627475
4.6281
4.638175
4.667175
4.68735
4.6944
4.695525
4.697575
4.735625
4.744025
4.74825
4.7722
4.78195
4.799225
4.809625
4.814325
4.821225
4.870225
4.89265
4.8931
4.906075
4.907775
4.90805
4.909375
4.917725
4.919175
4.9208
4.935
4.935325
4.94635
4.949525
4.962275
4.9632
4.973525
4.976525
4.979025
4.981475
5.00815
5.018625
5.032875
5.03745
5.047475
5.066875
5.068325
5.100275
5.101125
5.20005
5.203075
5.204525
5.209575
5.214725
5.2249
5.232075
5.23275
5.241575
5.270575
5.2817
5.2881
5.29305
5.306525
5.310575
5.311725
5.312925
5.317325
5.329275
5.35
5.3542
5.361575
5.385375
5.3918
5.393075
5.40765
5.411175
5.42475
5.428725
5.44775
5.4669
5.47965
5.487925
5.492375
5.510725
5.512375
5.519375
5.529575
5.531825
5.537775
5.558775
5.559275
5.568925
5.5897
5.617525
5.62745
5.651875
5.6617
5.6873
5.71545
5.7189
5.74155
5.75525
5.76915
5.779275
5.80035
5.805675
5.808925
5.816275
5.8164
5.821675
5.82365
5.824275
5.826425
5.830625
5.8398
5.849575
5.8556
5.8635
5.864575
5.865375
5.8706
5.880525
5.88295
5.902225
5.917875
5.9307
5.9609
5.960925
5.961425
5.969075
5.98
5.993425
6.008425
6.020525
6.033075
6.0404
6.044125
6.04695
6.063875
6.10205
6.109025
6.11095
6.11355
6.123275
6.1349
6.157675
6.1596
6.16685
6.16905
6.1693
6.1791
6.18
6.185675
6.2091
6.237325
6.25525
6.28595
6.31745
6.3238
6.350175
6.37775
6.3983
6.414
6.4338
6.4357
6.4358
6.436525
6.440475
6.44955
6.469675
6.476925
6.47895
6.48645
6.49555
6.50025
6.5047
6.532775
6.553825
6.5555
6.5587
6.564375
6.5709
6.58225
6.59145
6.611125
6.63085
6.639175
6.671675
6.6791
6.693675
6.7061
6.708575
6.70925
6.716
6.719625
6.719925
6.7283
6.731425
6.74115
6.7426
6.7472
6.7473
6.7498
6.753175
6.755025
6.763975
6.77185
6.773425
6.773475
6.7793
6.783175
6.789375
6.7916
6.8049
6.809025
6.844675
6.845775
6.85775
6.868525
6.884
6.890125
6.890275
6.8994
6.91945
6.9253
6.93425
6.93535
6.9428
6.9496
6.9689
7.0015
7.001775
7.007325
7.014425
7.035225
7.03585
7.040775
7.0536
7.054425
7.060175
7.067075
7.0746
7.156225
7.167875
7.18125
7.24055
7.2672
7.2674
7.300475
7.306425
7.3327
7.340325
7.35035
7.362025
7.371375
7.3753
7.377375
7.387275
7.415425
7.428825
7.434275
7.448225
7.482575
7.50565
7.517725
7.52525
7.547125
7.548825
7.616925
7.617475
7.617525
7.6346
7.63625
7.639075
7.639675
7.6451
7.646925
7.669275
7.6842
7.69825
7.711725
7.7182
7.73365
7.768825
7.775225
7.790925
7.827275
7.829225
7.842625
7.85075
7.88035
7.8832
7.8871
7.890125
7.90395
7.9159
7.933425
7.938625
7.947025
7.947075
7.978025
7.984775
7.985075
7.99275
8.00855
8.010925
8.01315
8.014075
8.021
8.033625
8.04295
8.0743
8.079175
8.0961
8.0998
8.108025
8.109875
8.15415
8.1555
8.17215
8.185
8.188775
8.20005
8.2009
8.201
8.202375
8.210375
8.210475
8.2165
8.24485
8.2461
8.25195
8.256175
8.270025
8.2883
8.30345
8.317425
8.3266
8.34115
8.343775
8.3529
8.353525
8.355025
8.3822
8.432275
8.438775
8.479175
8.508475
8.5093
8.515525
8.51715
8.521275
8.527675
8.53375
8.542925
8.54305
8.54495
8.565
8.5661
8.56675
8.56835
8.572275
8.582375
8.58905
8.608125
8.61065
8.626525
8.6752
8.682325
8.72865
8.73825
8.7398
8.747125
8.749775
8.7601
8.806175
8.8189
8.819225
8.821575
8.82295
8.824425
8.8249
8.8271
8.8305
8.8545
8.855
8.874275
8.881125
8.90045
8.9036
8.923325
8.92335
8.9475
8.960425
8.96365
8.9658
8.975
8.977225
8.992375
9.028825
9.0542
9.072875
791
