0.10545
0.107175
0.112475
0.1184
0.120275
0.130975
0.136
0.20025
0.20125
0.211275
0.22505
0.23255
0.240375
0.242275
0.25835
0.2599
0.31595
0.3166
0.388925
0.401575
0.41045
0.4126
0.417725
0.4286
0.4314
0.432
0.43565
0.446075
0.454125
0.4606
0.468725
0.472975
0.479825
0.488175
0.493775
0.5033
0.52085
0.5271
0.534425
0.5359
0.571225
0.5759
0.6045
0.61385
0.65295
0.6611
0.66555
0.6961
0.709625
0.722575
0.72905
0.729325
0.729475
0.731525
0.733725
0.7476
0.77265
0.78835
0.79995
0.811325
0.820475
0.833025
0.83505
0.84005
0.86385
0.872625
0.889875
0.899875
0.9273
0.93425
0.945825
0.94915
0.97535
0.977725
0.979675
0.998975
1.00165
1.003825
1.013525
1.0262
1.0411
1.0427
1.0732
1.080475
1.08515
1.091675
1.1048
1.140975
1.157425
1.211325
1.227225
1.233975
1.256
1.26905
1.275525
1.27795
1.3024
1.311775
1.328825
1.3357
1.341125
1.341175
1.364075
1.370825
1.380025
1.39965
1.40105
1.411025
1.432375
1.4438
1.456625
1.46115
1.461325
1.4764
1.544975
1.545
1.6023
1.61135
1.6127
1.62005
1.6228
1.62805
1.6374
1.649575
1.6566
1.663925
1.667425
1.68845
1.7094
1.712525
1.7241
1.729975
1.735825
1.75185
1.7573
1.765775
1.77885
1.77955
1.780125
1.80845
1.810125
1.834775
1.8418
1.85605
1.863775
1.866275
1.872575
1.873375
1.87595
1.915275
1.922
1.929975
1.9427
1.9432
1.94325
1.956125
1.968325
1.97635
1.97845
1.98245
2.0005
2.00825
2.019525
2.022275
2.0481
2.054575
2.076925
2.079525
2.085575
2.132575
2.16155
2.164975
2.2105
2.2135
2.225975
2.243325
2.25225
2.273175
2.296175
2.302725
2.325225
2.352975
2.354075
2.376025
2.381
2.389475
2.395925
2.41035
2.42835
2.50945
2.5307
2.531275
2.535925
2.55065
2.557925
2.563375
2.567075
2.567925
2.5683
2.57355
2.57705
2.580075
2.5844
2.587775
2.605125
2.61065
2.622625
2.644125
2.645175
2.667325
2.676775
2.71395
2.716075
2.77555
2.783825
2.808175
2.8143
2.83535
2.838225
2.8426
2.846975
2.84765
2.848925
2.857825
2.86325
2.87245
2.91485
2.916575
2.93745
2.94935
2.954775
2.984275
2.986275
2.988125
2.990075
3.019
3.023675
3.0332
3.0585
3.0635
3.1034
3.103825
3.108925
3.111975
3.118925
3.124675
3.1279
3.138175
3.13945
3.14305
3.14765
3.16375
3.165175
3.16695
3.1859
3.190475
3.214475
3.229875
3.243875
3.2721
3.299525
3.30275
3.31615
3.347825
3.366975
3.38425
3.4031
3.403325
3.40815
3.4092
3.412825
3.417625
3.4183
3.42185
3.446925
3.44755
3.49555
3.49565
3.51285
3.513925
3.559425
3.56155
3.56445
3.5708
3.6076
3.62755
3.629575
3.6434
3.64985
3.68055
3.70135
3.707025
3.7132
3.71385
3.71455
3.7224
3.726375
3.745025
3.752625
3.754
3.7608
3.77955
3.78625
3.78965
3.797375
3.833225
3.836725
3.836875
3.838525
3.8578
3.866075
3.87045
3.885775
3.905325
3.9126
3.928275
3.933125
3.9455
3.953575
3.96295
3.96835
3.984725
3.997425
4.000775
4.006825
4.01745
4.01925
4.024775
4.0357
4.03805
4.04595
4.0475
4.0527
4.0703
4.0741
4.08205
4.0898
4.094125
4.097125
4.103775
4.1098
4.132275
4.135425
4.14215
4.1465
4.14865
4.151425
4.1577
4.180975
4.196075
4.20585
4.216925
4.260825
4.2727
4.30065
4.3007
4.31935
4.3243
4.326075
4.327925
4.3326
4.3345
4.3427
4.345175
4.35715
4.37475
4.383875
4.388375
4.389275
4.389775
4.39385
4.413025
4.41525
4.425725
4.446525
4.4487
4.54415
4.555925
4.58425
4.603475
4.61405
4.648475
4.648525
4.655225
4.67805
4.681175
4.693475
4.708825
4.727175
4.727775
4.7285
4.7426
4.754025
4.77355
4.7843
4.78465
4.8237
4.9059
4.911
4.914525
4.915725
4.921625
4.92315
4.9233
4.932825
4.933525
4.936
4.949425
4.95245
4.964075
4.970725
4.9972
4.9976
5.0003
5.003
5.0059
5.0083
5.028925
5.03715
5.04195
5.0478
5.049575
5.0941
5.096275
5.104225
5.1099
5.13635
5.150875
5.1548
5.15525
5.15595
5.169125
5.174425
5.210525
5.218175
5.23955
5.256575
5.258075
5.266325
5.27055
5.274075
5.279575
5.280675
5.2834
5.28385
5.288575
5.306475
5.307675
5.309975
5.31495
5.3795
5.387925
5.4588
5.490075
5.49985
5.501225
5.508175
5.51075
5.51135
5.512425
5.51435
5.519325
5.521125
5.539275
5.540625
5.545925
5.5492
5.5598
5.562525
5.56565
5.573225
5.574175
5.590475
5.592675
5.598425
5.61525
5.619375
5.62135
5.623125
5.6457
5.64845
5.648775
5.653325
5.656325
5.664475
5.670875
5.6864
5.693225
5.696175
5.710575
5.717975
5.719125
5.73915
5.746275
5.76305
5.767125
5.793325
5.8254
5.83865
5.8653
5.868175
5.87135
5.875475
5.879925
5.88485
5.8883
5.90945
5.924675
5.93385
5.93975
5.9409
5.965
5.9758
6.001725
6.0347
6.044275
6.0512
6.055075
6.070075
6.091375
6.100625
6.107675
6.11685
6.118375
6.12105
6.139175
6.146625
6.150725
6.151375
6.16
6.169
6.169825
6.1849
6.185475
6.19405
6.212925
6.21525
6.238075
6.240275
6.261525
6.262775
6.273625
6.277
6.280275
6.285
6.334175
6.37545
6.383775
6.40325
6.410025
6.414025
6.414725
6.418925
6.423725
6.42505
6.4309
6.43575
6.445725
6.44965
6.472525
6.4912
6.4967
6.527125
6.5277
6.532875
6.54105
6.5417
6.54375
6.5547
6.555075
6.59645
6.602075
6.608925
6.611475
6.6128
6.629125
6.648
6.6498
6.6616
6.70515
6.713225
6.715175
6.71595
6.7231
6.72885
6.73145
6.73655
6.74845
6.748725
6.7555
6.7597
6.762575
6.76415
6.77805
6.781125
6.783
6.783525
6.807025
6.8085
6.818775
6.823025
6.82545
6.860025
6.87105
6.8899
6.895775
6.903725
6.9079
6.912975
6.921425
6.934125
6.93505
6.935075
6.96335
6.966425
7.00055
7.005775
7.0067
7.00965
7.0157
7.018
7.01905
7.051425
7.05665
7.07335
7.090525
7.1069
7.10745
7.111875
7.11445
7.117
7.1183
7.1203
7.129675
7.183575
7.2231
7.28995
7.300475
7.307375
7.318925
7.326925
7.337575
7.342075
7.360925
7.37425
7.37585
7.388675
7.394325
7.4027
7.404625
7.40895
7.40925
7.442725
7.452375
7.452825
7.455625
7.4587
7.464725
7.465475
7.4743
7.49055
7.49495
7.500125
7.50065
7.5455
7.546325
7.5534
7.590975
7.610775
7.611775
7.612325
7.612625
7.616475
7.62
7.629325
7.640625
7.64805
7.65245
7.6562
7.65695
7.6599
7.66605
7.66735
7.676
7.683925
7.687125
7.7304
7.743625
7.7526
7.7697
7.771875
7.775225
7.8093
7.810225
7.906225
7.906475
7.911575
7.91555
7.9157
7.92115
7.929575
7.93065
7.933675
7.939025
7.9466
7.9476
7.967725
7.9694
7.97155
7.974425
7.994225
8.01055
8.010875
8.016875
8.0172
8.023025
8.03
8.083275
8.131625
8.183325
8.1885
8.21755
8.22505
8.225225
8.22675
8.2269
8.241475
8.242625
8.246
8.249325
8.25025
8.2568
8.261275
8.26235
8.262525
8.276575
8.28015
8.288275
8.292325
8.294225
8.2952
8.303825
8.3065
8.31535
8.316325
8.319825
8.321675
8.3241
8.325775
8.335725
8.35745
8.359825
8.36885
8.368975
8.38445
8.428725
8.471175
8.479025
8.5003
8.5022
8.507075
8.51085
8.511275
8.520075
8.5281
8.534475
8.5591
8.614125
8.614925
8.615275
8.62075
8.635325
8.664625
8.6681
8.682525
8.698025
8.712525
8.72235
8.7387
8.7563
8.811725
8.82325
8.84955
8.86945
8.872325
8.8899
8.89935
8.907175
8.920175
8.9285
8.928675
8.96685
8.9737
8.979675
8.9812
9.01135
9.0153
9.0911
798
