0.101225
0.103625
0.104575
0.1231
0.123625
0.126475
0.12665
0.1342
0.1404
0.141575
0.14435
0.154125
0.156875
0.163275
0.18295
0.183125
0.189725
0.19275
0.194525
0.20535
0.208575
0.20885
0.210425
0.213525
0.2174
0.22245
0.22485
0.2348
0.24385
0.26195
0.27315
0.292675
0.3284
0.355125
0.356375
0.356975
0.372125
0.375925
0.422025
0.44805
0.462925
0.475675
0.47615
0.490525
0.502
0.537275
0.556975
0.5786
0.60565
0.609375
0.621825
0.63905
0.6396
0.642125
0.658275
0.663825
0.6665
0.702875
0.70495
0.708425
0.712775
0.713775
0.715775
0.71585
0.724325
0.7345
0.747225
0.74995
0.756425
0.764825
0.771125
0.812275
0.8162
0.818025
0.821275
0.833425
0.846975
0.850475
0.866925
0.867975
0.87275
0.878825
0.88095
0.902
0.9053
0.9129
0.91655
0.9185
0.9208
0.971775
0.973725
0.99295
0.99995
1.009
1.0195
1.019975
1.022225
1.024475
1.028025
1.0412
1.041625
1.04545
1.046025
1.047225
1.048825
1.054725
1.062175
1.08135
1.084075
1.093125
1.094575
1.13805
1.139325
1.145575
1.1586
1.163875
1.214275
1.318775
1.3244
1.365225
1.41595
1.436375
1.4447
1.465775
1.47215
1.479
1.4855
1.5082
1.513625
1.5392
1.574525
1.586725
1.6001
1.60645
1.61085
1.617
1.623275
1.6248
1.630725
1.6355
1.635725
1.6394
1.642
1.646575
1.663525
1.6866
1.69695
1.699275
1.714425
1.72365
1.73055
1.737175
1.740075
1.791275
1.811075
1.83075
1.845675
1.87135
1.903375
1.9132
1.9195
1.925125
1.933225
1.934925
1.941275
1.9519
1.9525
1.956825
1.992475
2.0077
2.021375
2.02485
2.043075
2.046725
2.0736
2.07875
2.090275
2.091625
2.1446
2.16595
2.18755
2.202025
2.2051
2.206625
2.207025
2.209625
2.212275
2.21755
2.219525
2.22925
2.23345
2.2339
2.2461
2.246925
2.265075
2.306575
2.31775
2.34215
2.3683
2.40765
2.41995
2.451975
2.486475
2.504275
2.508125
2.5089
2.52255
2.526925
2.530375
2.535225
2.541625
2.548
2.561275
2.58175
2.605575
2.607325
2.633675
2.641575
2.649775
2.6624
2.68835
2.7317
2.753525
2.8002
2.8007
2.805
2.80825
2.818225
2.835275
2.8461
2.8537
2.86955
2.876425
2.892075
2.9011
2.9026
2.908075
2.91605
2.92135
2.933
2.952925
2.958125
2.96295
2.96415
3.033675
3.054775
3.0579
3.091575
3.102525
3.116575
3.124975
3.134775
3.13595
3.139725
3.1492
3.154425
3.155725
3.19075
3.2038
3.21375
3.22005
3.229075
3.237575
3.24045
3.257875
3.30435
3.32915
3.34725
3.363075
3.3753
3.38805
3.417975
3.422175
3.4249
3.4258
3.432975
3.433475
3.43405
3.4431
3.44575
3.45085
3.4523
3.45415
3.45615
3.480975
3.48385
3.4872
3.503275
3.5044
3.536725
3.53845
3.583025
3.6096
3.6264
3.633175
3.668325
3.6804
3.699975
3.705625
3.719825
3.720325
3.722725
3.730775
3.738075
3.7408
3.7424
3.747925
3.748725
3.750175
3.76585
3.769375
3.77965
3.821275
3.821775
3.83845
3.842975
3.85985
3.8636
3.95725
3.9654
3.976525
3.985675
4.0122
4.012275
4.01235
4.01445
4.015675
4.020925
4.033925
4.043
4.055275
4.06515
4.0761
4.08105
4.099625
4.100075
4.106175
4.12145
4.1232
4.128325
4.134275
4.1344
4.14965
4.1683
4.1714
4.185125
4.195625
4.196525
4.19885
4.199375
4.223125
4.2415
4.254325
4.25895
4.27015
4.29715
4.301875
4.306
4.31445
4.3152
4.3174
4.321675
4.325525
4.344075
4.34625
4.34695
4.348075
4.352475
4.355125
4.35695
4.358525
4.36965
4.37115
4.37565
4.37745
4.38325
4.3839
4.39225
4.40625
4.4175
4.4211
4.43275
4.436625
4.4423
4.467525
4.468925
4.4866
4.537075
4.5665
4.581175
4.6037
4.6051
4.60685
4.617075
4.624625
4.62765
4.628275
4.6313
4.642325
4.645125
4.64575
4.64705
4.655325
4.6893
4.727675
4.7502
4.76115
4.771275
4.775725
4.79765
4.810225
4.83795
4.848525
4.8791
4.89685
4.900725
4.908975
4.910425
4.922525
4.9244
4.932
4.9415
4.95945
4.9635
4.9711
4.974575
4.98165
5.013325
5.032675
5.04265
5.05045
5.0897
5.10895
5.13615
5.14115
5.153775
5.159925
5.183875
5.2108
5.215625
5.215775
5.2178
5.2191
5.2215
5.2266
5.23725
5.237925
5.238375
5.2395
5.25085
5.263375
5.267375
5.2753
5.315275
5.32365
5.336925
5.33975
5.342325
5.373775
5.375975
5.41135
5.422975
5.43985
5.454025
5.5055
5.51055
5.529075
5.5298
5.544725
5.562725
5.5696
5.5757
5.578075
5.583475
5.5944
5.631725
5.63245
5.642575
5.67345
5.699375
5.7007
5.7861
5.7947
5.813725
5.8147
5.8168
5.8196
5.8247
5.835175
5.840525
5.840575
5.843475
5.8493
5.864225
5.888625
5.89575
5.89965
5.9346
5.97195
5.97475
6.045725
6.0491
6.052275
6.068925
6.0738
6.0761
6.10715
6.109825
6.1202
6.120975
6.129625
6.130425
6.1318
6.134375
6.15755
6.158975
6.16835
6.1984
6.20865
6.212875
6.21765
6.22215
6.231
6.246375
6.2483
6.253525
6.25705
6.259225
6.26525
6.2682
6.316525
6.4092
6.413175
6.418275
6.418775
6.4221
6.434425
6.443125
6.44365
6.45815
6.45955
6.490225
6.510825
6.51545
6.5184
6.5426
6.567125
6.58055
6.610125
6.7031
6.70605
6.708175
6.713625
6.716475
6.72435
6.7255
6.735625
6.7586
6.77215
6.7751
6.8056
6.819575
6.8217
6.825125
6.827825
6.833
6.8857
6.893
6.901525
6.918325
6.941975
6.943125
6.946825
6.976125
6.99115
7.002375
7.00445
7.0151
7.0172
7.018625
7.023075
7.03045
7.037825
7.0844
7.095175
7.108575
7.1237
7.133175
7.13755
7.187075
7.2226
7.257175
7.278075
7.28555
7.31425
7.32285
7.3234
7.32525
7.3315
7.346525
7.369275
7.3801
7.398275
7.4023
7.427025
7.43475
7.448575
7.45625
7.456625
7.460125
7.487325
7.5418
7.601225
7.603825
7.60445
7.624575
7.6276
7.646175
7.6504
7.65105
7.657775
7.672175
7.685575
7.6883
7.69425
7.700425
7.70355
7.705175
7.707125
7.714025
7.7193
7.743525
7.7678
7.77325
7.7746
7.77555
7.79095
7.793275
7.834975
7.852525
7.8532
7.8888
7.888875
7.9039
7.906975
7.91255
7.912825
7.914175
7.9243
7.944775
7.946325
7.95195
7.955325
7.9672
7.97625
7.9796
7.9868
7.993225
8.000925
8.006775
8.027925
8.06265
8.092425
8.097125
8.109775
8.13045
8.2062
8.20915
8.212875
8.21365
8.213925
8.222625
8.224275
8.2256
8.2294
8.235725
8.23685
8.243875
8.247
8.250875
8.251
8.255525
8.262625
8.26405
8.271775
8.28815
8.2969
8.30555
8.33755
8.340775
8.349725
8.3525
8.406275
8.4408
8.447425
8.4881
8.500375
8.506425
8.512425
8.523225
8.532625
8.536825
8.548525
8.5503
8.568
8.576275
8.5883
8.60935
8.61605
8.61835
8.64225
8.66465
8.697725
8.7082
8.7531
8.78155
8.785425
8.7891
8.790025
8.79875
8.80585
8.808475
8.8122
8.878225
8.8799
8.89065
8.8978
8.91175
8.91445
8.92515
8.93325
8.942025
8.9422
8.944375
8.946875
8.95155
8.965725
8.97405
8.97795
8.98445
9.02805
9.050025
9.08915
743
