0.043275
0.108425
0.1115
0.115675
0.117575
0.121
0.122775
0.13735
0.1456
0.153575
0.1579
0.173275
0.176825
0.18105
0.183075
0.19355
0.2005
0.20395
0.2062
0.20645
0.210825
0.215
0.216875
0.2326
0.236975
0.24
0.2852
0.29215
0.337625
0.365025
0.393825
0.396475
0.401075
0.402475
0.407275
0.416425
0.41905
0.44405
0.4645
0.4663
0.469025
0.47305
0.4824
0.485075
0.48705
0.5085
0.508525
0.5266
0.538275
0.5693
0.572075
0.578225
0.59695
0.600025
0.605575
0.61025
0.6159
0.656125
0.664
0.6731
0.7044
0.7196
0.7214
0.7218
0.747375
0.74755
0.750225
0.75685
0.761775
0.763225
0.764275
0.77105
0.7763
0.7881
0.79365
0.79395
0.80395
0.810675
0.8446
0.8732
0.873575
0.902575
0.915075
0.921575
0.926225
0.92685
0.95735
0.964625
0.972625
0.974675
1.006025
1.011625
1.0195
1.0269
1.0297
1.033475
1.03705
1.04445
1.05125
1.061075
1.0662
1.072675
1.093225
1.13965
1.14505
1.15675
1.165425
1.17435
1.19645
1.227675
1.26265
1.265625
1.3092
1.325525
1.33575
1.336075
1.344
1.353475
1.35855
1.36965
1.3768
1.382875
1.385475
1.3862
1.386725
1.393075
1.442225
1.445475
1.459075
1.466175
1.4676
1.478075
1.48
1.48145
1.486525
1.52135
1.521625
1.53735
1.541925
1.5498
1.5835
1.612725
1.6147
1.652425
1.661625
1.6712
1.6744
1.6877
1.720875
1.722575
1.726825
1.73405
1.73765
1.74595
1.8221
1.8252
1.8439
1.895975
1.908675
1.9107
1.928875
1.9389
1.9407
1.941075
1.94745
1.9523
1.95945
1.96085
1.970725
1.9766
2.011275
2.03965
2.06545
2.065625
2.070325
2.094075
2.11545
2.139975
2.15175
2.17195
2.2064
2.2136
2.21675
2.227775
2.24645
2.24705
2.2503
2.25045
2.25425
2.255525
2.25755
2.262825
2.26305
2.2678
2.29115
2.3042
2.33235
2.352125
2.3903
2.409325
2.444325
2.45185
2.4603
2.471725
2.492525
2.5031
2.50485
2.5077
2.5111
2.512
2.51225
2.522475
2.523925
2.52625
2.52995
2.530325
2.54005
2.5411
2.5499
2.559625
2.562525
2.568125
2.569675
2.572625
2.58135
2.59165
2.62085
2.634525
2.639325
2.65405
2.66385
2.72955
2.7802
2.788325
2.80385
2.812325
2.8171
2.82335
2.82895
2.8395
2.84535
2.847675
2.850125
2.850225
2.853625
2.8788
2.881475
2.894975
2.91925
2.923625
2.9267
2.94155
2.944225
2.977175
2.988175
2.988475
2.9897
2.9947
3.006025
3.0061
3.017975
3.0401
3.087575
3.101525
3.11215
3.114475
3.11795
3.120375
3.126125
3.127675
3.132225
3.13325
3.13915
3.1475
3.17245
3.1773
3.199725
3.20225
3.2255
3.230275
3.240025
3.2468
3.26885
3.322475
3.404175
3.40745
3.419325
3.4317
3.4325
3.4335
3.443825
3.44505
3.45325
3.471625
3.47635
3.47725
3.485375
3.48845
3.4916
3.494675
3.50645
3.52405
3.537525
3.54365
3.5566
3.593725
3.64335
3.647625
3.657075
3.70045
3.700675
3.7027
3.7068
3.7071
3.70825
3.70855
3.7102
3.715825
3.723975
3.729625
3.730975
3.7426
3.743925
3.744025
3.767875
3.76805
3.776575
3.799925
3.810125
3.825125
3.82925
3.8431
3.855275
3.8565
3.897375
3.926425
3.953825
4.003975
4.005725
4.0062
4.006725
4.0079
4.045725
4.065725
4.070575
4.08985
4.094225
4.1218
4.1537
4.17375
4.176225
4.17945
4.214825
4.2335
4.277825
4.2933
4.299975
4.3003
4.302325
4.302525
4.309375
4.3126
4.3209
4.32365
4.35425
4.3567
4.38025
4.39005
4.39525
4.396975
4.403825
4.404525
4.42595
4.442525
4.444325
4.4549
4.458975
4.466125
4.4961
4.611025
4.614825
4.617675
4.6218
4.622325
4.62305
4.6299
4.660675
4.66995
4.70355
4.70665
4.710425
4.7121
4.7355
4.743025
4.765475
4.873875
4.874875
4.886075
4.9275
4.932425
4.933175
4.945175
4.9553
4.959075
4.98805
4.998375
5.0019
5.003025
5.025125
5.06345
5.068025
5.0782
5.07905
5.0905
5.15055
5.181925
5.20575
5.212025
5.214075
5.218175
5.232575
5.23785
5.247625
5.26535
5.2657
5.282275
5.308025
5.3109
5.319925
5.333075
5.35905
5.3852
5.398525
5.400825
5.411975
5.412875
5.4173
5.4881
5.49565
5.50485
5.51585
5.516975
5.529475
5.530175
5.55345
5.56015
5.564525
5.569775
5.5816
5.584
5.637675
5.64615
5.653725
5.65895
5.673675
5.6739
5.6932
5.706325
5.72415
5.741325
5.77035
5.779675
5.789275
5.80895
5.813125
5.81825
5.819925
5.822175
5.827975
5.833975
5.852175
5.85245
5.853325
5.8543
5.86535
5.86945
5.871525
5.8881
5.904825
5.9299
5.931575
5.942625
5.946375
5.9504
5.971675
5.9732
6.02
6.02185
6.02205
6.0285
6.03265
6.061775
6.11195
6.119825
6.1225
6.13315
6.133325
6.136
6.137025
6.1372
6.1457
6.147275
6.15455
6.155875
6.1826
6.19575
6.2075
6.2186
6.22365
6.242025
6.245225
6.2502
6.2706
6.276375
6.28515
6.300975
6.3118
6.3133
6.321525
6.328625
6.35165
6.359175
6.4071
6.4183
6.42305
6.42555
6.427625
6.4294
6.4341
6.4379
6.44
6.4441
6.447825
6.4556
6.46075
6.492475
6.5003
6.50315
6.505175
6.532775
6.53945
6.549575
6.5521
6.631775
6.63965
6.639775
6.703275
6.7067
6.7122
6.715
6.716525
6.723875
6.72535
6.72795
6.7408
6.744525
6.746075
6.748425
6.7518
6.759425
6.76095
6.76145
6.7628
6.763475
6.763675
6.764275
6.767075
6.787575
6.791
6.7938
6.8124
6.83145
6.8321
6.8438
6.85335
6.854575
6.914375
6.953225
6.9614
7.002575
7.014925
7.015475
7.024825
7.027025
7.028975
7.03525
7.039925
7.0513
7.058625
7.0622
7.0734
7.077125
7.081775
7.08445
7.095625
7.132975
7.144975
7.1531
7.1534
7.157125
7.175725
7.194875
7.1962
7.20795
7.2152
7.2466
7.2604
7.2672
7.271925
7.296525
7.304525
7.3114
7.3297
7.3382
7.339675
7.339875
7.3402
7.346425
7.353075
7.3565
7.36585
7.37295
7.374975
7.37755
7.377875
7.38065
7.40685
7.4225
7.422625
7.424875
7.44725
7.44975
7.452575
7.48065
7.50285
7.553125
7.55645
7.57305
7.603825
7.609525
7.6108
7.6121
7.6139
7.61585
7.6231
7.625075
7.63775
7.637825
7.6416
7.6476
7.65655
7.669425
7.673025
7.684
7.684225
7.68465
7.687525
7.710225
7.73405
7.7473
7.77245
7.7828
7.788375
7.85725
7.892025
7.91055
7.9129
7.913375
7.91535
7.919
7.919275
7.92145
7.923875
7.92635
7.93045
7.932225
7.9342
7.941025
7.94125
7.94815
7.9531
7.953375
7.9537
7.9539
7.96635
7.97115
7.97775
7.979525
7.990625
7.992
8.026325
8.059075
8.06405
8.0699
8.07
8.07685
8.0965
8.151325
8.2005
8.20515
8.20665
8.208125
8.209275
8.21435
8.218725
8.223625
8.231525
8.235075
8.255525
8.25595
8.25655
8.275075
8.28585
8.288375
8.30885
8.30945
8.314525
8.324275
8.33785
8.3406
8.3515
8.373175
8.384725
8.39135
8.398925
8.40465
8.469475
8.48675
8.50305
8.506975
8.5148
8.516025
8.5165
8.517025
8.525075
8.525325
8.530275
8.537325
8.54155
8.54235
8.574
8.577925
8.592775
8.595625
8.6002
8.619325
8.620325
8.6221
8.628175
8.639575
8.664925
8.6841
8.717375
8.7325
8.761425
8.803825
8.806525
8.80815
8.81425
8.815475
8.820575
8.82705
8.8289
8.837675
8.8377
8.840525
8.8431
8.84985
8.8552
8.868425
8.86935
8.8699
8.9023
8.908725
8.96245
8.997425
9.0661
777
