0.012625
0.08655
0.101275
0.103175
0.104025
0.1042
0.1047
0.111075
0.1203
0.120525
0.1403
0.141325
0.142625
0.152275
0.165275
0.169025
0.171625
0.172025
0.181475
0.205475
0.212175
0.2306
0.240375
0.2461
0.279075
0.2822
0.291325
0.2937
0.34935
0.350475
0.3568
0.35755
0.37665
0.403225
0.40865
0.41605
0.416675
0.418075
0.426925
0.447175
0.45065
0.455125
0.46215
0.464125
0.47725
0.490725
0.494125
0.528425
0.529
0.532175
0.532725
0.534575
0.5352
0.57475
0.576925
0.5783
0.5823
0.587775
0.6172
0.6275
0.628025
0.66545
0.706275
0.70745
0.70755
0.70875
0.710425
0.713475
0.715725
0.718375
0.722
0.72335
0.7258
0.73535
0.740125
0.7501
0.76145
0.766
0.773525
0.7757
0.77905
0.77985
0.786325
0.793875
0.81365
0.819725
0.8435
0.85145
0.857225
0.868875
0.8884
0.97635
0.98105
0.984775
0.9935
1.01445
1.014775
1.016075
1.0207
1.021725
1.023375
1.0295
1.030575
1.0334
1.035075
1.036925
1.0567
1.0674
1.0692
1.082775
1.09555
1.11825
1.138175
1.1489
1.187275
1.18785
1.189525
1.2255
1.2437
1.2644
1.305125
1.308675
1.314425
1.319
1.32065
1.32905
1.3328
1.332975
1.33525
1.3607
1.372125
1.374425
1.382275
1.411975
1.42055
1.42485
1.435625
1.4441
1.454625
1.4783
1.48115
1.4842
1.494625
1.521625
1.555675
1.5969
1.6014
1.6046
1.605125
1.614025
1.6408
1.65175
1.66295
1.675525
1.698875
1.707975
1.719825
1.746625
1.77675
1.797025
1.805725
1.81025
1.818975
1.840375
1.85975
1.886725
1.8991
1.903925
1.904725
1.9094
1.923125
1.92485
1.9431
1.95395
1.957525
1.96485
1.965025
1.978175
1.99215
2.024925
2.034075
2.04855
2.04875
2.064925
2.087625
2.107625
2.13255
2.141175
2.160725
2.200375
2.208025
2.219575
2.221025
2.2242
2.226075
2.2265
2.22895
2.245975
2.2625
2.27635
2.276425
2.28505
2.28555
2.287575
2.291125
2.2938
2.3338
2.33485
2.33735
2.3598
2.386475
2.3955
2.4092
2.4245
2.4321
2.44575
2.497675
2.51835
2.523925
2.5242
2.5265
2.55235
2.55325
2.558575
2.559325
2.559475
2.56005
2.5605
2.57595
2.5801
2.58465
2.586925
2.59085
2.5944
2.609125
2.61705
2.64015
2.668775
2.671425
2.678975
2.734175
2.755225
2.7648
2.789625
2.81255
2.812575
2.8133
2.826925
2.8332
2.847725
2.8617
2.8713
2.87545
2.894925
2.89495
2.91985
2.9222
2.9319
2.93425
2.937775
2.952075
2.96835
2.97495
2.985575
2.990675
3.004025
3.016325
3.021
3.0791
3.096375
3.1008
3.101625
3.108425
3.115675
3.127575
3.132625
3.141475
3.1432
3.150325
3.15515
3.161425
3.16615
3.16815
3.16935
3.184925
3.198825
3.21595
3.22095
3.2308
3.23525
3.240325
3.2578
3.261125
3.263125
3.275675
3.315475
3.330325
3.409325
3.41375
3.41735
3.420275
3.44015
3.44285
3.444775
3.4581
3.462675
3.47015
3.484525
3.489625
3.498175
3.505275
3.50665
3.518025
3.52445
3.525075
3.5291
3.533875
3.535525
3.566625
3.568725
3.5777
3.61215
3.61975
3.64175
3.680325
3.698525
3.708675
3.71425
3.71775
3.72575
3.73195
3.753075
3.761175
3.7774
3.78245
3.7835
3.789725
3.79005
3.8056
3.805675
3.811875
3.816275
3.822125
3.82415
3.835925
3.84005
3.8416
3.86775
3.91815
3.9278
4.003475
4.0129
4.01315
4.01855
4.022875
4.02345
4.028025
4.0288
4.03445
4.043425
4.0448
4.0453
4.045875
4.074975
4.0825
4.107325
4.10795
4.10825
4.109025
4.10905
4.122625
4.1273
4.143625
4.15925
4.160025
4.17135
4.175775
4.209775
4.2099
4.2379
4.244675
4.2526
4.26665
4.267125
4.2799
4.28815
4.301725
4.315775
4.325275
4.328775
4.32895
4.333425
4.340025
4.341275
4.342075
4.351975
4.35365
4.359325
4.3654
4.393625
4.404775
4.404925
4.4107
4.4248
4.4457
4.446
4.4503
4.457125
4.46055
4.461
4.463675
4.47605
4.488325
4.489575
4.4899
4.5095
4.559225
4.57025
4.60015
4.601975
4.60415
4.605175
4.6091
4.629025
4.631725
4.640075
4.65625
4.6639
4.677275
4.692575
4.693275
4.698925
4.725
4.745825
4.769175
4.782425
4.7929
4.821275
4.8446
4.909225
4.922875
4.9257
4.937425
4.9445
4.953025
4.9565
4.956825
4.9595
4.960325
4.971175
4.9927
5.004575
5.00585
5.00705
5.0103
5.01405
5.017325
5.0282
5.05665
5.076625
5.078175
5.11155
5.156175
5.181625
5.20005
5.203875
5.212125
5.213875
5.223375
5.2275
5.2302
5.2353
5.235425
5.2499
5.255025
5.27325
5.27465
5.2761
5.280175
5.282375
5.2851
5.3062
5.311675
5.324125
5.347725
5.3572
5.40115
5.407975
5.423075
5.495325
5.503575
5.523825
5.5293
5.5622
5.573275
5.57615
5.578425
5.595575
5.6283
5.652425
5.6632
5.666975
5.667425
5.667825
5.6711
5.693725
5.76385
5.769975
5.8044
5.80455
5.80915
5.816725
5.8207
5.821375
5.823325
5.833975
5.845225
5.8566
5.859925
5.871375
5.89625
5.899975
5.921775
5.96195
5.9819
6.04515
6.05585
6.10045
6.108525
6.109875
6.110325
6.1105
6.113275
6.1203
6.141425
6.149325
6.150975
6.1639
6.16695
6.17125
6.1909
6.204525
6.209725
6.2236
6.23735
6.241875
6.288175
6.2999
6.339
6.3582
6.409825
6.415075
6.425
6.43205
6.433475
6.4355
6.4525
6.460325
6.46395
6.491075
6.497925
6.5027
6.515325
6.5841
6.587325
6.588825
6.591875
6.5952
6.620725
6.63115
6.651875
6.6721
6.679525
6.68885
6.70215
6.702175
6.702525
6.705625
6.70965
6.711
6.716975
6.72145
6.7242
6.7318
6.73875
6.748725
6.76735
6.772125
6.814225
6.819075
6.820575
6.828425
6.835625
6.860075
6.930625
6.94925
6.95705
6.9925
7.00555
7.0061
7.03015
7.031075
7.03545
7.043575
7.058175
7.05965
7.07045
7.086725
7.096475
7.097675
7.125975
7.126625
7.146975
7.1661
7.16845
7.17945
7.193925
7.21265
7.221625
7.23615
7.274125
7.2987
7.300225
7.30245
7.32115
7.322225
7.337725
7.3406
7.36165
7.3706
7.3803
7.391175
7.395825
7.409725
7.4515
7.4534
7.461225
7.49475
7.498525
7.5075
7.514525
7.57365
7.60515
7.608725
7.60945
7.609625
7.612625
7.620225
7.627425
7.6295
7.64035
7.646725
7.6472
7.652375
7.67615
7.678675
7.68675
7.68995
7.717225
7.721375
7.738575
7.7408
7.745275
7.7467
7.78415
7.791675
7.796525
7.811575
7.824775
7.868625
7.87395
7.87785
7.904875
7.90975
7.9117
7.9264
7.95775
7.966075
7.974575
7.986375
7.995275
8.0111
8.013125
8.013275
8.028475
8.0446
8.05775
8.0672
8.0782
8.079975
8.080825
8.087225
8.089225
8.10285
8.103425
8.1436
8.150225
8.19585
8.206775
8.2126
8.21445
8.21535
8.222625
8.23115
8.231575
8.235
8.23585
8.24085
8.2638
8.2655
8.268775
8.272175
8.275
8.282725
8.294
8.3054
8.3182
8.3387
8.3404
8.3503
8.362675
8.366125
8.439275
8.517675
8.5185
8.53965
8.545625
8.55055
8.5568
8.558475
8.570325
8.578825
8.591675
8.6103
8.6178
8.6264
8.629775
8.65055
8.6895
8.7273
8.758925
8.761775
8.787325
8.806375
8.813825
8.815
8.82005
8.82405
8.824275
8.836975
8.842975
8.85525
8.86485
8.8709
8.8748
8.8758
8.87665
8.880325
8.88315
8.892375
8.90735
8.91065
8.9162
8.92595
8.9265
8.966475
8.972325
8.98205
8.999925
8.99995
9.001125
9.0607
9.070375
773
