0.01155
0.105
0.111475
0.120825
0.1239
0.1277
0.133525
0.134625
0.137275
0.2025
0.2182
0.224375
0.2266
0.232975
0.23475
0.236925
0.24675
0.248975
0.252325
0.25565
0.274425
0.335425
0.34425
0.35365
0.394775
0.40405
0.4069
0.409675
0.4146
0.4399
0.48555
0.4864
0.495625
0.519175
0.545175
0.55145
0.57655
0.5879
0.59905
0.60275
0.6042
0.646975
0.65115
0.658625
0.70065
0.700875
0.70095
0.702725
0.709525
0.71095
0.7142
0.720675
0.7268
0.729425
0.733175
0.73675
0.743075
0.74465
0.744675
0.74855
0.76395
0.765975
0.767075
0.771975
0.7746
0.77525
0.799
0.800825
0.812325
0.824975
0.8261
0.827825
0.830575
0.8451
0.851825
0.870475
0.88785
0.8939
0.9193
0.942275
0.96765
0.977525
0.996525
1.00195
1.0048
1.008425
1.008525
1.021875
1.02865
1.029275
1.0331
1.03545
1.0486
1.049475
1.057425
1.057725
1.0579
1.06465
1.0661
1.0875
1.091375
1.09855
1.102425
1.104775
1.10825
1.1142
1.11915
1.13895
1.143825
1.1463
1.168875
1.174625
1.177725
1.196925
1.22035
1.24865
1.249825
1.2806
1.293925
1.3021
1.30735
1.308475
1.310475
1.311
1.3145
1.317075
1.318025
1.320075
1.33235
1.332825
1.33585
1.3415
1.342775
1.362075
1.36425
1.384075
1.391375
1.39215
1.403375
1.4238
1.449075
1.459025
1.474725
1.482175
1.489775
1.533525
1.5484
1.551175
1.5593
1.562925
1.609875
1.61335
1.615175
1.618175
1.619375
1.622525
1.62705
1.64725
1.6592
1.66355
1.6661
1.6676
1.669075
1.6866
1.704175
1.7088
1.71255
1.713225
1.723775
1.734425
1.757125
1.768125
1.76945
1.782025
1.789375
1.839775
1.84145
1.845825
1.8498
1.92265
1.94445
1.952925
1.958075
1.959025
1.9603
1.9664
1.96825
1.969625
1.9782
1.979525
1.989525
1.9951
2.006175
2.0062
2.007225
2.0118
2.02225
2.0289
2.0393
2.0638
2.07175
2.085225
2.10245
2.103525
2.112875
2.1536
2.15805
2.195625
2.223775
2.224825
2.228525
2.22945
2.230675
2.237025
2.2381
2.244475
2.263225
2.263275
2.279025
2.288925
2.289175
2.31455
2.317525
2.331475
2.3567
2.3568
2.368075
2.402325
2.4108
2.41155
2.4222
2.4319
2.4323
2.4567
2.4611
2.47235
2.484375
2.51145
2.515525
2.526875
2.5277
2.528275
2.53025
2.53075
2.54835
2.550075
2.56135
2.567175
2.57265
2.58145
2.584875
2.5886
2.59395
2.5952
2.596
2.596075
2.5967
2.6009
2.601
2.60475
2.60625
2.606275
2.63805
2.65615
2.660925
2.67515
2.67825
2.723475
2.742625
2.74535
2.7772
2.789725
2.792025
2.802825
2.8029
2.803525
2.80375
2.80415
2.845075
2.8501
2.85195
2.853575
2.87625
2.877575
2.89785
2.90875
2.922475
2.949275
2.949925
2.95275
2.9532
2.959275
2.971875
2.976
2.9795
3.001525
3.015675
3.0661
3.1062
3.108525
3.1109
3.115175
3.115575
3.118725
3.121025
3.13095
3.131925
3.1523
3.15725
3.158325
3.162575
3.16945
3.1708
3.1833
3.18345
3.183675
3.191275
3.20915
3.2228
3.224825
3.23225
3.236475
3.2438
3.249675
3.255575
3.26445
3.27315
3.311525
3.317275
3.378275
3.393125
3.400175
3.412675
3.417425
3.42185
3.4246
3.426725
3.4276
3.429575
3.431125
3.448225
3.451825
3.456725
3.467725
3.46795
3.46805
3.496325
3.5026
3.5055
3.526
3.53125
3.556625
3.560625
3.62435
3.6313
3.631675
3.672175
3.700875
3.718075
3.7212
3.72435
3.726675
3.7306
3.741875
3.75
3.7576
3.7577
3.7779
3.7815
3.801275
3.817375
3.83395
3.8369
3.852825
3.8547
3.861375
3.866825
3.87575
3.8764
3.9517
3.972775
3.984825
3.99435
4.006575
4.01945
4.039125
4.0442
4.0487
4.070825
4.081
4.081275
4.081925
4.086025
4.08675
4.087875
4.088475
4.106175
4.10925
4.12315
4.130725
4.13155
4.136725
4.1413
4.154175
4.165225
4.168375
4.179425
4.188675
4.19
4.19025
4.224225
4.23205
4.234975
4.23815
4.238975
4.289875
4.30735
4.307625
4.3078
4.309925
4.3108
4.311975
4.3132
4.314275
4.3244
4.331775
4.3421
4.345425
4.37475
4.38645
4.389125
4.38975
4.390625
4.4036
4.461625
4.476025
4.49865
4.5068
4.521625
4.535275
4.60675
4.608825
4.61305
4.61795
4.6185
4.62175
4.628775
4.6329
4.633625
4.643925
4.64495
4.645525
4.651925
4.65915
4.659625
4.663675
4.676625
4.6961
4.703675
4.736125
4.736975
4.8193
4.8892
4.90845
4.9206
4.922475
4.92265
4.9338
4.9456
4.9541
4.956225
4.9569
4.959
4.977125
4.998125
5.01245
5.0138
5.02055
5.040075
5.053775
5.060575
5.07645
5.08465
5.132
5.13895
5.183775
5.188375
5.19835
5.2116
5.224975
5.225025
5.22645
5.231575
5.235425
5.242125
5.244025
5.254125
5.264675
5.2732
5.27685
5.311875
5.32895
5.333125
5.335375
5.4131
5.423125
5.49495
5.498975
5.5208
5.5232
5.524
5.538625
5.53965
5.54765
5.54785
5.55255
5.5674
5.569475
5.58925
5.60175
5.605
5.60515
5.64725
5.6745
5.6746
5.679525
5.69865
5.708825
5.7105
5.73335
5.73445
5.800025
5.808275
5.80875
5.834575
5.842125
5.843825
5.84635
5.855
5.856175
5.86495
5.8739
5.897075
5.899575
5.9086
5.90865
5.9265
5.937175
5.93795
5.95525
5.96215
5.96725
5.97245
6.025375
6.038
6.068425
6.0831
6.100275
6.1192
6.123225
6.129575
6.1303
6.1379
6.141825
6.1419
6.15585
6.1561
6.16395
6.175675
6.2235
6.224575
6.2248
6.2249
6.2462
6.26445
6.26715
6.268775
6.271675
6.27875
6.331525
6.3335
6.337075
6.348875
6.403775
6.403825
6.407775
6.41305
6.42935
6.4315
6.43305
6.4349
6.4385
6.44835
6.4484
6.465725
6.47335
6.492625
6.495025
6.49985
6.509525
6.53535
6.5361
6.5367
6.551125
6.6102
6.64165
6.655925
6.66005
6.66865
6.700975
6.7021
6.70415
6.7187
6.7217
6.72845
6.736975
6.739975
6.741575
6.745075
6.782925
6.80125
6.818625
6.848075
6.8505
6.86085
6.8779
6.919975
6.93785
6.942325
6.94315
6.956325
7.00055
7.000625
7.021125
7.032925
7.05425
7.061625
7.06685
7.071275
7.07585
7.07665
7.08405
7.08445
7.09045
7.091225
7.09625
7.097825
7.099675
7.1076
7.108325
7.111075
7.130475
7.13475
7.15565
7.160075
7.19595
7.218575
7.2381
7.278275
7.313675
7.31415
7.323525
7.333825
7.33815
7.347425
7.353125
7.359325
7.3672
7.377625
7.383625
7.385125
7.386875
7.3913
7.4262
7.44415
7.4525
7.457875
7.473925
7.506475
7.529925
7.552175
7.58225
7.6008
7.6054
7.605625
7.61065
7.612625
7.6127
7.617025
7.61785
7.6294
7.637575
7.6446
7.65425
7.662325
7.68625
7.687075
7.692275
7.712225
7.719325
7.7222
7.724775
7.7341
7.7403
7.7797
7.799725
7.80185
7.8136
7.819075
7.839875
7.8411
7.875525
7.90225
7.908775
7.91195
7.92505
7.92785
7.9283
7.9333
7.93995
7.948175
7.96605
7.981175
7.984
7.9977
8.0172
8.0217
8.02545
8.037725
8.05205
8.0645
8.068225
8.0787
8.1165
8.133
8.14725
8.184325
8.21025
8.213625
8.21515
8.2181
8.236825
8.240025
8.240375
8.243925
8.249125
8.257625
8.258225
8.263675
8.280125
8.282175
8.293525
8.30425
8.31015
8.31465
8.31885
8.3431
8.347675
8.349475
8.38255
8.39265
8.40215
8.407
8.416775
8.44945
8.513475
8.51875
8.531375
8.541175
8.5428
8.553975
8.559125
8.560925
8.562825
8.5885
8.609475
8.609625
8.611025
8.6378
8.64755
8.676875
8.72745
8.7314
8.76575
8.775875
8.81685
8.819275
8.850625
8.852325
8.859925
8.86035
8.861
8.862275
8.86965
8.871575
8.877425
8.89205
8.90225
8.91085
8.93345
8.9357
8.942225
8.954925
8.9597
8.968425
9.020825
9.038175
9.041275
9.051875
9.062975
9.0671
9.075225
9.09665
813
