0.08605
0.103375
0.10455
0.106275
0.117075
0.124325
0.126275
0.133075
0.142875
0.14685
0.154875
0.159075
0.179775
0.186475
0.2123
0.224075
0.225725
0.249225
0.25425
0.269125
0.277625
0.279825
0.28895
0.297625
0.309975
0.32035
0.335775
0.365075
0.3663
0.404075
0.405075
0.40865
0.4164
0.4183
0.424875
0.44155
0.442975
0.446425
0.452475
0.47805
0.479525
0.493375
0.494075
0.515575
0.53305
0.590925
0.61315
0.666725
0.6785
0.703975
0.70655
0.710625
0.7196
0.7245
0.745775
0.7466
0.7642
0.76705
0.79615
0.803025
0.8045
0.83165
0.8329
0.8347
0.83865
0.840225
0.8454
0.85065
0.87485
0.905225
0.9256
1.01195
1.02795
1.0344
1.047025
1.058175
1.099925
1.10935
1.110525
1.117625
1.1279
1.134675
1.16285
1.19415
1.2007
1.201175
1.203025
1.224875
1.269775
1.293375
1.301725
1.30725
1.3185
1.335325
1.338275
1.354375
1.361825
1.3627
1.3669
1.37785
1.403125
1.406175
1.4126
1.421025
1.4377
1.449375
1.45925
1.459675
1.46685
1.528775
1.539
1.55265
1.5544
1.604525
1.62525
1.632
1.6322
1.632425
1.63245
1.636725
1.6401
1.651675
1.666325
1.670925
1.6783
1.684475
1.696225
1.71085
1.711
1.71155
1.718
1.72945
1.7581
1.77305
1.773175
1.774
1.815775
1.819675
1.8314
1.83695
1.873075
1.8776
1.902725
1.918725
1.91935
1.933325
1.957325
1.96
1.9614
1.9672
1.967675
1.97355
1.9798
1.9816
1.995525
2.00715
2.01365
2.017375
2.06175
2.066425
2.0715
2.0743
2.100725
2.11595
2.117575
2.16235
2.1834
2.19975
2.20285
2.207
2.208325
2.21615
2.22965
2.23165
2.23995
2.253275
2.25615
2.2708
2.271475
2.277875
2.280175
2.288125
2.289575
2.3024
2.304075
2.307025
2.31285
2.321225
2.336375
2.342625
2.34365
2.362825
2.38095
2.456225
2.47405
2.50835
2.51245
2.514325
2.521575
2.52205
2.5362
2.5826
2.58275
2.5925
2.6029
2.62885
2.636825
2.64265
2.65085
2.676025
2.688525
2.7381
2.740325
2.76825
2.7771
2.80235
2.8077
2.809375
2.8153
2.8235
2.828575
2.8398
2.844825
2.847825
2.858575
2.8594
2.860625
2.86825
2.874975
2.876925
2.895625
2.911575
2.914525
2.925625
2.932025
2.933275
2.952525
2.9605
2.9789
3.0152
3.048175
3.0644
3.071625
3.106225
3.1076
3.1233
3.136125
3.146725
3.14935
3.1518
3.15735
3.160025
3.162225
3.166875
3.1875
3.190875
3.203725
3.205175
3.205425
3.21295
3.243825
3.261525
3.2628
3.2801
3.2867
3.2941
3.2954
3.388275
3.38865
3.4056
3.416975
3.4208
3.421725
3.430125
3.442725
3.472625
3.50505
3.520975
3.522875
3.54975
3.5543
3.5567
3.55935
3.5807
3.607975
3.6089
3.630075
3.71035
3.711
3.7161
3.73235
3.738
3.7467
3.755925
3.760525
3.763725
3.768375
3.780125
3.78735
3.802775
3.80335
3.807875
3.8088
3.83075
3.840675
3.852825
3.8601
3.8645
3.907025
3.91345
3.9249
3.944325
3.981875
3.9863
3.9889
3.999375
4.004475
4.01895
4.02465
4.030875
4.032625
4.038025
4.04755
4.050825
4.064125
4.064975
4.0689
4.0745
4.078425
4.082475
4.086275
4.1112
4.131175
4.140025
4.19575
4.21435
4.217525
4.22045
4.245325
4.251175
4.2575
4.266025
4.267875
4.285625
4.303075
4.30605
4.3099
4.311125
4.312225
4.31255
4.318175
4.324075
4.325525
4.333275
4.3378
4.3392
4.34615
4.35765
4.3621
4.371175
4.3722
4.374
4.391075
4.39585
4.39605
4.398775
4.400775
4.4071
4.4265
4.4469
4.448975
4.451225
4.464525
4.4959
4.497925
4.55425
4.5722
4.605825
4.61925
4.63225
4.633625
4.654925
4.65525
4.6691
4.670475
4.676875
4.696675
4.700525
4.704
4.70705
4.720175
4.750725
4.75145
4.7745
4.798625
4.801225
4.8204
4.900075
4.90305
4.91215
4.92115
4.9216
4.931375
4.93275
4.935275
4.942025
4.95585
4.958
4.962775
4.97625
4.977
4.985075
4.995025
5.02415
5.025125
5.0526
5.057275
5.06625
5.067525
5.079875
5.08135
5.104775
5.142875
5.20245
5.209325
5.2275
5.231625
5.23875
5.245775
5.25095
5.251275
5.252075
5.2629
5.27065
5.2834
5.2845
5.28645
5.2935
5.299475
5.3146
5.317375
5.34055
5.34475
5.36195
5.39515
5.401525
5.40305
5.488725
5.5048
5.51925
5.5206
5.5265
5.533675
5.534
5.57515
5.579275
5.5844
5.59005
5.595475
5.604075
5.6067
5.606725
5.6097
5.6137
5.62295
5.62765
5.630975
5.64975
5.665075
5.671875
5.682125
5.696325
5.700275
5.70385
5.712375
5.726475
5.731475
5.80135
5.802475
5.817025
5.826875
5.828225
5.8379
5.84005
5.844675
5.845525
5.86565
5.870025
5.874825
5.881625
5.909275
5.913475
5.917475
5.9175
5.9254
5.958725
5.9904
5.990825
6.0089
6.01955
6.028775
6.0397
6.070775
6.081225
6.10805
6.1126
6.113175
6.127225
6.1321
6.138175
6.139575
6.1504
6.1546
6.16755
6.17075
6.178875
6.19395
6.198775
6.203675
6.20855
6.214975
6.2189
6.231525
6.241375
6.2433
6.28675
6.2925
6.304925
6.3153
6.328875
6.3361
6.384775
6.400975
6.4015
6.40165
6.4028
6.403125
6.41775
6.4342
6.4613
6.474675
6.484475
6.49595
6.5031
6.50775
6.52245
6.530775
6.53595
6.537125
6.599025
6.623175
6.6551
6.7009
6.704375
6.7044
6.70485
6.7136
6.722675
6.755425
6.763675
6.765675
6.7799
6.78385
6.784825
6.799975
6.8103
6.82915
6.83085
6.83345
6.83425
6.845525
6.847625
6.854925
6.886625
6.889575
6.923275
6.94485
6.954375
6.95805
6.96115
6.9853
7.0003
7.013175
7.01395
7.015825
7.018625
7.024225
7.025725
7.0318
7.036925
7.0435
7.0453
7.050925
7.05645
7.07045
7.08045
7.095525
7.098325
7.112825
7.1259
7.136425
7.1781
7.187425
7.190375
7.226875
7.24085
7.3256
7.33195
7.3491
7.35365
7.363625
7.364675
7.369725
7.372325
7.384825
7.387175
7.388475
7.3945
7.396725
7.398325
7.410825
7.416125
7.4267
7.462175
7.4678
7.481425
7.48875
7.581975
7.60135
7.602025
7.60385
7.604625
7.608375
7.62265
7.62575
7.631725
7.64485
7.648725
7.65175
7.72435
7.73425
7.73725
7.759
7.828875
7.846175
7.860175
7.906375
7.915875
7.917775
7.92045
7.92785
7.953275
7.95955
7.9828
7.98485
8.0062
8.01585
8.036
8.055075
8.06275
8.085925
8.0924
8.136425
8.15075
8.18285
8.203775
8.205975
8.215825
8.218425
8.21975
8.220775
8.221875
8.22525
8.231575
8.238175
8.245725
8.250325
8.2551
8.2572
8.26755
8.2805
8.284075
8.284925
8.2946
8.296475
8.29805
8.330325
8.36775
8.3857
8.392325
8.4138
8.4659
8.470675
8.4745
8.4808
8.500925
8.51435
8.51535
8.525175
8.525275
8.551
8.55135
8.561075
8.567675
8.59765
8.6033
8.6214
8.658025
8.663225
8.66905
8.6701
8.702625
8.7112
8.713375
8.7161
8.73635
8.80435
8.807775
8.80895
8.8092
8.8226
8.83155
8.8409
8.84745
8.8575
8.864175
8.872975
8.87965
8.89095
8.8924
8.8938
8.911975
8.91775
8.946875
8.9503
8.985525
8.995825
9.029125
9.030975
9.044925
9.047925
9.0671
9.0843
743
