0.10585
0.1154
0.116725
0.125025
0.142275
0.142875
0.14455
0.1631
0.1659
0.173175
0.181425
0.1869
0.202075
0.215225
0.238625
0.2477
0.250675
0.28475
0.299125
0.300925
0.308375
0.308575
0.326875
0.340575
0.365575
0.369675
0.41525
0.416075
0.421
0.430825
0.431775
0.4351
0.4352
0.443225
0.44345
0.444
0.453275
0.465475
0.50005
0.501425
0.514075
0.519225
0.522175
0.537625
0.5382
0.56275
0.5642
0.5669
0.625225
0.6328
0.6397
0.6811
0.681825
0.685625
0.702675
0.708175
0.709675
0.7344
0.74075
0.7416
0.74305
0.76925
0.772
0.785375
0.8168
0.826025
0.8326
0.8378
0.861225
0.862875
0.902275
0.902325
0.90965
0.94945
0.951925
0.95945
0.962425
0.989825
1.00175
1.004325
1.008
1.0092
1.02195
1.02595
1.0278
1.03655
1.042825
1.0448
1.069325
1.085275
1.088725
1.093225
1.096875
1.1164
1.1276
1.143275
1.162275
1.16485
1.17
1.191575
1.2051
1.302425
1.3047
1.30865
1.314025
1.31545
1.318175
1.3258
1.341175
1.345725
1.365325
1.379475
1.38495
1.3854
1.397975
1.404875
1.4082
1.412825
1.417275
1.423125
1.43245
1.450925
1.506925
1.5084
1.515675
1.530525
1.53785
1.5511
1.559475
1.572525
1.5833
1.59575
1.6015
1.611575
1.6118
1.61295
1.617525
1.634425
1.641625
1.649025
1.64945
1.667275
1.668625
1.675525
1.679175
1.721425
1.726675
1.7288
1.7309
1.7345
1.739275
1.77175
1.78535
1.8021
1.809625
1.811175
1.8314
1.861025
1.902
1.902325
1.907025
1.909225
1.912925
1.91355
1.92355
1.9396
1.94865
1.962825
1.96935
1.97295
1.975475
1.975925
1.9822
2.00515
2.0126
2.0203
2.021025
2.03815
2.0394
2.057425
2.07275
2.094075
2.100925
2.11115
2.1245
2.134325
2.1671
2.195025
2.2026
2.2087
2.20885
2.20955
2.215375
2.232025
2.23285
2.23445
2.23805
2.2441
2.244525
2.248225
2.24875
2.256075
2.2716
2.28535
2.307
2.310775
2.313725
2.3238
2.3251
2.353525
2.3644
2.415275
2.431975
2.435675
2.45825
2.498175
2.506875
2.50825
2.5149
2.51705
2.531325
2.537325
2.550125
2.5548
2.584975
2.58765
2.603125
2.611425
2.611575
2.621475
2.6343
2.6531
2.675625
2.678875
2.6903
2.6964
2.6968
2.763175
2.783
2.788975
2.789925
2.82535
2.842875
2.84925
2.851
2.863275
2.865725
2.886275
2.894275
2.900575
2.913325
2.92705
2.9456
2.9461
2.9574
2.981325
3.0192
3.0252
3.051825
3.10425
3.105225
3.1238
3.128175
3.134675
3.16785
3.177375
3.18265
3.193775
3.196225
3.22145
3.22325
3.22515
3.2279
3.2347
3.242875
3.2446
3.30695
3.328675
3.3802
3.3847
3.388225
3.3911
3.400525
3.4067
3.414375
3.41465
3.41585
3.416725
3.41765
3.42255
3.42495
3.426725
3.43275
3.445025
3.4488
3.456175
3.465325
3.468725
3.475275
3.484325
3.48525
3.4868
3.4896
3.495
3.5069
3.52175
3.527925
3.531225
3.532825
3.544125
3.54775
3.55985
3.5718
3.598475
3.615125
3.63435
3.648325
3.65825
3.6725
3.6933
3.702425
3.70255
3.704075
3.70535
3.710925
3.714575
3.728075
3.73085
3.731725
3.7396
3.742
3.758525
3.771175
3.771975
3.7759
3.793475
3.821175
3.82255
3.83435
3.839
3.8515
3.873575
3.88005
3.88305
3.8942
3.896825
3.90305
3.9049
3.944
3.9577
3.977175
3.97725
3.9853
4.00865
4.016825
4.036475
4.04725
4.0476
4.049075
4.064625
4.067
4.071075
4.071225
4.0932
4.09805
4.100375
4.132775
4.18715
4.2081
4.224225
4.240625
4.246525
4.261575
4.2667
4.268725
4.299375
4.3125
4.313425
4.324725
4.338925
4.3395
4.34275
4.3447
4.345225
4.358675
4.35885
4.3711
4.372475
4.39965
4.4096
4.4449
4.4452
4.45375
4.4647
4.467375
4.46935
4.49015
4.514525
4.56265
4.5742
4.577775
4.5861
4.6062
4.6107
4.62785
4.630325
4.637025
4.64575
4.66555
4.666625
4.66915
4.671725
4.69505
4.735125
4.7573
4.76575
4.817475
4.822025
4.826675
4.840725
4.90075
4.904775
4.905675
4.910125
4.9138
4.916225
4.92095
4.92975
4.944375
4.952475
4.95475
4.957225
4.9646
4.96935
4.978075
4.98025
4.983025
5.042125
5.045325
5.0552
5.0584
5.063125
5.090225
5.100025
5.120225
5.137525
5.15685
5.160325
5.18205
5.188175
5.201025
5.2013
5.205125
5.205925
5.206325
5.212825
5.22765
5.231325
5.23695
5.240025
5.24525
5.268125
5.268325
5.269375
5.2699
5.283325
5.32755
5.3279
5.32835
5.32975
5.34235
5.360675
5.368575
5.380025
5.428225
5.434675
5.440675
5.447575
5.45235
5.466625
5.4852
5.50425
5.524975
5.533575
5.53385
5.5359
5.5364
5.5449
5.550725
5.556225
5.56095
5.564925
5.56565
5.5993
5.616575
5.619825
5.632425
5.6405
5.645325
5.6481
5.64935
5.64975
5.651875
5.6524
5.666475
5.70705
5.71415
5.7164
5.72245
5.7661
5.783725
5.784125
5.801225
5.812875
5.818375
5.824425
5.838025
5.84105
5.857025
5.889925
5.89175
5.9165
5.942625
5.9619
5.9724
5.98355
6.00825
6.0137
6.0264
6.06415
6.089
6.10205
6.112125
6.12255
6.1343
6.141375
6.14555
6.148725
6.15225
6.152775
6.157525
6.163375
6.1657
6.16895
6.169675
6.19645
6.2004
6.226125
6.2278
6.235875
6.2487
6.251075
6.2926
6.3503
6.35355
6.358225
6.3698
6.4032
6.412775
6.419275
6.41935
6.431725
6.44655
6.447025
6.458425
6.471975
6.480125
6.4812
6.52365
6.5607
6.56965
6.6084
6.647525
6.668825
6.676825
6.677375
6.70315
6.70495
6.7091
6.7106
6.71555
6.7244
6.732475
6.7332
6.733475
6.7344
6.7393
6.74545
6.751675
6.7517
6.75505
6.762875
6.77445
6.779025
6.784925
6.7976
6.8081
6.808975
6.82875
6.84785
6.868675
6.8723
6.882975
6.9028
6.922325
6.944775
6.9642
6.974975
6.986825
7.020725
7.021375
7.027225
7.037775
7.047125
7.04715
7.063475
7.067225
7.088325
7.093175
7.103125
7.10375
7.1072
7.11485
7.1655
7.16795
7.1978
7.21845
7.227675
7.2319
7.236575
7.262675
7.290625
7.304925
7.315675
7.3219
7.329025
7.3294
7.3468
7.3524
7.363525
7.36985
7.383175
7.3915
7.401375
7.403475
7.407075
7.426225
7.42745
7.436
7.44945
7.469025
7.51465
7.51595
7.51685
7.53965
7.542975
7.59585
7.62365
7.624975
7.644875
7.648575
7.650175
7.66385
7.67065
7.6773
7.680525
7.696375
7.6992
7.699575
7.72075
7.731025
7.735125
7.740025
7.7624
7.7655
7.7728
7.775
7.785
7.816575
7.830475
7.83745
7.90055
7.901325
7.90465
7.90675
7.908575
7.914675
7.9191
7.922875
7.9281
7.93095
7.932325
7.939875
7.9445
7.94705
7.9491
7.99165
7.99755
8.00175
8.005775
8.015575
8.018725
8.0242
8.029275
8.0573
8.068225
8.078675
8.0901
8.101025
8.1139
8.1479
8.18215
8.199625
8.20125
8.206075
8.20925
8.2209
8.224575
8.226025
8.2313
8.238
8.246025
8.24815
8.248825
8.257075
8.2578
8.263175
8.270775
8.281875
8.28285
8.287575
8.2878
8.291475
8.31705
8.329025
8.3329
8.342475
8.36835
8.381275
8.389175
8.419075
8.42675
8.439525
8.4409
8.490025
8.49295
8.4976
8.500675
8.50595
8.5083
8.515825
8.518975
8.5263
8.52875
8.53665
8.537625
8.539275
8.546175
8.56235
8.56355
8.5668
8.567825
8.58015
8.58115
8.593875
8.616075
8.624175
8.6474
8.65255
8.669775
8.676475
8.7186
8.73275
8.7807
8.80035
8.803
8.80985
8.821025
8.826
8.828425
8.83625
8.837
8.849275
8.856675
8.860375
8.8642
8.87065
8.875475
8.876975
8.879425
8.8858
8.894775
8.895025
8.9182
8.931225
8.9472
8.978025
8.995075
9.016175
9.023375
9.027725
9.0435
9.094775
803
