0.10085
0.103125
0.103575
0.106625
0.1203
0.124225
0.12695
0.1291
0.130825
0.1369
0.1472
0.1499
0.164625
0.1818
0.198175
0.200825
0.218875
0.232825
0.24655
0.256
0.30555
0.33205
0.332275
0.354
0.3922
0.401975
0.403975
0.407625
0.4096
0.4175
0.42075
0.420775
0.426425
0.427575
0.4293
0.4337
0.437575
0.440625
0.44085
0.444875
0.470225
0.474725
0.490925
0.49565
0.49885
0.500025
0.50045
0.5089
0.513275
0.526525
0.537725
0.543225
0.54835
0.56015
0.56795
0.602875
0.61015
0.6194
0.6335
0.634225
0.654675
0.706725
0.71785
0.7233
0.734175
0.73605
0.7404
0.756475
0.7573
0.7614
0.761975
0.763475
0.793975
0.80145
0.8032
0.8181
0.8335
0.83685
0.861425
0.8694
0.8709
0.87595
0.89385
0.942675
0.943325
0.952
0.9781
0.97875
0.985425
1.000525
1.004925
1.021475
1.02795
1.0287
1.033775
1.0373
1.037475
1.0401
1.0476
1.048225
1.077525
1.078625
1.08345
1.09165
1.0988
1.122575
1.1413
1.141625
1.143175
1.1511
1.158125
1.16015
1.168975
1.173
1.204225
1.2178
1.237125
1.262
1.303
1.30355
1.315775
1.320575
1.328125
1.33435
1.343425
1.3479
1.3536
1.356225
1.3596
1.3597
1.361875
1.38225
1.388725
1.391525
1.39225
1.3974
1.403
1.40345
1.4057
1.417775
1.443275
1.44545
1.446075
1.457025
1.4668
1.469475
1.474675
1.503225
1.5043
1.51675
1.51785
1.62155
1.622675
1.623775
1.62625
1.6298
1.6424
1.642525
1.647975
1.65295
1.658
1.664875
1.6673
1.66885
1.67845
1.685125
1.71075
1.712225
1.71855
1.726125
1.737575
1.73825
1.762525
1.76645
1.771175
1.8204
1.845225
1.8784
1.894975
1.902625
1.91285
1.913375
1.919825
1.927175
1.927925
1.944325
1.9873
1.992
2.003
2.00705
2.028775
2.03255
2.03265
2.03375
2.033825
2.0431
2.0582
2.05845
2.061375
2.096
2.100375
2.11395
2.11465
2.1568
2.1687
2.1832
2.195275
2.2038
2.236675
2.24335
2.243825
2.27445
2.28175
2.2925
2.313875
2.3269
2.3283
2.3537
2.371975
2.3761
2.38495
2.3915
2.394325
2.406525
2.413225
2.431325
2.434475
2.4395
2.473675
2.49345
2.504175
2.5102
2.535375
2.541975
2.5431
2.54765
2.549925
2.5664
2.590525
2.6024
2.615925
2.62165
2.638825
2.65855
2.681575
2.686825
2.69485
2.701375
2.722975
2.748075
2.749625
2.767775
2.801525
2.804
2.835225
2.842775
2.845775
2.848775
2.865775
2.8658
2.86705
2.884825
2.8939
2.894625
2.8949
2.897825
2.9025
2.912325
2.930475
2.942625
2.975625
3.012175
3.012625
3.022375
3.031125
3.05215
3.06235
3.078125
3.10885
3.11765
3.126375
3.13965
3.16815
3.1701
3.1807
3.1847
3.2122
3.2486
3.2514
3.25375
3.272575
3.276175
3.3
3.30095
3.30615
3.311025
3.320075
3.327975
3.3338
3.337825
3.339275
3.3692
3.3936
3.402675
3.409375
3.413575
3.427775
3.43255
3.439
3.440275
3.453175
3.457675
3.461375
3.463175
3.48005
3.48185
3.4864
3.4932
3.5057
3.5139
3.515625
3.517625
3.520075
3.531375
3.54385
3.546475
3.562625
3.563525
3.5758
3.59145
3.626975
3.635125
3.64905
3.6593
3.685175
3.68545
3.69665
3.702425
3.70905
3.71075
3.727825
3.731125
3.738075
3.742775
3.755025
3.75515
3.76155
3.763425
3.763975
3.77715
3.7869
3.79925
3.80635
3.8182
3.8685
3.872825
3.8811
3.882925
3.91275
3.9141
3.986475
3.988025
3.993725
4.012875
4.015375
4.0333
4.04835
4.052425
4.103775
4.116925
4.12565
4.134225
4.1838
4.18515
4.186125
4.193675
4.201675
4.202525
4.22345
4.234275
4.248275
4.276775
4.30355
4.307125
4.308475
4.31345
4.314075
4.3163
4.338375
4.34195
4.34645
4.35015
4.3506
4.357675
4.3774
4.392025
4.404125
4.4106
4.4179
4.451525
4.4795
4.48485
4.485
4.48655
4.487075
4.49115
4.506475
4.523925
4.5246
4.5319
4.53835
4.57925
4.585525
4.596625
4.615525
4.6199
4.62705
4.62825
4.62955
4.639375
4.639575
4.6559
4.656425
4.6705
4.6755
4.70475
4.7198
4.722425
4.7382
4.772125
4.823475
4.843
4.8538
4.87825
4.902025
4.90335
4.926125
4.928125
4.9352
4.94065
4.943725
4.945175
4.945225
4.96845
4.969075
4.969475
4.9733
4.973375
4.980075
4.98515
4.990475
4.994225
5.021775
5.029125
5.030725
5.03835
5.09065
5.1037
5.107275
5.13425
5.175325
5.1794
5.205325
5.205975
5.209075
5.2095
5.210175
5.2108
5.225
5.2321
5.24365
5.25315
5.2571
5.265875
5.2698
5.27625
5.282025
5.28435
5.291075
5.30645
5.315675
5.320275
5.3266
5.333525
5.341475
5.345
5.358425
5.35895
5.38365
5.385575
5.406575
5.422725
5.4322
5.43765
5.4484
5.461425
5.504575
5.506675
5.5144
5.519625
5.52775
5.52865
5.53455
5.5581
5.563975
5.58405
5.592025
5.605875
5.608325
5.610775
5.619225
5.64495
5.6468
5.64815
5.66925
5.69485
5.71725
5.725475
5.75265
5.767475
5.790625
5.80675
5.808225
5.811575
5.8154
5.8241
5.8315
5.8405
5.842575
5.85135
5.85735
5.85925
5.863475
5.86925
5.8702
5.87355
5.874075
5.880675
5.887525
5.889025
5.904975
5.913775
5.92715
6.03905
6.101125
6.10185
6.107825
6.108375
6.11215
6.114475
6.11615
6.12245
6.127575
6.13745
6.14055
6.143075
6.1687
6.181825
6.186725
6.18865
6.1919
6.203525
6.225
6.239025
6.240475
6.24585
6.25535
6.26745
6.272175
6.30215
6.318975
6.36515
6.387875
6.405375
6.405475
6.408575
6.408675
6.4195
6.42165
6.4243
6.4374
6.441675
6.461075
6.46485
6.473575
6.486375
6.4865
6.488275
6.491425
6.512375
6.52185
6.52255
6.524725
6.525475
6.526525
6.57325
6.586325
6.591325
6.603225
6.615175
6.652225
6.6525
6.663075
6.67395
6.69075
6.703475
6.705625
6.70605
6.713625
6.719975
6.73215
6.734325
6.7371
6.738475
6.74285
6.7666
6.771175
6.77835
6.78305
6.802725
6.81765
6.833325
6.8389
6.84195
6.844
6.86495
6.877275
6.886775
6.899575
6.927125
6.93095
6.942575
6.96825
6.9859
6.99975
7.00565
7.0084
7.014675
7.015475
7.02595
7.027025
7.02845
7.03
7.03105
7.04255
7.054875
7.06975
7.0753
7.082175
7.087475
7.089025
7.09015
7.09505
7.09895
7.100925
7.10715
7.1118
7.1186
7.121275
7.13835
7.16265
7.20885
7.2198
7.3
7.3273
7.34245
7.343625
7.34405
7.34675
7.347225
7.35215
7.36415
7.37425
7.375075
7.3781
7.38075
7.3911
7.409175
7.415675
7.42725
7.441775
7.441875
7.4509
7.459525
7.477575
7.479625
7.486875
7.4872
7.520725
7.538125
7.5569
7.569425
7.575275
7.580125
7.602975
7.60465
7.605725
7.625625
7.63125
7.639325
7.643825
7.646225
7.666625
7.66665
7.66855
7.6698
7.673825
7.691525
7.693025
7.70015
7.7047
7.70795
7.709175
7.710925
7.713425
7.723925
7.72845
7.738925
7.7438
7.74835
7.753825
7.76505
7.799025
7.816325
7.848075
7.86845
7.9157
7.916625
7.9327
7.93695
7.9405
7.94805
7.955775
7.9566
7.958
7.9735
7.97525
7.986975
7.9919
7.992325
8.025975
8.02785
8.0486
8.084625
8.087875
8.09855
8.152375
8.1737
8.20135
8.203025
8.2087
8.211875
8.2198
8.23495
8.241775
8.262225
8.263475
8.2743
8.301275
8.3036
8.303875
8.30455
8.309175
8.31565
8.32265
8.333275
8.3344
8.3767
8.378
8.402875
8.41355
8.426025
8.42615
8.481175
8.48695
8.498075
8.502375
8.5041
8.5072
8.507325
8.518525
8.5186
8.52065
8.5217
8.542275
8.54685
8.547925
8.5592
8.567225
8.568525
8.57885
8.602
8.605875
8.60655
8.607875
8.628375
8.63435
8.635875
8.637225
8.640925
8.6581
8.665
8.7007
8.7034
8.7041
8.7277
8.766825
8.7863
8.788725
8.81845
8.826
8.83635
8.84005
8.842575
8.843175
8.87415
8.884575
8.90295
8.90345
8.9095
8.91645
8.92725
8.94505
8.96625
9.001725
9.037275
9.064025
9.0734
9.077625
829
