0.0446
0.090225
0.111875
0.1147
0.116625
0.121125
0.122875
0.1279
0.134125
0.14455
0.18205
0.18605
0.1956
0.198475
0.2162
0.22155
0.225275
0.2275
0.26095
0.28765
0.29135
0.32495
0.367125
0.374675
0.37635
0.39245
0.41995
0.4318
0.44815
0.4614
0.480025
0.48605
0.490425
0.4936
0.495375
0.5133
0.527375
0.5321
0.540425
0.54165
0.5454
0.549025
0.55495
0.564925
0.586975
0.589375
0.616625
0.669925
0.67775
0.6806
0.7047
0.711325
0.713
0.7137
0.71495
0.719825
0.7252
0.7293
0.730325
0.73515
0.73775
0.739775
0.7398
0.743075
0.744525
0.74805
0.76245
0.7653
0.782675
0.783425
0.788825
0.791125
0.804375
0.8117
0.8313
0.850675
0.89155
0.897425
0.898525
0.955425
0.968
0.98325
1.001725
1.00355
1.00805
1.009575
1.016225
1.024975
1.027525
1.0329
1.04015
1.04095
1.0414
1.045825
1.07195
1.084225
1.08455
1.120275
1.121
1.12275
1.149025
1.152625
1.153
1.175175
1.190425
1.191375
1.217225
1.23455
1.2459
1.28965
1.293375
1.30915
1.319975
1.322975
1.329075
1.330325
1.337325
1.3386
1.343925
1.3491
1.387825
1.39495
1.396925
1.426075
1.42865
1.4378
1.445875
1.453575
1.460725
1.50255
1.562575
1.58655
1.612325
1.6138
1.615275
1.621475
1.623325
1.6273
1.627825
1.6283
1.6295
1.634675
1.635075
1.648825
1.654625
1.66425
1.67205
1.68515
1.70805
1.73365
1.733775
1.73775
1.741375
1.7538
1.76125
1.7634
1.80665
1.82025
1.828075
1.865975
1.868125
1.896425
1.902575
1.903475
1.90575
1.917875
1.92145
1.92695
1.932525
1.93545
1.941125
1.941925
1.94635
1.9481
1.9499
1.95315
1.957625
1.95775
1.968475
1.9757
1.979625
1.98125
1.988625
2.004275
2.013675
2.0288
2.06535
2.11555
2.1323
2.155425
2.173425
2.183325
2.2043
2.213125
2.219425
2.22125
2.2215
2.22165
2.23745
2.2381
2.2453
2.24945
2.257825
2.259875
2.276775
2.277325
2.28
2.28005
2.291375
2.2966
2.317275
2.319775
2.32155
2.326
2.344075
2.3595
2.36735
2.368475
2.3735
2.429525
2.4549
2.4633
2.50835
2.5097
2.5235
2.529825
2.554975
2.555925
2.566075
2.576125
2.5997
2.60975
2.611525
2.617725
2.62225
2.6603
2.676225
2.704725
2.715425
2.729725
2.730275
2.7761
2.7891
2.797
2.801625
2.8245
2.82765
2.828825
2.8321
2.833925
2.838725
2.841725
2.8428
2.844225
2.847775
2.84805
2.850725
2.86335
2.882275
2.88765
2.8975
2.909875
2.9283
2.94085
2.996575
2.997225
3.0532
3.055275
3.05665
3.073625
3.0742
3.107175
3.111475
3.112125
3.121525
3.1242
3.12765
3.129325
3.150675
3.160475
3.16635
3.173675
3.18565
3.186225
3.199475
3.2044
3.21185
3.224225
3.250825
3.28275
3.300875
3.32285
3.324075
3.328475
3.333625
3.37125
3.388475
3.4025
3.402925
3.4098
3.418425
3.42635
3.429475
3.445725
3.462875
3.472775
3.487725
3.493175
3.504525
3.524775
3.530875
3.5903
3.616175
3.621475
3.636225
3.6385
3.663625
3.670375
3.682525
3.697875
3.70075
3.702275
3.7154
3.720325
3.73645
3.738475
3.739325
3.751475
3.753025
3.75435
3.767725
3.76835
3.773775
3.782225
3.795875
3.7979
3.829
3.829775
3.84275
3.86385
3.875875
3.919
3.9558
3.9565
3.963675
3.9882
4.000675
4.008
4.01275
4.0324
4.038875
4.043225
4.04385
4.046625
4.0502
4.07075
4.080375
4.08725
4.0982
4.0993
4.1359
4.135975
4.153275
4.225025
4.225325
4.22835
4.3102
4.3289
4.334325
4.33545
4.337175
4.338275
4.3414
4.35075
4.356025
4.363625
4.364125
4.408275
4.4117
4.412375
4.4124
4.415175
4.4179
4.4756
4.4776
4.479475
4.5037
4.531025
4.575075
4.584225
4.589725
4.600425
4.609075
4.6123
4.621175
4.6279
4.641425
4.645275
4.650675
4.674125
4.67465
4.686825
4.707
4.744925
4.756925
4.757925
4.78625
4.81755
4.821225
4.882075
4.900725
4.902325
4.931875
4.94665
4.94775
4.967975
4.973225
4.973375
4.98295
4.9871
5.0001
5.000975
5.002425
5.0031
5.0087
5.0845
5.177175
5.2124
5.218525
5.219175
5.225525
5.227925
5.22795
5.234625
5.235225
5.24205
5.243
5.24335
5.2462
5.2498
5.2515
5.2519
5.2544
5.2566
5.272475
5.27405
5.279375
5.28635
5.286675
5.29295
5.29705
5.298375
5.32515
5.32715
5.337
5.3473
5.355975
5.36355
5.365
5.36695
5.41615
5.493575
5.505725
5.510425
5.511475
5.51175
5.5119
5.513625
5.519325
5.5275
5.5314
5.53215
5.53885
5.553825
5.55925
5.568875
5.5699
5.572125
5.5729
5.573375
5.580725
5.6084
5.618525
5.619175
5.622075
5.627425
5.629625
5.640975
5.64545
5.646075
5.65255
5.657425
5.69355
5.69545
5.696625
5.75775
5.773575
5.8105
5.811425
5.813475
5.82035
5.825625
5.8281
5.83075
5.8436
5.853875
5.8566
5.86095
5.868375
5.872625
5.8845
5.89485
5.9078
5.910925
5.921
5.9266
5.9368
5.93965
5.95885
5.96745
5.969175
5.979275
5.9826
5.98625
6.064425
6.10665
6.114925
6.1406
6.14155
6.16565
6.172625
6.173025
6.1744
6.1799
6.18225
6.191525
6.198125
6.19835
6.215175
6.2375
6.23805
6.256325
6.27645
6.2942
6.295625
6.33625
6.338875
6.3503
6.382375
6.392975
6.403825
6.405575
6.4136
6.4204
6.42225
6.4276
6.43315
6.435475
6.44825
6.473525
6.482275
6.487625
6.4988
6.5293
6.53625
6.549975
6.557275
6.5608
6.56445
6.586175
6.6104
6.6249
6.6408
6.650175
6.6517
6.65305
6.654675
6.700925
6.7012
6.71005
6.71915
6.73685
6.74925
6.7521
6.756275
6.77775
6.79135
6.79385
6.809975
6.8278
6.8379
6.8491
6.867225
6.884025
6.9496
6.95725
7.026725
7.039875
7.0401
7.0479
7.0643
7.067975
7.074425
7.078475
7.081975
7.0983
7.13475
7.150225
7.15265
7.17845
7.182925
7.184775
7.185225
7.196425
7.2448
7.26875
7.31745
7.31795
7.318325
7.31925
7.326125
7.32965
7.3396
7.37425
7.379375
7.38605
7.397425
7.411575
7.414575
7.42265
7.4511
7.4518
7.46345
7.49465
7.52915
7.535625
7.589425
7.591825
7.600525
7.60115
7.6069
7.61
7.6176
7.623175
7.638875
7.646875
7.6469
7.652275
7.65295
7.653725
7.662075
7.669075
7.681275
7.694175
7.70025
7.72065
7.725925
7.7615
7.762075
7.768125
7.7718
7.786375
7.7902
7.82155
7.83265
7.851325
7.8543
7.909875
7.9125
7.91925
7.9237
7.9296
7.931175
7.934025
7.941
7.94625
7.946975
7.947
7.95285
7.953925
7.979875
7.9815
7.987525
8.006175
8.01355
8.01555
8.01645
8.02625
8.0293
8.029925
8.050925
8.054225
8.076825
8.0958
8.100475
8.10725
8.17035
8.204875
8.207325
8.209325
8.21155
8.219125
8.222975
8.2258
8.2347
8.2392
8.252725
8.272475
8.2761
8.285925
8.300525
8.303
8.305975
8.315925
8.325025
8.328775
8.332325
8.376175
8.37925
8.3851
8.3916
8.486975
8.512925
8.514525
8.534075
8.537525
8.54365
8.54775
8.55875
8.57645
8.5785
8.581975
8.6039
8.6136
8.620525
8.652575
8.6567
8.659075
8.730875
8.765675
8.81375
8.8273
8.829325
8.8302
8.84325
8.862575
8.878825
8.879625
8.885575
8.89895
8.90005
8.920475
8.93105
8.9422
8.9427
8.995175
9.015925
9.0252
9.037475
9.050575
9.070175
761
