0.097875
0.10385
0.106775
0.120925
0.125075
0.127725
0.132875
0.137125
0.142175
0.143225
0.150925
0.17135
0.179875
0.1894
0.197925
0.2087
0.215675
0.2708
0.29715
0.304025
0.319875
0.347125
0.35685
0.363625
0.365875
0.379325
0.38715
0.409625
0.417025
0.421975
0.435025
0.44725
0.465075
0.47305
0.47405
0.490125
0.4961
0.49805
0.50025
0.501725
0.526375
0.532675
0.540575
0.5436
0.55315
0.5613
0.578
0.5784
0.595725
0.6029
0.61405
0.6435
0.65045
0.685375
0.706225
0.706925
0.713425
0.7251
0.730475
0.733975
0.73515
0.736
0.741625
0.765475
0.789575
0.790425
0.822775
0.822875
0.83405
0.838175
0.84355
0.850975
0.852
0.8633
0.8642
0.8745
0.88495
0.929775
0.9413
0.9503
0.95155
0.9877
1.00555
1.00725
1.019075
1.02515
1.028375
1.032025
1.0359
1.03835
1.06655
1.073975
1.0841
1.0853
1.08845
1.091375
1.104375
1.10535
1.1133
1.121925
1.128225
1.1429
1.153975
1.154125
1.164625
1.18355
1.216125
1.247075
1.25765
1.259775
1.278075
1.29335
1.3005
1.303
1.30995
1.310925
1.3168
1.31795
1.32385
1.335575
1.3375
1.337975
1.3399
1.34015
1.3465
1.35075
1.3629
1.384975
1.392525
1.40125
1.408575
1.430775
1.4422
1.452
1.467
1.498875
1.536975
1.5744
1.600025
1.6032
1.60495
1.612
1.612225
1.613675
1.616025
1.631125
1.6369
1.63855
1.6387
1.6425
1.657225
1.65815
1.7033
1.70705
1.7116
1.720175
1.72255
1.763775
1.792425
1.79255
1.84425
1.85435
1.8815
1.90695
1.9258
1.9261
1.926825
1.946225
1.953825
1.98375
1.991175
2.000775
2.00555
2.00635
2.0067
2.007075
2.01985
2.0244
2.053025
2.077025
2.106725
2.12575
2.138
2.1563
2.15775
2.166375
2.19135
2.191625
2.205275
2.211475
2.229925
2.2304
2.23215
2.2338
2.2349
2.244975
2.24655
2.246975
2.248525
2.249575
2.25085
2.251275
2.25295
2.254425
2.2596
2.2633
2.268425
2.293375
2.308775
2.32635
2.390025
2.3987
2.428825
2.44115
2.457625
2.479325
2.500375
2.50515
2.506625
2.512175
2.513125
2.519775
2.52665
2.563625
2.565475
2.567275
2.567475
2.59795
2.604425
2.6081
2.634075
2.6499
2.660775
2.667525
2.67155
2.6769
2.67925
2.683525
2.699
2.712475
2.724325
2.727725
2.728275
2.77565
2.80045
2.80425
2.8129
2.833775
2.83505
2.83535
2.842125
2.848525
2.849125
2.8564
2.862275
2.866775
2.87675
2.886275
2.89455
2.9171
2.92245
2.926425
2.927775
2.9339
2.938375
2.945275
2.945425
2.957075
3.044025
3.103825
3.1051
3.11735
3.128475
3.13685
3.1373
3.14985
3.16025
3.171025
3.21575
3.2195
3.245525
3.24835
3.318575
3.32195
3.337125
3.34735
3.38015
3.387225
3.431875
3.432125
3.437025
3.443275
3.44645
3.45365
3.469975
3.508025
3.54385
3.556675
3.559525
3.561625
3.566575
3.61975
3.622175
3.630775
3.636825
3.64425
3.68185
3.711575
3.7125
3.72035
3.723825
3.7337
3.7354
3.7369
3.738
3.74045
3.753175
3.763675
3.772925
3.77905
3.7856
3.787825
3.815925
3.847825
3.884225
3.895875
3.94645
3.948675
3.98715
4.0036
4.0041
4.01475
4.016475
4.0224
4.029425
4.039325
4.068475
4.07875
4.085925
4.092525
4.093675
4.1165
4.12625
4.132675
4.1442
4.14485
4.148725
4.16355
4.1818
4.195425
4.2541
4.2562
4.268825
4.277425
4.305825
4.321625
4.346325
4.3465
4.34875
4.353975
4.3632
4.389125
4.394675
4.3997
4.409575
4.4265
4.4323
4.446175
4.449525
4.456825
4.4712
4.47485
4.4787
4.479225
4.48325
4.48395
4.488475
4.49835
4.50655
4.519275
4.5395
4.5508
4.6075
4.62255
4.6278
4.63095
4.635875
4.638925
4.649375
4.666325
4.6709
4.684725
4.687425
4.693225
4.69545
4.698025
4.7104
4.74595
4.7609
4.776725
4.7885
4.851275
4.878275
4.887625
4.901125
4.919525
4.919675
4.9208
4.92805
4.9292
4.9317
4.94005
4.9457
4.947225
4.9579
4.966225
4.970075
4.97055
4.982975
4.9968
5.0056
5.0169
5.044525
5.079525
5.0841
5.135375
5.190525
5.205375
5.2066
5.207
5.209175
5.212325
5.224375
5.231625
5.23935
5.251775
5.257325
5.268075
5.278125
5.2805
5.285925
5.289625
5.293925
5.296775
5.30555
5.3076
5.310375
5.317275
5.317875
5.32755
5.331175
5.349075
5.3581
5.394225
5.4391
5.451325
5.461025
5.512325
5.5158
5.522975
5.52455
5.535725
5.53875
5.544875
5.54985
5.559425
5.561425
5.583825
5.5852
5.59575
5.596525
5.61765
5.6412
5.6714
5.7004
5.716575
5.717125
5.725975
5.728825
5.766675
5.778725
5.80525
5.805675
5.808225
5.812675
5.8139
5.814675
5.829125
5.834925
5.841625
5.84845
5.850675
5.851975
5.855125
5.864
5.87065
5.8815
5.8834
5.892
5.898625
5.899675
5.9235
5.96065
5.960875
6.012525
6.0461
6.049375
6.105675
6.1079
6.13595
6.1464
6.15125
6.15355
6.15655
6.1777
6.1783
6.184775
6.199825
6.208125
6.210775
6.215575
6.217325
6.22185
6.22835
6.24185
6.258
6.272
6.2774
6.2902
6.294025
6.29925
6.30425
6.30595
6.321525
6.327725
6.334975
6.36345
6.3739
6.3782
6.393075
6.393475
6.3988
6.400875
6.403925
6.408875
6.416
6.424
6.424475
6.4326
6.45575
6.45675
6.4678
6.476125
6.480325
6.4842
6.49055
6.49455
6.501675
6.5155
6.519375
6.5433
6.58465
6.592475
6.629725
6.6401
6.68395
6.697925
6.70475
6.705425
6.707775
6.712075
6.712825
6.71575
6.71655
6.7194
6.719825
6.7275
6.740925
6.7573
6.761775
6.764325
6.772075
6.782875
6.788425
6.792675
6.796525
6.800025
6.81125
6.817325
6.828675
6.841225
6.844525
6.872975
6.8801
6.8804
6.8829
6.885725
6.9042
6.921225
7.0037
7.03345
7.033575
7.040975
7.05115
7.055575
7.056
7.064925
7.090625
7.091975
7.092825
7.094125
7.1018
7.115225
7.126275
7.1332
7.135125
7.17145
7.1803
7.2099
7.2101
7.213125
7.22545
7.24795
7.272325
7.307375
7.31025
7.3192
7.32135
7.340925
7.357825
7.3589
7.3704
7.371125
7.379725
7.3879
7.391075
7.39925
7.410975
7.434275
7.456
7.459325
7.466575
7.4902
7.525975
7.5552
7.562075
7.59165
7.60325
7.6103
7.610825
7.613125
7.618225
7.62065
7.6254
7.6256
7.6365
7.639425
7.6456
7.6494
7.674325
7.68535
7.6926
7.694225
7.7025
7.702625
7.71635
7.717325
7.7218
7.735925
7.7393
7.744775
7.754925
7.75535
7.768975
7.8136
7.84095
7.857175
7.864575
7.873
7.8831
7.88605
7.88825
7.891425
7.9009
7.911975
7.9141
7.916525
7.92705
7.9287
7.9433
7.944625
7.9451
7.9478
7.9676
7.981125
8.00035
8.003475
8.03525
8.045375
8.047275
8.049
8.056275
8.058675
8.0629
8.095125
8.09555
8.117025
8.123825
8.206175
8.2077
8.218925
8.219725
8.223025
8.229175
8.244525
8.26015
8.2619
8.263475
8.27005
8.270775
8.2889
8.29095
8.29645
8.312
8.3132
8.3169
8.3335
8.33375
8.33695
8.3681
8.37605
8.378425
8.3804
8.4067
8.408775
8.435675
8.466175
8.51045
8.51715
8.520875
8.528475
8.537725
8.540675
8.541075
8.54115
8.5488
8.55455
8.55905
8.5604
8.56265
8.56805
8.570275
8.576025
8.589
8.632525
8.635475
8.67115
8.684975
8.695725
8.709825
8.719
8.7223
8.732475
8.740375
8.786275
8.79555
8.809575
8.8193
8.820225
8.824525
8.837425
8.859525
8.86645
8.871125
8.8712
8.90585
8.918675
8.9266
8.946875
8.9562
8.9979
9.0036
9.020375
9.0283
9.03335
9.048625
9.061125
787
