0.096675
0.100425
0.11615
0.116625
0.11915
0.128125
0.14245
0.153575
0.15475
0.184025
0.185025
0.191075
0.198875
0.2016
0.235375
0.241575
0.2548
0.262425
0.267
0.27385
0.277075
0.28405
0.292025
0.314475
0.33375
0.3564
0.36095
0.3678
0.399175
0.400025
0.40445
0.40835
0.4101
0.414725
0.44795
0.458625
0.471475
0.473625
0.49385
0.515625
0.521375
0.52565
0.528525
0.554775
0.579
0.603275
0.62695
0.62995
0.643625
0.687925
0.70785
0.71505
0.7178
0.72085
0.72755
0.7295
0.7518
0.77145
0.773775
0.796325
0.80335
0.80545
0.813975
0.821675
0.843575
0.844625
0.90215
0.91405
0.944225
0.945525
0.950825
1.00125
1.012175
1.016475
1.01825
1.021025
1.029225
1.03155
1.037375
1.042075
1.0487
1.05225
1.063925
1.0735
1.075375
1.091175
1.1266
1.134475
1.13705
1.17525
1.1849
1.189425
1.19845
1.20005
1.204525
1.209725
1.2253
1.257275
1.27225
1.285675
1.311675
1.31435
1.3252
1.328525
1.330225
1.331825
1.334325
1.3353
1.340975
1.3554
1.3621
1.378775
1.3847
1.3918
1.394925
1.403525
1.413675
1.4146
1.42775
1.43075
1.453175
1.45735
1.46655
1.470125
1.477925
1.49035
1.502975
1.5056
1.592075
1.600325
1.6089
1.630225
1.6345
1.637625
1.63935
1.67305
1.67875
1.6866
1.687125
1.7086
1.73295
1.733875
1.74985
1.751475
1.7812
1.78535
1.790475
1.79325
1.808225
1.846625
1.8603
1.862475
1.8846
1.90125
1.901625
1.904575
1.913575
1.916675
1.91805
1.91975
1.92345
1.927975
1.952575
1.9528
1.95295
1.9651
1.9723
1.980525
1.980925
2.00765
2.01835
2.02155
2.02705
2.064575
2.09225
2.108975
2.151675
2.2014
2.201525
2.20495
2.2075
2.2167
2.218925
2.236225
2.2381
2.254875
2.259175
2.27005
2.27595
2.2791
2.294575
2.3072
2.324375
2.32645
2.3545
2.3606
2.41975
2.463025
2.468925
2.4786
2.481625
2.48275
2.488575
2.49995
2.5112
2.513325
2.52555
2.52665
2.534225
2.536475
2.543175
2.54905
2.555875
2.55665
2.563525
2.5645
2.566125
2.566275
2.57895
2.5818
2.614575
2.61595
2.626275
2.635125
2.639375
2.641725
2.643675
2.6504
2.65285
2.667725
2.67805
2.80875
2.8245
2.825975
2.83995
2.842525
2.850975
2.869025
2.8726
2.896575
2.919525
2.92535
2.9299
2.930175
2.93075
2.95475
2.9633
2.9738
2.98
2.992175
3.00005
3.007975
3.033625
3.054125
3.06085
3.073025
3.102775
3.10305
3.10865
3.11035
3.11305
3.128225
3.1289
3.1341
3.139975
3.1431
3.14835
3.1605
3.16345
3.181
3.20205
3.20325
3.2216
3.2233
3.2269
3.270275
3.309475
3.31215
3.339875
3.365425
3.392
3.400525
3.400875
3.429875
3.432075
3.4374
3.4388
3.442625
3.443375
3.4469
3.46145
3.475525
3.476825
3.48145
3.50995
3.51175
3.51295
3.51825
3.520375
3.53925
3.559575
3.5674
3.5804
3.59925
3.618525
3.667125
3.6821
3.687125
3.705175
3.705425
3.734525
3.746875
3.765725
3.7703
3.770975
3.77865
3.780425
3.79315
3.797375
3.8
3.810075
3.8103
3.835025
3.8407
3.8497
3.863475
3.8795
3.883125
3.884125
3.89825
3.91185
3.9136
3.9176
3.973025
3.999125
4.000325
4.00295
4.012925
4.0145
4.017175
4.029475
4.03875
4.048875
4.05685
4.068075
4.082075
4.09065
4.0965
4.098975
4.1108
4.1152
4.12435
4.131775
4.153425
4.163575
4.20105
4.2023
4.203225
4.222825
4.2267
4.245375
4.3086
4.31065
4.310975
4.312925
4.316475
4.31765
4.31805
4.320375
4.323875
4.324325
4.3272
4.330625
4.3352
4.33585
4.34015
4.34535
4.351325
4.351425
4.3522
4.352625
4.35265
4.353325
4.353575
4.36005
4.360375
4.362175
4.373025
4.382
4.3907
4.401725
4.403975
4.408525
4.427925
4.435625
4.440725
4.4467
4.449775
4.4551
4.461225
4.491125
4.50935
4.522375
4.550575
4.6009
4.6127
4.61285
4.648575
4.657425
4.660675
4.67085
4.692475
4.700725
4.704975
4.71555
4.730725
4.737925
4.753775
4.776075
4.78535
4.793625
4.8183
4.82185
4.8468
4.865175
4.89675
4.90065
4.9062
4.91545
4.916175
4.9164
4.918525
4.9188
4.920475
4.92775
4.93105
4.9312
4.9415
4.9454
4.94695
4.962075
4.9647
4.981375
4.9909
4.994625
4.995725
5.0098
5.018775
5.041825
5.04305
5.06015
5.06975
5.10205
5.12545
5.148475
5.152425
5.159525
5.195275
5.200125
5.2074
5.2118
5.213475
5.2175
5.22535
5.24855
5.2534
5.262575
5.276425
5.2796
5.281725
5.284675
5.33295
5.359775
5.370625
5.38585
5.428475
5.46885
5.503225
5.504225
5.5046
5.5254
5.534425
5.545875
5.54885
5.55695
5.56535
5.566525
5.57615
5.576175
5.588425
5.59305
5.593975
5.6273
5.629575
5.65285
5.672075
5.6813
5.696875
5.716475
5.740925
5.7434
5.74595
5.7535
5.808125
5.808775
5.824825
5.8341
5.83415
5.839675
5.841425
5.852825
5.859025
5.872675
5.873275
5.874175
5.874925
5.887525
5.89125
5.89265
5.9145
5.924725
5.947
5.953125
5.97355
6.0054
6.028075
6.06405
6.083775
6.08925
6.10435
6.108225
6.109425
6.11415
6.133675
6.142275
6.147275
6.175
6.1786
6.19055
6.192575
6.194375
6.208175
6.2355
6.245675
6.258825
6.259025
6.2641
6.31365
6.319125
6.367475
6.373425
6.3975
6.40415
6.406725
6.411325
6.412425
6.414975
6.4328
6.4394
6.44275
6.448525
6.44855
6.456725
6.461
6.469
6.47035
6.48455
6.49435
6.495725
6.511925
6.51215
6.516575
6.519125
6.533225
6.533825
6.556925
6.634325
6.63505
6.642175
6.68685
6.68975
6.722725
6.72595
6.7329
6.73645
6.736775
6.74315
6.74885
6.763175
6.77155
6.780825
6.79845
6.8069
6.8073
6.839425
6.847075
6.873775
6.891725
6.905125
6.946725
6.947775
6.981
7.01465
7.023725
7.030425
7.04895
7.06965
7.093775
7.09415
7.097325
7.0986
7.099375
7.112
7.1357
7.1735
7.1935
7.21355
7.3001
7.31
7.316
7.3334
7.333925
7.35435
7.3592
7.36465
7.368525
7.380025
7.386125
7.450475
7.455175
7.46665
7.4719
7.47905
7.574975
7.6006
7.605775
7.6179
7.618875
7.63645
7.640275
7.64665
7.667375
7.674125
7.681775
7.693175
7.700825
7.70635
7.70665
7.72145
7.731375
7.7725
7.7744
7.781375
7.783725
7.813475
7.852075
7.895725
7.901625
7.90895
7.914525
7.92285
7.926575
7.941275
7.941525
7.95855
7.964625
7.9661
7.9838
7.997
8.0003
8.038
8.0478
8.063125
8.070975
8.085125
8.1118
8.14775
8.174625
8.19975
8.20565
8.20805
8.208175
8.216325
8.232075
8.23485
8.23905
8.241575
8.244825
8.24765
8.248175
8.277825
8.277975
8.27915
8.291875
8.2975
8.3202
8.32025
8.320625
8.33625
8.349075
8.357525
8.372675
8.393325
8.396
8.400725
8.402525
8.4258
8.45155
8.4891
8.500025
8.516675
8.5183
8.529525
8.532375
8.532625
8.533425
8.535875
8.536075
8.53805
8.551125
8.5522
8.556725
8.567
8.56755
8.5779
8.584975
8.58865
8.59275
8.604925
8.636875
8.659425
8.695975
8.701325
8.70475
8.712175
8.72525
8.73115
8.732875
8.738625
8.74515
8.7981
8.802425
8.8077
8.8106
8.818125
8.8215
8.823
8.8246
8.829925
8.831375
8.83165
8.84
8.84765
8.867375
8.8793
8.90305
8.905775
8.911675
8.912325
8.920725
8.9225
8.9247
8.9275
8.93855
8.952825
8.961975
8.98555
9.0177
9.019575
9.0207
9.02725
9.03315
9.094825
9.0987
774
