0.112875
0.1157
0.1175
0.1229
0.122975
0.124625
0.12905
0.1339
0.139175
0.139875
0.156125
0.159575
0.164525
0.19385
0.197475
0.218125
0.237025
0.23855
0.245975
0.253
0.25335
0.25885
0.273625
0.292925
0.319075
0.332275
0.3739
0.39765
0.403325
0.404725
0.407125
0.410825
0.41285
0.418475
0.4237
0.428125
0.438175
0.446475
0.448
0.457775
0.463075
0.4649
0.466075
0.466225
0.469425
0.500775
0.510475
0.5118
0.5389
0.54495
0.559975
0.560075
0.57595
0.579275
0.580425
0.628325
0.68055
0.68595
0.7129
0.72925
0.7386
0.739025
0.743475
0.74705
0.763625
0.781475
0.789125
0.7968
0.79775
0.842575
0.86175
0.862975
0.864475
0.9103
0.919475
0.941825
1.00205
1.0038
1.005475
1.006125
1.008325
1.010325
1.014025
1.0156
1.01975
1.0205
1.03845
1.040325
1.04825
1.052475
1.074675
1.096475
1.09735
1.109675
1.16015
1.27675
1.309775
1.3112
1.324325
1.344375
1.355125
1.3602
1.396175
1.399775
1.402025
1.412075
1.4234
1.4255
1.426575
1.428425
1.430325
1.471225
1.47455
1.4892
1.60065
1.6036
1.6123
1.617275
1.617775
1.6201
1.62255
1.6231
1.623175
1.638275
1.6609
1.660925
1.67895
1.682475
1.6885
1.6934
1.718625
1.7222
1.72975
1.760775
1.78005
1.78395
1.7929
1.81285
1.835425
1.886625
1.892775
1.906475
1.911375
1.914825
1.91705
1.957625
1.965375
1.9678
1.97145
1.9725
1.97575
1.9833
1.99215
2.0035
2.0438
2.059725
2.068075
2.100675
2.1332
2.186275
2.199075
2.200175
2.203075
2.20435
2.207
2.208325
2.22285
2.228325
2.230375
2.230675
2.241625
2.246375
2.251175
2.251225
2.268975
2.276925
2.2946
2.301575
2.308475
2.315425
2.3259
2.33635
2.33855
2.3877
2.3911
2.4054
2.407875
2.411675
2.41935
2.42275
2.464325
2.491525
2.502775
2.50585
2.50865
2.513025
2.515925
2.523525
2.5256
2.529875
2.54105
2.5416
2.54245
2.5436
2.573
2.58535
2.598
2.604525
2.626525
2.62935
2.6333
2.641725
2.650925
2.65265
2.65435
2.662225
2.686275
2.68995
2.696675
2.698825
2.742625
2.76675
2.8322
2.853625
2.85625
2.861525
2.86745
2.872025
2.8801
2.89465
2.905725
2.92415
2.93675
2.95335
2.980025
2.982025
2.986875
2.9976
3.005525
3.0127
3.034775
3.04575
3.0608
3.10375
3.103975
3.10995
3.12845
3.130875
3.13225
3.133375
3.143425
3.147575
3.153675
3.1703
3.194375
3.209325
3.2151
3.21905
3.222325
3.223625
3.227625
3.234775
3.2371
3.272225
3.3098
3.3179
3.40245
3.40405
3.408925
3.409225
3.4093
3.4113
3.41405
3.4148
3.419175
3.422125
3.422975
3.43055
3.432275
3.435125
3.46225
3.4669
3.47125
3.4832
3.488875
3.508925
3.5125
3.52895
3.529
3.53965
3.553125
3.5595
3.56125
3.5633
3.567525
3.5836
3.594575
3.627175
3.628825
3.637775
3.675725
3.7003
3.70275
3.7058
3.7148
3.718575
3.720375
3.7215
3.72975
3.732575
3.7541
3.759875
3.7722
3.79835
3.800375
3.8196
3.81965
3.852175
3.8804
3.949075
3.971525
4.020525
4.021
4.021475
4.02745
4.0538
4.05575
4.0566
4.05835
4.0748
4.090975
4.095025
4.106675
4.119
4.131025
4.141475
4.15445
4.160475
4.191975
4.19855
4.2584
4.262825
4.30765
4.31005
4.3119
4.31265
4.314
4.31435
4.316825
4.321225
4.34175
4.347
4.3515
4.3933
4.41245
4.417525
4.4254
4.44125
4.4862
4.515175
4.56815
4.6009
4.62705
4.6343
4.640925
4.647125
4.651875
4.652675
4.6631
4.669
4.67095
4.6819
4.683875
4.68795
4.738525
4.746575
4.76615
4.770925
4.776275
4.7909
4.80795
4.8235
4.832025
4.8435
4.900125
4.907975
4.912675
4.92115
4.923675
4.925
4.93555
4.94055
4.942625
4.947275
4.95425
4.960475
4.9738
4.9876
5.003525
5.034125
5.044325
5.05975
5.067825
5.102525
5.103275
5.1047
5.105025
5.111625
5.188425
5.19495
5.19965
5.20095
5.2035
5.209225
5.211775
5.22005
5.228575
5.229025
5.258
5.26775
5.26865
5.273
5.29955
5.3359
5.35375
5.354125
5.3611
5.368375
5.3794
5.4096
5.4153
5.425275
5.4523
5.475
5.476875
5.52605
5.5316
5.543175
5.5643
5.5648
5.565275
5.572025
5.6036
5.605875
5.607425
5.61275
5.613375
5.6204
5.662825
5.6728
5.67555
5.701975
5.708175
5.720175
5.72225
5.729075
5.748875
5.80925
5.823875
5.824625
5.824775
5.8253
5.84735
5.851
5.85315
5.85465
5.865825
5.866025
5.866275
5.868925
5.870475
5.87285
5.896625
5.902675
5.9119
5.916825
5.917525
5.9273
5.929075
5.93025
5.942075
5.96055
5.96295
5.969025
5.9723
5.979175
5.9805
6.0201
6.075425
6.10825
6.117575
6.118125
6.126225
6.14495
6.15155
6.153325
6.1538
6.16515
6.1782
6.178425
6.18175
6.19295
6.21165
6.240625
6.241375
6.2429
6.245925
6.2471
6.255425
6.276925
6.27915
6.296025
6.30775
6.35065
6.35345
6.374425
6.402825
6.41135
6.417525
6.421925
6.4292
6.429775
6.452475
6.452525
6.455425
6.47695
6.4783
6.487875
6.509625
6.523125
6.550625
6.557575
6.56365
6.56435
6.568575
6.593025
6.597725
6.59905
6.605725
6.6179
6.6409
6.6468
6.70075
6.70145
6.710525
6.715975
6.72895
6.731825
6.742425
6.763625
6.76425
6.77135
6.780975
6.78525
6.829475
6.854
6.855875
6.8951
6.9081
6.90935
6.934125
6.937175
6.992925
7.0054
7.021125
7.02625
7.04575
7.067475
7.068025
7.069625
7.086925
7.1205
7.135875
7.150575
7.1738
7.19205
7.196775
7.21345
7.213725
7.2454
7.246425
7.3016
7.311375
7.31855
7.31965
7.32935
7.33155
7.337825
7.345975
7.352875
7.355275
7.36885
7.377475
7.389875
7.4051
7.41835
7.427275
7.431225
7.433875
7.44345
7.466625
7.47705
7.486325
7.60805
7.610075
7.6181
7.6194
7.6264
7.6331
7.6351
7.64415
7.648525
7.65315
7.67535
7.67915
7.683825
7.686375
7.68925
7.689275
7.704875
7.705475
7.709175
7.7146
7.714625
7.725975
7.7291
7.7325
7.773875
7.77815
7.813
7.83505
7.8381
7.8785
7.9057
7.90805
7.910175
7.910475
7.913375
7.914075
7.914375
7.9172
7.92425
7.925525
7.926275
7.934975
7.93915
7.94205
7.944025
7.94655
7.94915
7.951
7.952875
7.9725
7.98825
7.990475
8.00985
8.01325
8.01435
8.034975
8.038575
8.039075
8.04355
8.0543
8.064675
8.0719
8.073675
8.08195
8.0925
8.096925
8.097575
8.1076
8.12065
8.151575
8.177375
8.1776
8.1887
8.198225
8.21245
8.21395
8.21465
8.216175
8.237875
8.238325
8.242525
8.249775
8.25145
8.26245
8.290225
8.29495
8.305825
8.3147
8.325125
8.327725
8.341725
8.3538
8.35675
8.3589
8.363625
8.4023
8.408575
8.419725
8.46445
8.483475
8.5114
8.512925
8.513225
8.51375
8.514025
8.517725
8.532525
8.5644
8.573525
8.58785
8.60115
8.6106
8.626325
8.634275
8.656675
8.6599
8.663675
8.67225
8.67855
8.721
8.7236
8.740325
8.74325
8.747575
8.7559
8.7899
8.8013
8.805
8.80975
8.81655
8.818175
8.825575
8.834625
8.840175
8.8467
8.877325
8.883225
8.89905
8.909375
8.91095
8.914325
8.9162
8.91985
8.94535
8.94615
8.95215
8.958225
8.9915
9.02765
9.044875
9.04605
9.05215
9.0699
9.07015
9.070375
9.0806
759
