0.043925
0.103725
0.10475
0.104925
0.109325
0.1131
0.1167
0.1168
0.1234
0.1254
0.135725
0.139775
0.1421
0.1469
0.15655
0.20325
0.225525
0.23645
0.238575
0.241575
0.24875
0.257175
0.273525
0.2756
0.27645
0.29045
0.29205
0.3013
0.3305
0.33545
0.3728
0.389
0.409025
0.412425
0.422675
0.44475
0.44485
0.465
0.4741
0.4887
0.492525
0.506175
0.506925
0.5273
0.54945
0.551225
0.5571
0.566325
0.573625
0.593075
0.5971
0.645075
0.695575
0.704275
0.70935
0.7258
0.735325
0.7517
0.755525
0.75765
0.758475
0.770575
0.773575
0.78235
0.78745
0.78855
0.7887
0.78945
0.793175
0.7942
0.80955
0.8099
0.826275
0.8296
0.83155
0.846925
0.87685
0.9105
0.9322
0.955325
0.996025
1.0064
1.011675
1.013775
1.017775
1.023725
1.038825
1.0391
1.045075
1.045725
1.06325
1.06775
1.071625
1.087625
1.11045
1.13205
1.13315
1.135475
1.1464
1.1565
1.16355
1.1795
1.189275
1.226275
1.2366
1.25535
1.2667
1.295125
1.3011
1.302975
1.318225
1.31835
1.32715
1.3341
1.336975
1.356475
1.361425
1.3797
1.38
1.38695
1.388625
1.389875
1.3914
1.400525
1.410125
1.4582
1.46695
1.47345
1.477025
1.508275
1.52595
1.5441
1.5485
1.55075
1.565625
1.6104
1.6254
1.6286
1.63165
1.64045
1.642825
1.6452
1.653775
1.66465
1.6721
1.678475
1.6848
1.68505
1.69785
1.7079
1.7145
1.729425
1.733175
1.737025
1.76455
1.773475
1.79235
1.907475
1.914525
1.921425
1.922925
1.9326
1.94925
1.9529
1.967125
1.96875
1.971
2.008275
2.0257
2.02645
2.08865
2.098675
2.110975
2.1422
2.1603
2.174
2.17515
2.204925
2.247725
2.264375
2.27775
2.283325
2.2912
2.29135
2.298425
2.30655
2.3092
2.3112
2.31285
2.324825
2.352125
2.35725
2.363375
2.3663
2.37065
2.3712
2.389425
2.3911
2.4002
2.40945
2.42515
2.471575
2.5024
2.5121
2.5125
2.52805
2.5394
2.5397
2.543475
2.55865
2.559275
2.566175
2.57345
2.59285
2.597175
2.6072
2.608275
2.61685
2.6244
2.63495
2.653275
2.664075
2.665475
2.6785
2.680625
2.68635
2.717625
2.803375
2.8058
2.8111
2.818625
2.821725
2.822625
2.8252
2.8256
2.827125
2.8289
2.83055
2.830725
2.833175
2.846575
2.848625
2.849625
2.861075
2.861775
2.866175
2.86855
2.884175
2.9088
2.91045
2.9121
2.9173
2.9307
2.9319
2.938075
2.962125
3.023525
3.0875
3.091525
3.103175
3.10335
3.10515
3.109
3.11105
3.111875
3.112925
3.12015
3.120325
3.12895
3.1304
3.142475
3.147
3.148625
3.1526
3.153725
3.165425
3.173775
3.18265
3.2005
3.212225
3.2128
3.223925
3.236925
3.23835
3.244975
3.24945
3.25755
3.26205
3.2654
3.2714
3.291875
3.301975
3.35445
3.365125
3.39195
3.405775
3.414375
3.436775
3.45
3.45115
3.4523
3.4541
3.4608
3.464475
3.473925
3.532225
3.541225
3.546175
3.56475
3.56715
3.57225
3.57845
3.5929
3.59485
3.62475
3.628075
3.629975
3.6328
3.637975
3.6521
3.66825
3.70585
3.7154
3.72825
3.731775
3.738
3.7448
3.7532
3.767
3.7738
3.78375
3.80955
3.8176
3.820575
3.8364
3.84425
3.860875
3.86425
3.8792
3.891375
3.900825
3.928525
3.954925
3.989475
3.9975
4.0089
4.009125
4.01395
4.014975
4.015875
4.02815
4.0301
4.03245
4.0413
4.0508
4.05505
4.05855
4.059725
4.070925
4.0756
4.07995
4.137425
4.1508
4.15125
4.1692
4.178975
4.22115
4.2344
4.252525
4.25375
4.27645
4.3007
4.302075
4.30315
4.30465
4.3099
4.3184
4.318775
4.32035
4.33195
4.333925
4.3466
4.35725
4.35735
4.3629
4.3695
4.378125
4.388175
4.392675
4.40655
4.4123
4.4187
4.422975
4.425525
4.445925
4.470675
4.4779
4.486725
4.489125
4.499025
4.499475
4.528175
4.567975
4.575325
4.594375
4.599175
4.616675
4.620075
4.621625
4.6225
4.6229
4.6428
4.66365
4.67505
4.68265
4.727375
4.729625
4.733375
4.746325
4.7508
4.757875
4.759175
4.759275
4.767325
4.772075
4.774375
4.774775
4.7748
4.8314
4.8564
4.900325
4.900425
4.9009
4.90335
4.907075
4.908775
4.912875
4.9194
4.925625
4.93285
4.9346
4.93705
4.94965
4.950925
4.96045
4.962125
4.964925
4.9784
4.985425
4.98615
4.9873
4.9943
5.0003
5.01395
5.027175
5.028525
5.0324
5.07725
5.102475
5.119
5.1192
5.12585
5.137175
5.2024
5.20575
5.21005
5.2138
5.217975
5.2282
5.22845
5.23225
5.232925
5.233275
5.25945
5.270025
5.270975
5.280625
5.28525
5.30115
5.3017
5.30975
5.3611
5.39345
5.399775
5.41055
5.416475
5.421525
5.4225
5.455625
5.50015
5.5016
5.51255
5.521125
5.5214
5.5268
5.533525
5.534375
5.53535
5.536475
5.538
5.539625
5.54475
5.556775
5.570325
5.585675
5.5999
5.600475
5.605
5.605275
5.62075
5.6218
5.6315
5.63255
5.638825
5.642025
5.65395
5.6631
5.67405
5.6844
5.772825
5.78075
5.8084
5.82125
5.8234
5.82505
5.836325
5.838775
5.846025
5.84865
5.8531
5.8559
5.86575
5.879975
5.8909
5.8953
5.924925
5.935075
5.9645
5.974675
5.97595
5.978175
5.98675
6.01945
6.02735
6.028625
6.044275
6.063125
6.08365
6.094025
6.1021
6.1089
6.108975
6.124925
6.132825
6.139925
6.1687
6.171725
6.17405
6.17475
6.1754
6.198175
6.207225
6.22125
6.225075
6.23235
6.277875
6.30695
6.3109
6.3374
6.354325
6.35485
6.374175
6.402125
6.404975
6.422475
6.4249
6.426675
6.4275
6.4296
6.434375
6.45595
6.459275
6.460625
6.472475
6.4999
6.501575
6.5043
6.513
6.522275
6.524575
6.55085
6.55125
6.5514
6.5576
6.55805
6.57795
6.58565
6.6293
6.6398
6.644125
6.661075
6.680525
6.7013
6.73875
6.747175
6.76115
6.776525
6.7768
6.780675
6.78315
6.790075
6.79135
6.795175
6.796925
6.807125
6.843775
6.871825
6.88405
6.884125
6.885325
6.886075
6.8902
6.902925
6.907575
6.942325
6.942675
6.946075
6.9516
6.9935
7.004175
7.017975
7.023125
7.035575
7.037425
7.043825
7.044925
7.045775
7.047925
7.048575
7.051575
7.060925
7.063825
7.09495
7.10325
7.11445
7.119925
7.122475
7.13435
7.144475
7.14575
7.1582
7.179275
7.179875
7.187625
7.194325
7.2039
7.2367
7.248125
7.257825
7.278075
7.311925
7.326275
7.326675
7.3346
7.349775
7.375425
7.379025
7.405975
7.439875
7.444725
7.453525
7.458975
7.47775
7.4924
7.506875
7.5326
7.534875
7.537625
7.56785
7.60035
7.611825
7.6169
7.62895
7.6387
7.650275
7.657375
7.6654
7.6665
7.6671
7.676275
7.680175
7.680275
7.687375
7.693475
7.694975
7.69525
7.70015
7.71945
7.724325
7.731825
7.7374
7.74815
7.763975
7.7753
7.787175
7.791075
7.792225
7.846775
7.8572
7.906
7.9116
7.9121
7.912925
7.92105
7.922425
7.9342
7.937275
7.945725
7.946875
7.95135
7.95315
7.965
7.969275
7.97615
7.981575
7.98765
7.9924
8.003175
8.022225
8.023725
8.02525
8.034075
8.03515
8.04725
8.048925
8.0579
8.065225
8.075075
8.076025
8.082725
8.0971
8.11045
8.1391
8.14105
8.152175
8.15925
8.1604
8.16815
8.20945
8.2209
8.23165
8.234075
8.24875
8.2551
8.257325
8.26775
8.27535
8.288225
8.2897
8.294275
8.30325
8.305025
8.331075
8.33505
8.338775
8.341775
8.38175
8.405225
8.424525
8.430675
8.443675
8.456225
8.469975
8.482925
8.501425
8.501525
8.5084
8.52525
8.5268
8.52765
8.53225
8.532725
8.533175
8.53945
8.5405
8.553225
8.557925
8.584025
8.59115
8.637475
8.638825
8.646925
8.65585
8.6846
8.7013
8.709375
8.712175
8.7233
8.72965
8.74485
8.762975
8.801975
8.805625
8.809625
8.8129
8.81345
8.82105
8.82795
8.847175
8.857125
8.862
8.880125
8.887
8.9021
8.919475
8.924025
8.92695
8.9287
8.937275
8.950675
8.981375
9.020075
9.02675
9.037525
9.037825
9.03895
9.04375
827
