0.0272
0.1014
0.116875
0.12175
0.1218
0.12945
0.133675
0.139075
0.14115
0.14435
0.1452
0.146225
0.147575
0.15085
0.15515
0.15995
0.164125
0.165375
0.174625
0.186225
0.186975
0.201275
0.2046
0.2497
0.256425
0.2595
0.306925
0.309875
0.315025
0.320075
0.404675
0.404925
0.408725
0.408925
0.413375
0.41605
0.422775
0.423625
0.4299
0.436675
0.4437
0.460775
0.460975
0.46375
0.477275
0.48325
0.493275
0.5013
0.512775
0.518
0.52995
0.53805
0.560425
0.56185
0.562675
0.593325
0.5944
0.601375
0.63045
0.631825
0.63735
0.64215
0.700125
0.70235
0.710575
0.72375
0.727125
0.72935
0.72945
0.735275
0.740775
0.7491
0.760675
0.766275
0.772175
0.776825
0.778625
0.786875
0.7922
0.794125
0.7954
0.813425
0.820125
0.821875
0.824275
0.856125
0.895225
0.9115
0.922
0.924525
0.928375
0.974375
0.9801
0.982025
1.016275
1.020325
1.022
1.0307
1.053675
1.05925
1.06235
1.0735
1.074425
1.07545
1.075525
1.07775
1.0979
1.102625
1.10905
1.11425
1.114325
1.1478
1.162225
1.175675
1.17975
1.1799
1.191325
1.191975
1.19795
1.240275
1.28215
1.284675
1.30815
1.32015
1.32785
1.347625
1.3725
1.42745
1.42775
1.433625
1.444275
1.467675
1.4698
1.477775
1.478125
1.47925
1.5089
1.511125
1.535625
1.57825
1.607225
1.61395
1.6172
1.619925
1.622775
1.6277
1.629775
1.635375
1.63725
1.638675
1.641675
1.644325
1.65455
1.6666
1.6746
1.6823
1.688075
1.6926
1.697475
1.70545
1.7194
1.72285
1.735375
1.73555
1.7545
1.7676
1.777475
1.799225
1.8008
1.90885
1.920475
1.925775
1.929225
1.936625
1.94045
1.9405
1.94055
1.9448
1.95085
1.961775
1.9666
1.979475
1.995
2.018925
2.040375
2.04805
2.04935
2.090375
2.133525
2.13445
2.13585
2.172575
2.1837
2.2004
2.20235
2.2074
2.20925
2.216975
2.22355
2.223725
2.234725
2.26035
2.261675
2.266675
2.308225
2.312825
2.318675
2.322925
2.341125
2.349875
2.357275
2.361925
2.362725
2.36925
2.386325
2.42805
2.46065
2.466075
2.48515
2.509225
2.514575
2.514875
2.55275
2.5547
2.56105
2.5624
2.56825
2.5752
2.59405
2.600625
2.62055
2.62115
2.625725
2.62595
2.636575
2.6414
2.6473
2.654975
2.668325
2.669075
2.673575
2.67705
2.688825
2.755025
2.769675
2.8037
2.816975
2.8205
2.8283
2.833575
2.84275
2.8489
2.849875
2.851275
2.862225
2.866725
2.901475
2.9282
2.934375
2.93505
2.9509
2.9565
2.9566
2.9634
2.964975
2.973275
2.98205
3.009825
3.0176
3.0217
3.03285
3.049775
3.081025
3.101725
3.1047
3.12
3.12545
3.1367
3.14025
3.14865
3.15185
3.152575
3.1533
3.1574
3.1577
3.159875
3.174525
3.21225
3.222475
3.2278
3.23825
3.245425
3.253
3.29805
3.298625
3.316175
3.4015
3.402625
3.4083
3.412325
3.41265
3.4333
3.4433
3.44675
3.45025
3.4632
3.4644
3.4699
3.472175
3.472425
3.47385
3.4777
3.48655
3.4883
3.49575
3.500325
3.505725
3.511275
3.5136
3.522425
3.52355
3.529625
3.5297
3.541075
3.5549
3.562025
3.5748
3.59975
3.639875
3.6993
3.701575
3.702225
3.7054
3.7137
3.7161
3.736
3.746425
3.75355
3.7664
3.772425
3.77315
3.78905
3.791475
3.7928
3.8006
3.807575
3.8105
3.826675
3.83925
3.84165
3.8424
3.84245
3.855175
3.872375
3.899325
3.908775
3.93065
4.000125
4.00235
4.0038
4.007425
4.013175
4.024175
4.025275
4.027075
4.0271
4.027275
4.0303
4.03115
4.032925
4.03495
4.042
4.049075
4.050925
4.05985
4.061675
4.066525
4.06685
4.09435
4.104325
4.106725
4.112675
4.12065
4.128125
4.176125
4.177625
4.21085
4.2137
4.240425
4.25055
4.28765
4.307425
4.315025
4.321625
4.3264
4.336625
4.340775
4.343675
4.364525
4.365925
4.369
4.376725
4.401175
4.4016
4.405075
4.406375
4.43315
4.489475
4.489975
4.494975
4.49615
4.500275
4.5205
4.527475
4.544
4.544575
4.56465
4.5869
4.6046
4.608375
4.61255
4.6167
4.632875
4.64305
4.643575
4.65075
4.6527
4.65575
4.6616
4.66165
4.674725
4.683325
4.69245
4.69275
4.6948
4.7064
4.711425
4.718025
4.748025
4.758375
4.767925
4.770225
4.7724
4.77975
4.81185
4.826425
4.83815
4.845475
4.867725
4.91085
4.912375
4.915125
4.935525
4.945625
4.95345
4.964275
4.968175
4.968575
4.9912
4.99515
5.023
5.02585
5.09365
5.12295
5.127675
5.13395
5.170425
5.180175
5.20785
5.22225
5.223975
5.23195
5.238525
5.2408
5.247775
5.2518
5.2519
5.285525
5.313975
5.332425
5.3349
5.34865
5.357725
5.3587
5.359525
5.3689
5.39105
5.41655
5.4304
5.4393
5.442075
5.46995
5.5084
5.508675
5.5387
5.5589
5.563325
5.573375
5.575925
5.580825
5.586425
5.588575
5.594325
5.619875
5.623525
5.643375
5.645675
5.64945
5.65555
5.66715
5.67395
5.675375
5.681175
5.7096
5.709875
5.71375
5.721425
5.80335
5.80395
5.8198
5.821825
5.82225
5.822575
5.835875
5.84155
5.851075
5.85315
5.8542
5.85765
5.85975
5.86635
5.86735
5.868575
5.870625
5.8768
5.8773
5.8869
5.8925
5.904725
5.908675
5.932175
5.950325
5.9579
5.985125
5.98925
5.996125
6.002775
6.0049
6.02525
6.0362
6.039425
6.04845
6.0504
6.100775
6.1085
6.111775
6.11475
6.1268
6.140225
6.140375
6.1618
6.1633
6.16385
6.17435
6.17465
6.175325
6.18145
6.201275
6.209325
6.2163
6.21775
6.238025
6.312225
6.314875
6.337775
6.370575
6.379675
6.40485
6.40845
6.409875
6.4178
6.418
6.428875
6.44155
6.44525
6.45045
6.451375
6.453225
6.454975
6.467875
6.46895
6.475625
6.512225
6.5154
6.523775
6.538725
6.5513
6.566575
6.567925
6.582925
6.6196
6.633375
6.647825
6.66195
6.68225
6.691975
6.713475
6.7149
6.715325
6.715475
6.71775
6.733875
6.746375
6.749375
6.750575
6.7589
6.760575
6.7662
6.76735
6.7765
6.778875
6.7881
6.815625
6.832675
6.880175
6.95625
7.01565
7.025075
7.030375
7.03585
7.0541
7.073925
7.0857
7.08835
7.0894
7.096
7.1013
7.105925
7.107225
7.113525
7.11395
7.1306
7.15215
7.164225
7.1715
7.179275
7.246825
7.25215
7.264075
7.272175
7.2905
7.29345
7.307675
7.31435
7.315575
7.32695
7.338175
7.341025
7.3434
7.34445
7.34945
7.3694
7.3938
7.399725
7.402275
7.4095
7.420375
7.422575
7.430075
7.4398
7.45535
7.460175
7.468775
7.4818
7.4874
7.51
7.518175
7.5606
7.599275
7.5994
7.6013
7.6089
7.620975
7.631975
7.635625
7.64835
7.6533
7.663875
7.68195
7.683125
7.686775
7.712275
7.718975
7.742875
7.76645
7.77495
7.782225
7.782575
7.85895
7.904675
7.90785
7.9282
7.9285
7.949475
7.95155
7.96045
7.964425
7.973275
7.989975
7.9959
7.99995
8.001775
8.01215
8.01845
8.038575
8.04815
8.0514
8.064275
8.070275
8.074575
8.0791
8.09835
8.1319
8.142725
8.148125
8.14895
8.15535
8.16265
8.196825
8.206925
8.212375
8.21245
8.226125
8.243025
8.24485
8.24945
8.250975
8.252475
8.25915
8.26125
8.266
8.2704
8.279275
8.293525
8.322075
8.326675
8.328425
8.329675
8.339125
8.34935
8.3799
8.386875
8.41025
8.430375
8.4518
8.49695
8.508775
8.516075
8.518525
8.522025
8.524325
8.524375
8.536075
8.5438
8.546975
8.54825
8.574775
8.58435
8.61885
8.626775
8.63375
8.63855
8.64155
8.64895
8.651
8.658925
8.6642
8.666275
8.682875
8.739625
8.74915
8.801975
8.814825
8.8153
8.816525
8.81785
8.82155
8.827575
8.82825
8.834025
8.83675
8.848075
8.8523
8.86025
8.86345
8.864825
8.870425
8.871575
8.8719
8.884475
8.8846
8.8928
8.898025
8.90295
8.9112
8.91785
8.91845
8.94325
8.953025
8.957875
8.969475
8.977625
8.99905
9.034225
9.040375
9.046775
9.05205
9.06175
818
