0.104375
0.108575
0.110325
0.112225
0.1123
0.11695
0.117975
0.121275
0.1248
0.12755
0.1305
0.138975
0.15305
0.155975
0.158875
0.162225
0.162775
0.1647
0.16825
0.174775
0.2159
0.229725
0.248925
0.26855
0.279
0.28565
0.30035
0.316375
0.339
0.341825
0.40885
0.4188
0.42045
0.42795
0.430325
0.432275
0.433275
0.4373
0.4376
0.451075
0.453225
0.45825
0.47545
0.493925
0.505675
0.5115
0.5116
0.513775
0.52375
0.52425
0.529
0.55525
0.5703
0.59075
0.60765
0.6119
0.61495
0.62885
0.641325
0.645
0.64905
0.694325
0.704125
0.708375
0.7105
0.71345
0.7219
0.725
0.7295
0.73425
0.739425
0.7402
0.74385
0.759
0.768125
0.783025
0.785725
0.79055
0.804625
0.80545
0.809375
0.81455
0.839875
0.846975
0.85665
0.882925
0.905175
0.90645
0.910525
0.911025
0.921425
0.93805
0.950175
0.99725
1.001475
1.0027
1.01225
1.0273
1.030775
1.0309
1.0332
1.046075
1.046725
1.0471
1.0517
1.060725
1.0612
1.0676
1.070175
1.072525
1.074325
1.078475
1.09655
1.12255
1.142025
1.1517
1.1609
1.18185
1.195975
1.21375
1.221925
1.292025
1.293425
1.295375
1.303975
1.309175
1.3246
1.326525
1.34925
1.353225
1.366975
1.382025
1.3836
1.384725
1.386125
1.386625
1.388675
1.41465
1.47605
1.487225
1.489
1.506225
1.561275
1.5999
1.600275
1.602275
1.604875
1.608175
1.622825
1.63055
1.6327
1.635
1.639075
1.64385
1.65675
1.66115
1.671675
1.6808
1.688725
1.689
1.717825
1.724425
1.747875
1.761575
1.770775
1.7889
1.8011
1.81625
1.823175
1.833675
1.835725
1.849925
1.872625
1.915275
1.9188
1.92325
1.9353
1.954725
1.958525
1.95895
1.968975
1.97315
1.994975
2.0295
2.037925
2.04335
2.0451
2.0543
2.0548
2.06855
2.07055
2.07395
2.075125
2.089325
2.092425
2.102475
2.114125
2.1216
2.1446
2.1683
2.200675
2.201825
2.20665
2.208425
2.21655
2.2181
2.219475
2.220525
2.22105
2.239025
2.259175
2.2596
2.263425
2.269425
2.27115
2.302175
2.302725
2.312125
2.3125
2.3143
2.314525
2.336225
2.345975
2.347975
2.3532
2.3566
2.35815
2.38995
2.392075
2.417275
2.42145
2.4897
2.5167
2.5259
2.526975
2.535175
2.551725
2.5564
2.571425
2.597075
2.5972
2.60405
2.60655
2.6094
2.619775
2.63545
2.638575
2.63955
2.64055
2.66475
2.6826
2.683025
2.689775
2.699625
2.709675
2.718
2.71925
2.723425
2.7297
2.738075
2.7893
2.8151
2.8515
2.857825
2.8651
2.87255
2.876325
2.897325
2.906875
2.910075
2.917475
2.9353
2.937525
2.968325
2.979875
2.98185
2.9848
3.02715
3.084975
3.11525
3.12435
3.128725
3.1481
3.14945
3.15025
3.1588
3.165375
3.166725
3.18225
3.1842
3.196725
3.2024
3.217325
3.22435
3.23415
3.23895
3.241825
3.2758
3.30175
3.312325
3.313725
3.3358
3.373525
3.380125
3.382325
3.393875
3.39865
3.4084
3.409525
3.414525
3.414775
3.4229
3.42355
3.433375
3.43595
3.436875
3.4371
3.438075
3.442975
3.443425
3.447225
3.44775
3.49005
3.505125
3.52255
3.5258
3.5259
3.531625
3.5342
3.536375
3.537075
3.538925
3.548775
3.552075
3.55575
3.559925
3.565225
3.56615
3.591375
3.611325
3.712825
3.71485
3.7186
3.71905
3.720825
3.7249
3.73055
3.733425
3.7341
3.73775
3.73835
3.761475
3.78155
3.785975
3.789575
3.804125
3.815925
3.8191
3.830225
3.84425
3.861925
3.866975
3.868325
3.8705
3.904625
3.929875
3.981675
4.00335
4.00675
4.009275
4.01125
4.021475
4.027275
4.03155
4.03715
4.043475
4.0478
4.0487
4.052925
4.064525
4.084775
4.094075
4.0968
4.1074
4.119
4.1319
4.13575
4.1386
4.154925
4.172325
4.176575
4.17955
4.1859
4.19215
4.205025
4.209325
4.216975
4.2293
4.23305
4.234275
4.244175
4.250875
4.259575
4.287
4.30535
4.3098
4.31905
4.334275
4.33695
4.340725
4.3506
4.3523
4.37105
4.3741
4.390275
4.39435
4.401525
4.40205
4.411675
4.4145
4.42845
4.433325
4.436025
4.484
4.49685
4.49995
4.5121
4.542625
4.58375
4.60125
4.60885
4.61135
4.62355
4.631275
4.636275
4.64085
4.6431
4.643775
4.648075
4.67975
4.68055
4.687025
4.70675
4.708725
4.7172
4.71805
4.719
4.72265
4.72535
4.7369
4.759725
4.7855
4.801175
4.803675
4.821075
4.8268
4.8444
4.8833
4.9007
4.902675
4.9041
4.9046
4.909675
4.91285
4.915625
4.933975
4.969625
4.978325
4.984225
5.0175
5.022675
5.035
5.039675
5.039725
5.0609
5.062775
5.099275
5.105725
5.11885
5.156375
5.206125
5.21345
5.2383
5.2432
5.249825
5.260225
5.261325
5.2678
5.2686
5.2769
5.326925
5.33175
5.3417
5.3492
5.34955
5.37115
5.3798
5.393075
5.40815
5.416375
5.416625
5.424275
5.4367
5.442875
5.447525
5.452825
5.4772
5.507975
5.5162
5.533775
5.5359
5.537075
5.554325
5.560475
5.5685
5.5738
5.574675
5.582475
5.58425
5.6186
5.6206
5.6356
5.6778
5.697125
5.73255
5.7726
5.808325
5.813225
5.813875
5.824725
5.8265
5.82685
5.82955
5.852975
5.8758
5.89
5.8976
5.900525
5.90585
5.9259
5.92955
5.9308
5.93385
5.9396
5.956225
5.9564
5.971525
5.983425
5.9846
5.985275
5.988575
5.998625
6.0017
6.015975
6.02795
6.0885
6.10035
6.1131
6.11375
6.117
6.130075
6.14455
6.147275
6.15555
6.1572
6.157725
6.16205
6.1646
6.195175
6.20635
6.2127
6.2203
6.223075
6.2284
6.230975
6.23675
6.263025
6.267825
6.27045
6.270575
6.281275
6.28395
6.320225
6.32485
6.328975
6.35325
6.3835
6.403075
6.40785
6.409125
6.4109
6.420425
6.426875
6.44255
6.4455
6.447775
6.451125
6.459375
6.46075
6.4763
6.4971
6.503625
6.506075
6.5106
6.517625
6.529075
6.5311
6.535275
6.57645
6.588625
6.593325
6.610875
6.6129
6.612975
6.618575
6.6208
6.63125
6.669725
6.70675
6.70725
6.71255
6.71995
6.72395
6.727
6.757125
6.760575
6.766175
6.774225
6.781175
6.781825
6.790575
6.798775
6.8019
6.817925
6.8328
6.83895
6.838975
6.8424
6.843
6.844925
6.858025
6.8612
6.870125
6.918425
6.940075
6.98515
6.9874
7.009275
7.014825
7.021475
7.03415
7.0354
7.04065
7.041125
7.0421
7.048025
7.053375
7.055625
7.062725
7.070225
7.07365
7.0753
7.080175
7.0815
7.11025
7.11445
7.1179
7.141725
7.144775
7.150675
7.1626
7.165575
7.1687
7.174825
7.185025
7.216825
7.26855
7.301625
7.31185
7.312525
7.32085
7.321375
7.321525
7.322675
7.32365
7.327425
7.32815
7.330625
7.337575
7.3416
7.34655
7.350575
7.37335
7.375025
7.3816
7.3932
7.39385
7.40335
7.407475
7.4078
7.420475
7.420625
7.431125
7.435
7.461825
7.506275
7.52755
7.60845
7.615975
7.616025
7.616125
7.618125
7.62215
7.62795
7.6309
7.6338
7.648575
7.64885
7.65465
7.655775
7.658925
7.6645
7.664725
7.669625
7.6846
7.68905
7.711325
7.729375
7.73955
7.75155
7.752025
7.754675
7.762025
7.7633
7.781375
7.791175
7.7924
7.801275
7.80895
7.82575
7.838575
7.849125
7.854775
7.85715
7.8637
7.87715
7.900075
7.913525
7.91545
7.925775
7.9311
7.9327
7.94335
7.95045
7.954275
7.95475
7.955375
7.95585
7.956275
7.97565
8.0004
8.0105
8.01275
8.014125
8.015625
8.03945
8.09825
8.102575
8.1044
8.121625
8.193675
8.20405
8.210725
8.21725
8.218425
8.219875
8.220325
8.224925
8.24725
8.256875
8.25795
8.272075
8.2722
8.2805
8.28585
8.3075
8.317925
8.33115
8.3529
8.3533
8.353875
8.3767
8.4008
8.405225
8.427425
8.427925
8.4509
8.474825
8.48155
8.500925
8.502725
8.515125
8.518625
8.51885
8.5207
8.549675
8.5528
8.552825
8.55555
8.6001
8.637275
8.655025
8.6727
8.67775
8.6804
8.711125
8.720825
8.7367
8.744325
8.757775
8.817
8.817475
8.821125
8.821375
8.835975
8.8371
8.838725
8.838825
8.861675
8.867575
8.882425
8.887175
8.896825
8.91185
8.917925
8.918275
8.9244
8.9284
8.9661
9.01485
9.015125
9.06875
9.070225
9.092575
844
