0.08755
0.1195
0.126325
0.12905
0.137675
0.148625
0.154225
0.156875
0.1574
0.158275
0.1673
0.1681
0.19145
0.191975
0.197575
0.217525
0.219025
0.230425
0.230925
0.278475
0.290475
0.294625
0.31665
0.317125
0.323075
0.40155
0.402325
0.41255
0.420775
0.42435
0.42695
0.4291
0.43265
0.44565
0.472125
0.47315
0.473525
0.482475
0.482875
0.48455
0.48915
0.4901
0.493025
0.50715
0.51225
0.523775
0.5417
0.542525
0.555825
0.577625
0.57795
0.580775
0.5868
0.588625
0.612275
0.6729
0.7094
0.723025
0.727975
0.73985
0.745875
0.752825
0.790825
0.798025
0.810625
0.812875
0.833775
0.8385
0.845675
0.911625
0.924325
0.92765
0.942
0.9662
0.979675
1.0003
1.00295
1.003625
1.0096
1.0108
1.011
1.0157
1.020375
1.023525
1.03305
1.0336
1.0621
1.0683
1.068575
1.06955
1.07175
1.077675
1.08135
1.087325
1.090125
1.0927
1.1269
1.1344
1.13785
1.14695
1.158225
1.173925
1.1753
1.198825
1.20145
1.208175
1.209
1.2127
1.23615
1.2363
1.2754
1.279375
1.300975
1.31915
1.32025
1.3311
1.33605
1.339525
1.342675
1.363925
1.38735
1.38845
1.392225
1.393125
1.4054
1.436775
1.442575
1.46285
1.4679
1.469
1.484825
1.489075
1.494275
1.5173
1.523525
1.530625
1.557975
1.6301
1.6367
1.637375
1.638875
1.64175
1.644675
1.649925
1.662525
1.67445
1.682075
1.7008
1.719325
1.751925
1.8129
1.82765
1.83315
1.874225
1.89365
1.903825
1.911425
1.92205
1.929075
1.9295
1.93305
1.9358
1.9556
1.961925
1.968025
1.9792
2.0065
2.007025
2.008625
2.010025
2.02815
2.029675
2.0408
2.044675
2.04885
2.050475
2.0646
2.075925
2.1162
2.163025
2.2048
2.20655
2.222875
2.2293
2.245275
2.25125
2.26055
2.266675
2.2832
2.293175
2.30365
2.3152
2.318475
2.3217
2.338425
2.360525
2.36085
2.36205
2.3641
2.38395
2.38825
2.3961
2.4281
2.442175
2.476225
2.5039
2.507225
2.507525
2.51045
2.51295
2.51455
2.515225
2.51525
2.52585
2.5262
2.52635
2.562575
2.566425
2.5729
2.5807
2.586975
2.588425
2.592
2.592475
2.609075
2.611125
2.621575
2.65725
2.658125
2.666875
2.6789
2.682325
2.72895
2.73765
2.768025
2.837475
2.84375
2.8484
2.8511
2.8526
2.862125
2.86975
2.895175
2.904675
2.908125
2.914825
2.920525
2.927475
2.92965
2.9682
2.970875
2.98935
3.0366
3.040225
3.055575
3.06945
3.140175
3.148175
3.14995
3.150275
3.153225
3.15815
3.160625
3.170875
3.171425
3.18835
3.19355
3.19845
3.212675
3.257025
3.28475
3.2871
3.28905
3.2905
3.29525
3.329725
3.334825
3.345475
3.39285
3.419175
3.4374
3.437775
3.43895
3.439325
3.440175
3.44135
3.450675
3.4831
3.5389
3.544925
3.5464
3.58915
3.592625
3.6049
3.607975
3.62295
3.635425
3.6424
3.648375
3.687875
3.701375
3.709325
3.7125
3.71795
3.717975
3.742825
3.748475
3.751075
3.753825
3.773025
3.783975
3.789225
3.82605
3.826425
3.8292
3.834875
3.85235
3.85945
3.871675
3.906025
3.9332
3.958525
3.978525
4.001
4.002425
4.009575
4.0157
4.02565
4.034
4.062275
4.063125
4.071725
4.084075
4.089775
4.110925
4.114475
4.132625
4.154225
4.1708
4.211
4.219725
4.227025
4.3016
4.307975
4.311125
4.312925
4.315325
4.32455
4.327525
4.348975
4.3556
4.365
4.3711
4.384925
4.38945
4.404575
4.41565
4.441575
4.44485
4.452225
4.45785
4.47665
4.478375
4.5537
4.568275
4.58315
4.594725
4.608875
4.623375
4.62705
4.62775
4.640425
4.66855
4.687025
4.702475
4.709225
4.7627
4.7845
4.802325
4.8044
4.8115
4.83875
4.840475
4.899725
4.906125
4.9167
4.92305
4.92415
4.942425
4.95385
4.956125
4.964075
4.9716
4.9773
4.987475
5.0096
5.01085
5.041425
5.043275
5.05215
5.0581
5.063625
5.1105
5.115625
5.144475
5.146425
5.14865
5.156325
5.200125
5.201425
5.2041
5.20665
5.2126
5.214925
5.2161
5.2264
5.233525
5.24605
5.261925
5.265825
5.2857
5.2868
5.300975
5.304075
5.322225
5.33195
5.3421
5.34495
5.3505
5.363075
5.37695
5.40825
5.4086
5.419275
5.429875
5.49755
5.5149
5.524
5.531
5.531575
5.537675
5.54455
5.55215
5.555025
5.56275
5.575725
5.5894
5.625975
5.629175
5.644875
5.6634
5.692525
5.699625
5.7038
5.711775
5.7332
5.768925
5.781975
5.7844
5.803875
5.80805
5.810775
5.8133
5.8141
5.81535
5.830325
5.832125
5.835775
5.849525
5.863125
5.871
5.8711
5.87245
5.884025
5.91935
5.979175
5.988225
6.004825
6.008
6.0672
6.078
6.08405
6.094025
6.10035
6.104225
6.10865
6.114825
6.117275
6.11965
6.1359
6.1637
6.164375
6.1736
6.196975
6.2006
6.2078
6.229575
6.238875
6.2403
6.250675
6.26005
6.273525
6.273575
6.2861
6.2882
6.303825
6.3101
6.35365
6.387175
6.405575
6.4069
6.413025
6.417175
6.418725
6.420325
6.43765
6.4418
6.4477
6.4492
6.4523
6.471125
6.477475
6.49695
6.51035
6.516975
6.546075
6.55055
6.565125
6.566275
6.585
6.5923
6.60275
6.619075
6.625925
6.65145
6.686625
6.70805
6.7089
6.7095
6.71075
6.712025
6.7163
6.71965
6.7198
6.725225
6.735375
6.73555
6.7408
6.7415
6.7556
6.7566
6.776925
6.783675
6.785975
6.7911
6.79865
6.8248
6.82975
6.834425
6.842425
6.85335
6.873975
6.8855
6.89205
6.89835
6.9868
6.988375
7.009625
7.018775
7.019
7.020775
7.022
7.025875
7.0318
7.051475
7.0544
7.058825
7.07345
7.0755
7.077
7.082875
7.0917
7.1115
7.119025
7.120825
7.13405
7.14175
7.1443
7.147775
7.1603
7.1751
7.1933
7.19885
7.214575
7.2253
7.228125
7.24345
7.2623
7.298025
7.304025
7.309125
7.313675
7.31765
7.32025
7.326575
7.329025
7.33025
7.33475
7.342375
7.3474
7.3476
7.41175
7.42115
7.441125
7.4616
7.463025
7.4806
7.5132
7.559775
7.5693
7.604575
7.61395
7.623425
7.6324
7.63715
7.63805
7.645125
7.651275
7.654775
7.6661
7.6754
7.6814
7.6972
7.709
7.719375
7.729425
7.7603
7.7651
7.76565
7.790975
7.79135
7.8452
7.8511
7.87865
7.89445
7.895275
7.9035
7.90355
7.903925
7.911575
7.9259
7.931075
7.933725
7.937025
7.939125
7.96545
7.9721
7.974875
7.98265
7.987825
7.99175
7.99705
7.999925
8.01795
8.022075
8.02255
8.039925
8.056625
8.06055
8.075
8.07805
8.078825
8.087
8.08785
8.088475
8.11275
8.126325
8.1274
8.1458
8.148175
8.15345
8.20055
8.204625
8.21035
8.218825
8.22065
8.2216
8.222075
8.22595
8.238775
8.238925
8.2441
8.2463
8.252075
8.26485
8.266
8.2669
8.267825
8.279375
8.2927
8.312625
8.31655
8.329275
8.34935
8.3859
8.3926
8.39485
8.401675
8.4239
8.432325
8.436425
8.4612
8.464625
8.4664
8.48775
8.4926
8.49485
8.508375
8.5143
8.515
8.52735
8.533925
8.535625
8.566825
8.575175
8.579325
8.579975
8.63345
8.643775
8.658875
8.67065
8.672475
8.69225
8.72095
8.802
8.803175
8.80385
8.807225
8.814375
8.816075
8.830675
8.841475
8.884225
8.890275
8.899925
8.90365
8.916775
8.9617
8.967875
8.977125
8.988875
8.9924
9.00715
9.01455
9.06705
755
