0.108375
0.11015
0.116675
0.128225
0.134725
0.1476
0.15325
0.15725
0.21455
0.24415
0.2464
0.25905
0.262875
0.269525
0.270825
0.27445
0.3018
0.3118
0.3595
0.372225
0.377925
0.3976
0.401475
0.40765
0.409925
0.420575
0.427275
0.43065
0.43145
0.434975
0.439375
0.440425
0.45545
0.462875
0.489475
0.492075
0.50315
0.508025
0.53285
0.53845
0.544
0.548525
0.5542
0.559825
0.582825
0.59345
0.5961
0.636025
0.6365
0.6632
0.68505
0.688575
0.707625
0.70775
0.713975
0.73355
0.740425
0.74205
0.745725
0.74715
0.751
0.75475
0.76685
0.768025
0.780075
0.8022
0.80315
0.81185
0.813275
0.815825
0.8166
0.81795
0.8281
0.8368
0.8376
0.837625
0.848075
0.87095
0.90625
0.9307
0.931075
0.935975
0.936375
1.00115
1.00325
1.00595
1.007325
1.028625
1.0367
1.052925
1.0575
1.059525
1.07085
1.0751
1.077575
1.088
1.096925
1.098575
1.12475
1.13215
1.13415
1.15505
1.169025
1.1826
1.198775
1.20595
1.304925
1.309475
1.323725
1.342625
1.350075
1.363775
1.3687
1.37475
1.3791
1.39375
1.404575
1.424425
1.427475
1.4412
1.4418
1.443225
1.449
1.455275
1.481625
1.487575
1.513025
1.521
1.544925
1.554
1.562
1.60195
1.6069
1.608425
1.609075
1.616075
1.6192
1.632725
1.6361
1.6474
1.647525
1.648025
1.657225
1.66235
1.6645
1.677275
1.6775
1.683775
1.712325
1.731525
1.733575
1.745475
1.75955
1.760625
1.768325
1.79035
1.799875
1.8064
1.828675
1.850275
1.8749
1.882575
1.91035
1.911375
1.9251
1.92755
1.931625
1.954675
1.962025
1.98295
1.984375
1.986075
2.0004
2.0034
2.0216
2.035225
2.035625
2.06075
2.067325
2.083975
2.091
2.097675
2.104925
2.13215
2.2008
2.202975
2.20415
2.205225
2.2091
2.226525
2.245325
2.259325
2.260825
2.26245
2.26695
2.271225
2.273975
2.27525
2.28045
2.2947
2.296625
2.2978
2.299125
2.305725
2.343025
2.3433
2.350975
2.362925
2.410375
2.45315
2.458075
2.458775
2.4621
2.468725
2.497625
2.50055
2.50365
2.511925
2.515275
2.524375
2.527525
2.5587
2.5618
2.564
2.590475
2.593975
2.606125
2.631575
2.634525
2.657875
2.667975
2.7177
2.72385
2.736325
2.747825
2.7595
2.7708
2.79255
2.80425
2.814075
2.8349
2.8502
2.851725
2.853875
2.856275
2.8856
2.88945
2.894575
2.895975
2.906275
2.9161
2.9334
2.933475
2.985275
3.0004
3.018275
3.04795
3.05145
3.081275
3.1017
3.104625
3.1054
3.1062
3.11345
3.115875
3.116075
3.120075
3.129825
3.130075
3.13545
3.14065
3.14255
3.1429
3.162375
3.1721
3.177725
3.1791
3.206575
3.211875
3.21325
3.2247
3.229625
3.230325
3.248
3.25895
3.266125
3.2733
3.294175
3.2991
3.304075
3.326875
3.334175
3.364975
3.367425
3.37745
3.383825
3.395925
3.4029
3.40585
3.424475
3.426975
3.43255
3.43345
3.45115
3.45795
3.46595
3.46865
3.51185
3.522875
3.548725
3.5633
3.56435
3.567525
3.56785
3.576275
3.595675
3.61765
3.621725
3.626425
3.633775
3.6429
3.642925
3.645825
3.659675
3.661775
3.66235
3.70075
3.702325
3.704825
3.7166
3.7367
3.74505
3.745525
3.7509
3.754375
3.77055
3.786775
3.7983
3.8092
3.825575
3.832325
3.833475
3.837475
3.8498
3.868425
3.872375
3.90875
3.91065
3.94715
3.95205
3.999275
4.00315
4.0077
4.018375
4.021525
4.023075
4.027925
4.059625
4.060925
4.061
4.0658
4.07385
4.102375
4.108025
4.112275
4.1172
4.136225
4.162825
4.173375
4.254475
4.257125
4.2724
4.302
4.303025
4.3125
4.333025
4.340275
4.342825
4.343075
4.345325
4.350125
4.372125
4.37475
4.40145
4.409975
4.411825
4.4384
4.481725
4.4851
4.502325
4.521875
4.57055
4.57585
4.6082
4.616475
4.61715
4.617425
4.619425
4.624075
4.62965
4.6331
4.63585
4.652875
4.655625
4.669175
4.6857
4.695
4.705075
4.710825
4.71315
4.7192
4.74625
4.7466
4.7606
4.764075
4.773925
4.7809
4.821175
4.8432
4.847925
4.864675
4.8651
4.884525
4.898875
4.90305
4.9076
4.907675
4.915225
4.9178
4.918575
4.9248
4.932625
4.949225
4.960025
4.96955
4.9706
4.987975
5.0005
5.009175
5.013675
5.016075
5.0172
5.029475
5.049425
5.060925
5.06165
5.081575
5.093425
5.127925
5.1498
5.201625
5.20995
5.212475
5.2154
5.216875
5.21725
5.219175
5.22055
5.2264
5.234125
5.238175
5.2406
5.25695
5.261125
5.274275
5.275175
5.2801
5.28885
5.331475
5.3376
5.340175
5.3416
5.380975
5.447175
5.455425
5.480325
5.497925
5.51075
5.51495
5.52385
5.526025
5.529675
5.537475
5.5463
5.5551
5.556975
5.560775
5.564625
5.57975
5.5884
5.5921
5.594275
5.597375
5.61535
5.642225
5.690725
5.691775
5.693275
5.7856
5.8016
5.8058
5.808325
5.809775
5.81605
5.828525
5.83095
5.831975
5.83465
5.845375
5.8477
5.856725
5.859425
5.878075
5.88135
5.887725
5.923825
5.94125
5.950225
5.967925
5.968725
5.969875
5.98425
6.03425
6.0387
6.046775
6.078575
6.1009
6.102625
6.103775
6.10745
6.112175
6.119775
6.121525
6.1231
6.123175
6.127925
6.131775
6.14865
6.15495
6.1564
6.16445
6.17805
6.18795
6.213
6.213325
6.253775
6.255125
6.2678
6.32205
6.34155
6.40045
6.406775
6.410025
6.41235
6.4188
6.4253
6.42565
6.429
6.44205
6.442125
6.44455
6.46445
6.4685
6.480875
6.483275
6.490175
6.5531
6.5641
6.5741
6.5754
6.5844
6.616175
6.6316
6.640425
6.68425
6.700475
6.70615
6.71345
6.71645
6.755425
6.761675
6.7741
6.781575
6.795525
6.800475
6.8137
6.821825
6.826875
6.829075
6.8302
6.84905
6.86595
6.8725
6.876025
6.888125
6.931925
6.949075
6.970525
7.002875
7.004975
7.009575
7.017225
7.020425
7.024625
7.0261
7.0315
7.03405
7.064075
7.066225
7.08645
7.0943
7.105175
7.153475
7.1633
7.163775
7.16605
7.169
7.17105
7.176825
7.189625
7.2155
7.2265
7.23875
7.269
7.2731
7.28395
7.309725
7.3128
7.317325
7.337875
7.3395
7.341525
7.347025
7.350575
7.3555
7.3574
7.364175
7.381075
7.384
7.388975
7.41165
7.41875
7.438225
7.474025
7.5314
7.54715
7.58785
7.595175
7.601075
7.604475
7.60695
7.608375
7.613
7.6245
7.6259
7.635075
7.642325
7.6438
7.6613
7.66555
7.6715
7.697775
7.708975
7.71075
7.721
7.72345
7.7578
7.761325
7.7637
7.768575
7.78275
7.78425
7.791
7.8007
7.859125
7.861525
7.8621
7.897225
7.8975
7.902675
7.907575
7.9076
7.91355
7.92415
7.938775
7.94145
7.950475
7.959825
7.974125
7.980975
7.99195
7.991975
7.99415
8.031375
8.032875
8.039625
8.0575
8.063075
8.20455
8.20615
8.206975
8.20845
8.211925
8.212125
8.222325
8.2308
8.241875
8.24875
8.249725
8.25175
8.258075
8.26685
8.268025
8.270175
8.30505
8.313425
8.313475
8.33125
8.333625
8.340375
8.3498
8.353675
8.356025
8.3827
8.38535
8.3868
8.400425
8.407825
8.426275
8.428625
8.45175
8.47145
8.486775
8.4967
8.499475
8.502925
8.5088
8.515925
8.518125
8.520575
8.524325
8.534375
8.5399
8.540225
8.5448
8.5562
8.5563
8.56445
8.5917
8.5999
8.610125
8.6141
8.61445
8.617875
8.6627
8.7047
8.705325
8.720125
8.750325
8.7918
8.7998
8.8054
8.810625
8.813625
8.8193
8.826875
8.827975
8.831775
8.8359
8.843625
8.844975
8.874075
8.875825
8.880075
8.885025
8.8912
8.892475
8.8967
8.907225
8.908025
8.914975
8.937375
8.963075
8.978625
8.97965
8.981675
8.98885
9.03545
9.04225
9.050775
9.0881
791
