0.101125
0.109025
0.1143
0.11655
0.146925
0.156625
0.168375
0.17475
0.18615
0.1868
0.202725
0.2319
0.232725
0.24045
0.254375
0.261675
0.268175
0.281225
0.300025
0.300675
0.30115
0.30275
0.326425
0.34605
0.36745
0.402425
0.407325
0.41355
0.414525
0.415
0.4216
0.4271
0.43175
0.431825
0.44065
0.441725
0.4443
0.452225
0.458
0.4628
0.4651
0.480725
0.4874
0.4976
0.50935
0.51775
0.527375
0.560075
0.567
0.6021
0.636225
0.654775
0.658025
0.66545
0.705825
0.706075
0.7086
0.710925
0.71315
0.722325
0.7265
0.729225
0.7397
0.75185
0.754725
0.7556
0.762825
0.7654
0.77235
0.774675
0.7855
0.79755
0.8117
0.817
0.817375
0.838225
0.838425
0.84295
0.86345
0.86685
0.882525
0.88435
0.891725
0.897575
0.9528
0.9813
0.991225
0.9969
1.002625
1.00365
1.00435
1.011375
1.017075
1.02245
1.02655
1.029625
1.031375
1.03965
1.040925
1.041925
1.043625
1.054525
1.061325
1.0666
1.068375
1.08375
1.084475
1.093375
1.0956
1.096625
1.10365
1.1146
1.126275
1.13055
1.131
1.13125
1.16105
1.166025
1.187075
1.215275
1.263775
1.28295
1.305025
1.3058
1.31255
1.314475
1.3178
1.32245
1.32425
1.329975
1.33015
1.36085
1.364925
1.3651
1.36985
1.37615
1.3985
1.40595
1.417375
1.42415
1.4389
1.439525
1.45075
1.46765
1.536425
1.53765
1.563475
1.6161
1.61775
1.623525
1.62835
1.644425
1.661875
1.668425
1.66885
1.672075
1.67305
1.676125
1.676975
1.694325
1.6964
1.724125
1.729575
1.785525
1.791525
1.794325
1.8829
1.88295
1.888725
1.902725
1.91215
1.91275
1.9163
1.917475
1.9403
1.948925
1.959325
1.9635
1.981275
2.002675
2.019675
2.0393
2.0467
2.073975
2.102375
2.14885
2.156625
2.168825
2.188475
2.19535
2.205825
2.207525
2.21185
2.21265
2.21635
2.221125
2.2228
2.2246
2.22675
2.24595
2.247775
2.2649
2.26945
2.27715
2.285675
2.305175
2.316475
2.346825
2.347775
2.348325
2.352175
2.36205
2.3865
2.394425
2.405825
2.43585
2.500325
2.506225
2.5287
2.531775
2.538825
2.540425
2.545575
2.55765
2.56815
2.57095
2.588875
2.5966
2.600175
2.601675
2.610075
2.619525
2.672025
2.676475
2.706875
2.729125
2.76275
2.769375
2.794425
2.80655
2.8273
2.8298
2.8337
2.8338
2.8381
2.871925
2.873875
2.896225
2.8974
2.903725
2.904175
2.909675
2.916725
2.93015
2.93915
2.94765
2.95425
2.97145
3.046275
3.073375
3.10075
3.101225
3.101975
3.102375
3.106475
3.1174
3.117725
3.124325
3.130075
3.140725
3.142425
3.154725
3.169575
3.182025
3.1866
3.193225
3.20575
3.210125
3.211175
3.2331
3.254675
3.265875
3.27545
3.297725
3.304825
3.32135
3.3476
3.36855
3.4036
3.40925
3.41635
3.4325
3.432675
3.43375
3.43915
3.440375
3.45055
3.45915
3.47405
3.474125
3.47715
3.530275
3.53645
3.538625
3.5473
3.55585
3.5695
3.57325
3.588225
3.601325
3.601475
3.650025
3.6771
3.679925
3.7064
3.71345
3.716825
3.742625
3.751825
3.77045
3.78475
3.797025
3.84635
3.848475
3.850975
3.875625
3.918625
3.92005
3.924975
4.00085
4.0057
4.012875
4.014
4.037375
4.042
4.06645
4.0701
4.081475
4.081675
4.0848
4.08625
4.101525
4.118125
4.118825
4.123725
4.12735
4.151425
4.15545
4.16805
4.187625
4.1962
4.23135
4.2564
4.299975
4.300175
4.31785
4.32635
4.336975
4.339725
4.350075
4.355525
4.361225
4.3626
4.3661
4.368125
4.379825
4.38345
4.4042
4.407875
4.419425
4.42105
4.443
4.454
4.454775
4.455125
4.485325
4.508025
4.5205
4.552025
4.5554
4.588225
4.6004
4.608
4.6214
4.63765
4.638925
4.642925
4.64505
4.66225
4.683975
4.684725
4.692325
4.701925
4.706025
4.7161
4.722575
4.724
4.734925
4.73585
4.736975
4.744525
4.759525
4.7612
4.7779
4.781925
4.79385
4.8031
4.8136
4.83045
4.8417
4.847575
4.863
4.8868
4.8901
4.90105
4.912025
4.91355
4.9155
4.91635
4.916425
4.91655
4.9212
4.9285
4.9301
4.93165
4.9378
4.943025
4.94705
4.962325
4.97755
5.01135
5.018875
5.024775
5.032675
5.0583
5.0755
5.0924
5.104825
5.1085
5.110225
5.1481
5.1558
5.1742
5.188475
5.2128
5.213875
5.2188
5.222875
5.2314
5.256375
5.2591
5.26385
5.2695
5.277725
5.27935
5.28635
5.28785
5.2892
5.290825
5.303625
5.321475
5.3397
5.343225
5.361975
5.408525
5.4272
5.42865
5.4295
5.46275
5.4661
5.4816
5.510575
5.525625
5.528125
5.5306
5.531325
5.53695
5.537825
5.54325
5.544075
5.54935
5.551025
5.55545
5.565675
5.581275
5.59655
5.60715
5.6166
5.6304
5.650425
5.654175
5.658575
5.672875
5.68465
5.697725
5.7142
5.72175
5.72725
5.7581
5.77295
5.802075
5.805725
5.8062
5.8063
5.807875
5.8139
5.81905
5.82635
5.8332
5.8337
5.841925
5.853625
5.85515
5.85995
5.86155
5.8666
5.868825
5.872025
5.87375
5.874175
5.8775
5.922025
5.9311
5.93675
5.95935
5.98825
5.990625
5.9913
6.03125
6.03845
6.039525
6.086775
6.089425
6.095725
6.10335
6.10785
6.111225
6.126
6.12615
6.1304
6.1376
6.1387
6.145125
6.1513
6.153125
6.172875
6.19495
6.197725
6.208475
6.21985
6.2369
6.2373
6.2507
6.25735
6.266175
6.26705
6.2721
6.277525
6.2902
6.296175
6.30685
6.3211
6.330225
6.3344
6.336525
6.337025
6.401075
6.409725
6.4144
6.418625
6.42965
6.43545
6.447
6.466075
6.46705
6.4779
6.4799
6.4969
6.5026
6.50605
6.51
6.5154
6.556525
6.5585
6.579
6.602625
6.6065
6.608975
6.6347
6.6412
6.645875
6.6473
6.649625
6.665625
6.6876
6.70165
6.703025
6.7048
6.713125
6.731025
6.733175
6.751425
6.751925
6.763275
6.767825
6.77615
6.7805
6.79
6.797875
6.829325
6.838125
6.8453
6.85985
6.895375
6.899825
6.90885
6.93405
6.9474
6.9703
6.98455
7.0001
7.01115
7.03695
7.038475
7.04395
7.0444
7.0532
7.07225
7.0777
7.0852
7.0861
7.10775
7.108275
7.16975
7.1753
7.203925
7.213825
7.249275
7.280275
7.286725
7.3045
7.305825
7.31835
7.3187
7.3215
7.336425
7.336625
7.342175
7.348175
7.354075
7.360825
7.381825
7.383
7.41095
7.419725
7.42045
7.42625
7.43085
7.434725
7.442375
7.457975
7.51155
7.51935
7.51975
7.5325
7.583725
7.595025
7.600175
7.6009
7.61595
7.61995
7.627175
7.639625
7.64035
7.640975
7.6454
7.648125
7.662325
7.6775
7.683725
7.684825
7.730775
7.7401
7.743625
7.746625
7.761025
7.765925
7.76675
7.775225
7.777225
7.81575
7.830325
7.83525
7.8597
7.866975
7.9013
7.91765
7.9276
7.9562
7.975525
7.97995
7.98715
7.9909
8.00975
8.0391
8.04555
8.095275
8.104225
8.150175
8.153175
8.16685
8.199975
8.204875
8.210825
8.2149
8.234225
8.236225
8.246575
8.25325
8.265925
8.28525
8.28945
8.291975
8.293825
8.313
8.3284
8.36625
8.368675
8.37985
8.383425
8.393525
8.420725
8.432925
8.4869
8.48785
8.5033
8.504775
8.51015
8.51575
8.52955
8.539425
8.541275
8.5562
8.557375
8.56475
8.580125
8.582025
8.582175
8.60885
8.60925
8.621125
8.646975
8.657425
8.67565
8.69225
8.771275
8.801325
8.802525
8.817425
8.83025
8.832125
8.833375
8.83435
8.8348
8.858375
8.893
8.8935
8.907775
8.920325
8.9298
8.93235
8.986075
8.9933
9.015775
9.025225
9.0347
776
