0.094575
0.11465
0.116775
0.125225
0.131425
0.1318
0.134125
0.147325
0.149625
0.1525
0.153425
0.179675
0.18125
0.1869
0.202625
0.233675
0.2374
0.2763
0.2782
0.291275
0.296875
0.3033
0.31885
0.325725
0.3523
0.3593
0.365625
0.37365
0.42675
0.474175
0.478375
0.483875
0.490275
0.497225
0.517425
0.521275
0.526975
0.55565
0.5625
0.61145
0.621425
0.62755
0.651575
0.70495
0.720025
0.7221
0.724025
0.727775
0.737775
0.739475
0.75515
0.769275
0.7752
0.78135
0.789425
0.795275
0.801175
0.836225
0.84715
0.879075
0.8809
0.9274
0.935375
0.96095
0.983325
1.0071
1.009575
1.01575
1.024275
1.02455
1.02485
1.027
1.034775
1.0379
1.0444
1.06595
1.082875
1.0917
1.10055
1.1305
1.1363
1.15685
1.203175
1.2157
1.2705
1.312325
1.31285
1.313625
1.334275
1.334425
1.348375
1.3564
1.3581
1.3744
1.3819
1.3839
1.38815
1.44185
1.444175
1.4472
1.4511
1.454275
1.45945
1.467475
1.481525
1.50505
1.51605
1.5439
1.5666
1.601125
1.6023
1.603775
1.60385
1.6104
1.615
1.6158
1.6163
1.6213
1.625025
1.632925
1.63465
1.64055
1.64255
1.642925
1.643425
1.6823
1.682525
1.6937
1.747925
1.7585
1.75985
1.772775
1.8071
1.853125
1.8646
1.880975
1.908925
1.9105
1.9259
1.929175
1.935125
1.9378
1.95665
1.9626
1.96965
1.973875
1.988925
1.9895
2.010275
2.025675
2.04605
2.049425
2.053275
2.054025
2.058
2.05915
2.059875
2.084075
2.08855
2.127375
2.13435
2.136125
2.195325
2.2263
2.2308
2.246125
2.246875
2.26325
2.2653
2.281975
2.284475
2.30245
2.303725
2.31445
2.31965
2.321925
2.337775
2.356575
2.35925
2.3612
2.3835
2.462875
2.500025
2.512025
2.516275
2.516525
2.520975
2.524775
2.531825
2.5507
2.55525
2.5584
2.565475
2.56865
2.573825
2.5763
2.58475
2.609275
2.6112
2.632975
2.651675
2.66275
2.668175
2.691425
2.69725
2.708525
2.744575
2.74635
2.746975
2.7819
2.80955
2.8114
2.81485
2.817825
2.81935
2.8291
2.8367
2.837875
2.844825
2.845
2.846575
2.848175
2.860675
2.8609
2.86725
2.86905
2.8707
2.8777
2.89475
2.8953
2.90175
2.9127
2.939025
2.94195
2.9645
2.974075
2.9747
2.983825
3.002225
3.025775
3.07355
3.086475
3.117825
3.1188
3.1199
3.123225
3.134825
3.1471
3.15845
3.1642
3.17145
3.1742
3.175925
3.21015
3.2269
3.2724
3.2739
3.282775
3.32825
3.33655
3.39155
3.395625
3.395725
3.4005
3.4065
3.4193
3.423725
3.4295
3.434625
3.438875
3.440975
3.455775
3.466075
3.473175
3.473725
3.479375
3.5077
3.55285
3.57125
3.5806
3.639325
3.676375
3.7124
3.718275
3.72075
3.72575
3.7342
3.739075
3.743225
3.781825
3.79865
3.79975
3.801675
3.819025
3.826875
3.8359
3.83715
3.88375
3.887825
3.908425
3.909175
3.9097
3.916525
4.00695
4.00975
4.0171
4.032375
4.057125
4.061475
4.08325
4.093425
4.106975
4.120275
4.120425
4.14185
4.1428
4.16045
4.160475
4.1605
4.164125
4.204575
4.2257
4.248375
4.310975
4.31425
4.317625
4.32565
4.3455
4.349275
4.351125
4.35875
4.3588
4.3659
4.3673
4.373275
4.3777
4.379975
4.385
4.38975
4.408025
4.40995
4.415075
4.41805
4.4611
4.502425
4.504425
4.50445
4.516325
4.5267
4.528125
4.544525
4.546875
4.573125
4.597675
4.603575
4.6087
4.609925
4.629425
4.643275
4.644325
4.645525
4.661025
4.665575
4.667175
4.67075
4.670875
4.677825
4.68765
4.691775
4.6926
4.732075
4.7388
4.762925
4.7777
4.781075
4.788125
4.802425
4.810725
4.813725
4.822975
4.855125
4.868925
4.89655
4.9069
4.9132
4.9142
4.91495
4.9172
4.91805
4.919425
4.921725
4.926625
4.92705
4.9309
4.931425
4.9316
4.933225
4.9423
4.94375
4.958575
4.958675
4.9667
4.98995
5.004125
5.0063
5.007725
5.00925
5.012825
5.0165
5.029325
5.0345
5.04105
5.043675
5.051025
5.07775
5.082125
5.108225
5.1126
5.162125
5.205275
5.228075
5.237175
5.24955
5.250525
5.2759
5.280875
5.29585
5.2998
5.3052
5.30735
5.3215
5.326775
5.37385
5.390775
5.428425
5.465925
5.4779
5.51915
5.5194
5.5219
5.525275
5.532025
5.533125
5.53345
5.53535
5.538425
5.542075
5.544275
5.5462
5.550575
5.570775
5.571325
5.58585
5.591225
5.59345
5.594925
5.59775
5.61535
5.618325
5.637525
5.638
5.6475
5.663325
5.674775
5.688375
5.697575
5.72455
5.7309
5.731425
5.7417
5.771725
5.776775
5.801425
5.815575
5.81565
5.816
5.8177
5.868775
5.870225
5.870275
5.88415
5.88725
5.909125
5.9112
5.957075
5.977275
6.0075
6.0105
6.019375
6.0201
6.043825
6.085875
6.10475
6.107375
6.137925
6.143425
6.1504
6.15095
6.156875
6.164975
6.165475
6.169675
6.1751
6.18075
6.198325
6.2139
6.22085
6.22675
6.2346
6.234675
6.2551
6.274175
6.279525
6.284
6.2942
6.312525
6.3366
6.34035
6.3449
6.345325
6.367025
6.3834
6.409125
6.41125
6.415925
6.4208
6.421
6.45845
6.461925
6.462475
6.464725
6.495075
6.52435
6.549975
6.579325
6.606875
6.642525
6.6997
6.70365
6.70445
6.7047
6.71295
6.720075
6.743175
6.7496
6.7562
6.778825
6.78235
6.8046
6.818075
6.8204
6.83405
6.838025
6.84585
6.860125
6.86745
6.873175
6.88065
6.884075
6.88425
6.8858
6.89815
6.903175
6.91975
6.938425
6.940475
6.941325
6.9479
7.0061
7.016825
7.0169
7.02215
7.033175
7.036275
7.04135
7.042225
7.043325
7.043725
7.0478
7.056625
7.0657
7.080525
7.118475
7.127525
7.127575
7.13465
7.14315
7.157125
7.2157
7.24625
7.297325
7.30785
7.318625
7.31885
7.340725
7.343375
7.350775
7.36875
7.374075
7.37875
7.38395
7.40225
7.407875
7.414275
7.421675
7.433625
7.4402
7.4435
7.457925
7.4637
7.4646
7.47295
7.47575
7.497275
7.523125
7.52365
7.525675
7.53825
7.555525
7.556025
7.561675
7.5627
7.57645
7.6044
7.6053
7.605375
7.605625
7.615175
7.619225
7.63765
7.648825
7.65085
7.68515
7.693475
7.70115
7.70975
7.72485
7.7377
7.741225
7.77445
7.7868
7.791975
7.87185
7.887225
7.90365
7.909425
7.909725
7.919125
7.92165
7.922775
7.93835
7.9476
7.94765
7.961375
7.962525
7.97695
8.0014
8.00205
8.004375
8.012725
8.025625
8.046625
8.07405
8.08135
8.097875
8.118125
8.1295
8.14645
8.18305
8.201325
8.213875
8.2156
8.218325
8.233975
8.235225
8.2677
8.2704
8.286725
8.31305
8.355475
8.39115
8.3983
8.435525
8.438525
8.461525
8.474325
8.501975
8.502675
8.509
8.51155
8.514925
8.51935
8.52985
8.531825
8.54465
8.5585
8.578725
8.58725
8.596425
8.5966
8.61625
8.630325
8.6422
8.6477
8.65075
8.651975
8.654475
8.681125
8.693375
8.7127
8.74385
8.761025
8.766
8.769925
8.7704
8.8023
8.8062
8.81225
8.8158
8.816775
8.8319
8.8473
8.86475
8.87855
8.879425
8.88205
8.883525
8.885275
8.8888
8.89395
8.9056
8.913875
8.917175
8.922925
8.927125
8.930225
8.945175
8.9798
8.98195
8.982775
8.992525
9.01155
9.05495
9.065375
9.097975
745
