0.10085
0.10175
0.108475
0.11175
0.11625
0.117425
0.11835
0.123725
0.129475
0.139575
0.158525
0.158775
0.18945
0.200425
0.207825
0.219425
0.223775
0.224425
0.231925
0.2364
0.269975
0.271975
0.281325
0.29055
0.315475
0.320525
0.3415
0.401575
0.402475
0.409625
0.41295
0.425125
0.42515
0.4316
0.449475
0.460925
0.46155
0.466125
0.4851
0.488975
0.4958
0.503825
0.505075
0.512925
0.524825
0.5448
0.554875
0.5591
0.5592
0.590375
0.615425
0.633775
0.64275
0.701225
0.7014
0.704225
0.70755
0.71205
0.712825
0.71395
0.722475
0.72425
0.7273
0.74275
0.74885
0.74995
0.75515
0.7575
0.77635
0.7799
0.78735
0.80485
0.820375
0.820425
0.83525
0.85245
0.8527
0.860375
0.871475
0.88285
0.896275
0.93695
0.970825
1.002125
1.00295
1.005325
1.015725
1.02515
1.0378
1.045675
1.0484
1.071575
1.08265
1.087575
1.094
1.1029
1.114875
1.120475
1.13325
1.157375
1.158525
1.195175
1.208175
1.211525
1.215225
1.22795
1.30055
1.30835
1.31315
1.318025
1.32
1.331525
1.33375
1.336075
1.339375
1.345825
1.355775
1.36005
1.361175
1.36305
1.370975
1.3938
1.394675
1.40235
1.4111
1.412275
1.4183
1.41835
1.427025
1.4749
1.47515
1.4868
1.49735
1.5039
1.538225
1.540225
1.55675
1.568525
1.6017
1.60205
1.607625
1.617825
1.620575
1.621825
1.634975
1.644575
1.645975
1.652725
1.68015
1.691875
1.692925
1.6979
1.6992
1.705425
1.71055
1.757475
1.7592
1.776375
1.78115
1.80465
1.8249
1.8478
1.9019
1.9021
1.9142
1.9155
1.9187
1.923925
1.934875
1.93555
1.936825
1.947
1.955675
1.95865
1.9605
1.962925
1.96615
1.9719
1.975325
1.98275
1.9996
2.023175
2.031025
2.040725
2.0589
2.107125
2.136375
2.143175
2.1508
2.15265
2.175625
2.20495
2.22
2.225525
2.2357
2.23955
2.24095
2.254325
2.2728
2.2732
2.280975
2.28195
2.3111
2.31245
2.3194
2.32745
2.335575
2.351325
2.3696
2.38015
2.432825
2.454875
2.45575
2.457225
2.500425
2.509075
2.509725
2.510175
2.5124
2.51725
2.5229
2.533675
2.543075
2.545825
2.555075
2.55615
2.5575
2.559675
2.566525
2.568525
2.5707
2.6272
2.63625
2.63715
2.638625
2.642
2.65675
2.6678
2.66905
2.6938
2.696025
2.707675
2.721875
2.8003
2.808975
2.81545
2.81735
2.81945
2.820225
2.83415
2.858825
2.871175
2.88015
2.883475
2.8971
2.898825
2.923075
2.94615
2.946175
2.96495
2.975975
2.9901
3.026875
3.048075
3.058975
3.0772
3.0824
3.109275
3.11465
3.1206
3.12225
3.1233
3.138375
3.1409
3.147125
3.1543
3.1602
3.163375
3.1725
3.17355
3.18425
3.191875
3.202075
3.20435
3.24965
3.291325
3.2915
3.313625
3.35055
3.36415
3.36785
3.401475
3.4038
3.403825
3.4105
3.4145
3.424525
3.437775
3.438775
3.4408
3.45575
3.46525
3.477025
3.478075
3.478575
3.48175
3.486825
3.496275
3.5044
3.5094
3.521625
3.5348
3.542375
3.549275
3.5498
3.58005
3.61475
3.625975
3.703425
3.724525
3.734925
3.7395
3.7443
3.75015
3.75085
3.7583
3.780775
3.784075
3.7916
3.79285
3.798025
3.819775
3.87125
3.8757
3.8857
3.888975
3.907825
3.90915
3.9132
3.91445
3.938675
3.93915
3.946575
3.953525
3.9769
4.002325
4.007725
4.018875
4.022375
4.02395
4.0417
4.043325
4.0485
4.04955
4.06135
4.079525
4.102475
4.10285
4.11745
4.125325
4.1621
4.1866
4.186675
4.186725
4.269
4.295475
4.305025
4.30515
4.319225
4.336125
4.33955
4.3419
4.35235
4.359125
4.373075
4.373575
4.374225
4.3781
4.3831
4.388275
4.389125
4.3906
4.408575
4.42105
4.448625
4.47335
4.473725
4.481925
4.486225
4.5037
4.5059
4.52575
4.580325
4.583625
4.6035
4.608725
4.6113
4.6118
4.625725
4.629975
4.64985
4.659725
4.6652
4.68025
4.711175
4.716175
4.718475
4.752675
4.768525
4.7996
4.80185
4.82245
4.830225
4.903625
4.912175
4.9215
4.922975
4.92355
4.9319
4.932125
4.96975
4.97545
5.00205
5.008125
5.066025
5.07015
5.0716
5.0727
5.095075
5.109875
5.123925
5.145975
5.2132
5.217075
5.221775
5.223475
5.22915
5.2312
5.234275
5.2371
5.238625
5.254225
5.2697
5.281175
5.2877
5.2972
5.303625
5.308275
5.310075
5.3114
5.347125
5.3527
5.3537
5.35945
5.37285
5.375375
5.3808
5.3852
5.386525
5.48915
5.504125
5.505575
5.507275
5.514075
5.5162
5.550575
5.55115
5.5626
5.567425
5.567775
5.5809
5.583475
5.58775
5.5926
5.6019
5.608375
5.62845
5.660575
5.770725
5.7771
5.7944
5.8028
5.81565
5.827475
5.828275
5.839775
5.851525
5.86065
5.863325
5.86765
5.8913
5.895925
5.90095
5.9167
5.927725
5.955725
5.957125
5.958125
5.98585
5.99145
6.0265
6.035525
6.11285
6.1162
6.116475
6.13155
6.134375
6.137375
6.156025
6.158225
6.162675
6.17435
6.181625
6.199775
6.21385
6.22365
6.236575
6.245025
6.265125
6.272725
6.295475
6.31355
6.324975
6.3933
6.401675
6.402275
6.4023
6.404975
6.405475
6.40755
6.409825
6.4114
6.414875
6.42375
6.429175
6.433025
6.4464
6.462025
6.469
6.47295
6.4791
6.479725
6.48745
6.49595
6.499775
6.510775
6.5149
6.523025
6.540975
6.560425
6.564975
6.584625
6.600275
6.605125
6.630075
6.712175
6.714575
6.718775
6.719725
6.7415
6.751875
6.76605
6.775825
6.8017
6.802275
6.8085
6.821525
6.828375
6.8713
6.873475
6.8761
6.917075
6.951275
6.96265
6.9633
6.977375
6.98685
6.9942
7.00245
7.009825
7.01235
7.013875
7.015725
7.022575
7.0313
7.052125
7.057075
7.0596
7.0665
7.08245
7.092025
7.1051
7.11985
7.135925
7.14365
7.14435
7.183625
7.205625
7.246275
7.2719
7.3103
7.31605
7.319125
7.32215
7.3226
7.32835
7.330425
7.333875
7.335
7.349825
7.35545
7.358975
7.36885
7.368875
7.380225
7.385675
7.39455
7.400775
7.409775
7.410975
7.41585
7.4801
7.49875
7.55215
7.564575
7.6185
7.649325
7.65595
7.672975
7.675925
7.6895
7.6943
7.700375
7.7339
7.738775
7.7405
7.746875
7.750425
7.7568
7.764225
7.786575
7.78925
7.8249
7.838775
7.848075
7.86135
7.875025
7.9021
7.905475
7.929425
7.931275
7.943625
7.953825
7.9721
7.9812
7.98985
7.99435
7.995675
7.998775
8.0004
8.008625
8.013125
8.017525
8.033025
8.049375
8.054975
8.081125
8.10085
8.11245
8.141125
8.16645
8.203775
8.216425
8.229625
8.239525
8.24305
8.246525
8.2546
8.2561
8.263675
8.2658
8.266875
8.269225
8.2747
8.283575
8.289925
8.299025
8.312425
8.330825
8.334325
8.3522
8.356075
8.369525
8.391575
8.392925
8.447425
8.508225
8.516875
8.52355
8.52925
8.530625
8.535075
8.542275
8.543775
8.545875
8.546975
8.55805
8.558725
8.567475
8.570875
8.575725
8.57635
8.584425
8.584475
8.605125
8.60895
8.616775
8.634225
8.636575
8.64085
8.64545
8.648575
8.657875
8.6992
8.714425
8.751875
8.778525
8.78955
8.795125
8.79595
8.8018
8.804075
8.80445
8.809325
8.81925
8.8256
8.828825
8.83495
8.838275
8.84085
8.847825
8.8589
8.860725
8.867175
8.87915
8.884275
8.891
8.90375
8.911875
8.91245
8.933125
8.9653
8.9715
8.98605
9.071425
9.075725
756
