0.1003
0.1013
0.1024
0.102425
0.1119
0.115725
0.12735
0.132475
0.13505
0.1386
0.1401
0.141425
0.145025
0.14525
0.16765
0.1797
0.184425
0.187425
0.188875
0.206375
0.2131
0.21865
0.221475
0.24565
0.2491
0.25635
0.276375
0.331475
0.345275
0.393925
0.408575
0.42565
0.43165
0.441825
0.4484
0.455875
0.465725
0.475125
0.4879
0.501
0.5146
0.5191
0.52495
0.53355
0.5437
0.554425
0.562075
0.576075
0.589025
0.591275
0.6047
0.61495
0.6234
0.625175
0.709625
0.7124
0.713575
0.7151
0.719675
0.726375
0.744725
0.745425
0.75205
0.757175
0.76955
0.77105
0.7773
0.7782
0.7833
0.789225
0.7925
0.7953
0.80525
0.808925
0.83115
0.83785
0.83805
0.856075
0.867925
0.88285
0.892825
0.92515
0.9452
0.95415
0.999475
1.00365
1.008275
1.009925
1.01295
1.014375
1.020375
1.025825
1.03295
1.043875
1.053375
1.064525
1.0841
1.09445
1.09525
1.09795
1.1131
1.115875
1.123525
1.15275
1.2075
1.2077
1.212725
1.22775
1.228975
1.28145
1.28515
1.30015
1.301225
1.305
1.3058
1.30985
1.313075
1.31715
1.324
1.326575
1.3313
1.347575
1.37075
1.37365
1.379675
1.387675
1.390575
1.4081
1.44385
1.44665
1.4616
1.475175
1.493925
1.4973
1.5024
1.557675
1.578975
1.607225
1.629175
1.63185
1.6371
1.650025
1.65025
1.65535
1.657325
1.66695
1.6728
1.67285
1.678275
1.682725
1.686825
1.692675
1.741625
1.758625
1.770175
1.776875
1.8012
1.804975
1.84315
1.87575
1.90115
1.904325
1.923125
1.93
1.93885
1.943525
1.953375
1.9658
1.98295
1.985125
1.9914
1.997175
2.000325
2.00815
2.04965
2.049675
2.06275
2.08985
2.113575
2.151025
2.16325
2.1685
2.185925
2.20445
2.2048
2.208375
2.2086
2.20895
2.212175
2.23765
2.238
2.243375
2.250275
2.257575
2.28265
2.28455
2.321675
2.329
2.32975
2.338475
2.355775
2.37165
2.3792
2.389075
2.39055
2.426425
2.426525
2.437425
2.44075
2.448525
2.46455
2.490875
2.501125
2.51255
2.513225
2.51735
2.522
2.52575
2.5426
2.563525
2.56585
2.574725
2.58395
2.59465
2.643625
2.64885
2.654
2.679275
2.72925
2.7751
2.7797
2.8092
2.81245
2.81665
2.825825
2.82725
2.8846
2.8865
2.91205
2.9405
2.949375
2.95235
3.00125
3.0199
3.041325
3.05465
3.064525
3.079975
3.10175
3.1093
3.110325
3.114925
3.136525
3.13855
3.139525
3.154975
3.16065
3.17415
3.18625
3.195275
3.22645
3.234125
3.239675
3.241025
3.2489
3.265825
3.266575
3.269175
3.272525
3.3148
3.315725
3.322075
3.331325
3.354175
3.401775
3.40775
3.421175
3.42205
3.426025
3.42955
3.43715
3.437925
3.44645
3.4608
3.4903
3.49265
3.5003
3.5345
3.538425
3.56915
3.668425
3.685225
3.70505
3.70695
3.7135
3.714925
3.7161
3.717625
3.7205
3.72255
3.7249
3.726175
3.72735
3.729275
3.7346
3.736975
3.74915
3.75445
3.7545
3.770925
3.777625
3.80635
3.807775
3.807925
3.82435
3.82835
3.832325
3.85355
3.859275
3.859925
3.862275
3.86875
3.87245
3.890525
3.89945
3.927575
3.9365
4.001525
4.008925
4.010125
4.018075
4.02285
4.028575
4.030125
4.03995
4.073525
4.10805
4.110825
4.127125
4.12885
4.136125
4.1477
4.15035
4.151975
4.152325
4.159975
4.16185
4.20965
4.215075
4.2258
4.239175
4.25695
4.282175
4.28435
4.3033
4.313175
4.322925
4.33975
4.342275
4.355
4.366875
4.371225
4.3735
4.373525
4.386075
4.389025
4.40655
4.42395
4.43105
4.435575
4.45045
4.4619
4.465625
4.4705
4.5736
4.58835
4.6028
4.603925
4.612975
4.619725
4.6246
4.62835
4.630675
4.640475
4.647125
4.6488
4.6536
4.6577
4.6616
4.667325
4.6683
4.670275
4.673125
4.67815
4.678725
4.693925
4.69575
4.7111
4.754875
4.75595
4.7583
4.7846
4.78785
4.791
4.797525
4.829425
4.88775
4.903975
4.90505
4.90545
4.908875
4.91245
4.916875
4.92365
4.926
4.953
4.9578
4.961125
4.962475
4.9683
4.977875
4.9814
4.99565
4.9999
5.000025
5.00845
5.03295
5.0386
5.04905
5.057875
5.059525
5.0662
5.0701
5.0751
5.0898
5.10115
5.1061
5.118925
5.11955
5.124525
5.132875
5.180625
5.2032
5.2072
5.209725
5.215125
5.223825
5.224525
5.2332
5.23345
5.23945
5.25235
5.25485
5.259725
5.2632
5.281075
5.28155
5.2856
5.294575
5.30235
5.302775
5.3034
5.339425
5.370775
5.37575
5.37875
5.38555
5.416475
5.4248
5.438025
5.4597
5.4745
5.5017
5.52015
5.543375
5.544375
5.553275
5.559
5.572
5.583825
5.5847
5.586925
5.591125
5.609225
5.612475
5.62255
5.645925
5.64965
5.67165
5.707975
5.754425
5.778125
5.8174
5.81765
5.822525
5.833575
5.83475
5.836825
5.8523
5.85235
5.8528
5.866675
5.894475
5.9187
5.928525
5.929575
5.94095
5.946275
5.96495
5.97405
5.975725
5.98625
6.0406
6.041425
6.068775
6.09285
6.124875
6.12755
6.139675
6.14745
6.15
6.17275
6.1934
6.198
6.2256
6.232525
6.23515
6.25915
6.3275
6.340625
6.34245
6.373525
6.3971
6.399775
6.403975
6.41145
6.423475
6.4269
6.427775
6.43165
6.479525
6.48525
6.486725
6.490175
6.497
6.498025
6.5236
6.536825
6.53735
6.5387
6.541575
6.541825
6.571625
6.5844
6.59095
6.6123
6.6134
6.6314
6.64065
6.645025
6.645825
6.652525
6.655675
6.693525
6.708275
6.7083
6.710425
6.71535
6.715525
6.7189
6.719725
6.723075
6.72855
6.731225
6.7914
6.792675
6.7988
6.800875
6.811075
6.813675
6.8161
6.82385
6.8387
6.8548
6.87105
6.9151
6.928675
6.950325
6.9574
6.96505
6.970275
6.971875
6.9728
6.9978
7.007925
7.01255
7.013925
7.016975
7.022875
7.0247
7.032325
7.04375
7.045325
7.07005
7.073825
7.08565
7.092275
7.134025
7.134275
7.139475
7.14005
7.1559
7.176975
7.177675
7.1969
7.213475
7.2688
7.30205
7.3023
7.310325
7.314875
7.32035
7.32315
7.335575
7.340525
7.352025
7.367925
7.38475
7.38765
7.388525
7.3984
7.39925
7.4173
7.425375
7.429225
7.4458
7.450875
7.4668
7.519575
7.524425
7.526175
7.5388
7.574225
7.5924
7.607
7.616125
7.6166
7.617
7.617525
7.6259
7.6262
7.62715
7.627175
7.63065
7.64465
7.646225
7.6511
7.65235
7.65875
7.66935
7.68295
7.694975
7.70035
7.701925
7.71115
7.71855
7.71935
7.7249
7.77245
7.7726
7.7816
7.782825
7.792575
7.80675
7.8099
7.831675
7.848025
7.850475
7.885275
7.900175
7.911125
7.91965
7.9243
7.925825
7.92645
7.9268
7.9295
7.953375
8.008175
8.013
8.0382
8.050175
8.060425
8.07615
8.0888
8.10615
8.1594
8.1808
8.192525
8.21165
8.2124
8.2137
8.226675
8.232475
8.239
8.2403
8.24435
8.246325
8.255225
8.261025
8.265125
8.2942
8.297875
8.316025
8.32885
8.337325
8.338325
8.3391
8.3444
8.3635
8.367425
8.507475
8.516075
8.51925
8.527825
8.528675
8.5302
8.530675
8.539075
8.550175
8.553375
8.556675
8.5615
8.564525
8.5738
8.5785
8.5922
8.605175
8.6284
8.643475
8.64365
8.6533
8.6689
8.670875
8.67485
8.68055
8.69065
8.7032
8.71205
8.723475
8.727525
8.74535
8.769675
8.781425
8.785125
8.804975
8.846125
8.855575
8.8611
8.862675
8.872125
8.874
8.888625
8.90865
8.912
8.91385
8.9339
8.9408
8.955325
8.996625
9.008375
9.0383
9.04305
9.06455
9.064775
9.064975
9.093175
777
