0.108975
0.115975
0.1171
0.120075
0.132275
0.133075
0.1365
0.144225
0.1443
0.144625
0.1629
0.174525
0.188925
0.1892
0.189775
0.23345
0.252425
0.273575
0.291525
0.2957
0.3209
0.3238
0.32525
0.34085
0.387675
0.41235
0.41735
0.42885
0.430425
0.4333
0.434
0.43485
0.436075
0.444025
0.4631
0.469375
0.476175
0.48325
0.493125
0.495325
0.5045
0.5178
0.519025
0.52875
0.5497
0.56945
0.569925
0.579575
0.598
0.607575
0.609875
0.611625
0.6247
0.647975
0.650725
0.655825
0.6645
0.69165
0.692275
0.705225
0.714775
0.715475
0.74405
0.7453
0.74755
0.75
0.79045
0.7931
0.80945
0.812475
0.827475
0.838725
0.843
0.85605
0.863175
0.905
0.9699
0.9726
0.987775
1.007425
1.020025
1.03135
1.033025
1.0379
1.046475
1.052425
1.0975
1.0986
1.1028
1.106525
1.10705
1.142475
1.205775
1.209425
1.24835
1.251775
1.267025
1.285525
1.30645
1.313275
1.315125
1.329725
1.3311
1.4075
1.424925
1.43535
1.439775
1.4766
1.48245
1.49105
1.523725
1.53845
1.565575
1.574075
1.58785
1.603125
1.610125
1.61915
1.62075
1.6308
1.6309
1.631775
1.642725
1.649275
1.659475
1.678275
1.6973
1.7276
1.747875
1.793475
1.830675
1.840975
1.84435
1.85445
1.857725
1.87095
1.91525
1.929225
1.92965
1.940875
1.94565
1.953775
1.96805
1.971825
1.991025
1.99495
2.012075
2.019225
2.02125
2.026525
2.054625
2.09335
2.12655
2.148175
2.1542
2.157775
2.191575
2.19965
2.2014
2.201725
2.2144
2.215575
2.228125
2.2467
2.24935
2.2506
2.250775
2.260725
2.26205
2.26735
2.269225
2.295175
2.2953
2.2955
2.298775
2.300025
2.30335
2.332525
2.351275
2.352
2.354225
2.37355
2.376225
2.4289
2.43045
2.442525
2.4609
2.49095
2.509325
2.5404
2.540875
2.546525
2.55095
2.559325
2.571725
2.5735
2.5867
2.596625
2.627625
2.629
2.63555
2.65915
2.670225
2.683375
2.721975
2.725725
2.771725
2.788225
2.81415
2.8173
2.82795
2.84265
2.8467
2.874325
2.880425
2.887175
2.895575
2.908775
2.91725
2.91905
2.9203
2.924575
2.929225
2.933425
2.93805
2.949775
2.96065
2.970275
3.00055
3.027325
3.031125
3.045425
3.104275
3.10875
3.11645
3.118775
3.119975
3.123375
3.12365
3.12915
3.131925
3.1377
3.144775
3.1504
3.153725
3.153775
3.157775
3.15895
3.1712
3.186275
3.18885
3.193275
3.2103
3.2227
3.228375
3.24145
3.24725
3.289425
3.289525
3.30655
3.33615
3.33755
3.3514
3.379725
3.3893
3.4016
3.4082
3.427725
3.431075
3.439075
3.439875
3.4458
3.446375
3.4527
3.4658
3.4682
3.47225
3.487025
3.506025
3.507375
3.51995
3.548775
3.551025
3.552425
3.5536
3.556775
3.6101
3.629675
3.636475
3.645825
3.709025
3.709825
3.711375
3.71885
3.726725
3.73015
3.730225
3.73735
3.763975
3.764675
3.767025
3.77755
3.778225
3.7794
3.784175
3.791425
3.792925
3.79905
3.80495
3.810025
3.841525
3.85195
3.8948
3.89945
3.901225
3.909175
3.914425
3.915825
3.94695
3.988725
4.00385
4.004275
4.006625
4.06935
4.07395
4.084325
4.087575
4.087725
4.09115
4.11225
4.140875
4.14115
4.17355
4.17535
4.20825
4.220675
4.24915
4.25305
4.306625
4.3144
4.3303
4.331225
4.331925
4.34255
4.347225
4.366975
4.3728
4.374475
4.3856
4.418875
4.438225
4.440575
4.45955
4.462075
4.484175
4.48455
4.493625
4.515675
4.5278
4.53145
4.548125
4.559325
4.573425
4.6034
4.607975
4.615375
4.615525
4.617225
4.619725
4.625375
4.63425
4.6421
4.65005
4.6588
4.660775
4.674175
4.691125
4.7031
4.745375
4.754775
4.76115
4.764975
4.7974
4.8172
4.8411
4.841925
4.8708
4.87555
4.904775
4.906225
4.906375
4.908075
4.9092
4.915
4.92255
4.94085
4.94415
4.9599
4.964175
4.9725
4.97665
4.9799
4.98625
4.997275
5.026925
5.0339
5.0487
5.054
5.08375
5.08855
5.09045
5.0988
5.10305
5.11065
5.1154
5.124575
5.128325
5.1511
5.15355
5.174025
5.190775
5.20645
5.2088
5.223225
5.224275
5.22685
5.23305
5.23955
5.251
5.25765
5.261875
5.266525
5.284075
5.3206
5.33145
5.33495
5.3439
5.34735
5.350475
5.35745
5.36265
5.36325
5.3934
5.3936
5.449825
5.463175
5.47255
5.493125
5.51275
5.513275
5.513325
5.518425
5.52035
5.533775
5.54155
5.5487
5.5591
5.56615
5.5704
5.57185
5.58965
5.595575
5.60625
5.606825
5.63125
5.6367
5.63925
5.643125
5.649175
5.656875
5.6611
5.666275
5.6694
5.680325
5.693025
5.7225
5.738875
5.753425
5.77005
5.800675
5.803
5.80405
5.807875
5.808825
5.814175
5.81535
5.81875
5.824175
5.8245
5.836175
5.845875
5.86015
5.89365
5.894675
5.906675
5.93325
5.936875
5.9445
5.963825
5.9748
5.9818
5.991075
6.00995
6.0246
6.055
6.109275
6.11355
6.1252
6.12985
6.1329
6.13915
6.1761
6.20695
6.21335
6.2158
6.225325
6.230625
6.250025
6.2585
6.25985
6.26145
6.28785
6.321475
6.32245
6.3259
6.40075
6.403575
6.428
6.43175
6.442325
6.4461
6.45645
6.465525
6.4812
6.5022
6.507575
6.509375
6.521
6.5336
6.534525
6.5505
6.5596
6.562025
6.567175
6.571075
6.65395
6.687625
6.70055
6.700875
6.707775
6.713125
6.715575
6.723325
6.726325
6.7269
6.732425
6.737925
6.73855
6.7463
6.748175
6.7493
6.752475
6.759925
6.762925
6.7756
6.776075
6.78685
6.78755
6.7908
6.791125
6.79925
6.8008
6.806925
6.8094
6.813325
6.81455
6.832725
6.857125
6.862425
6.870425
6.8961
6.9489
6.971225
6.989175
6.99405
7.0058
7.014625
7.027375
7.032125
7.0521
7.053375
7.06705
7.0673
7.069825
7.11355
7.1174
7.124325
7.1622
7.1711
7.1781
7.1912
7.236725
7.2374
7.243775
7.256475
7.25795
7.2584
7.26245
7.298525
7.302275
7.309475
7.3157
7.318725
7.3233
7.3326
7.3347
7.340175
7.342775
7.347325
7.3484
7.351175
7.353325
7.368025
7.415075
7.44705
7.458925
7.4592
7.4857
7.4892
7.490425
7.506375
7.5331
7.555075
7.555175
7.618025
7.618175
7.6233
7.62475
7.64225
7.644775
7.654975
7.65565
7.662725
7.6767
7.697
7.703725
7.705475
7.71315
7.739425
7.746625
7.7483
7.7707
7.783775
7.783925
7.817125
7.82635
7.832225
7.84035
7.87335
7.87365
7.895175
7.896375
7.90565
7.90935
7.91025
7.9136
7.918
7.92375
7.93375
7.9371
7.96265
7.970225
7.9816
7.981775
7.9835
7.9861
7.9867
7.9948
8.00635
8.0101
8.016925
8.0362
8.039375
8.07825
8.103975
8.11755
8.1195
8.12405
8.132125
8.171825
8.19825
8.205075
8.210875
8.2128
8.223125
8.22865
8.22915
8.231375
8.253625
8.3006
8.300925
8.32065
8.3446
8.419225
8.423075
8.433825
8.443
8.467825
8.512
8.5198
8.525
8.530975
8.532225
8.5414
8.557625
8.56385
8.5667
8.5736
8.576375
8.581275
8.584625
8.5847
8.600525
8.603575
8.609525
8.66555
8.667425
8.70785
8.734125
8.73725
8.745325
8.75835
8.791225
8.800425
8.803175
8.80325
8.8046
8.810225
8.8128
8.819175
8.82245
8.82335
8.824575
8.8375
8.8443
8.8562
8.889125
8.890225
8.890325
8.90395
8.905675
8.9168
8.919425
8.92295
8.941225
8.9885
8.99255
9.0124
9.020025
9.03715
9.037725
9.066375
762
