0.08505
0.1064
0.107325
0.110825
0.12605
0.13
0.1436
0.146475
0.148625
0.15475
0.160225
0.18545
0.2114
0.231775
0.2429
0.257975
0.25975
0.2663
0.285275
0.325575
0.33155
0.34185
0.3622
0.37355
0.378875
0.404575
0.40535
0.408725
0.410975
0.4168
0.418
0.4255
0.430825
0.4475
0.4579
0.464025
0.465275
0.46605
0.47235
0.490675
0.49125
0.501425
0.5228
0.604675
0.60845
0.6126
0.687425
0.711125
0.71195
0.737475
0.7761
0.783625
0.805075
0.80775
0.8166
0.8199
0.824725
0.839775
0.847425
0.86285
0.919875
0.921075
0.925425
1.001875
1.00425
1.022675
1.0277
1.03185
1.036975
1.03845
1.047075
1.048125
1.050625
1.088625
1.0964
1.09885
1.102525
1.1038
1.10425
1.110325
1.117
1.13115
1.1668
1.177575
1.18565
1.2
1.217725
1.2291
1.304425
1.317875
1.325925
1.326175
1.334475
1.3459
1.348425
1.356375
1.360225
1.360325
1.368925
1.37655
1.38055
1.382125
1.38455
1.38685
1.394375
1.40435
1.410175
1.424025
1.44385
1.446275
1.451525
1.459
1.46455
1.469075
1.4698
1.472625
1.473125
1.476375
1.4786
1.492125
1.516125
1.542
1.568075
1.589525
1.6028
1.6039
1.613025
1.6221
1.62315
1.631175
1.63995
1.6623
1.666525
1.670975
1.674075
1.68145
1.70985
1.71215
1.7188
1.720575
1.738375
1.7433
1.7467
1.792675
1.82585
1.840725
1.8533
1.856875
1.866325
1.90495
1.91005
1.914875
1.918275
1.930175
1.944375
1.955575
1.956475
1.978575
1.98255
1.98455
1.991925
1.9923
2.00975
2.012375
2.0125
2.042575
2.0671
2.1127
2.1925
2.20135
2.2037
2.20375
2.206375
2.2115
2.21235
2.21725
2.221325
2.231325
2.23855
2.23885
2.246675
2.26695
2.274475
2.31525
2.352675
2.357125
2.380075
2.41955
2.423525
2.442775
2.45065
2.4553
2.4775
2.500575
2.501175
2.514725
2.523475
2.524225
2.5265
2.53365
2.53475
2.540775
2.5491
2.55705
2.55855
2.56385
2.5765
2.580125
2.58645
2.58845
2.59445
2.604
2.606825
2.6072
2.633375
2.6599
2.68505
2.69425
2.69675
2.735575
2.744625
2.7575
2.76355
2.772
2.772025
2.807725
2.809425
2.8213
2.82665
2.83655
2.840025
2.85395
2.85635
2.868275
2.8763
2.87665
2.888175
2.918175
2.918875
2.9227
2.942625
2.95195
2.962525
2.963775
2.96865
2.9724
2.980675
2.98165
3.01015
3.03235
3.09025
3.0931
3.1036
3.1082
3.109175
3.110175
3.11365
3.13265
3.136575
3.138975
3.163675
3.1768
3.182525
3.187425
3.194875
3.203525
3.219425
3.23875
3.243075
3.254675
3.270625
3.2755
3.279775
3.30135
3.358925
3.40245
3.41095
3.411825
3.416375
3.417225
3.43
3.470925
3.4805
3.488475
3.4948
3.49635
3.5067
3.51275
3.537125
3.537775
3.547425
3.55925
3.56675
3.567425
3.587925
3.59415
3.6009
3.701475
3.72955
3.732125
3.736825
3.76415
3.764725
3.76805
3.7796
3.790425
3.79555
3.8274
3.829225
3.8536
3.86275
3.89085
3.9663
3.9788
4.01135
4.01425
4.0316
4.033
4.03495
4.060425
4.062225
4.076675
4.083575
4.08425
4.09365
4.09375
4.09905
4.10505
4.108075
4.110375
4.12275
4.12285
4.144825
4.14755
4.150075
4.1634
4.167825
4.179725
4.191975
4.193675
4.199025
4.20725
4.22045
4.230375
4.233075
4.26685
4.30225
4.3178
4.317825
4.318275
4.319925
4.3259
4.32945
4.335625
4.337775
4.33975
4.344775
4.3458
4.346525
4.37535
4.37805
4.381
4.3815
4.3817
4.388775
4.42015
4.431725
4.446825
4.47865
4.4834
4.50175
4.504875
4.516975
4.519825
4.555425
4.58695
4.61325
4.6417
4.649675
4.676125
4.683375
4.685475
4.696075
4.704075
4.704375
4.70545
4.714625
4.7186
4.7253
4.762725
4.7654
4.771575
4.7936
4.7938
4.7959
4.800575
4.8314
4.871975
4.9019
4.91125
4.915425
4.9208
4.925325
4.947575
4.9641
4.966425
4.97455
4.9775
4.982875
4.98495
4.9922
4.99945
5.0027
5.015325
5.01775
5.047175
5.06565
5.08815
5.096425
5.169725
5.17945
5.1815
5.193325
5.197475
5.2059
5.206525
5.20825
5.208625
5.20905
5.20945
5.21915
5.2201
5.22035
5.223725
5.2247
5.233825
5.241325
5.268575
5.270225
5.28125
5.28545
5.294575
5.301975
5.310175
5.31775
5.319225
5.3255
5.33505
5.33545
5.358175
5.3717
5.394475
5.408425
5.411925
5.448675
5.448775
5.500725
5.5013
5.516175
5.522025
5.5318
5.544375
5.568175
5.592025
5.598575
5.611875
5.618525
5.6235
5.627425
5.63865
5.6402
5.680675
5.69135
5.69955
5.78265
5.78875
5.8027
5.804775
5.80615
5.812725
5.819575
5.838275
5.8433
5.849075
5.860425
5.861675
5.863975
5.86995
5.87845
5.88255
5.895125
5.896775
5.931
5.946525
5.99555
6.00005
6.02715
6.041175
6.0589
6.08375
6.1043
6.107025
6.1189
6.121275
6.155375
6.162975
6.166
6.183825
6.187825
6.196925
6.208825
6.228025
6.235325
6.235825
6.252575
6.258325
6.277075
6.2795
6.315875
6.320425
6.325375
6.358925
6.3711
6.37215
6.401075
6.40395
6.40955
6.411125
6.41745
6.422875
6.42345
6.428325
6.433925
6.443875
6.48325
6.486825
6.499625
6.507475
6.512975
6.5262
6.53375
6.542525
6.542775
6.551075
6.5688
6.579225
6.581425
6.602075
6.607625
6.61045
6.7086
6.7123
6.712475
6.720125
6.725975
6.73225
6.73505
6.73955
6.7405
6.740525
6.742925
6.744225
6.752625
6.764425
6.76445
6.76605
6.782525
6.791325
6.7961
6.7998
6.8089
6.84225
6.8466
6.8923
6.893075
6.9065
6.925625
6.94055
6.995825
6.99905
7.001375
7.036325
7.03735
7.04085
7.0409
7.05445
7.057825
7.078875
7.098625
7.103725
7.107025
7.1253
7.125725
7.142125
7.157775
7.15885
7.167775
7.1928
7.195025
7.208025
7.215075
7.2481
7.27965
7.297175
7.303225
7.307575
7.307625
7.362875
7.376675
7.382875
7.3896
7.418875
7.427
7.42925
7.433
7.44085
7.48105
7.50405
7.5675
7.5683
7.571325
7.60375
7.6077
7.6335
7.658475
7.6648
7.67285
7.686925
7.692175
7.733
7.79095
7.810775
7.824025
7.8864
7.90855
7.927
7.928925
7.937225
7.94375
7.9464
7.95025
7.953725
7.954925
7.9552
7.962825
7.96625
7.9672
7.9682
7.97065
7.983225
7.98685
8.01
8.0157
8.041975
8.043725
8.05265
8.065
8.121
8.128725
8.1469
8.158475
8.170375
8.20645
8.209225
8.211425
8.2183
8.219375
8.2436
8.243925
8.263675
8.26525
8.2803
8.314475
8.316675
8.321575
8.323
8.33
8.3407
8.344425
8.34475
8.351225
8.354725
8.355225
8.3772
8.39015
8.39435
8.40995
8.410375
8.469325
8.504125
8.5058
8.5077
8.512275
8.5238
8.528575
8.536975
8.545075
8.546425
8.571275
8.589675
8.63085
8.643675
8.652725
8.6767
8.702625
8.7081
8.7386
8.75805
8.7824
8.806975
8.809675
8.813075
8.813175
8.81645
8.8196
8.81965
8.821375
8.8215
8.823675
8.829225
8.845075
8.852425
8.885475
8.8953
8.89595
8.906225
8.908625
8.918875
8.959725
8.9714
8.983875
8.98495
9.0157
9.0339
9.069975
9.0814
9.097125
9.0993
738
