0.10605
0.112225
0.116575
0.14745
0.16575
0.172175
0.17455
0.2252
0.23155
0.24095
0.2687
0.26945
0.278225
0.279325
0.2948
0.343725
0.371025
0.379575
0.383625
0.40265
0.40385
0.407975
0.414925
0.41815
0.41845
0.42865
0.4419
0.454275
0.476775
0.498525
0.5198
0.521525
0.54115
0.543275
0.5477
0.556825
0.565025
0.5835
0.59255
0.601175
0.604125
0.606325
0.6362
0.652875
0.669625
0.672375
0.6848
0.70495
0.708225
0.708775
0.712225
0.7291
0.7349
0.736575
0.737675
0.738975
0.7498
0.753925
0.761975
0.7647
0.773375
0.79145
0.805525
0.816775
0.823675
0.832525
0.850275
0.863675
0.88955
0.8968
0.9187
0.940175
0.946025
1.021025
1.0327
1.0345
1.03665
1.0636
1.065475
1.06675
1.082025
1.0847
1.101975
1.102725
1.112575
1.12745
1.128875
1.152575
1.159225
1.1719
1.176
1.179275
1.1903
1.21325
1.238825
1.24275
1.243175
1.2436
1.266825
1.276625
1.304675
1.320725
1.321525
1.3277
1.329125
1.33115
1.34065
1.34505
1.35405
1.3609
1.361225
1.381025
1.385325
1.394325
1.414225
1.416225
1.41875
1.425475
1.426525
1.4357
1.4376
1.447325
1.4563
1.4677
1.470875
1.48855
1.489725
1.493875
1.589375
1.590075
1.61065
1.62905
1.638875
1.6426
1.64365
1.6516
1.65215
1.67365
1.6744
1.675325
1.711825
1.722125
1.72635
1.759325
1.769425
1.7811
1.801625
1.80745
1.821975
1.828475
1.828825
1.8292
1.830175
1.8533
1.899975
1.9009
1.907575
1.9188
1.927825
1.933875
1.935875
1.936
1.952975
1.953
1.957675
1.972125
1.97315
1.98235
1.98355
1.98925
2.022875
2.024775
2.027825
2.03175
2.059475
2.0907
2.10015
2.121725
2.122075
2.1443
2.180425
2.184725
2.20365
2.20685
2.2258
2.240375
2.2446
2.27745
2.279425
2.281575
2.29075
2.30595
2.323
2.3559
2.3628
2.37315
2.374675
2.4014
2.441
2.474575
2.47535
2.501275
2.514
2.529575
2.534275
2.5344
2.5398
2.541875
2.551675
2.5577
2.562025
2.56215
2.570725
2.5834
2.604575
2.641775
2.64425
2.655725
2.658125
2.695775
2.699075
2.711525
2.71425
2.72535
2.75795
2.763375
2.8012
2.803075
2.803825
2.809925
2.810075
2.829825
2.834625
2.8382
2.839675
2.846025
2.846825
2.85535
2.870525
2.870575
2.88135
2.9236
2.976075
2.991375
2.99605
3.007975
3.051475
3.098775
3.113875
3.124075
3.133975
3.1392
3.15695
3.17125
3.17155
3.184725
3.1927
3.195775
3.203775
3.205375
3.206075
3.210375
3.2195
3.22505
3.230175
3.243025
3.253775
3.2593
3.2635
3.27915
3.28055
3.283025
3.306575
3.3562
3.391125
3.393725
3.42265
3.42445
3.424725
3.4377
3.449675
3.470825
3.471525
3.480575
3.48205
3.503125
3.507425
3.5112
3.51795
3.5244
3.549275
3.552775
3.56025
3.564175
3.56845
3.568725
3.583475
3.593175
3.606175
3.606925
3.60735
3.634325
3.674075
3.70155
3.7035
3.70745
3.709625
3.7098
3.71055
3.7111
3.712075
3.72385
3.723875
3.7329
3.749125
3.7514
3.7566
3.75715
3.760975
3.7628
3.763
3.76355
3.7644
3.7884
3.80435
3.83805
3.864175
3.877125
3.890525
3.898925
3.9031
3.905075
3.91685
3.9235
3.931625
3.9478
3.9522
3.9684
4.02265
4.03535
4.04795
4.0631
4.085525
4.096225
4.098825
4.1054
4.11315
4.11425
4.12945
4.13645
4.13785
4.13885
4.13945
4.140475
4.1583
4.170325
4.18265
4.184275
4.2044
4.22405
4.246575
4.256275
4.266075
4.301175
4.301525
4.3031
4.30805
4.308525
4.3193
4.3286
4.336875
4.337825
4.35825
4.35835
4.36155
4.369875
4.3722
4.3754
4.37565
4.380975
4.381925
4.3838
4.39445
4.400325
4.40195
4.410625
4.41375
4.4223
4.429375
4.445175
4.45525
4.45575
4.45595
4.499925
4.500025
4.50955
4.5191
4.52125
4.53065
4.54655
4.547175
4.566875
4.58055
4.606075
4.61515
4.61845
4.62265
4.6313
4.63215
4.6353
4.63615
4.6458
4.655425
4.65575
4.6595
4.66185
4.674475
4.675675
4.6825
4.69285
4.695125
4.706925
4.7282
4.728375
4.74075
4.745575
4.778375
4.807
4.834275
4.8378
4.848125
4.850725
4.902425
4.902625
4.908675
4.917125
4.9226
4.9362
4.940625
4.94735
4.950975
4.956425
4.9799
4.9803
4.9919
4.996825
4.99725
5.012625
5.026375
5.028225
5.031825
5.04315
5.04605
5.052725
5.056725
5.06005
5.062025
5.0641
5.06685
5.097875
5.098975
5.121275
5.19055
5.203025
5.20815
5.21025
5.2121
5.2214
5.22665
5.229725
5.238
5.238325
5.241025
5.248775
5.265575
5.266875
5.28135
5.283
5.286375
5.2879
5.2961
5.301275
5.318025
5.319425
5.324525
5.32815
5.331925
5.3478
5.352875
5.360575
5.368675
5.375725
5.429175
5.445125
5.4917
5.51035
5.510675
5.52255
5.533775
5.53925
5.542525
5.543425
5.5546
5.55605
5.5713
5.595925
5.602075
5.61695
5.638025
5.640575
5.641325
5.651725
5.65485
5.657425
5.661825
5.67415
5.70175
5.72145
5.722775
5.741525
5.747325
5.80445
5.809575
5.825625
5.8289
5.837925
5.8472
5.8492
5.857125
5.862025
5.867075
5.87525
5.87685
5.88915
5.8944
5.896025
5.897375
5.90725
5.908825
5.92325
5.923875
6.006125
6.0553
6.075
6.102975
6.103225
6.10495
6.10545
6.1087
6.10965
6.1212
6.126
6.130975
6.134175
6.13455
6.13825
6.14255
6.145975
6.15205
6.16645
6.168125
6.180675
6.19845
6.217125
6.223775
6.253575
6.271875
6.28265
6.294775
6.301625
6.30355
6.334
6.337725
6.35725
6.374125
6.404225
6.408275
6.414225
6.417025
6.41745
6.4177
6.435775
6.436875
6.4465
6.452375
6.461175
6.472
6.4831
6.4864
6.489175
6.491675
6.502675
6.503525
6.506325
6.529725
6.5302
6.535425
6.54045
6.54375
6.56035
6.5923
6.6074
6.652725
6.6603
6.66185
6.6639
6.69245
6.7017
6.703125
6.7043
6.70655
6.71185
6.712875
6.7133
6.720125
6.725825
6.733025
6.7459
6.74725
6.74925
6.752175
6.7635
6.775275
6.780375
6.797075
6.8243
6.82895
6.8337
6.859125
6.861475
6.872025
6.882625
6.898075
6.9006
6.930275
6.933975
6.97895
6.998075
7.004725
7.007825
7.0113
7.011625
7.013475
7.0156
7.01985
7.043725
7.05535
7.066075
7.101225
7.122125
7.135925
7.168525
7.19115
7.224725
7.229425
7.26025
7.2859
7.304875
7.3227
7.32835
7.328975
7.33275
7.34005
7.34355
7.354275
7.38295
7.387575
7.3909
7.3975
7.4044
7.414225
7.42055
7.421525
7.423425
7.445625
7.451325
7.456825
7.465175
7.50095
7.5147
7.535075
7.574925
7.57905
7.60835
7.6113
7.61395
7.614875
7.61555
7.6325
7.63625
7.637775
7.6534
7.665125
7.692125
7.70345
7.703475
7.709525
7.717775
7.73145
7.73365
7.759175
7.782675
7.785525
7.8065
7.8093
7.812625
7.839375
7.857775
7.88365
7.903325
7.908575
7.909625
7.912575
7.9177
7.93005
7.937075
7.939375
7.94335
7.9447
7.949375
7.959275
7.9598
7.96315
7.977125
7.99705
7.997675
8.012975
8.015275
8.0167
8.019575
8.057025
8.06125
8.0665
8.07255
8.073875
8.0809
8.08625
8.098575
8.103375
8.1171
8.1897
8.20455
8.244525
8.24475
8.2572
8.2587
8.272425
8.27415
8.295675
8.2992
8.31395
8.3169
8.3194
8.3314
8.373725
8.3739
8.4243
8.4758
8.50045
8.501075
8.5019
8.5113
8.519725
8.524225
8.5259
8.532275
8.557
8.5617
8.567075
8.579575
8.59625
8.604
8.634525
8.647375
8.649825
8.658375
8.684325
8.6873
8.70555
8.707225
8.71335
8.715125
8.73475
8.7378
8.739525
8.74635
8.747925
8.784
8.798925
8.804
8.804125
8.81825
8.82955
8.84115
8.8469
8.84705
8.875025
8.896575
8.9154
8.92255
8.924975
8.930675
8.933675
8.941775
8.955925
8.9563
8.95905
8.974175
9.00705
9.0096
9.02445
9.057125
9.064475
9.07365
9.0801
9.0967
816
