0.1065
0.11685
0.1238
0.133325
0.13895
0.140325
0.15705
0.15825
0.158875
0.162025
0.162275
0.1643
0.16555
0.1698
0.17085
0.1957
0.206325
0.221
0.2268
0.251225
0.311825
0.335875
0.3822
0.40925
0.4097
0.41455
0.41655
0.42115
0.4223
0.427875
0.433875
0.43975
0.445725
0.451875
0.45655
0.46315
0.471125
0.472825
0.48715
0.489925
0.49835
0.499075
0.500475
0.508625
0.510525
0.519575
0.544
0.5509
0.573775
0.5744
0.5865
0.6038
0.687875
0.701325
0.7069
0.707125
0.70765
0.712375
0.71255
0.72985
0.76775
0.783675
0.784025
0.790975
0.7918
0.8001
0.8083
0.8333
0.8421
0.858925
0.8644
0.890725
0.923425
0.982025
1.000575
1.010075
1.0143
1.0144
1.01455
1.0151
1.016975
1.02155
1.0338
1.04145
1.045925
1.04785
1.05155
1.0537
1.0763
1.0831
1.086
1.11075
1.117275
1.11775
1.119875
1.1307
1.137175
1.140775
1.148225
1.1499
1.1827
1.188675
1.20185
1.2161
1.22855
1.2425
1.312925
1.313625
1.319325
1.3257
1.3287
1.3303
1.3351
1.33735
1.339925
1.343175
1.3439
1.344575
1.3617
1.3683
1.369325
1.387225
1.3903
1.43205
1.4366
1.4528
1.464675
1.481775
1.4826
1.485575
1.489675
1.49045
1.500025
1.519525
1.535725
1.53765
1.6102
1.630875
1.6329
1.635025
1.637525
1.640725
1.647525
1.649425
1.67885
1.688525
1.6937
1.72015
1.735925
1.73765
1.7469
1.75825
1.77795
1.79085
1.82135
1.8219
1.843175
1.8501
1.858725
1.87955
1.882325
1.9112
1.915275
1.9168
1.9298
1.9402
1.945675
1.9463
1.947775
1.96375
1.970625
1.9954
1.99745
1.999525
2.007
2.0344
2.037725
2.05875
2.06735
2.071325
2.10075
2.115175
2.118225
2.1486
2.181625
2.191825
2.193675
2.206
2.207575
2.217725
2.235775
2.238775
2.248375
2.2512
2.265775
2.272925
2.274375
2.283175
2.292425
2.2954
2.3005
2.302075
2.302625
2.311025
2.31485
2.338
2.3446
2.34695
2.3503
2.3763
2.385
2.40255
2.403375
2.409375
2.425
2.48905
2.492075
2.5026
2.504825
2.515625
2.52205
2.532625
2.533175
2.542375
2.5446
2.565875
2.57375
2.603925
2.614025
2.6252
2.62935
2.636275
2.638175
2.648575
2.649675
2.6597
2.6651
2.67185
2.676375
2.6843
2.7016
2.702375
2.703775
2.705175
2.76805
2.806275
2.819425
2.819675
2.8214
2.82235
2.84155
2.8501
2.85205
2.854075
2.86615
2.86885
2.890925
2.906225
2.90705
2.913925
2.919775
2.92
2.9232
2.934275
2.944075
2.949875
2.955725
2.981875
2.986825
2.987325
3.002825
3.01
3.0255
3.07575
3.1039
3.104875
3.104975
3.1086
3.1136
3.119675
3.1199
3.120275
3.120775
3.126025
3.12655
3.1376
3.166875
3.176375
3.182375
3.187275
3.1883
3.201375
3.202975
3.205525
3.237375
3.25375
3.26555
3.26945
3.280825
3.2824
3.293825
3.30365
3.312925
3.3596
3.369725
3.3882
3.39945
3.400625
3.4332
3.437675
3.438825
3.4391
3.4425
3.455175
3.45645
3.4711
3.497075
3.5177
3.529075
3.54585
3.557125
3.557275
3.569825
3.578875
3.641825
3.660975
3.669575
3.700475
3.7057
3.709
3.716575
3.72945
3.73115
3.744675
3.7515
3.756325
3.760675
3.7611
3.774475
3.78
3.7816
3.78595
3.801575
3.8236
3.848725
3.849975
3.8583
3.8638
3.8647
3.8664
3.868125
3.87255
3.888475
3.900925
3.9016
3.93965
3.95355
3.96645
3.97505
4.006025
4.0172
4.02175
4.031125
4.031625
4.032675
4.03575
4.0389
4.04575
4.062875
4.06595
4.066075
4.06735
4.068925
4.07915
4.103175
4.1056
4.1197
4.1267
4.143975
4.1491
4.1754
4.1949
4.197925
4.199875
4.231375
4.251
4.26365
4.268
4.274325
4.282875
4.285725
4.29325
4.302325
4.310225
4.33075
4.331475
4.3355
4.337525
4.34615
4.3516
4.357225
4.37545
4.389175
4.3992
4.4028
4.4032
4.406425
4.4253
4.427175
4.43485
4.441425
4.47035
4.473425
4.4739
4.4821
4.4867
4.49925
4.500025
4.50045
4.506825
4.517275
4.561675
4.58625
4.6041
4.60505
4.60545
4.60615
4.61335
4.6277
4.63185
4.635775
4.636725
4.65795
4.662575
4.665525
4.679025
4.6903
4.699775
4.708075
4.7242
4.7403
4.74285
4.750375
4.750925
4.78165
4.78535
4.78725
4.808425
4.826225
4.841725
4.86725
4.910075
4.91465
4.914675
4.934175
4.943275
4.949775
4.980525
4.9865
4.990325
4.993175
4.995025
4.995875
5.00255
5.02345
5.026275
5.028
5.036
5.0412
5.054275
5.072825
5.08815
5.156825
5.1589
5.167975
5.1709
5.2227
5.225625
5.232575
5.242525
5.248525
5.2547
5.255775
5.257525
5.26105
5.263925
5.271025
5.272575
5.27675
5.311125
5.31475
5.3201
5.3211
5.355925
5.368675
5.384075
5.39755
5.41805
5.457025
5.4778
5.50095
5.5014
5.507975
5.514
5.5156
5.5266
5.528675
5.5317
5.535975
5.540975
5.555425
5.5608
5.566
5.56765
5.593125
5.620875
5.62475
5.6399
5.651675
5.72745
5.751375
5.78885
5.8018
5.8039
5.806375
5.806725
5.812225
5.815725
5.8183
5.8249
5.8251
5.82565
5.82635
5.84125
5.859825
5.86405
5.86585
5.874825
5.902775
5.902875
5.923575
5.927375
5.934
5.942025
5.9506
5.9561
6.008275
6.017975
6.01945
6.036625
6.071825
6.12115
6.13065
6.134075
6.1361
6.144275
6.1484
6.164825
6.16865
6.1703
6.174425
6.217125
6.220625
6.235125
6.250375
6.287
6.28855
6.302025
6.302225
6.309075
6.398075
6.40145
6.408425
6.413275
6.413775
6.4617
6.461725
6.46205
6.469325
6.498725
6.49935
6.5216
6.5223
6.573075
6.591625
6.592825
6.59425
6.59605
6.621825
6.640475
6.64445
6.70105
6.701575
6.7255
6.7335
6.74385
6.76195
6.76755
6.7742
6.77985
6.793125
6.800625
6.8035
6.813575
6.817125
6.825175
6.83445
6.834575
6.844775
6.8666
6.8783
6.89095
6.907375
6.91245
6.972625
6.977025
7.004275
7.011125
7.012025
7.019775
7.03435
7.041975
7.048575
7.051075
7.0579
7.058125
7.05825
7.0669
7.073025
7.0861
7.087975
7.0919
7.102325
7.10355
7.104225
7.107775
7.11035
7.116325
7.1181
7.14075
7.148275
7.15975
7.161825
7.179475
7.18585
7.1944
7.249225
7.249475
7.307275
7.31545
7.322475
7.32525
7.3262
7.33865
7.354775
7.36075
7.36305
7.36915
7.3711
7.3759
7.39375
7.3967
7.399975
7.4092
7.4116
7.41385
7.43515
7.4382
7.45605
7.4686
7.48085
7.509475
7.512725
7.531475
7.54315
7.553625
7.624425
7.629625
7.63295
7.638925
7.64865
7.708025
7.711425
7.73025
7.750475
7.751625
7.765925
7.78535
7.79595
7.7982
7.81765
7.8209
7.848725
7.875825
7.91255
7.91625
7.916725
7.922375
7.924
7.946025
7.9507
7.956925
7.9631
7.9718
7.982775
7.99775
8.026725
8.039375
8.053325
8.05715
8.0664
8.08045
8.08435
8.104225
8.1857
8.19135
8.203425
8.20985
8.211125
8.22075
8.2262
8.2275
8.23705
8.237675
8.241725
8.244425
8.25255
8.2647
8.269
8.2761
8.278075
8.279275
8.2924
8.2935
8.3183
8.326925
8.336925
8.347125
8.349
8.3637
8.3643
8.377275
8.377525
8.429125
8.46645
8.51155
8.51445
8.51565
8.516025
8.5245
8.535625
8.5398
8.558775
8.56555
8.572525
8.580875
8.5843
8.589425
8.6424
8.65395
8.65925
8.7157
8.719775
8.780375
8.794525
8.795725
8.800025
8.80315
8.817025
8.8215
8.828325
8.83245
8.837075
8.83865
8.845375
8.857575
8.884425
8.888875
8.89005
8.905575
8.90695
8.9163
8.935475
8.935675
8.94115
8.94665
8.974775
8.979075
8.994025
9.008925
9.021675
9.068475
9.087525
9.090175
9.0932
795
