0.100375
0.106025
0.120325
0.124
0.129875
0.1326
0.135225
0.1477
0.161975
0.17565
0.181025
0.203875
0.2241
0.25225
0.265
0.272025
0.272625
0.292625
0.32235
0.33715
0.372475
0.39405
0.400725
0.403375
0.406875
0.41025
0.415925
0.4191
0.423975
0.440225
0.477375
0.4778
0.4809
0.48365
0.49055
0.49265
0.506975
0.50915
0.520325
0.53765
0.5772
0.590075
0.61095
0.6183
0.628
0.63595
0.63755
0.6553
0.665875
0.674675
0.69295
0.71695
0.723325
0.72445
0.727075
0.733825
0.7349
0.750725
0.7513
0.761725
0.77485
0.78925
0.7966
0.80365
0.805575
0.810325
0.81605
0.822625
0.826
0.82625
0.82965
0.82995
0.831875
0.8359
0.8852
0.890725
0.891125
0.90135
0.93675
0.957125
1.001375
1.0014
1.00495
1.00825
1.009825
1.0133
1.01375
1.015025
1.0321
1.034675
1.0431
1.0547
1.077725
1.079325
1.1005
1.1078
1.172875
1.173775
1.210525
1.2273
1.2744
1.306825
1.31125
1.327875
1.331175
1.333925
1.336525
1.336875
1.345175
1.3599
1.3633
1.3719
1.384375
1.3944
1.395425
1.39885
1.400425
1.406625
1.406725
1.41305
1.43475
1.44065
1.46745
1.484925
1.49725
1.504
1.5283
1.5291
1.5738
1.576475
1.605125
1.60615
1.60835
1.60895
1.617025
1.61895
1.62475
1.625475
1.625525
1.6331
1.637075
1.651675
1.653675
1.664
1.66865
1.6823
1.69225
1.709225
1.7181
1.7286
1.731975
1.74005
1.74085
1.7411
1.753075
1.7541
1.768025
1.771925
1.7968
1.82425
1.8363
1.8615
1.864875
1.8766
1.8905
1.89225
1.905575
1.926625
1.927125
1.92795
1.9478
1.95835
1.96395
1.96885
1.971525
1.986925
2.006725
2.0159
2.02305
2.02385
2.025
2.028425
2.02945
2.030375
2.0311
2.038025
2.04505
2.053125
2.1032
2.170625
2.182325
2.208
2.2214
2.228625
2.228675
2.23125
2.2361
2.2378
2.249075
2.253025
2.260575
2.26735
2.2684
2.28575
2.289625
2.29165
2.2925
2.31655
2.331325
2.3324
2.33365
2.35485
2.3763
2.3806
2.391425
2.420125
2.440375
2.476925
2.482125
2.49835
2.504475
2.534175
2.542325
2.553325
2.590775
2.592525
2.60315
2.606325
2.608025
2.628575
2.630075
2.638225
2.659175
2.66855
2.67175
2.67195
2.676425
2.680475
2.69315
2.72805
2.738875
2.746525
2.7507
2.762325
2.767175
2.8013
2.80855
2.81795
2.823725
2.82385
2.8257
2.8285
2.8352
2.837075
2.8466
2.855
2.8561
2.871325
2.89165
2.8944
2.89605
2.907
2.920175
2.934775
2.943025
2.945175
2.945975
2.950525
2.9561
2.98115
2.987875
3.042975
3.102925
3.108825
3.1093
3.109475
3.117625
3.11765
3.1179
3.12565
3.1427
3.15315
3.15385
3.154925
3.1582
3.1627
3.17145
3.183275
3.1846
3.191225
3.20785
3.2113
3.238175
3.2459
3.25235
3.26335
3.264975
3.27545
3.291625
3.2946
3.31305
3.348875
3.369975
3.38065
3.383475
3.3878
3.389875
3.39
3.408975
3.414275
3.427
3.437825
3.441925
3.44865
3.452325
3.45405
3.4611
3.4628
3.4726
3.4827
3.493925
3.494525
3.4968
3.53635
3.53645
3.53835
3.543375
3.566275
3.567325
3.586775
3.6123
3.640075
3.6454
3.6723
3.684975
3.70315
3.71065
3.7134
3.720375
3.72155
3.723525
3.723625
3.72515
3.729775
3.75425
3.77905
3.785625
3.793125
3.79835
3.81625
3.822925
3.85025
3.85195
3.8747
3.88625
3.965625
3.968725
3.973875
3.982575
3.98295
3.988425
4.002375
4.00355
4.021
4.023275
4.0372
4.047
4.0528
4.054425
4.07415
4.076075
4.08135
4.082
4.08495
4.09525
4.096575
4.10285
4.119225
4.1462
4.150975
4.16315
4.167175
4.1702
4.183625
4.19335
4.195775
4.228225
4.24345
4.2522
4.26865
4.284025
4.285725
4.29715
4.301125
4.303575
4.30495
4.30675
4.312075
4.31555
4.3193
4.321275
4.32405
4.330075
4.33805
4.344825
4.346675
4.36085
4.3706
4.387625
4.391225
4.396075
4.40865
4.418375
4.4304
4.43115
4.458075
4.460225
4.465975
4.47885
4.484975
4.496675
4.56115
4.599025
4.60495
4.60685
4.60995
4.615
4.625725
4.630175
4.6311
4.636
4.6452
4.646025
4.646425
4.65685
4.671275
4.67605
4.682975
4.687675
4.7246
4.730875
4.73125
4.734725
4.7454
4.774225
4.77745
4.82225
4.823825
4.901
4.9106
4.912625
4.920075
4.954025
4.9644
4.975875
4.9908
4.99575
4.995775
4.996325
5.00625
5.01135
5.016975
5.0223
5.02595
5.05385
5.066425
5.0947
5.13045
5.132075
5.1436
5.151375
5.155875
5.177475
5.190225
5.201925
5.2115
5.22325
5.228575
5.23305
5.233125
5.2333
5.242625
5.24575
5.2647
5.267225
5.278975
5.295975
5.2961
5.3403
5.376375
5.392875
5.397325
5.438
5.440975
5.47175
5.49195
5.495875
5.50505
5.51695
5.519125
5.52945
5.53445
5.5346
5.543075
5.54335
5.5524
5.554025
5.55945
5.580025
5.58245
5.58955
5.59015
5.59985
5.60125
5.601575
5.606625
5.62615
5.653175
5.656875
5.66345
5.682825
5.698575
5.70115
5.718675
5.74195
5.7694
5.779
5.782175
5.807025
5.810275
5.826375
5.8269
5.8346
5.8469
5.87155
5.873
5.88565
5.8892
5.8894
5.892975
5.896675
5.897725
5.90705
5.91495
5.9718
5.97245
5.999125
6.00925
6.0566
6.058875
6.10155
6.103725
6.10915
6.113075
6.1389
6.15105
6.161725
6.1647
6.1679
6.170325
6.17615
6.176675
6.1767
6.182175
6.182525
6.183625
6.18595
6.196825
6.2017
6.2077
6.210925
6.21385
6.220125
6.22215
6.223425
6.230725
6.231375
6.241175
6.25095
6.2823
6.284425
6.289425
6.289925
6.317325
6.317975
6.319975
6.320125
6.360025
6.36555
6.369575
6.406
6.412675
6.4395
6.457325
6.469725
6.498175
6.51115
6.52235
6.525675
6.537475
6.55275
6.5543
6.572425
6.6002
6.627075
6.639275
6.647675
6.670675
6.701675
6.7046
6.71185
6.72485
6.7298
6.73475
6.7471
6.752025
6.7559
6.763925
6.77045
6.7809
6.783025
6.785
6.7997
6.80395
6.807725
6.82035
6.821175
6.8227
6.840925
6.8554
6.875975
6.8788
6.885225
6.951925
6.9748
6.988925
6.998025
7.003575
7.008275
7.0181
7.04345
7.045
7.0514
7.061075
7.0667
7.076825
7.077275
7.10815
7.1173
7.124725
7.12655
7.13335
7.147325
7.156425
7.171275
7.20075
7.213425
7.2203
7.236525
7.24055
7.282225
7.284375
7.3043
7.308825
7.31405
7.32345
7.3333
7.33855
7.3472
7.358375
7.38945
7.390325
7.417625
7.4282
7.4294
7.436
7.439225
7.45135
7.46185
7.4835
7.4914
7.506575
7.508275
7.53955
7.554175
7.563375
7.572625
7.5755
7.5952
7.618225
7.623225
7.62855
7.644225
7.6583
7.659175
7.667
7.67645
7.69075
7.704025
7.712225
7.7247
7.7619
7.763275
7.772825
7.80365
7.80845
7.818675
7.841525
7.8487
7.852375
7.8543
7.863025
7.866275
7.900675
7.902525
7.907875
7.908525
7.909775
7.91945
7.926025
7.932625
7.9375
7.9441
7.944825
7.9557
7.9579
7.96045
7.9633
7.9637
7.9738
7.9751
7.976975
7.980775
7.98085
7.99745
8.005725
8.005975
8.006
8.0609
8.0749
8.075225
8.085825
8.088925
8.09675
8.098175
8.109475
8.195825
8.20105
8.20895
8.2112
8.2134
8.2161
8.24195
8.252475
8.256325
8.259375
8.263325
8.276225
8.2794
8.2835
8.28575
8.291775
8.29565
8.2957
8.3006
8.308575
8.312075
8.33495
8.338075
8.3525
8.3786
8.383025
8.386375
8.398425
8.4087
8.4224
8.42925
8.4396
8.4453
8.448125
8.45055
8.45855
8.467575
8.49655
8.501675
8.50815
8.5123
8.5178
8.521175
8.522025
8.523675
8.5284
8.53885
8.5488
8.556325
8.559025
8.559825
8.566825
8.590125
8.613125
8.6238
8.624525
8.62485
8.625875
8.65175
8.65585
8.65795
8.662775
8.69095
8.690975
8.74925
8.750425
8.7607
8.769975
8.771
8.7763
8.80625
8.809225
8.81515
8.81555
8.835175
8.843325
8.847925
8.863975
8.865525
8.86695
8.872725
8.88585
8.899475
8.901575
8.9051
8.90745
8.935625
8.975025
8.997475
9.08115
836
