0.1039
0.106
0.115725
0.116275
0.11805
0.12275
0.16285
0.1828
0.196375
0.210125
0.24985
0.275225
0.298675
0.31625
0.320625
0.402325
0.41525
0.41925
0.4217
0.4246
0.425625
0.42995
0.437625
0.44125
0.45205
0.456825
0.456975
0.46455
0.47495
0.4959
0.536725
0.55655
0.60785
0.6128
0.620075
0.623525
0.671725
0.7029
0.705975
0.70845
0.708825
0.71015
0.713925
0.722825
0.728425
0.730675
0.743825
0.754025
0.7665
0.783475
0.792875
0.810525
0.823875
0.8266
0.8364
0.84355
0.843825
0.847425
0.86475
0.86575
0.8671
0.870275
0.8811
0.8845
0.884825
0.908675
0.911525
0.96275
0.973
0.99565
1.005125
1.015725
1.021425
1.02455
1.02785
1.028025
1.04235
1.04295
1.0441
1.047175
1.086725
1.088525
1.088575
1.10505
1.10705
1.1074
1.126325
1.1485
1.164575
1.1748
1.18125
1.184325
1.219925
1.225475
1.3131
1.32245
1.359475
1.373675
1.39035
1.40415
1.4106
1.4122
1.436925
1.4436
1.45405
1.4637
1.466075
1.4895
1.5102
1.5219
1.5564
1.568975
1.6013
1.6032
1.613275
1.623225
1.632
1.640525
1.6498
1.6628
1.67385
1.680075
1.6971
1.706825
1.719175
1.73725
1.745075
1.783175
1.806475
1.83145
1.847725
1.86725
1.8813
1.904925
1.907325
1.909175
1.91905
1.922425
1.92395
1.927375
1.9318
1.93705
1.943275
1.954175
1.962525
1.972225
1.9758
1.9964
2.0118
2.01315
2.0204
2.0206
2.02405
2.033225
2.05375
2.05515
2.08565
2.09085
2.092225
2.09885
2.1678
2.199125
2.204125
2.229525
2.236675
2.2482
2.26775
2.274025
2.2808
2.298225
2.3017
2.305925
2.3196
2.336475
2.3382
2.383275
2.383625
2.38365
2.3892
2.3961
2.497825
2.515225
2.5166
2.526125
2.5272
2.5306
2.538925
2.579725
2.58205
2.585875
2.593925
2.5961
2.60425
2.6111
2.6206
2.6221
2.62455
2.625775
2.645
2.7105
2.769875
2.791425
2.796875
2.803
2.814975
2.8324
2.832475
2.8334
2.833925
2.836375
2.837475
2.84205
2.84215
2.8485
2.85405
2.86135
2.861525
2.867225
2.870225
2.88305
2.889275
2.897975
2.90465
2.90665
2.9071
2.94425
2.9509
2.959425
2.962625
2.971575
2.9745
2.979025
2.991725
3.013575
3.027225
3.060575
3.0627
3.10105
3.104275
3.1047
3.10565
3.106875
3.114725
3.1376
3.1383
3.138375
3.140825
3.145925
3.154
3.158775
3.16115
3.1643
3.18675
3.18985
3.2318
3.2518
3.2568
3.2745
3.295325
3.3021
3.3549
3.385875
3.41835
3.4188
3.42215
3.425575
3.428725
3.429025
3.432475
3.440625
3.44695
3.464775
3.47635
3.479175
3.483275
3.492825
3.49745
3.5308
3.531275
3.541225
3.54355
3.56965
3.575825
3.5905
3.615825
3.65445
3.6654
3.676325
3.6855
3.6911
3.7032
3.712725
3.721375
3.7242
3.72755
3.7363
3.738625
3.7473
3.754275
3.756025
3.76765
3.777675
3.790075
3.791925
3.807325
3.8085
3.809475
3.8534
3.860225
3.880325
3.885175
3.899875
3.9205
3.9352
3.95205
3.9607
3.97555
4.0239
4.028
4.0355
4.035575
4.0399
4.047575
4.05415
4.05505
4.05885
4.059325
4.06325
4.07385
4.087125
4.088475
4.1185
4.132625
4.139775
4.154675
4.1565
4.15895
4.1849
4.226475
4.2418
4.249775
4.27215
4.284775
4.292275
4.300525
4.3016
4.30685
4.310125
4.3196
4.321425
4.324075
4.348675
4.349875
4.355075
4.355125
4.3601
4.3603
4.3607
4.369025
4.378575
4.38855
4.39575
4.396125
4.416525
4.43085
4.4566
4.46185
4.471
4.4765
4.4878
4.49735
4.51375
4.51755
4.561025
4.571875
4.583675
4.6063
4.61135
4.61855
4.624525
4.6335
4.635725
4.66845
4.668525
4.6711
4.672425
4.6792
4.681375
4.688175
4.699075
4.7067
4.713975
4.71415
4.747375
4.748075
4.773125
4.860425
4.905775
4.9078
4.91915
4.946675
4.94795
4.966525
4.968075
4.979375
4.989275
4.998025
4.99955
5.003775
5.0057
5.007925
5.014225
5.04425
5.0502
5.077825
5.085825
5.1008
5.103325
5.107075
5.133975
5.15565
5.197075
5.200325
5.200875
5.21895
5.2235
5.22455
5.23095
5.237775
5.23985
5.241175
5.259975
5.264875
5.2662
5.272675
5.2868
5.29975
5.31495
5.323025
5.33195
5.343525
5.34655
5.350875
5.3633
5.365275
5.385625
5.447175
5.4478
5.456425
5.486675
5.500575
5.5026
5.50355
5.5134
5.524425
5.52705
5.538875
5.5483
5.553025
5.56125
5.60035
5.61155
5.62345
5.63845
5.661525
5.664275
5.675575
5.6877
5.7088
5.725775
5.735875
5.7471
5.814475
5.823875
5.82425
5.839
5.841275
5.85025
5.85165
5.87725
5.8802
5.88555
5.8951
5.898875
5.899275
5.928925
5.934275
5.938175
5.942025
5.946375
5.9535
5.9838
6.024775
6.10125
6.1018
6.104725
6.11105
6.11595
6.12705
6.1301
6.13055
6.1362
6.146775
6.1496
6.15175
6.152475
6.153375
6.158875
6.16215
6.17485
6.2085
6.216325
6.23245
6.239075
6.249775
6.254675
6.255475
6.259425
6.277225
6.27845
6.291475
6.292375
6.307175
6.30915
6.320025
6.356
6.371025
6.4157
6.416525
6.4181
6.4209
6.425825
6.44075
6.473025
6.4831
6.495625
6.496375
6.5045
6.50745
6.511925
6.527525
6.556675
6.5675
6.5711
6.579575
6.585975
6.594625
6.5957
6.6973
6.702
6.707825
6.7119
6.725675
6.7334
6.73575
6.74255
6.7445
6.7574
6.759425
6.759575
6.759975
6.76215
6.767075
6.773425
6.77615
6.78925
6.806825
6.821325
6.8226
6.852825
6.8752
6.911525
6.9185
6.95375
6.9905
7.000825
7.001875
7.002475
7.023225
7.0289
7.03005
7.0345
7.036125
7.0558
7.055925
7.05775
7.0728
7.07555
7.079275
7.084475
7.08655
7.0976
7.10125
7.107475
7.11325
7.121875
7.141925
7.1664
7.185775
7.196575
7.297175
7.305075
7.306625
7.307425
7.308375
7.3111
7.3198
7.3207
7.338
7.340425
7.349425
7.3524
7.352625
7.35785
7.36
7.3661
7.372075
7.37245
7.400525
7.407025
7.408375
7.4349
7.4661
7.485675
7.544
7.54665
7.547325
7.556575
7.566525
7.57655
7.6032
7.6087
7.62405
7.624575
7.63065
7.63105
7.6567
7.66955
7.672475
7.67905
7.682525
7.68515
7.692225
7.70645
7.70875
7.7133
7.72465
7.76505
7.774125
7.7963
7.833825
7.87485
7.90695
7.9105
7.917325
7.9224
7.927425
7.95035
7.9506
7.974675
7.98585
7.98845
7.99205
8.00365
8.019175
8.037725
8.0416
8.095375
8.115975
8.119775
8.132575
8.1494
8.19515
8.20085
8.21455
8.23375
8.237625
8.25895
8.26565
8.311975
8.33845
8.355925
8.402875
8.41735
8.4176
8.466775
8.48735
8.50085
8.5356
8.541375
8.54405
8.5457
8.552075
8.552225
8.56025
8.56725
8.58105
8.5945
8.59655
8.59755
8.599725
8.612025
8.634525
8.649275
8.649875
8.6528
8.6633
8.66775
8.6718
8.687575
8.7183
8.73375
8.759225
8.7648
8.76545
8.79595
8.804425
8.805475
8.811675
8.814975
8.8196
8.820375
8.8211
8.822625
8.829225
8.83185
8.83645
8.8489
8.850825
8.8543
8.855725
8.871325
8.87955
8.883425
8.891575
8.911625
8.912575
8.91365
8.921775
8.9343
8.946475
8.951825
8.9582
8.96715
8.974225
8.977125
8.990925
9.025625
9.0344
9.0541
9.064875
9.097025
752
