0.073825
0.100175
0.1023
0.108825
0.115325
0.118125
0.119425
0.131425
0.135425
0.1356
0.1412
0.148425
0.175775
0.185075
0.189775
0.219425
0.250625
0.2516
0.264225
0.277675
0.292925
0.300725
0.340125
0.368775
0.3766
0.3991
0.41495
0.41575
0.41635
0.422575
0.423625
0.430275
0.43375
0.434875
0.44135
0.45445
0.45465
0.4632
0.472875
0.4803
0.489075
0.495725
0.50085
0.5324
0.543075
0.60135
0.623425
0.6245
0.626325
0.63385
0.6496
0.696125
0.700475
0.709825
0.714
0.71405
0.727875
0.728725
0.729775
0.730075
0.7306
0.73175
0.735475
0.73645
0.741825
0.74495
0.748625
0.750075
0.76245
0.7677
0.7859
0.79505
0.797525
0.801175
0.808575
0.825025
0.832025
0.842725
0.85405
0.858375
0.874025
0.92285
0.92415
0.93925
0.965375
0.9746
0.98845
1.0015
1.02625
1.0277
1.029975
1.035275
1.0427
1.0447
1.04935
1.073925
1.082
1.095875
1.11645
1.147775
1.1574
1.16195
1.175225
1.18625
1.21045
1.21495
1.233475
1.26355
1.27895
1.2998
1.31025
1.310525
1.31125
1.314275
1.34045
1.340525
1.341225
1.343125
1.3515
1.3564
1.364
1.371175
1.3779
1.38445
1.401725
1.418525
1.427675
1.4295
1.491675
1.493025
1.4994
1.50595
1.5088
1.51705
1.526675
1.556825
1.57075
1.58495
1.602525
1.602825
1.6062
1.6078
1.60815
1.6092
1.623825
1.626625
1.630075
1.646325
1.65065
1.670775
1.6814
1.6922
1.694675
1.726725
1.7564
1.764775
1.7743
1.783575
1.788925
1.804375
1.806575
1.817275
1.862
1.870125
1.87645
1.8796
1.9178
1.9204
1.9205
1.9328
1.956125
1.95945
1.965025
1.9659
1.9664
1.978875
1.982
1.98395
1.98565
2.003
2.0106
2.02625
2.0302
2.0304
2.036775
2.037225
2.043025
2.04355
2.0676
2.0947
2.198375
2.200975
2.209625
2.212975
2.216325
2.218975
2.235575
2.243175
2.250125
2.25515
2.269175
2.277625
2.284775
2.28585
2.29355
2.324
2.32585
2.32665
2.34485
2.348625
2.353525
2.355575
2.35805
2.359725
2.3798
2.40105
2.40545
2.425625
2.433775
2.44315
2.47745
2.50445
2.50475
2.50645
2.5067
2.51405
2.51695
2.52325
2.52395
2.52975
2.54035
2.55045
2.5534
2.559175
2.561625
2.577325
2.604625
2.6076
2.615025
2.62725
2.6497
2.666025
2.721875
2.736775
2.77905
2.78075
2.7926
2.79795
2.80075
2.81505
2.8182
2.85905
2.8598
2.862425
2.8637
2.884575
2.8913
2.894175
2.902575
2.914575
2.9283
2.934925
2.95305
2.9656
2.979625
2.97995
3.105775
3.1083
3.10975
3.1251
3.1312
3.144625
3.15275
3.157025
3.157625
3.1656
3.17
3.17705
3.181375
3.188625
3.19125
3.198775
3.203925
3.21415
3.216075
3.240675
3.249525
3.2681
3.268125
3.27205
3.2834
3.294075
3.3098
3.3108
3.373975
3.387625
3.40025
3.403825
3.407325
3.408075
3.4085
3.408725
3.40905
3.41575
3.41765
3.425125
3.4259
3.4284
3.4408
3.441775
3.455625
3.46565
3.48295
3.4841
3.4859
3.486975
3.495675
3.497
3.50105
3.544575
3.5458
3.547075
3.554175
3.5633
3.5921
3.624
3.636625
3.6554
3.678775
3.71375
3.718275
3.72095
3.729625
3.7465
3.767925
3.786625
3.787175
3.787375
3.79245
3.795275
3.816575
3.829125
3.83695
3.842225
3.872275
3.873475
3.878125
3.878425
3.9015
3.954925
3.985775
3.98725
4.0007
4.042525
4.05265
4.053375
4.071075
4.078625
4.0863
4.0928
4.099125
4.110375
4.11345
4.127925
4.129775
4.14015
4.145875
4.146025
4.149725
4.162475
4.16685
4.174725
4.204175
4.239325
4.23945
4.253825
4.27115
4.27295
4.27885
4.281225
4.30255
4.306525
4.30655
4.323475
4.32715
4.3589
4.378025
4.37925
4.382475
4.393725
4.4022
4.407775
4.414025
4.418475
4.473
4.4939
4.5222
4.563575
4.5757
4.6016
4.6242
4.62595
4.641775
4.6428
4.648575
4.667
4.669225
4.67775
4.6801
4.69145
4.6936
4.706425
4.734375
4.74595
4.7675
4.769825
4.799525
4.830575
4.836925
4.846325
4.901375
4.90385
4.905625
4.908675
4.9123
4.91515
4.917725
4.929075
4.94505
4.94905
4.9953
5.0007
5.0082
5.079325
5.084775
5.099075
5.106725
5.1093
5.1958
5.21615
5.227325
5.228525
5.228825
5.242425
5.24515
5.245475
5.247175
5.2591
5.273625
5.2765
5.276875
5.2875
5.31415
5.34235
5.3484
5.39295
5.41405
5.435225
5.4516
5.477325
5.4832
5.4961
5.500175
5.500875
5.503075
5.518225
5.5238
5.52705
5.5293
5.532775
5.537325
5.592875
5.618525
5.6438
5.644075
5.66505
5.672775
5.673
5.731575
5.73925
5.741275
5.79995
5.800225
5.80145
5.81175
5.8293
5.84285
5.85115
5.85625
5.877525
5.88325
5.887975
5.891125
5.922425
5.9298
5.946075
5.956025
5.96305
5.97285
5.973175
5.984925
5.99265
6.0483
6.0673
6.0996
6.10855
6.10965
6.11985
6.12
6.1239
6.145525
6.149625
6.15185
6.16505
6.1665
6.168125
6.1789
6.193425
6.218075
6.27745
6.279275
6.292775
6.2962
6.31735
6.322925
6.338775
6.36415
6.3744
6.38855
6.399975
6.4116
6.420675
6.423025
6.430675
6.44
6.446025
6.455975
6.471325
6.47305
6.4857
6.506125
6.538525
6.539725
6.562425
6.601525
6.60665
6.617125
6.622375
6.62565
6.70265
6.705775
6.707675
6.7077
6.72055
6.724625
6.745275
6.7455
6.76095
6.77735
6.781675
6.793275
6.7982
6.800825
6.803525
6.80685
6.814625
6.817325
6.827225
6.8598
6.879425
6.921875
6.979975
7.0042
7.01885
7.022475
7.030275
7.03245
7.039275
7.048675
7.049
7.052325
7.0547
7.072325
7.09065
7.093
7.1027
7.1098
7.1099
7.11445
7.139225
7.139525
7.14195
7.1424
7.1612
7.1662
7.181475
7.191325
7.1996
7.20155
7.208975
7.20985
7.22565
7.3006
7.3092
7.3124
7.313225
7.3135
7.3145
7.3167
7.341275
7.34325
7.3463
7.347525
7.354625
7.360175
7.36595
7.366575
7.387625
7.3984
7.39895
7.403125
7.4034
7.410975
7.418675
7.423325
7.4292
7.4374
7.4394
7.4459
7.45225
7.4703
7.47965
7.51455
7.52805
7.562675
7.582825
7.604575
7.6159
7.6167
7.61985
7.622925
7.6253
7.6277
7.642475
7.657775
7.664525
7.67855
7.68695
7.701
7.70275
7.75325
7.7612
7.765675
7.80415
7.8059
7.818125
7.8413
7.9117
7.914425
7.91445
7.918225
7.9183
7.9274
7.9356
7.946525
7.949825
7.97015
7.976975
7.983675
7.990725
7.992725
7.996875
8.004475
8.0167
8.028275
8.03165
8.0342
8.036675
8.0439
8.049325
8.059575
8.066375
8.096
8.129925
8.147825
8.149775
8.205175
8.21045
8.2108
8.23325
8.237275
8.23855
8.24135
8.24155
8.260275
8.2687
8.27245
8.283925
8.288125
8.29565
8.298775
8.31985
8.3336
8.3472
8.359375
8.3745
8.385
8.394075
8.408575
8.409475
8.419275
8.444475
8.4666
8.50725
8.512875
8.51745
8.53195
8.5399
8.55175
8.55375
8.554775
8.55985
8.561375
8.5627
8.56445
8.573525
8.592525
8.607475
8.6226
8.6287
8.643275
8.6446
8.6881
8.69395
8.695075
8.699875
8.714975
8.7594
8.760775
8.77255
8.8011
8.813975
8.815475
8.816325
8.8191
8.821575
8.822325
8.825
8.833275
8.83975
8.840975
8.849675
8.860975
8.863275
8.865825
8.8935
8.900675
8.901
8.9013
8.9038
8.9077
8.912275
8.92515
8.929325
8.945225
8.96445
8.972575
8.98355
9.017125
9.0222
9.028875
9.09115
9.097325
773
