0.0317
0.10395
0.11575
0.11685
0.116925
0.1199
0.12995
0.13635
0.13965
0.1433
0.14955
0.15295
0.16325
0.16605
0.202375
0.2132
0.2225
0.2374
0.2445
0.245425
0.2765
0.2823
0.322325
0.323875
0.347775
0.4017
0.402425
0.42085
0.426425
0.428575
0.42885
0.437725
0.4521
0.4656
0.4687
0.473475
0.477275
0.484675
0.4914
0.51005
0.5246
0.525825
0.560125
0.571025
0.572225
0.5792
0.58555
0.59595
0.6187
0.63355
0.636525
0.637825
0.703
0.71155
0.74655
0.76335
0.767275
0.768275
0.77315
0.7737
0.794075
0.8019
0.8051
0.8154
0.853375
0.8543
0.854525
0.8556
0.867325
0.87715
0.8775
0.88575
0.90145
0.901525
0.92455
0.9262
0.9271
0.972775
1.00045
1.002425
1.00725
1.00815
1.0175
1.018425
1.028775
1.040125
1.042275
1.0486
1.04895
1.0659
1.073675
1.083125
1.08435
1.084825
1.1064
1.10945
1.12915
1.14795
1.15225
1.1747
1.1823
1.1915
1.2181
1.242675
1.249725
1.255075
1.305925
1.3161
1.322225
1.3259
1.332825
1.3498
1.37435
1.3821
1.394575
1.395725
1.411975
1.4504
1.450425
1.4518
1.465725
1.475775
1.492125
1.51685
1.51825
1.551925
1.57435
1.6008
1.6096
1.61015
1.616775
1.6207
1.6281
1.6369
1.642175
1.660775
1.688675
1.699325
1.709575
1.726175
1.7281
1.736925
1.748375
1.76165
1.770375
1.7704
1.7919
1.82365
1.84125
1.842725
1.87715
1.87775
1.901325
1.901875
1.90425
1.9072
1.91395
1.925325
1.93135
1.9375
1.947375
1.9545
1.965975
1.968475
1.988725
1.995675
2.00445
2.00775
2.034575
2.041475
2.053
2.083
2.101175
2.104275
2.152575
2.204425
2.20815
2.2192
2.2303
2.2304
2.23175
2.232275
2.242325
2.247475
2.2488
2.250125
2.259075
2.26105
2.26125
2.278125
2.285375
2.297475
2.30065
2.304175
2.30955
2.319575
2.32395
2.334675
2.33935
2.340225
2.356925
2.369275
2.381475
2.38855
2.391575
2.422975
2.44915
2.453325
2.504425
2.50505
2.50695
2.508825
2.517575
2.517925
2.5328
2.534
2.542575
2.548775
2.551
2.55595
2.559
2.59235
2.60125
2.601625
2.641325
2.647625
2.650075
2.6654
2.670625
2.69295
2.70275
2.724775
2.72685
2.8024
2.802825
2.80435
2.8078
2.82245
2.8246
2.82625
2.833425
2.8359
2.83775
2.840225
2.841975
2.85065
2.854125
2.862675
2.881025
2.885375
2.889525
2.89205
2.893575
2.89715
2.940375
2.9457
2.950375
2.962175
3.051925
3.081375
3.112575
3.123625
3.12425
3.131075
3.1433
3.1585
3.158775
3.178675
3.19055
3.198875
3.208825
3.2123
3.22255
3.231375
3.235125
3.237025
3.240825
3.267225
3.282125
3.293575
3.30545
3.31225
3.34665
3.34735
3.41195
3.425275
3.428625
3.430025
3.431275
3.43275
3.442875
3.4539
3.46715
3.472275
3.4833
3.501725
3.5333
3.53865
3.54655
3.551075
3.552525
3.6323
3.6343
3.656925
3.68395
3.686525
3.71
3.7181
3.72185
3.745225
3.7659
3.7787
3.797475
3.8024
3.81765
3.8265
3.8327
3.85845
3.861575
3.8989
3.91745
3.92575
3.969725
3.9764
3.982875
3.987025
3.9871
4.00075
4.007025
4.009225
4.026325
4.028425
4.032275
4.050725
4.05385
4.057175
4.06545
4.077375
4.0911
4.13295
4.161075
4.162625
4.234325
4.2351
4.235275
4.2385
4.2478
4.2497
4.253
4.2863
4.304875
4.306625
4.31515
4.319575
4.335675
4.34525
4.3492
4.34995
4.36325
4.3639
4.365525
4.3746
4.37605
4.387225
4.408025
4.42585
4.44735
4.46075
4.487125
4.4952
4.50965
4.5368
4.539775
4.552125
4.557275
4.60075
4.602925
4.6168
4.619725
4.620125
4.621025
4.621875
4.624125
4.625
4.64205
4.655175
4.65885
4.70195
4.70375
4.7371
4.756075
4.756725
4.757225
4.768775
4.779075
4.78085
4.7892
4.80225
4.84115
4.885175
4.88935
4.906375
4.90845
4.9212
4.943375
4.94465
4.947225
4.951675
4.9561
4.9603
4.962025
4.974075
5.0044
5.004425
5.01055
5.0229
5.02945
5.035275
5.043875
5.051975
5.06075
5.091375
5.138875
5.18345
5.20325
5.211075
5.21745
5.225875
5.23585
5.2602
5.268525
5.274825
5.297025
5.3041
5.309825
5.32285
5.3431
5.3446
5.368825
5.370575
5.391625
5.3923
5.396225
5.406975
5.40925
5.446825
5.5009
5.50845
5.508575
5.52025
5.5324
5.542
5.549475
5.562175
5.564125
5.572375
5.574775
5.578975
5.5861
5.597225
5.600875
5.6048
5.613575
5.62005
5.640925
5.665725
5.678575
5.7043
5.711575
5.71505
5.715825
5.77565
5.785825
5.802175
5.803525
5.80545
5.812525
5.81735
5.824075
5.826775
5.827475
5.837025
5.841325
5.858625
5.86305
5.9042
5.905425
5.91115
5.925175
5.9594
5.984475
6.0029
6.010125
6.112375
6.123175
6.126325
6.1414
6.150625
6.154525
6.155325
6.1568
6.170175
6.170975
6.175525
6.198325
6.205275
6.2168
6.21815
6.23305
6.2712
6.273425
6.28615
6.287
6.299375
6.30425
6.319275
6.326275
6.376925
6.385675
6.409125
6.4136
6.4163
6.424275
6.425075
6.433775
6.43655
6.43785
6.4383
6.442825
6.464875
6.468975
6.470975
6.477325
6.4962
6.507825
6.51515
6.540825
6.56375
6.569825
6.572125
6.57455
6.590925
6.6301
6.64425
6.664625
6.683525
6.68495
6.701475
6.707275
6.71315
6.71515
6.71555
6.721125
6.72675
6.72715
6.743125
6.744
6.7456
6.760225
6.7716
6.7865
6.792775
6.79595
6.7998
6.809525
6.8131
6.8149
6.816825
6.8354
6.847275
6.88975
6.90025
6.904475
6.93235
6.9375
6.98385
7.000225
7.0004
7.00115
7.005225
7.0147
7.015525
7.019025
7.022375
7.040925
7.0467
7.0486
7.067225
7.06775
7.068725
7.084175
7.0866
7.087425
7.111925
7.1311
7.138325
7.14115
7.157675
7.1614
7.17335
7.1748
7.183625
7.189175
7.2033
7.215425
7.221125
7.235275
7.25285
7.255275
7.3125
7.314
7.315825
7.316425
7.32725
7.344275
7.345
7.346075
7.34635
7.348625
7.3512
7.359875
7.361725
7.366625
7.372775
7.395275
7.410475
7.410925
7.41555
7.4168
7.424375
7.453275
7.4602
7.474725
7.486
7.502725
7.5267
7.533375
7.54865
7.57635
7.600625
7.603275
7.6177
7.6231
7.62335
7.63325
7.640225
7.65375
7.654325
7.6587
7.659425
7.661625
7.66245
7.6634
7.6668
7.668675
7.671025
7.6732
7.676125
7.689675
7.7093
7.717275
7.72395
7.7315
7.7368
7.750025
7.752225
7.76795
7.799625
7.8049
7.8094
7.8193
7.8372
7.84995
7.8686
7.876175
7.890425
7.918325
7.929775
7.938525
7.9483
7.953575
7.953925
7.971325
8.00165
8.003975
8.010975
8.02695
8.031675
8.037075
8.0586
8.073625
8.080775
8.08465
8.138875
8.152575
8.171725
8.173075
8.183925
8.2101
8.216725
8.23095
8.23235
8.236025
8.247425
8.256775
8.257175
8.25915
8.28005
8.2829
8.2937
8.30105
8.303525
8.317875
8.325475
8.3335
8.333525
8.35135
8.3839
8.397675
8.4072
8.40765
8.4127
8.475525
8.4935
8.500225
8.509325
8.517925
8.52055
8.52075
8.525675
8.5298
8.5377
8.544225
8.545175
8.557375
8.56135
8.567975
8.5869
8.587325
8.596675
8.609375
8.61585
8.6223
8.65615
8.7431
8.77095
8.77455
8.80115
8.810175
8.82165
8.828325
8.833225
8.8338
8.84065
8.873325
8.896125
8.934475
8.959425
8.989625
9.005175
9.033075
9.0337
9.0698
763
