0.10645
0.10865
0.11585
0.117575
0.126
0.139325
0.142225
0.1555
0.1581
0.173525
0.178225
0.18095
0.185675
0.1859
0.1944
0.23295
0.241225
0.255275
0.264725
0.27055
0.2731
0.2884
0.324775
0.33255
0.3579
0.368025
0.4
0.408075
0.411075
0.4154
0.42995
0.4316
0.440075
0.449325
0.4688
0.4848
0.485375
0.490975
0.502375
0.50925
0.530975
0.5658
0.572375
0.582925
0.634975
0.653875
0.658025
0.677225
0.70245
0.7099
0.723775
0.723875
0.729425
0.7298
0.757
0.7591
0.7617
0.76255
0.790075
0.793525
0.797
0.798125
0.811875
0.8136
0.825725
0.834325
0.8472
0.8513
0.85905
0.86205
0.8705
0.872875
0.87645
0.9069
0.931275
0.9762
0.979075
1.01085
1.0343
1.0363
1.042775
1.0466
1.0619
1.06685
1.07495
1.095575
1.1452
1.14775
1.160425
1.170925
1.1831
1.201875
1.210675
1.225975
1.300875
1.3046
1.3061
1.306225
1.30735
1.31085
1.315475
1.33795
1.34
1.343825
1.346425
1.360025
1.36565
1.380475
1.4008
1.404325
1.4237
1.438025
1.449525
1.458125
1.47275
1.475325
1.50605
1.529875
1.53855
1.5496
1.553075
1.5545
1.584975
1.611375
1.612825
1.61935
1.622625
1.625025
1.63245
1.65505
1.65675
1.657625
1.664425
1.675075
1.68155
1.70125
1.72395
1.7449
1.7524
1.754075
1.781575
1.785175
1.790075
1.9151
1.91565
1.918975
1.928725
1.935375
1.94975
1.949825
1.955125
1.965425
1.970225
1.982225
1.98915
2.006775
2.00705
2.013875
2.022125
2.023425
2.04035
2.04645
2.078275
2.111725
2.127125
2.1436
2.154775
2.156325
2.160775
2.2045
2.20495
2.20505
2.22445
2.2292
2.2296
2.245225
2.245525
2.248175
2.248975
2.252425
2.25245
2.26485
2.2662
2.275
2.2903
2.306475
2.316725
2.320675
2.350425
2.3717
2.391325
2.398725
2.403325
2.405825
2.406125
2.43715
2.47185
2.481525
2.505475
2.52525
2.528375
2.530425
2.538075
2.540075
2.548775
2.553625
2.5851
2.60405
2.604175
2.608175
2.62175
2.6239
2.631
2.65145
2.6584
2.677025
2.677725
2.6946
2.71725
2.752875
2.7636
2.7756
2.805975
2.806225
2.811875
2.82
2.82415
2.82565
2.826475
2.8415
2.842125
2.842675
2.84905
2.856425
2.86555
2.870775
2.872825
2.881475
2.927825
2.933125
2.93325
2.933725
2.934325
2.94035
2.96745
3.01145
3.044575
3.090425
3.09125
3.100575
3.10415
3.106875
3.11845
3.124
3.132825
3.141825
3.16655
3.170775
3.179475
3.181975
3.20015
3.205325
3.211475
3.21215
3.254
3.2649
3.2664
3.27725
3.277725
3.303975
3.332375
3.4068
3.40715
3.408975
3.4204
3.43
3.44815
3.453875
3.45885
3.47815
3.488075
3.517025
3.526225
3.55205
3.5794
3.58015
3.600575
3.61105
3.61635
3.62965
3.63035
3.645525
3.6514
3.67445
3.68275
3.7001
3.701625
3.721125
3.7301
3.748825
3.749075
3.7663
3.7675
3.7788
3.796875
3.80085
3.80415
3.8175
3.841825
3.857225
3.885525
3.896425
3.91005
3.929025
3.9451
3.96005
3.998325
4.0008
4.001675
4.009775
4.032925
4.036975
4.041375
4.05435
4.068125
4.075825
4.079375
4.08145
4.083675
4.09
4.103
4.104075
4.104375
4.118125
4.1234
4.130925
4.149825
4.150075
4.1865
4.19385
4.19455
4.1952
4.196125
4.2129
4.251275
4.252425
4.28525
4.29485
4.300175
4.3068
4.313325
4.3221
4.325975
4.32995
4.33045
4.3366
4.338
4.3504
4.35045
4.35245
4.365475
4.379225
4.37995
4.38955
4.395925
4.40935
4.4409
4.4464
4.488175
4.49495
4.5368
4.552325
4.585875
4.60135
4.614575
4.619825
4.6374
4.640525
4.64175
4.6421
4.64295
4.649125
4.651925
4.656
4.657375
4.66455
4.684775
4.693625
4.7052
4.72125
4.73145
4.734275
4.738225
4.753175
4.79065
4.799125
4.80115
4.804575
4.828525
4.83345
4.846375
4.851175
4.859575
4.864775
4.905
4.920725
4.9256
4.9334
4.93465
4.9437
4.949
4.9611
4.9663
4.979275
4.98025
4.981425
4.987075
4.995375
5.01155
5.013
5.01645
5.02605
5.0328
5.057375
5.083875
5.0848
5.09635
5.1121
5.115425
5.148125
5.190775
5.202375
5.204275
5.2043
5.21165
5.22625
5.238125
5.2394
5.243275
5.245575
5.2811
5.2976
5.3259
5.33485
5.33615
5.33695
5.3819
5.39525
5.397475
5.43655
5.471675
5.474475
5.475
5.501425
5.50705
5.513025
5.532125
5.544175
5.54505
5.5585
5.57725
5.602125
5.616575
5.629275
5.629375
5.6359
5.639475
5.6404
5.6432
5.6446
5.6568
5.66885
5.678825
5.685225
5.689825
5.691575
5.748075
5.7818
5.78705
5.80345
5.8078
5.819975
5.8201
5.824975
5.854375
5.855775
5.858625
5.86275
5.863775
5.869375
5.8695
5.871475
5.872825
5.876025
5.879475
5.881025
5.8936
5.897875
5.8986
5.9045
5.905775
5.918275
5.933325
5.937875
5.945475
5.95575
5.9594
5.962575
5.975925
5.992175
6.01255
6.05375
6.097125
6.10625
6.107225
6.118825
6.1214
6.122675
6.135025
6.1384
6.150575
6.15125
6.156725
6.1628
6.166075
6.190975
6.192675
6.2032
6.242
6.24675
6.24745
6.255725
6.2801
6.324275
6.395575
6.422525
6.424325
6.43025
6.43125
6.436775
6.44255
6.443
6.4537
6.470325
6.47565
6.49195
6.504175
6.518375
6.5334
6.53405
6.5341
6.5602
6.568025
6.576875
6.58015
6.64135
6.643475
6.69345
6.70035
6.708225
6.710725
6.719525
6.733025
6.734325
6.735225
6.73995
6.746875
6.758975
6.7701
6.772475
6.7748
6.791175
6.816125
6.817575
6.833575
6.839325
6.84045
6.861625
6.8633
6.88235
6.887925
6.916625
6.96985
6.97315
6.97455
7.001225
7.006025
7.0101
7.01155
7.012
7.020925
7.02375
7.0266
7.0322
7.040375
7.048475
7.048725
7.065725
7.065925
7.076775
7.0791
7.089275
7.089825
7.10265
7.1058
7.114125
7.13625
7.149175
7.1594
7.205475
7.239175
7.251825
7.258575
7.2612
7.2901
7.295275
7.309425
7.331175
7.335525
7.34625
7.349775
7.351325
7.3671
7.371875
7.37365
7.386125
7.38945
7.39545
7.401275
7.4118
7.4124
7.4184
7.424275
7.42625
7.4263
7.4323
7.454625
7.45845
7.47665
7.48005
7.4814
7.5201
7.528925
7.578475
7.57855
7.601675
7.612125
7.6122
7.6284
7.630725
7.63735
7.6455
7.6566
7.66535
7.666525
7.6698
7.680525
7.681725
7.681825
7.6874
7.693325
7.71125
7.7161
7.722
7.75135
7.771775
7.7813
7.789525
7.80875
7.81335
7.831425
7.832575
7.868575
7.893075
7.899475
7.906975
7.9134
7.91585
7.922675
7.925275
7.933625
7.939575
7.945175
7.9454
7.952025
7.956075
7.95885
7.973775
7.97635
8.004475
8.00695
8.00715
8.0205
8.03275
8.0421
8.0567
8.0985
8.121375
8.1269
8.132975
8.133475
8.1454
8.16195
8.18715
8.201
8.234675
8.2358
8.2359
8.23655
8.240675
8.241725
8.263475
8.274775
8.290125
8.29765
8.302775
8.303775
8.324525
8.330725
8.33365
8.3482
8.353425
8.383525
8.3846
8.39515
8.395575
8.3971
8.4107
8.431975
8.46015
8.46095
8.4658
8.4802
8.510475
8.51645
8.517275
8.535375
8.54375
8.546125
8.55635
8.5625
8.57615
8.57785
8.607525
8.612925
8.616575
8.61705
8.63755
8.672
8.698825
8.73585
8.78385
8.801425
8.802075
8.80235
8.804925
8.8086
8.81275
8.81645
8.818075
8.823675
8.835225
8.854675
8.859025
8.8648
8.878
8.889075
8.889275
8.8933
8.908125
8.917425
8.92015
8.92255
8.925275
8.92655
8.968525
8.97205
8.9768
8.980025
9.001125
9.0025
9.00745
9.050075
9.05435
9.0738
9.07765
786
