0.0464
0.101725
0.101775
0.1161
0.11685
0.11965
0.136575
0.1472
0.1568
0.157075
0.157325
0.15925
0.16285
0.17165
0.187125
0.19025
0.1934
0.227625
0.254725
0.28085
0.2817
0.301225
0.316325
0.331875
0.34895
0.355625
0.405675
0.4137
0.413775
0.427325
0.428025
0.433625
0.434025
0.4348
0.4403
0.450475
0.4628
0.469325
0.471075
0.471825
0.507275
0.52205
0.56255
0.576925
0.61715
0.632425
0.65705
0.6622
0.69845
0.70175
0.70675
0.709925
0.711
0.715375
0.718725
0.71925
0.7285
0.73445
0.742975
0.749075
0.7525
0.757975
0.7586
0.764175
0.7666
0.7677
0.78435
0.7875
0.806025
0.823775
0.83155
0.8415
0.842825
0.859375
0.8713
0.921125
0.986825
1.006
1.007025
1.0072
1.01365
1.0162
1.016425
1.01975
1.025825
1.0326
1.0551
1.0572
1.059325
1.090925
1.119725
1.121
1.12255
1.1305
1.131525
1.1368
1.138225
1.199475
1.201625
1.204125
1.211375
1.22485
1.22875
1.300425
1.31045
1.313175
1.313825
1.322775
1.324925
1.32745
1.35105
1.351775
1.352325
1.357375
1.391025
1.3944
1.407625
1.415425
1.429575
1.436975
1.44555
1.48875
1.503425
1.524725
1.52845
1.6001
1.6056
1.61555
1.61605
1.616075
1.6174
1.625875
1.6527
1.66365
1.668075
1.692275
1.693
1.698275
1.69915
1.70035
1.713125
1.713575
1.714825
1.72225
1.72235
1.728025
1.760175
1.788725
1.79025
1.8072
1.812275
1.821175
1.887125
1.890925
1.914675
1.915325
1.940675
1.94545
1.94735
1.950375
1.95335
1.96895
1.9699
1.9768
2.008725
2.017575
2.023425
2.025225
2.038725
2.048825
2.0684
2.084175
2.137325
2.17315
2.18125
2.2007
2.203775
2.204025
2.212025
2.24035
2.242375
2.242575
2.259375
2.265475
2.269775
2.274075
2.288075
2.2921
2.3074
2.35475
2.3559
2.360225
2.390075
2.40485
2.42955
2.43205
2.44035
2.454675
2.469
2.476075
2.51545
2.519375
2.52415
2.5353
2.53805
2.549575
2.5623
2.574325
2.579825
2.580025
2.584225
2.58735
2.605675
2.61105
2.6356
2.636425
2.6506
2.67115
2.676
2.7012
2.71305
2.762175
2.785775
2.791725
2.7962
2.81705
2.8192
2.824875
2.82505
2.825625
2.843425
2.854875
2.870075
2.8735
2.8886
2.90225
2.9301
2.9326
2.93645
2.952775
2.9782
3.0015
3.042675
3.0656
3.073825
3.115425
3.120575
3.14885
3.152425
3.1542
3.154325
3.161975
3.163675
3.16695
3.174825
3.199525
3.209
3.216
3.219575
3.223675
3.225275
3.235
3.243125
3.26995
3.288
3.307025
3.32105
3.32275
3.3642
3.37285
3.378325
3.39945
3.40545
3.414225
3.421175
3.422125
3.431525
3.43275
3.44195
3.449475
3.4648
3.4677
3.473475
3.475575
3.491025
3.509175
3.509925
3.51835
3.55515
3.5614
3.58295
3.590575
3.6033
3.62685
3.675575
3.693625
3.699925
3.70705
3.727725
3.758775
3.758825
3.771775
3.798225
3.80165
3.811125
3.8221
3.846725
3.855725
3.859025
3.877025
3.88425
3.92435
3.938525
3.954625
3.9695
4.005775
4.008375
4.014425
4.019425
4.031275
4.03825
4.04265
4.049375
4.049475
4.0714
4.072675
4.089825
4.1062
4.106725
4.1229
4.146
4.155225
4.16835
4.18105
4.183675
4.23975
4.293075
4.30035
4.30845
4.313625
4.32465
4.3327
4.346525
4.349925
4.352
4.3529
4.353825
4.355975
4.361225
4.3796
4.394975
4.406
4.419575
4.4445
4.463825
4.4856
4.491325
4.493625
4.49545
4.50205
4.5129
4.5332
4.573
4.61165
4.616775
4.618
4.636
4.644075
4.64535
4.649575
4.65265
4.658475
4.6617
4.6671
4.669575
4.734
4.73745
4.7382
4.74815
4.753825
4.79315
4.830325
4.83635
4.844475
4.855
4.861725
4.904125
4.907475
4.9242
4.930075
4.934225
4.935925
4.938725
4.95075
4.9572
4.9707
4.97585
4.979025
4.98175
4.989475
4.9975
5.011425
5.0268
5.032275
5.035725
5.041075
5.0699
5.074625
5.10065
5.103025
5.10395
5.13165
5.13505
5.13685
5.152425
5.15695
5.16025
5.2018
5.208375
5.212075
5.2216
5.22245
5.228525
5.23535
5.2398
5.242625
5.253575
5.266125
5.272575
5.305925
5.31465
5.316125
5.32
5.32065
5.341925
5.34415
5.3454
5.361525
5.38485
5.40835
5.4091
5.422575
5.440275
5.501475
5.505375
5.512225
5.515375
5.5356
5.541575
5.5561
5.558475
5.565175
5.566975
5.57625
5.576425
5.5875
5.597725
5.61605
5.6182
5.621125
5.633675
5.634575
5.6567
5.664175
5.6746
5.6762
5.67915
5.694225
5.72575
5.72745
5.785525
5.79835
5.8033
5.809675
5.820575
5.82965
5.83145
5.83175
5.845375
5.85205
5.85285
5.89855
5.9089
5.912175
5.9247
5.9282
5.938725
5.946875
5.95665
5.984525
5.986875
6.0181
6.018725
6.01885
6.0251
6.027275
6.032075
6.065625
6.090175
6.1071
6.111125
6.117975
6.1205
6.122175
6.1293
6.13615
6.138875
6.1408
6.15155
6.156225
6.17095
6.177075
6.18795
6.18895
6.19575
6.197725
6.198225
6.20915
6.21895
6.235625
6.238625
6.2631
6.27295
6.296075
6.3018
6.378425
6.40765
6.426275
6.435
6.4492
6.483375
6.48475
6.50175
6.503275
6.5078
6.510075
6.5164
6.51895
6.5206
6.5229
6.561975
6.569825
6.5738
6.578575
6.607425
6.609075
6.619725
6.63095
6.641775
6.693475
6.7029
6.7034
6.704175
6.7043
6.712125
6.71215
6.719
6.72035
6.72955
6.730675
6.75875
6.77465
6.784775
6.791925
6.796625
6.800925
6.8037
6.8064
6.808675
6.812525
6.817825
6.829175
6.8564
6.85665
6.8634
6.88025
6.88495
6.91945
6.9286
6.970625
6.97685
6.986725
7.0053
7.011575
7.026175
7.035375
7.036675
7.041525
7.06275
7.08065
7.087975
7.09385
7.09605
7.10205
7.10785
7.1492
7.161425
7.17335
7.1929
7.19335
7.193675
7.215875
7.227275
7.2592
7.2801
7.323925
7.337925
7.3431
7.343275
7.345625
7.37405
7.376975
7.386675
7.3876
7.397625
7.417525
7.428925
7.447375
7.456675
7.50185
7.518775
7.528325
7.6226
7.6232
7.628675
7.6297
7.644275
7.649425
7.6514
7.653175
7.6599
7.6874
7.696125
7.698675
7.710875
7.716875
7.718425
7.719125
7.719275
7.7215
7.721775
7.7254
7.764525
7.768975
7.77175
7.77275
7.845375
7.847475
7.85145
7.863275
7.893525
7.9093
7.910875
7.92045
7.9232
7.924625
7.9465
7.950075
7.9633
7.96595
7.97875
7.987575
8.00395
8.013325
8.022525
8.027025
8.03515
8.039875
8.042825
8.04335
8.051875
8.055475
8.064775
8.070625
8.07895
8.1159
8.11785
8.20325
8.20725
8.2142
8.22055
8.2262
8.227825
8.23065
8.238375
8.248625
8.250675
8.25125
8.264075
8.273275
8.279875
8.282475
8.299225
8.307875
8.314125
8.32575
8.3445
8.3523
8.3534
8.361025
8.368075
8.370175
8.41915
8.4257
8.506275
8.506825
8.5202
8.520525
8.54015
8.541275
8.5589
8.56375
8.618625
8.625325
8.652825
8.68525
8.68555
8.6885
8.729725
8.74745
8.7558
8.8064
8.808525
8.83005
8.836525
8.841125
8.84775
8.868
8.870175
8.872375
8.879225
8.886775
8.9039
8.905125
8.9052
8.9138
8.917
8.9173
8.93915
8.95185
8.95345
8.955275
8.9564
8.965575
8.999125
9.012025
9.0165
9.0254
9.041575
9.04885
750
