0.0146
0.10695
0.1119
0.12035
0.134575
0.1563
0.174625
0.19735
0.2326
0.242025
0.242875
0.2564
0.264725
0.27025
0.277725
0.29935
0.3382
0.34355
0.382625
0.39025
0.40845
0.40975
0.414625
0.42125
0.437
0.4485
0.4551
0.46205
0.47635
0.486225
0.493225
0.495
0.49945
0.508925
0.518475
0.531925
0.60375
0.61715
0.6385
0.665425
0.7041
0.7044
0.70545
0.71545
0.71835
0.726575
0.728075
0.7291
0.7293
0.74485
0.746175
0.76355
0.772175
0.77815
0.786975
0.7885
0.791475
0.8011
0.804775
0.8347
0.8502
0.85195
0.86345
0.887375
0.910325
0.960825
0.962725
0.97145
1.0008
1.00735
1.023275
1.041
1.04615
1.050025
1.052475
1.059775
1.062125
1.0622
1.0668
1.07855
1.081375
1.086
1.1092
1.1167
1.132025
1.1354
1.14195
1.14545
1.145925
1.163375
1.204
1.204225
1.217525
1.248975
1.306225
1.3106
1.320075
1.3241
1.338075
1.348925
1.35865
1.360375
1.3611
1.37065
1.3739
1.3878
1.39325
1.405425
1.413125
1.414
1.429175
1.42965
1.43
1.441575
1.54465
1.5535
1.57325
1.575575
1.581475
1.59385
1.599425
1.6016
1.61545
1.6175
1.623575
1.628775
1.630475
1.63315
1.636775
1.63725
1.642625
1.646125
1.649625
1.654475
1.663675
1.6655
1.672075
1.675475
1.677025
1.6867
1.689325
1.695575
1.6994
1.713175
1.71755
1.719075
1.7223
1.73345
1.79065
1.803775
1.805025
1.80575
1.828375
1.831325
1.86715
1.8782
1.880775
1.900425
1.903325
1.924375
1.96765
1.976825
1.989775
1.990125
1.992975
2.001175
2.008125
2.02015
2.0275
2.0499
2.051475
2.06775
2.092025
2.0948
2.1226
2.138525
2.144675
2.1477
2.159725
2.1628
2.16325
2.202025
2.209075
2.210825
2.212925
2.21935
2.222475
2.22425
2.2282
2.22875
2.230875
2.233025
2.2407
2.256775
2.265525
2.268325
2.2734
2.28065
2.2919
2.30735
2.309675
2.3171
2.323775
2.3238
2.3241
2.335475
2.3391
2.344825
2.359225
2.4073
2.413425
2.503875
2.509875
2.5111
2.51545
2.52565
2.529675
2.537925
2.5513
2.554575
2.562275
2.584375
2.598675
2.599425
2.609625
2.622925
2.63745
2.660625
2.684775
2.69925
2.7049
2.748625
2.7808
2.812825
2.820675
2.831
2.83395
2.841775
2.8585
2.865675
2.876575
2.894025
2.9056
2.91255
2.9202
2.923125
2.92935
2.9302
2.95355
2.98225
2.9846
2.993225
2.99565
3.080275
3.09745
3.101425
3.11235
3.11315
3.12055
3.132525
3.1373
3.138875
3.14375
3.1485
3.1499
3.15145
3.1733
3.1743
3.17575
3.182125
3.18545
3.202925
3.225575
3.2714
3.295275
3.3201
3.32045
3.3329
3.366075
3.3815
3.38425
3.3958
3.40395
3.406125
3.40885
3.409175
3.411025
3.416425
3.417275
3.4197
3.4204
3.424575
3.427575
3.428075
3.4375
3.43895
3.4485
3.46555
3.47645
3.47825
3.5038
3.50935
3.512075
3.51505
3.521725
3.524675
3.5268
3.5481
3.565175
3.5664
3.580925
3.584775
3.612175
3.63475
3.665
3.700575
3.7106
3.71105
3.7131
3.72305
3.743325
3.760675
3.761775
3.76805
3.7723
3.78555
3.7914
3.81075
3.813725
3.818725
3.85775
3.865825
3.87625
3.883375
3.95085
3.97645
3.99115
4.00005
4.0024
4.0045
4.00905
4.021175
4.024525
4.031725
4.0486
4.06035
4.064425
4.06675
4.073775
4.095825
4.1108
4.1133
4.1134
4.11895
4.137425
4.147675
4.1559
4.160325
4.162275
4.16985
4.17255
4.1979
4.21915
4.273225
4.27625
4.312775
4.319825
4.331675
4.337125
4.3418
4.3435
4.346025
4.348825
4.356475
4.357075
4.362975
4.373275
4.3853
4.390525
4.419025
4.430125
4.441625
4.44765
4.47855
4.50495
4.5066
4.521275
4.536675
4.538475
4.542325
4.5735
4.59935
4.60175
4.615475
4.615575
4.61705
4.6174
4.624275
4.639675
4.640125
4.64135
4.646525
4.6599
4.672225
4.67515
4.68125
4.688075
4.694275
4.7188
4.71955
4.719825
4.747375
4.75215
4.758725
4.766575
4.767475
4.7675
4.7736
4.779725
4.78175
4.8381
4.863
4.91775
4.919275
4.924825
4.931725
4.9321
4.934125
4.945575
4.950875
4.969125
4.98205
5.0019
5.007725
5.01215
5.012875
5.019775
5.031
5.0526
5.05715
5.0684
5.06855
5.073375
5.07405
5.096925
5.122275
5.1546
5.163725
5.17565
5.196075
5.21045
5.220175
5.223575
5.22665
5.2313
5.233325
5.250025
5.253475
5.288775
5.289025
5.29005
5.29575
5.298375
5.3022
5.303825
5.3195
5.325625
5.384125
5.392625
5.416275
5.41655
5.43175
5.443025
5.44415
5.505525
5.5297
5.535
5.540475
5.54605
5.551025
5.55105
5.56595
5.579625
5.58235
5.582975
5.58335
5.585425
5.59025
5.600425
5.6078
5.616425
5.625225
5.65095
5.66945
5.694225
5.698675
5.71915
5.7287
5.7452
5.7488
5.78935
5.80265
5.809775
5.8114
5.813425
5.821575
5.829375
5.840475
5.841575
5.84245
5.860275
5.866475
5.876175
5.88245
5.891375
5.8927
5.903575
5.923875
5.92875
5.9347
5.935575
5.942425
5.9701
6.0233
6.04695
6.05265
6.073625
6.081975
6.1056
6.115775
6.11945
6.1215
6.134675
6.135675
6.169025
6.171075
6.1775
6.19375
6.218125
6.2194
6.24095
6.242825
6.25475
6.308575
6.406975
6.407875
6.409175
6.40975
6.414925
6.415975
6.425325
6.4356
6.451925
6.4628
6.46725
6.470825
6.474625
6.4795
6.4871
6.49335
6.495375
6.506075
6.5216
6.52345
6.5275
6.529925
6.554325
6.56315
6.6386
6.64175
6.645475
6.648525
6.673775
6.712275
6.71605
6.71735
6.7174
6.719575
6.721475
6.724
6.72565
6.730825
6.73165
6.742475
6.76145
6.763775
6.768075
6.768925
6.77565
6.778575
6.78035
6.794425
6.798525
6.8033
6.81225
6.8174
6.86565
6.877425
6.9117
6.91355
6.937175
6.93955
6.94785
6.948775
6.9552
6.9821
7.019025
7.032575
7.036025
7.04085
7.04985
7.0574
7.059675
7.099625
7.112175
7.112325
7.127875
7.1455
7.15435
7.165775
7.16745
7.1991
7.201575
7.215975
7.230525
7.236975
7.3024
7.3059
7.306075
7.3075
7.314
7.321375
7.321825
7.328125
7.333375
7.353325
7.3573
7.3869
7.3895
7.40115
7.4178
7.427575
7.450775
7.45435
7.4632
7.4645
7.468625
7.476975
7.54355
7.551
7.57535
7.590025
7.60475
7.6115
7.612875
7.619525
7.6217
7.629825
7.63245
7.63375
7.63455
7.655525
7.6586
7.6587
7.66655
7.676175
7.690825
7.6929
7.693275
7.700575
7.712675
7.7135
7.742925
7.75225
7.7637
7.80075
7.801175
7.804725
7.807
7.811625
7.822425
7.84835
7.852025
7.90295
7.912325
7.92455
7.930075
7.933875
7.94305
7.945825
7.9536
7.969475
7.971525
7.9792
7.98585
7.994875
8.007925
8.01355
8.017275
8.02765
8.027875
8.050725
8.065
8.111275
8.15865
8.19025
8.2028
8.20655
8.21025
8.2132
8.213875
8.215425
8.222825
8.229375
8.2378
8.242825
8.244675
8.25925
8.26285
8.263325
8.268175
8.2715
8.276525
8.2833
8.2939
8.299625
8.30355
8.31425
8.3283
8.348025
8.3554
8.3598
8.360075
8.3764
8.377575
8.39725
8.4116
8.433725
8.460675
8.4873
8.502725
8.512225
8.5323
8.533025
8.5341
8.537075
8.539325
8.542175
8.54755
8.55975
8.567175
8.585275
8.585375
8.5965
8.5994
8.6141
8.621675
8.625275
8.683075
8.709625
8.719875
8.734
8.7957
8.80325
8.808625
8.8093
8.81095
8.81505
8.8196
8.823
8.824575
8.83355
8.8364
8.840025
8.841675
8.8495
8.851625
8.85435
8.8572
8.861275
8.86765
8.8718
8.873925
8.8774
8.910875
8.911825
8.9203
8.924425
8.9363
8.936975
8.948125
8.952625
8.95475
8.956275
8.972925
8.975675
8.9774
8.985825
9.00165
9.00605
9.023775
9.026475
9.053225
9.060775
9.063825
805
