0.10115
0.101675
0.106375
0.121
0.122725
0.135125
0.1366
0.145275
0.145325
0.15605
0.162325
0.16455
0.16705
0.1748
0.1887
0.19555
0.204075
0.2044
0.241825
0.2447
0.247375
0.249025
0.251975
0.257075
0.25965
0.269675
0.2709
0.293025
0.304175
0.3133
0.338325
0.340725
0.36665
0.393825
0.4
0.402625
0.4035
0.4149
0.4159
0.4174
0.422575
0.424725
0.4305
0.444525
0.45715
0.467475
0.47425
0.481425
0.485225
0.5065
0.509375
0.517275
0.528775
0.529475
0.5409
0.542675
0.554825
0.586925
0.59395
0.61725
0.6191
0.669575
0.670575
0.70325
0.7056
0.718925
0.729175
0.730525
0.7337
0.737425
0.73865
0.746
0.757275
0.78665
0.792425
0.794525
0.81945
0.827325
0.830475
0.83285
0.856975
0.8587
0.865425
0.86755
0.896325
0.9029
0.950375
0.960375
0.97745
0.980975
0.98855
0.991175
1.0025
1.003825
1.0039
1.0116
1.0129
1.014025
1.02675
1.0321
1.033975
1.0347
1.04225
1.047475
1.109875
1.118975
1.1432
1.1688
1.216
1.230775
1.247
1.250725
1.25285
1.25835
1.271175
1.30225
1.3023
1.30555
1.310925
1.313075
1.323725
1.335975
1.341775
1.341975
1.34485
1.357625
1.366075
1.39415
1.396275
1.405775
1.425825
1.436925
1.44965
1.479925
1.5285
1.534425
1.59405
1.594725
1.61355
1.61485
1.6152
1.61605
1.623275
1.624875
1.625925
1.6399
1.645325
1.6616
1.661775
1.662725
1.665075
1.6736
1.679075
1.692
1.698
1.72785
1.7513
1.76925
1.7924
1.830175
1.833075
1.868175
1.88765
1.896775
1.9011
1.907775
1.9085
1.914425
1.9236
1.923825
1.924275
1.92935
1.9504
1.951075
1.96325
1.97285
1.974075
1.9748
1.99115
1.99855
2.000025
2.034725
2.03895
2.056275
2.108775
2.115225
2.146775
2.149225
2.202125
2.20505
2.2135
2.21375
2.2178
2.219525
2.226625
2.241925
2.242375
2.248025
2.2706
2.277275
2.304325
2.3196
2.3404
2.34685
2.4167
2.42505
2.43075
2.506775
2.50945
2.526875
2.5392
2.547425
2.5528
2.558475
2.567425
2.5692
2.569575
2.574575
2.5836
2.5904
2.604475
2.61285
2.627375
2.657775
2.661675
2.6651
2.7003
2.702825
2.72595
2.730125
2.77725
2.8012
2.804025
2.806875
2.815225
2.82715
2.833875
2.846225
2.848675
2.870225
2.89565
2.901775
2.90545
2.914925
2.91855
2.924775
2.930825
2.93985
2.961875
2.96635
3.0093
3.0154
3.023725
3.027375
3.0355
3.1075
3.115325
3.1187
3.12705
3.12845
3.1489
3.17075
3.173575
3.1861
3.188775
3.1911
3.19895
3.199825
3.220025
3.221475
3.23045
3.236175
3.283075
3.329775
3.337475
3.33825
3.342375
3.383175
3.3934
3.39945
3.409625
3.419575
3.421
3.425925
3.43755
3.4439
3.44715
3.4537
3.45855
3.469175
3.472225
3.47505
3.4801
3.49265
3.4939
3.49605
3.5045
3.524425
3.527075
3.5304
3.538125
3.5469
3.55145
3.566675
3.573325
3.57515
3.61725
3.672275
3.68545
3.687075
3.702925
3.704475
3.7213
3.729425
3.738375
3.755325
3.757225
3.757275
3.7611
3.761575
3.765075
3.774925
3.779725
3.780225
3.79435
3.799325
3.808725
3.8184
3.86605
3.876525
3.881975
3.88775
3.897775
3.91125
3.93925
3.944225
3.951825
3.985425
3.99685
4.00105
4.00285
4.004075
4.01595
4.01745
4.0243
4.0244
4.0269
4.0394
4.039475
4.041
4.0726
4.07295
4.09985
4.10305
4.12455
4.140475
4.144225
4.158825
4.1872
4.193525
4.2054
4.212525
4.230375
4.2927
4.302375
4.3132
4.319675
4.329475
4.33355
4.3425
4.363075
4.374
4.381475
4.38875
4.40065
4.419625
4.424125
4.43155
4.445125
4.467725
4.47725
4.48185
4.483825
4.498825
4.55215
4.5543
4.556825
4.581475
4.6098
4.610875
4.61325
4.617525
4.62055
4.6237
4.641775
4.65075
4.66195
4.663025
4.69825
4.699475
4.699675
4.708875
4.711525
4.7296
4.747725
4.796675
4.809525
4.8457
4.902775
4.9077
4.9133
4.921925
4.9253
4.937075
4.95675
4.96065
4.988975
5.090025
5.133275
5.13965
5.15785
5.159675
5.169725
5.202325
5.203725
5.2065
5.2176
5.21775
5.21885
5.23735
5.240625
5.25805
5.272075
5.28195
5.292575
5.29495
5.3276
5.358625
5.380125
5.3932
5.398175
5.40635
5.41855
5.41935
5.43165
5.448475
5.492675
5.50185
5.512
5.521125
5.52195
5.523425
5.524425
5.527575
5.529775
5.535175
5.560025
5.562875
5.587575
5.599125
5.6008
5.600875
5.601125
5.6012
5.60195
5.6134
5.61495
5.629925
5.660025
5.6647
5.665275
5.7077
5.713
5.719725
5.735925
5.75045
5.784825
5.810225
5.8361
5.84955
5.8592
5.868425
5.878975
5.899625
5.905
5.9067
5.917875
5.9334
5.93715
5.939975
5.9479
5.95325
5.958475
5.980925
5.984375
6.03875
6.05435
6.061775
6.101
6.110275
6.122
6.138675
6.141775
6.14195
6.142675
6.14495
6.150325
6.15515
6.15645
6.158925
6.1745
6.178125
6.186875
6.20505
6.2093
6.2104
6.2124
6.222975
6.22325
6.225725
6.239425
6.25155
6.26215
6.26365
6.305825
6.338675
6.3495
6.4232
6.424375
6.4377
6.441525
6.465425
6.4757
6.477825
6.493825
6.496325
6.500725
6.51325
6.5204
6.527725
6.53485
6.539725
6.5663
6.5698
6.577575
6.58895
6.615575
6.617575
6.618925
6.669775
6.7088
6.7095
6.71125
6.721
6.73295
6.734175
6.7347
6.744475
6.74475
6.747075
6.7521
6.755275
6.8002
6.8236
6.8301
6.8372
6.8439
6.846675
6.900575
6.939375
6.94855
7.0019
7.005275
7.0056
7.016675
7.0185
7.021625
7.0298
7.032225
7.04035
7.051575
7.06905
7.070725
7.075775
7.0785
7.0868
7.089
7.092125
7.137125
7.1443
7.1549
7.16455
7.164775
7.1799
7.18425
7.19345
7.198175
7.20865
7.21975
7.24205
7.299675
7.30035
7.310125
7.33825
7.33925
7.3596
7.36855
7.38565
7.3879
7.409075
7.412825
7.416825
7.447225
7.462425
7.4643
7.4917
7.4919
7.502775
7.506375
7.528025
7.5466
7.58135
7.58215
7.59675
7.602075
7.612425
7.622425
7.6286
7.642875
7.65
7.6544
7.67525
7.680725
7.680975
7.6934
7.702825
7.703675
7.7062
7.71185
7.73155
7.735575
7.763925
7.778225
7.804875
7.836625
7.878425
7.88205
7.886175
7.9334
7.943375
7.9533
7.9549
7.957175
7.96355
7.974225
7.998275
7.998675
8.009525
8.040825
8.054675
8.0895
8.123
8.133625
8.171075
8.17225
8.187125
8.2229
8.22315
8.225925
8.234425
8.25175
8.263125
8.3097
8.313375
8.31595
8.32295
8.331025
8.344225
8.354
8.364625
8.379025
8.383975
8.4039
8.4138
8.4809
8.509075
8.512875
8.52695
8.5278
8.5311
8.539475
8.5414
8.558275
8.5688
8.5714
8.584275
8.5858
8.59495
8.60085
8.613375
8.6281
8.638825
8.641025
8.667075
8.678375
8.684025
8.695925
8.71165
8.720625
8.7577
8.77745
8.808
8.81535
8.831725
8.841475
8.84365
8.843775
8.849075
8.851125
8.851375
8.88195
8.890475
8.8974
8.910375
8.9194
8.921825
8.928225
8.9323
8.932525
8.939825
8.968
8.978975
8.983975
8.98445
9.012975
9.015025
9.016425
9.0213
9.02605
9.027375
9.044675
9.073875
742
