0.1005
0.1129
0.11825
0.1345
0.1374
0.143625
0.144225
0.1739
0.1931
0.2159
0.226625
0.2541
0.262075
0.2677
0.3052
0.309725
0.328075
0.345725
0.34645
0.359
0.401425
0.418925
0.427725
0.433525
0.43435
0.4409
0.441225
0.45045
0.463025
0.46825
0.47275
0.47505
0.4764
0.5143
0.522875
0.53825
0.540575
0.583225
0.589875
0.59725
0.617125
0.621775
0.6498
0.654125
0.6629
0.7005
0.707775
0.713525
0.72375
0.737425
0.74835
0.761725
0.7809
0.791675
0.80475
0.83105
0.840025
0.852375
0.8556
0.8596
0.8805
0.9027
0.9292
0.946075
0.9533
0.957325
0.967875
0.999525
1.00045
1.00835
1.02375
1.0387
1.042275
1.0443
1.046975
1.05135
1.053825
1.057575
1.058375
1.062775
1.0647
1.066075
1.0751
1.080275
1.08055
1.081125
1.091625
1.096175
1.110775
1.11545
1.121225
1.134175
1.149525
1.150525
1.1523
1.1633
1.1953
1.207775
1.21455
1.2155
1.233925
1.300325
1.301975
1.308025
1.3092
1.320325
1.326475
1.3313
1.3367
1.34055
1.342525
1.3457
1.3537
1.355375
1.35945
1.359675
1.3615
1.415375
1.424075
1.440125
1.449975
1.4538
1.4678
1.47075
1.504375
1.508875
1.521575
1.531975
1.559925
1.567025
1.588975
1.59
1.600775
1.602975
1.61315
1.620175
1.6261
1.62875
1.6524
1.6751
1.68015
1.7048
1.716325
1.72165
1.725925
1.72935
1.74755
1.7694
1.78855
1.8204
1.893925
1.90005
1.9011
1.901625
1.905425
1.91405
1.919025
1.922225
1.9243
1.9259
1.94165
1.94205
1.950625
1.964325
1.967525
1.9789
1.97955
1.98515
1.99725
2.0142
2.0209
2.02725
2.03585
2.035875
2.058275
2.0829
2.171075
2.1799
2.20235
2.203525
2.20595
2.208375
2.213775
2.2171
2.229275
2.23145
2.2322
2.2326
2.23535
2.23545
2.246475
2.2507
2.251275
2.25165
2.2699
2.304775
2.3063
2.338175
2.3401
2.35555
2.365825
2.380375
2.403775
2.4052
2.408275
2.457675
2.490025
2.5078
2.5453
2.546025
2.553775
2.561025
2.568475
2.571075
2.571925
2.572225
2.572525
2.59555
2.596175
2.6049
2.60875
2.629
2.664925
2.6781
2.6845
2.690775
2.70865
2.7135
2.737675
2.743675
2.769375
2.771325
2.8219
2.83025
2.853925
2.8679
2.887925
2.9024
2.9117
2.911775
2.918125
2.9233
2.9258
2.943475
2.946875
2.947525
2.966575
2.972725
2.973725
2.989925
3.045175
3.072975
3.109975
3.11875
3.12095
3.121125
3.131075
3.13255
3.143275
3.15355
3.166875
3.1844
3.18565
3.187675
3.200875
3.211375
3.21695
3.217325
3.2361
3.2449
3.246
3.2954
3.31885
3.33545
3.340625
3.3849
3.402125
3.405875
3.40905
3.426175
3.43495
3.44465
3.44705
3.4472
3.4654
3.46955
3.48215
3.4931
3.4955
3.49775
3.50305
3.5092
3.55355
3.5557
3.56165
3.620125
3.6436
3.70005
3.704475
3.70525
3.712725
3.7166
3.727075
3.745825
3.752425
3.75255
3.754525
3.75465
3.7551
3.763275
3.78505
3.8059
3.811225
3.812725
3.8156
3.817625
3.840175
3.8446
3.863925
3.8756
3.943775
4.006775
4.011175
4.022375
4.029925
4.038725
4.03885
4.046075
4.04705
4.0494
4.051025
4.063
4.064125
4.06925
4.07595
4.08535
4.0893
4.0897
4.0969
4.115175
4.116375
4.125125
4.149425
4.167325
4.20125
4.20225
4.23895
4.25585
4.2652
4.27455
4.28065
4.289625
4.30345
4.3173
4.31925
4.3515
4.352525
4.359725
4.374025
4.3942
4.39715
4.400625
4.406175
4.4268
4.42855
4.44755
4.461075
4.47945
4.48025
4.49155
4.502075
4.51915
4.5731
4.57985
4.592275
4.597825
4.598775
4.60865
4.637625
4.6556
4.6705
4.707575
4.713125
4.716575
4.71675
4.72995
4.74795
4.748975
4.773825
4.778325
4.788975
4.828925
4.847475
4.863175
4.8791
4.89685
4.901175
4.9015
4.903075
4.9142
4.916575
4.935775
4.949525
4.954825
4.969525
4.971425
4.982575
5.003
5.008425
5.022075
5.0317
5.049225
5.07425
5.0784
5.0809
5.08775
5.10235
5.104525
5.139375
5.140425
5.1439
5.1672
5.18895
5.198525
5.199875
5.2064
5.214625
5.21665
5.22705
5.233575
5.233925
5.2472
5.247325
5.2501
5.268375
5.279825
5.2835
5.29045
5.29635
5.305975
5.3165
5.328975
5.34495
5.352675
5.354375
5.372275
5.4049
5.4152
5.473225
5.49655
5.507525
5.510325
5.51675
5.518325
5.52145
5.54805
5.56325
5.56915
5.57175
5.5728
5.5747
5.592025
5.610825
5.614475
5.61505
5.619975
5.6263
5.63005
5.631775
5.6384
5.650675
5.6531
5.653475
5.663125
5.7037
5.767625
5.792
5.801225
5.839625
5.839975
5.8435
5.849525
5.869575
5.878425
5.882075
5.8845
5.905
5.907225
5.921725
5.92515
5.935
5.9372
5.942125
5.978675
5.995125
6.011325
6.073675
6.105875
6.108375
6.12035
6.12225
6.142475
6.162725
6.17335
6.177725
6.183975
6.193575
6.207975
6.208425
6.249225
6.266875
6.27025
6.304075
6.3334
6.37575
6.38695
6.398225
6.401725
6.411025
6.417175
6.428975
6.4372
6.44275
6.444825
6.444975
6.4469
6.451825
6.45215
6.465825
6.46645
6.4687
6.479575
6.4814
6.517275
6.545975
6.5466
6.559175
6.5622
6.56305
6.571275
6.577725
6.582025
6.5967
6.60575
6.63905
6.6416
6.64555
6.673925
6.700725
6.705625
6.708575
6.71055
6.716425
6.7288
6.731125
6.736425
6.736925
6.740875
6.743025
6.744425
6.755675
6.761325
6.7618
6.772075
6.776725
6.7921
6.79295
6.796275
6.797175
6.800175
6.8058
6.81215
6.816425
6.82275
6.829425
6.830625
6.838625
6.844625
6.846675
6.8476
6.8571
6.86925
6.8859
6.902075
6.90975
6.9367
6.971775
7.00735
7.015825
7.017625
7.031475
7.0329
7.0496
7.049825
7.059375
7.076075
7.07875
7.0792
7.08345
7.097725
7.129975
7.14355
7.14735
7.147375
7.157375
7.1597
7.17965
7.179675
7.299425
7.301775
7.304175
7.312625
7.3203
7.3233
7.3291
7.332925
7.339575
7.34195
7.344075
7.3497
7.35395
7.35885
7.36185
7.36435
7.377275
7.382875
7.383075
7.388
7.3935
7.393625
7.400275
7.41315
7.42145
7.42955
7.442525
7.4506
7.48015
7.48945
7.490275
7.573525
7.5867
7.605975
7.61095
7.613625
7.61385
7.6333
7.635125
7.636575
7.645175
7.64845
7.6623
7.6634
7.6639
7.67295
7.68395
7.684825
7.69205
7.695875
7.714325
7.7251
7.7258
7.736925
7.741025
7.7462
7.7481
7.81295
7.8315
7.86995
7.888075
7.892475
7.90155
7.90295
7.9112
7.9214
7.93925
7.942325
7.947325
7.95065
7.9558
7.9627
7.968125
7.970225
8.004675
8.0115
8.0131
8.02155
8.02885
8.0344
8.04865
8.0704
8.087675
8.166475
8.170225
8.17655
8.191925
8.19875
8.2156
8.2212
8.223125
8.23015
8.230475
8.2432
8.24715
8.249275
8.255125
8.257775
8.276025
8.2856
8.2867
8.287925
8.29435
8.301625
8.30265
8.306625
8.3083
8.321375
8.33055
8.336325
8.3395
8.346975
8.3655
8.3733
8.376775
8.391375
8.39335
8.403925
8.456225
8.46085
8.512025
8.51575
8.53175
8.543175
8.5452
8.55615
8.55655
8.5604
8.56045
8.567675
8.57195
8.610925
8.645275
8.64785
8.65145
8.7436
8.771275
8.7764
8.780575
8.80565
8.8076
8.8096
8.81125
8.813175
8.82195
8.8502
8.8561
8.865675
8.874925
8.890125
8.894125
8.894675
8.9026
8.917775
8.9184
8.921525
8.936875
8.9385
8.948825
9.0187
9.0236
9.0352
9.048975
9.08125
772
