0.10005
0.108425
0.113575
0.121825
0.12415
0.12725
0.128225
0.13505
0.137375
0.143975
0.146425
0.159875
0.1859
0.187075
0.1924
0.2109
0.227775
0.2952
0.307725
0.352675
0.3904
0.399975
0.40725
0.408075
0.411125
0.411375
0.415475
0.422275
0.426125
0.43205
0.4333
0.442975
0.4564
0.461875
0.46915
0.4736
0.475175
0.48035
0.49035
0.497525
0.497575
0.502625
0.50365
0.50665
0.5394
0.543325
0.550075
0.555925
0.561175
0.564875
0.65175
0.656325
0.666975
0.700925
0.704175
0.719025
0.72135
0.723525
0.7238
0.746925
0.75635
0.7583
0.77425
0.778675
0.780225
0.794925
0.818525
0.8271
0.830325
0.8443
0.853
0.857325
0.859325
0.867875
0.876025
0.9101
0.915525
1.005
1.015675
1.016575
1.01785
1.01835
1.019675
1.0248
1.026475
1.05485
1.0576
1.064675
1.0682
1.072125
1.07945
1.083925
1.0933
1.09805
1.100575
1.102275
1.106625
1.1068
1.111925
1.112025
1.136125
1.138575
1.143325
1.1594
1.1599
1.165925
1.1862
1.215325
1.223475
1.23035
1.2324
1.241275
1.296
1.305025
1.305425
1.309025
1.31015
1.312925
1.3158
1.332275
1.342325
1.34515
1.385425
1.3922
1.406975
1.41905
1.42455
1.426675
1.4422
1.4458
1.46015
1.462725
1.466925
1.493275
1.50145
1.509875
1.511425
1.51395
1.520975
1.53455
1.5525
1.580475
1.58665
1.5941
1.597425
1.60025
1.6058
1.6066
1.609675
1.612625
1.618325
1.62025
1.622375
1.625175
1.628725
1.63825
1.64275
1.64415
1.64895
1.652725
1.665675
1.673875
1.683775
1.708075
1.709025
1.742475
1.74785
1.80065
1.836975
1.83955
1.842925
1.8494
1.85165
1.854125
1.8611
1.8725
1.87685
1.90145
1.902
1.908675
1.908825
1.910275
1.915775
1.923725
1.926325
1.945475
1.952575
1.962325
1.9653
1.9822
1.990275
1.999
2.0105
2.0193
2.04855
2.05805
2.058675
2.083975
2.086225
2.09165
2.107825
2.122875
2.13735
2.15585
2.170575
2.172075
2.2027
2.20505
2.213625
2.2166
2.2334
2.2456
2.265
2.272275
2.2874
2.291875
2.306925
2.307375
2.3154
2.325
2.328275
2.333425
2.33385
2.34185
2.34565
2.347175
2.450425
2.457225
2.467725
2.469775
2.48425
2.509625
2.5268
2.532075
2.563425
2.56395
2.5674
2.578725
2.5955
2.61305
2.61695
2.636025
2.6429
2.647825
2.6537
2.679175
2.70885
2.80735
2.813625
2.82835
2.829025
2.835425
2.8466
2.868525
2.875975
2.87905
2.88635
2.892825
2.89315
2.8947
2.9019
2.931
2.933675
2.9607
2.984725
3.03685
3.05895
3.086825
3.089625
3.107625
3.11665
3.11765
3.12385
3.12845
3.1316
3.13535
3.1464
3.165825
3.1689
3.172025
3.193425
3.203075
3.21325
3.215575
3.216175
3.238525
3.249375
3.267525
3.2708
3.2713
3.2907
3.29445
3.31335
3.31615
3.33945
3.339475
3.35485
3.359075
3.3719
3.374825
3.40145
3.40245
3.404775
3.413175
3.4187
3.42335
3.44535
3.44575
3.4593
3.464475
3.47615
3.4767
3.482075
3.484925
3.488225
3.496925
3.498725
3.52265
3.5256
3.543275
3.589625
3.607
3.612825
3.6179
3.62165
3.7004
3.7044
3.705275
3.705975
3.717075
3.720325
3.72875
3.731775
3.759125
3.76895
3.76965
3.77175
3.7725
3.77555
3.776575
3.77725
3.777775
3.7989
3.800925
3.81045
3.8422
3.8642
3.8719
3.8846
3.89505
3.9087
3.91255
3.914075
3.921975
3.933925
3.939325
3.939575
3.946575
3.98185
4.003
4.010725
4.026375
4.02795
4.0289
4.02965
4.033825
4.036075
4.040525
4.044725
4.046525
4.054625
4.0662
4.067225
4.073575
4.076125
4.080025
4.09955
4.101675
4.10695
4.12045
4.121125
4.1516
4.155
4.17375
4.19255
4.2022
4.2076
4.211975
4.281275
4.306625
4.316225
4.316875
4.31765
4.322
4.34125
4.34165
4.347225
4.350875
4.3565
4.358875
4.36905
4.371625
4.383775
4.392725
4.394725
4.471575
4.4821
4.488375
4.4972
4.520325
4.522175
4.5299
4.563175
4.580025
4.600775
4.6063
4.606725
4.611075
4.623175
4.625525
4.62685
4.639
4.65405
4.674975
4.685975
4.69195
4.693175
4.72875
4.7324
4.73275
4.76515
4.767275
4.780575
4.781375
4.7978
4.8353
4.83785
4.845625
4.8953
4.9047
4.91055
4.91575
4.936025
4.94135
4.9534
4.9576
4.96755
4.974925
4.9848
4.99945
5.010375
5.02235
5.02305
5.0362
5.0415
5.044475
5.065525
5.0675
5.092325
5.094225
5.101325
5.123025
5.1278
5.140825
5.173125
5.193675
5.2004
5.204725
5.210725
5.22885
5.23445
5.2391
5.2418
5.25835
5.25905
5.2683
5.28885
5.293425
5.33365
5.354675
5.39305
5.4221
5.4374
5.44275
5.46285
5.48725
5.516325
5.517975
5.520425
5.520625
5.54745
5.5823
5.5963
5.604825
5.610675
5.61175
5.617425
5.618575
5.6316
5.637825
5.63835
5.6546
5.674225
5.696075
5.700125
5.7177
5.731075
5.7376
5.749175
5.7696
5.780825
5.80075
5.80165
5.80375
5.806575
5.8098
5.812075
5.812975
5.817425
5.81855
5.8243
5.8371
5.8528
5.861175
5.86495
5.88505
5.891925
5.8961
5.916075
5.917275
5.922225
5.926
5.9278
5.93885
5.945025
5.949775
5.968775
5.974975
5.975075
6.028825
6.070225
6.089025
6.09165
6.11295
6.113275
6.12265
6.13035
6.15985
6.1871
6.187675
6.194225
6.2017
6.2269
6.228525
6.230025
6.235775
6.240475
6.2565
6.28335
6.2859
6.314075
6.3159
6.365075
6.400975
6.424725
6.4268
6.42905
6.4354
6.4362
6.44395
6.447825
6.44845
6.456225
6.46425
6.46665
6.479975
6.503475
6.52275
6.528425
6.5359
6.536675
6.55535
6.5743
6.575425
6.585575
6.58885
6.612675
6.616875
6.688925
6.70025
6.704425
6.7045
6.705075
6.708725
6.7172
6.7179
6.71905
6.72985
6.742175
6.742825
6.745225
6.7489
6.749175
6.787325
6.7915
6.796375
6.79915
6.833625
6.850225
6.8769
6.8802
6.883675
6.8877
6.896975
6.91005
6.9239
6.92895
6.9297
7.002725
7.009575
7.018325
7.01935
7.0237
7.0265
7.032375
7.034475
7.0352
7.036925
7.0438
7.044425
7.04675
7.04785
7.05865
7.060175
7.0607
7.105825
7.12345
7.135075
7.1556
7.169375
7.1808
7.196475
7.20415
7.211575
7.243675
7.30085
7.3009
7.3076
7.307975
7.31645
7.323725
7.32415
7.3265
7.3454
7.3505
7.3737
7.40105
7.402525
7.403025
7.403125
7.404175
7.428525
7.443025
7.4562
7.459175
7.460825
7.499675
7.557975
7.58135
7.60015
7.601575
7.6045
7.62495
7.626125
7.629325
7.641
7.642325
7.67415
7.685875
7.68635
7.702675
7.703825
7.706125
7.7066
7.7097
7.719275
7.738025
7.746
7.746325
7.75015
7.7598
7.79015
7.79075
7.799775
7.803275
7.82555
7.838525
7.85775
7.86095
7.8726
7.9019
7.916475
7.917575
7.923225
7.92535
7.928875
7.9314
7.9356
7.940925
7.94455
7.951975
7.98325
7.9974
8.000425
8.00715
8.0106
8.0193
8.029025
8.03735
8.04805
8.053125
8.056225
8.0696
8.0932
8.114275
8.16215
8.201825
8.21185
8.212575
8.2146
8.2166
8.2237
8.225175
8.2266
8.239775
8.24805
8.252325
8.254775
8.2591
8.260875
8.285125
8.30155
8.303925
8.308475
8.330375
8.3316
8.342
8.351025
8.35525
8.36415
8.39535
8.3958
8.4339
8.445875
8.4613
8.47555
8.501
8.5013
8.511575
8.512275
8.526125
8.526975
8.531875
8.53225
8.53495
8.560525
8.5607
8.566075
8.5742
8.576675
8.58875
8.625425
8.637725
8.63925
8.660275
8.70275
8.746825
8.766625
8.7698
8.779525
8.7915
8.799125
8.801875
8.8049
8.830325
8.839375
8.844375
8.848425
8.871125
8.874425
8.8748
8.877275
8.87795
8.88195
8.896875
8.8981
8.903525
8.9054
8.90945
8.945225
8.94735
8.958725
8.98165
9.014225
9.01805
9.020625
9.0402
9.0532
808
