0.048425
0.05745
0.069125
0.10215
0.102425
0.10675
0.1086
0.109825
0.12565
0.130875
0.13465
0.14635
0.155975
0.167025
0.1744
0.177
0.189725
0.24555
0.25145
0.257375
0.270325
0.290475
0.29515
0.2977
0.305225
0.305625
0.397125
0.403725
0.408575
0.41445
0.41645
0.4232
0.429025
0.439875
0.45205
0.4744
0.4811
0.48345
0.4882
0.4891
0.499
0.502125
0.50815
0.512025
0.5162
0.534525
0.55385
0.56465
0.5664
0.5672
0.580025
0.580325
0.58795
0.589625
0.59095
0.596625
0.596875
0.665625
0.69045
0.6979
0.704275
0.710175
0.71185
0.7128
0.7185
0.720975
0.7229
0.725525
0.741
0.747225
0.749025
0.753675
0.7612
0.7642
0.77845
0.8015
0.804725
0.830025
0.84905
0.8532
0.85585
0.86215
0.8722
0.87245
0.901875
0.945125
0.96315
0.977575
0.99245
1.00555
1.0061
1.009625
1.01435
1.021425
1.0316
1.0342
1.040875
1.052075
1.065475
1.06775
1.092875
1.10265
1.105525
1.1059
1.118025
1.122975
1.136125
1.14055
1.1641
1.18055
1.181925
1.1905
1.20625
1.21175
1.215125
1.22385
1.2483
1.26695
1.27095
1.2826
1.32205
1.325825
1.342275
1.34595
1.364925
1.367175
1.36875
1.37075
1.3783
1.3816
1.381825
1.385125
1.397325
1.400625
1.4018
1.41575
1.4228
1.42645
1.436425
1.44085
1.450925
1.457025
1.46835
1.49735
1.6016
1.60725
1.61675
1.6251
1.6286
1.644075
1.651875
1.65335
1.665925
1.6661
1.691475
1.691625
1.69885
1.70965
1.71345
1.737225
1.745825
1.74715
1.772225
1.79205
1.810925
1.81225
1.84195
1.8502
1.8648
1.867
1.908875
1.9098
1.91365
1.91405
1.922275
1.927075
1.937975
1.938425
1.970825
1.9735
1.9906
2.01765
2.043175
2.043275
2.06995
2.082575
2.098025
2.103375
2.1039
2.115675
2.132075
2.134575
2.150475
2.2126
2.220225
2.222925
2.22925
2.2349
2.236125
2.2371
2.23805
2.2667
2.27165
2.29825
2.305075
2.309425
2.314125
2.31565
2.32495
2.33085
2.33625
2.346025
2.357525
2.377725
2.383575
2.394325
2.425575
2.47065
2.4783
2.50835
2.5221
2.53105
2.5362
2.536625
2.55085
2.55335
2.554975
2.5656
2.568875
2.576175
2.599625
2.615925
2.61625
2.616525
2.618025
2.62745
2.630775
2.63575
2.65455
2.659175
2.6653
2.7096
2.713475
2.732275
2.744325
2.757525
2.77815
2.77935
2.7819
2.800575
2.80325
2.810475
2.811375
2.81595
2.819225
2.8221
2.82405
2.835525
2.849475
2.85165
2.85285
2.865025
2.873875
2.877275
2.89145
2.89945
2.93395
2.939275
2.942025
2.974275
2.9757
2.980175
2.992025
2.999
3.0211
3.034425
3.0357
3.043025
3.052
3.065625
3.094525
3.103
3.107375
3.127575
3.152075
3.152125
3.168
3.17045
3.180025
3.180625
3.181325
3.209125
3.215775
3.23175
3.23545
3.24295
3.2731
3.2745
3.28415
3.2962
3.311775
3.340575
3.349675
3.38785
3.407625
3.426
3.4344
3.441875
3.45025
3.45285
3.462925
3.472425
3.474175
3.51215
3.52125
3.523825
3.52845
3.5313
3.53975
3.540825
3.57905
3.5842
3.6367
3.650375
3.658375
3.7018
3.7022
3.72395
3.728325
3.743675
3.7464
3.78185
3.7917
3.794925
3.800525
3.809125
3.832625
3.84585
3.859825
3.88475
3.887475
3.9181
3.940775
4.003575
4.01235
4.018775
4.0226
4.02345
4.029225
4.033175
4.0407
4.052025
4.060275
4.06555
4.069925
4.071325
4.078475
4.082675
4.083225
4.0908
4.091575
4.137425
4.14205
4.1432
4.149075
4.151125
4.15235
4.1573
4.162025
4.1624
4.193725
4.19835
4.2176
4.2272
4.227775
4.2341
4.25345
4.265525
4.29565
4.300375
4.30335
4.3064
4.30715
4.317975
4.3199
4.327175
4.33565
4.336075
4.337325
4.341525
4.343925
4.3557
4.359275
4.3657
4.3883
4.395925
4.431675
4.43875
4.441575
4.454125
4.502075
4.502925
4.5079
4.51215
4.519325
4.5222
4.5414
4.543625
4.55075
4.56225
4.568875
4.591075
4.600075
4.613125
4.614675
4.62045
4.633925
4.6445
4.644825
4.64995
4.6543
4.655
4.672375
4.68445
4.698425
4.774175
4.774575
4.7899
4.79795
4.8139
4.8249
4.850475
4.88225
4.90565
4.910925
4.929425
4.949925
4.9577
4.961425
4.96645
4.9818
5.01465
5.023
5.03195
5.035075
5.052525
5.07115
5.0731
5.080275
5.080725
5.11075
5.128925
5.135825
5.204375
5.2152
5.218025
5.222775
5.237725
5.253025
5.253625
5.27275
5.2814
5.282125
5.3004
5.323475
5.33295
5.352025
5.373225
5.409175
5.4225
5.4759
5.479575
5.502175
5.512675
5.514125
5.517525
5.54155
5.547075
5.55165
5.577125
5.581875
5.58405
5.596975
5.602425
5.60255
5.626325
5.626825
5.62725
5.63835
5.652175
5.6715
5.6941
5.727575
5.728775
5.731075
5.736675
5.738475
5.779275
5.800675
5.803075
5.826325
5.83085
5.836
5.856725
5.8731
5.889225
5.8977
5.90395
5.924925
5.96255
5.963225
5.966075
5.971475
6.012875
6.046775
6.08845
6.10145
6.10265
6.106925
6.109875
6.114425
6.12085
6.131075
6.15295
6.1584
6.1642
6.180625
6.181975
6.1991
6.20335
6.20955
6.213225
6.215825
6.216925
6.24615
6.2566
6.25775
6.31325
6.319
6.337725
6.342175
6.35065
6.404525
6.405225
6.418575
6.423325
6.449925
6.45275
6.463775
6.4698
6.47035
6.489025
6.49695
6.501375
6.50525
6.537625
6.54655
6.55845
6.564475
6.587875
6.587975
6.593275
6.628525
6.648
6.649525
6.6593
6.69375
6.697975
6.7009
6.7083
6.709425
6.7109
6.710975
6.714975
6.71615
6.725625
6.731
6.733775
6.7629
6.768725
6.77
6.776825
6.782525
6.79005
6.793525
6.8031
6.8188
6.8189
6.826225
6.838875
6.85015
6.85125
6.902375
6.9058
6.918825
6.960625
6.9678
7.0137
7.04575
7.048475
7.052375
7.061425
7.071525
7.099875
7.11605
7.119175
7.1435
7.164125
7.17455
7.175175
7.2018
7.23535
7.273175
7.3143
7.3334
7.33365
7.3405
7.34285
7.346875
7.3523
7.376775
7.392575
7.39595
7.408125
7.4097
7.449875
7.46495
7.47995
7.485925
7.506025
7.516075
7.552625
7.5572
7.6009
7.607
7.60795
7.620825
7.635725
7.6372
7.637775
7.639675
7.640675
7.6492
7.66815
7.697525
7.698025
7.714125
7.72125
7.728175
7.732575
7.76385
7.83665
7.90425
7.9052
7.9159
7.9195
7.923725
7.924025
7.927225
7.9275
7.948175
7.969525
7.980525
7.9928
7.997125
7.9978
8.01215
8.024925
8.032825
8.043275
8.04585
8.0586
8.0625
8.064875
8.07305
8.076075
8.0841
8.203675
8.210275
8.210325
8.237125
8.239825
8.2411
8.24145
8.24205
8.243825
8.266375
8.28195
8.284025
8.2866
8.286625
8.2887
8.296325
8.304225
8.3048
8.31255
8.3161
8.3258
8.33075
8.331175
8.332525
8.338775
8.358325
8.427425
8.427975
8.443
8.443375
8.47755
8.4854
8.4897
8.503925
8.504825
8.5093
8.51615
8.534
8.548225
8.54915
8.552425
8.55545
8.57095
8.571725
8.600425
8.60415
8.630525
8.631425
8.638375
8.639275
8.6439
8.660525
8.667275
8.6711
8.673075
8.7336
8.733775
8.7481
8.751075
8.7521
8.771425
8.8029
8.811125
8.816325
8.8219
8.827075
8.834175
8.84065
8.8424
8.847175
8.858825
8.861225
8.87485
8.886375
8.8866
8.900875
8.905625
8.917775
8.929075
8.9412
8.945
8.9575
8.96575
8.97875
8.991475
9.0363
9.065425
9.071725
9.090975
766
