0.047375
0.0769
0.105525
0.117725
0.1448
0.156925
0.1593
0.161825
0.184175
0.1988
0.223025
0.22405
0.2264
0.22695
0.231225
0.252225
0.252625
0.2542
0.255375
0.261725
0.2645
0.2727
0.274975
0.295825
0.296625
0.3024
0.318975
0.36155
0.4012
0.4035
0.4098
0.413275
0.41635
0.41905
0.4217
0.441825
0.44305
0.4474
0.450125
0.47135
0.494475
0.49585
0.503525
0.5242
0.52445
0.526125
0.52915
0.544425
0.551025
0.5533
0.5887
0.67965
0.700675
0.712725
0.7162
0.722725
0.72495
0.729175
0.735575
0.736175
0.741775
0.744225
0.77975
0.780675
0.7856
0.794925
0.802
0.810275
0.822475
0.823475
0.83705
0.850025
0.850975
0.872375
0.90085
0.92805
0.9461
0.964175
0.973425
0.99795
1.00165
1.007375
1.00765
1.0124
1.0176
1.024625
1.02645
1.030125
1.03685
1.039825
1.051675
1.056575
1.061325
1.066575
1.073325
1.079325
1.085525
1.08975
1.094275
1.1019
1.10695
1.11255
1.118975
1.12525
1.1378
1.14135
1.147875
1.16015
1.1607
1.198325
1.22995
1.24895
1.299275
1.300425
1.300725
1.30305
1.316575
1.319625
1.331275
1.331575
1.33235
1.341775
1.34545
1.35455
1.355975
1.362
1.364875
1.3882
1.400625
1.4142
1.426625
1.43235
1.4333
1.43405
1.435925
1.4673
1.490025
1.5554
1.575925
1.586375
1.60445
1.608975
1.61455
1.6193
1.626025
1.63045
1.641425
1.653675
1.67095
1.68115
1.681975
1.6926
1.702275
1.716825
1.739
1.751375
1.778125
1.81445
1.81965
1.880475
1.883075
1.890725
1.9027
1.907075
1.90805
1.908525
1.911725
1.91515
1.92105
1.9237
1.924575
1.932775
1.945925
1.97135
1.974725
1.98125
1.9925
2.0169
2.03775
2.053075
2.0563
2.07815
2.087125
2.09395
2.095675
2.101
2.124225
2.159575
2.194225
2.210425
2.224475
2.231725
2.233175
2.240175
2.240575
2.24685
2.2482
2.255775
2.256075
2.258225
2.265225
2.266275
2.2724
2.274225
2.294375
2.300625
2.30105
2.30365
2.3068
2.319775
2.332525
2.3542
2.393325
2.410075
2.414775
2.4384
2.463625
2.4739
2.49015
2.493775
2.50755
2.51655
2.525775
2.5321
2.533825
2.535025
2.53505
2.540175
2.5463
2.55185
2.551925
2.5589
2.56875
2.5727
2.57745
2.578825
2.58365
2.5863
2.590975
2.59505
2.59885
2.599675
2.6171
2.62635
2.648275
2.6787
2.703225
2.73255
2.77865
2.783625
2.80205
2.81115
2.814475
2.815825
2.82205
2.835
2.83585
2.84025
2.84705
2.84715
2.849325
2.85245
2.868025
2.886125
2.8882
2.892275
2.89385
2.8983
2.9278
2.930575
2.9342
2.935625
2.945
2.976975
2.988775
3.03595
3.06065
3.0626
3.0954
3.1022
3.107475
3.11695
3.1277
3.131375
3.14145
3.154675
3.15655
3.181025
3.18275
3.191125
3.19225
3.201325
3.221925
3.238075
3.2407
3.243075
3.2449
3.25535
3.2711
3.272125
3.276175
3.308725
3.311275
3.316325
3.32255
3.323725
3.32885
3.342675
3.409825
3.4178
3.4258
3.427425
3.44325
3.4443
3.45495
3.4602
3.465125
3.46985
3.472
3.48645
3.4922
3.521025
3.529925
3.53455
3.555375
3.571925
3.616675
3.61785
3.6327
3.64035
3.65965
3.709575
3.711275
3.715775
3.722925
3.7263
3.7275
3.729825
3.73115
3.7375
3.74255
3.742875
3.75155
3.788975
3.79145
3.82345
3.831875
3.859225
3.88375
3.9613
3.97165
3.993
4.0021
4.0112
4.0139
4.017375
4.02635
4.0352
4.042925
4.04645
4.06875
4.070575
4.07575
4.084825
4.103025
4.111175
4.1182
4.12145
4.122775
4.123575
4.153275
4.158975
4.175025
4.19225
4.192475
4.199075
4.222975
4.228525
4.232475
4.2764
4.283525
4.309575
4.31145
4.32105
4.3213
4.324925
4.327
4.327825
4.328825
4.331175
4.334025
4.351975
4.359425
4.360425
4.36125
4.382725
4.3834
4.397975
4.41185
4.415525
4.43155
4.4656
4.467625
4.477825
4.488575
4.50665
4.544525
4.544575
4.56735
4.571525
4.5768
4.5833
4.59375
4.60015
4.60635
4.608325
4.609075
4.62685
4.627125
4.6279
4.63515
4.6366
4.659975
4.669225
4.679725
4.710325
4.713825
4.723325
4.725175
4.7456
4.752175
4.755225
4.7694
4.8172
4.837075
4.850225
4.90465
4.908625
4.9134
4.917675
4.9234
4.9296
4.943525
4.9478
4.960775
4.98525
5.010025
5.019525
5.0489
5.070275
5.076275
5.0829
5.08915
5.1045
5.142375
5.170175
5.208025
5.21225
5.219675
5.22005
5.234375
5.24935
5.277675
5.2861
5.291825
5.3222
5.32315
5.330425
5.33235
5.339975
5.35695
5.359125
5.377225
5.39915
5.42625
5.4604
5.512425
5.529125
5.541575
5.5435
5.557075
5.5611
5.5682
5.56905
5.577375
5.584925
5.5911
5.5984
5.6132
5.616825
5.62065
5.623525
5.62525
5.636575
5.649075
5.684975
5.69495
5.737525
5.74075
5.7763
5.785225
5.80385
5.806475
5.814875
5.825175
5.838025
5.850725
5.8809
5.888025
5.911475
5.92025
5.9214
5.932075
5.9434
5.952875
5.965975
5.967875
5.972175
5.996225
6.0034
6.004525
6.0075
6.01725
6.070925
6.080225
6.1136
6.119975
6.121725
6.123725
6.128925
6.149075
6.1508
6.152025
6.156275
6.160275
6.206625
6.23715
6.2557
6.265
6.2664
6.270275
6.2943
6.30145
6.325325
6.329725
6.348825
6.36995
6.4
6.40395
6.4058
6.413675
6.42085
6.4239
6.437025
6.44505
6.451
6.466375
6.474675
6.4778
6.479525
6.50035
6.502775
6.508925
6.51105
6.52995
6.5324
6.541675
6.559925
6.57495
6.5951
6.60125
6.625725
6.659075
6.6745
6.701925
6.7087
6.711475
6.714125
6.714475
6.726575
6.728525
6.73215
6.74835
6.75365
6.7537
6.754375
6.78985
6.794175
6.79715
6.79765
6.79805
6.808925
6.831025
6.833775
6.83855
6.915
6.915325
6.93055
6.993625
7.000625
7.0031
7.0047
7.005725
7.00865
7.012925
7.02105
7.0228
7.02585
7.0269
7.032475
7.048125
7.061625
7.063125
7.06985
7.07315
7.08805
7.092025
7.110875
7.1111
7.114825
7.11535
7.121575
7.134325
7.136975
7.17545
7.19765
7.2455
7.24805
7.272825
7.3033
7.303825
7.3041
7.3044
7.306975
7.3073
7.311125
7.316025
7.320675
7.3238
7.329825
7.346575
7.3471
7.354325
7.356825
7.357325
7.35785
7.369
7.370025
7.379575
7.3813
7.39225
7.393375
7.39975
7.406625
7.415725
7.426375
7.427275
7.42735
7.433775
7.447175
7.449275
7.4607
7.4712
7.489775
7.518725
7.533475
7.564775
7.5908
7.5936
7.615
7.615775
7.616
7.6296
7.634475
7.641875
7.648525
7.650425
7.650625
7.652525
7.6544
7.654525
7.6559
7.686425
7.697375
7.71585
7.722075
7.7252
7.72735
7.728575
7.74705
7.778275
7.79455
7.798225
7.810925
7.82065
7.840575
7.878375
7.893575
7.900925
7.903225
7.9066
7.906775
7.9095
7.91435
7.934975
7.95445
7.959825
7.9633
7.9661
7.981125
7.981375
8.01635
8.018475
8.0375
8.057975
8.101825
8.106
8.107575
8.127025
8.1296
8.16325
8.204475
8.20515
8.2113
8.211725
8.219575
8.236125
8.24015
8.253125
8.265125
8.281125
8.2861
8.30135
8.3017
8.344875
8.349125
8.359425
8.367
8.3675
8.389325
8.389775
8.40705
8.430475
8.4427
8.442975
8.4843
8.5046
8.50845
8.51375
8.514475
8.514825
8.519675
8.5291
8.5486
8.562525
8.564975
8.57345
8.57735
8.582475
8.585175
8.59445
8.5958
8.5977
8.6359
8.652575
8.686075
8.697225
8.7068
8.751075
8.8152
8.834825
8.834975
8.839725
8.853775
8.86095
8.865825
8.889825
8.891775
8.919075
8.923975
8.92695
8.97175
8.98005
8.991075
8.9917
8.9936
8.9946
9.0051
9.01585
9.041425
9.0436
9.057475
9.06575
9.0875
794
