0.1038
0.112575
0.12955
0.13275
0.134125
0.138225
0.140775
0.14485
0.156175
0.1752
0.1803
0.1888
0.1921
0.1936
0.2035
0.208575
0.2363
0.240525
0.24865
0.2587
0.283975
0.285725
0.2989
0.31625
0.318375
0.32595
0.329775
0.372175
0.378675
0.3822
0.407075
0.416625
0.431525
0.43785
0.43885
0.474525
0.48295
0.507625
0.510625
0.5227
0.550125
0.563325
0.58565
0.590775
0.603925
0.616425
0.61825
0.700225
0.706925
0.708325
0.708975
0.71445
0.724975
0.7298
0.739925
0.746375
0.747075
0.749575
0.786225
0.81055
0.820125
0.824375
0.826975
0.875975
0.8821
0.8894
0.893125
0.9135
0.9269
0.94345
0.94845
0.966825
0.9768
0.999875
1.00585
1.014025
1.0171
1.0226
1.023525
1.030025
1.034775
1.03635
1.041225
1.046075
1.04865
1.050875
1.064075
1.0747
1.081075
1.105275
1.112325
1.12885
1.141775
1.1483
1.15775
1.17355
1.17765
1.246575
1.293025
1.31695
1.317025
1.334675
1.338575
1.34665
1.354025
1.380375
1.39445
1.3972
1.4057
1.40965
1.416025
1.4236
1.4477
1.490275
1.500275
1.50625
1.5065
1.579775
1.6127
1.615475
1.6195
1.6211
1.6212
1.623575
1.625575
1.632375
1.634825
1.6356
1.6417
1.65015
1.655525
1.670275
1.6741
1.6767
1.67865
1.70645
1.7237
1.728825
1.745525
1.799325
1.8013
1.8179
1.8385
1.8431
1.8708
1.8896
1.896325
1.90215
1.906375
1.915775
1.918375
1.918525
1.92135
1.92325
1.924875
1.932375
1.942575
1.9437
1.9455
1.9507
1.9572
1.964375
1.96905
1.987625
1.989875
1.9949
2.005575
2.021075
2.0229
2.024625
2.03615
2.057325
2.058425
2.065275
2.096525
2.103575
2.14615
2.2327
2.238975
2.246025
2.255425
2.26475
2.267975
2.2716
2.2762
2.27735
2.283925
2.28405
2.34285
2.348075
2.3612
2.371025
2.40955
2.415025
2.501
2.51185
2.513475
2.5237
2.529925
2.53155
2.533275
2.5346
2.536525
2.54175
2.553175
2.555
2.585625
2.603175
2.606375
2.64395
2.6562
2.6565
2.67615
2.684
2.687775
2.689975
2.717875
2.76575
2.796525
2.80275
2.805825
2.806375
2.810725
2.8115
2.81995
2.84325
2.8444
2.851225
2.863975
2.892325
2.901225
2.902075
2.906825
2.918675
2.9235
2.924975
2.9598
2.992425
3.002625
3.012975
3.0231
3.049175
3.0609
3.064025
3.08035
3.1232
3.144
3.1518
3.162225
3.17455
3.18955
3.200925
3.201575
3.2182
3.23495
3.2352
3.297375
3.333425
3.339475
3.345325
3.3809
3.3881
3.40145
3.404525
3.405275
3.41315
3.416925
3.41705
3.4284
3.4296
3.437
3.437175
3.4461
3.4583
3.46225
3.475425
3.4755
3.47795
3.48705
3.48835
3.489325
3.5099
3.5101
3.536775
3.5389
3.541175
3.57135
3.61855
3.619925
3.63065
3.714675
3.719475
3.72525
3.7312
3.738725
3.741275
3.759775
3.76475
3.7735
3.7821
3.7984
3.799175
3.80005
3.824325
3.83595
3.844025
3.8529
3.857325
3.8648
3.89235
3.893775
3.911475
3.9556
3.970075
3.993525
4.00095
4.001925
4.008
4.03715
4.037625
4.03875
4.040175
4.0445
4.048025
4.057225
4.0673
4.0705
4.07185
4.0734
4.07445
4.0763
4.082275
4.083
4.0845
4.08805
4.088225
4.101
4.103175
4.104
4.10585
4.1097
4.140975
4.143825
4.1726
4.2077
4.22625
4.24195
4.24285
4.24585
4.278525
4.305375
4.3061
4.307025
4.32265
4.32845
4.3405
4.350575
4.3507
4.35545
4.35655
4.360975
4.362025
4.3649
4.367225
4.3675
4.36775
4.37055
4.375075
4.38175
4.388
4.39435
4.4138
4.42005
4.432575
4.440775
4.4637
4.5137
4.517075
4.5295
4.53605
4.536225
4.5414
4.602075
4.606725
4.615325
4.62195
4.6265
4.627175
4.630175
4.644525
4.646025
4.6463
4.6517
4.65575
4.659
4.6679
4.672475
4.6896
4.69265
4.70895
4.71675
4.72245
4.7439
4.74595
4.75485
4.758175
4.76505
4.7671
4.826325
4.90955
4.916875
4.921125
4.925625
4.929675
4.9299
4.93455
4.9364
4.943825
4.95225
4.9568
4.963675
4.9764
4.9843
5.008
5.051075
5.051675
5.052225
5.056875
5.059475
5.0661
5.0684
5.069625
5.09085
5.101675
5.118075
5.1238
5.133325
5.1544
5.166475
5.19435
5.200625
5.201475
5.205
5.21085
5.21665
5.22045
5.2218
5.223375
5.22385
5.23915
5.252625
5.254775
5.256325
5.279975
5.30405
5.315775
5.3362
5.342975
5.3544
5.3649
5.37605
5.3835
5.390975
5.392325
5.42405
5.469475
5.46975
5.48075
5.514525
5.5146
5.5272
5.53365
5.5465
5.5485
5.553475
5.558275
5.57115
5.586175
5.58915
5.597975
5.599525
5.61075
5.61735
5.620425
5.631025
5.654225
5.6572
5.693225
5.69565
5.70245
5.727425
5.735775
5.75265
5.755675
5.7731
5.802825
5.8033
5.80995
5.812375
5.830425
5.833975
5.840525
5.8435
5.85005
5.850825
5.855775
5.8709
5.8796
5.88565
5.9018
5.902
5.910275
5.915925
5.916
5.948825
5.9647
5.96615
5.968375
5.97485
5.9786
5.989425
5.995175
6.004375
6.052275
6.073525
6.075
6.10335
6.107025
6.11825
6.12875
6.134
6.1571
6.158575
6.202475
6.2172
6.219125
6.246025
6.249525
6.27775
6.2929
6.296325
6.300375
6.309675
6.315875
6.322325
6.35315
6.35345
6.3636
6.3685
6.4021
6.40415
6.405275
6.40985
6.41325
6.4152
6.4155
6.41555
6.422725
6.42955
6.431025
6.437625
6.438775
6.44295
6.445475
6.44845
6.450775
6.453625
6.473475
6.479675
6.48295
6.486725
6.48895
6.4975
6.49845
6.5025
6.521275
6.55475
6.576575
6.60785
6.61135
6.62015
6.661325
6.69325
6.701325
6.705775
6.7078
6.723625
6.72505
6.72735
6.748825
6.76355
6.767525
6.7737
6.7941
6.8056
6.808725
6.843
6.847875
6.855175
6.859375
6.869175
6.869875
6.88695
6.8925
6.89785
6.98715
7.002175
7.00905
7.018625
7.02485
7.0364
7.039
7.044075
7.04435
7.0496
7.050575
7.059925
7.0661
7.06755
7.068825
7.08475
7.0859
7.087775
7.093975
7.106475
7.110175
7.123575
7.126275
7.12845
7.1779
7.181225
7.194425
7.221425
7.2592
7.27255
7.2782
7.300925
7.302275
7.3081
7.311075
7.319625
7.325125
7.336925
7.337475
7.347125
7.352775
7.353075
7.358775
7.3673
7.36825
7.373
7.378125
7.379675
7.380975
7.384125
7.406375
7.417875
7.423375
7.4242
7.424925
7.43405
7.4433
7.455475
7.52045
7.549725
7.585025
7.606475
7.621475
7.623325
7.634625
7.646
7.66555
7.686825
7.702425
7.709875
7.71975
7.721375
7.722425
7.723375
7.727925
7.748
7.761775
7.76635
7.7703
7.780675
7.784825
7.80045
7.9039
7.916425
7.91985
7.9331
7.934775
7.94655
7.94745
7.952
7.96495
7.970575
7.983875
7.985375
7.988925
8.035875
8.04625
8.050725
8.0701
8.102125
8.1066
8.11715
8.11755
8.1192
8.133625
8.176975
8.182125
8.18485
8.20745
8.216375
8.226775
8.23065
8.235225
8.236275
8.247175
8.2588
8.2925
8.311225
8.330775
8.33095
8.3399
8.36625
8.37375
8.37435
8.38175
8.427
8.437275
8.448725
8.49485
8.518225
8.520575
8.524775
8.529675
8.544975
8.557
8.55835
8.564825
8.57645
8.58595
8.59615
8.60065
8.618725
8.632175
8.64655
8.658175
8.68015
8.68385
8.7003
8.704525
8.737975
8.7461
8.772325
8.802075
8.8206
8.823
8.828975
8.845175
8.8459
8.846675
8.847275
8.860625
8.894575
8.902225
8.90655
8.906875
8.931725
8.94395
8.9516
8.96435
8.972675
8.973275
8.99065
9.01825
9.0276
9.030475
9.0506
9.0512
9.08
783
