0.0367
0.103425
0.11635
0.1253
0.128325
0.1402
0.150275
0.1503
0.152225
0.1537
0.15565
0.1564
0.161275
0.1615
0.16275
0.165775
0.178025
0.1786
0.1846
0.1886
0.188725
0.219675
0.222175
0.22625
0.235425
0.23845
0.25515
0.2554
0.310275
0.32585
0.351875
0.36025
0.37385
0.37655
0.409825
0.417225
0.4233
0.4354
0.4412
0.48755
0.4934
0.495225
0.495675
0.507925
0.5136
0.5218
0.540275
0.543425
0.549075
0.5574
0.564125
0.5866
0.595
0.598
0.6076
0.608625
0.64345
0.66385
0.6806
0.683175
0.697625
0.701625
0.702425
0.704775
0.710125
0.712575
0.71775
0.7266
0.7304
0.73135
0.735525
0.7365
0.7371
0.742675
0.74665
0.772975
0.784625
0.8138
0.8168
0.82155
0.824675
0.839675
0.841425
0.8457
0.846325
0.854225
0.862275
0.888125
0.8934
0.89735
0.90775
0.921675
0.9369
0.978825
0.9921
0.998675
0.999875
1.000225
1.01525
1.0195
1.023275
1.039025
1.050875
1.068375
1.076125
1.077475
1.079025
1.135125
1.13545
1.1518
1.1737
1.175525
1.17875
1.182925
1.1973
1.1998
1.203475
1.204175
1.214325
1.215875
1.2316
1.235225
1.237625
1.2857
1.2907
1.298175
1.3023
1.322575
1.323125
1.325725
1.340975
1.3428
1.3464
1.3492
1.3732
1.378325
1.3957
1.408475
1.41125
1.417075
1.4284
1.434225
1.437025
1.48725
1.49
1.494875
1.4981
1.524175
1.5281
1.535175
1.540075
1.580525
1.597675
1.603875
1.6106
1.6127
1.612975
1.636125
1.6364
1.68345
1.696975
1.697275
1.715575
1.72775
1.73165
1.73185
1.75495
1.75805
1.7624
1.76775
1.78295
1.78375
1.788925
1.81455
1.825725
1.8773
1.89175
1.9007
1.9015
1.902875
1.9031
1.910725
1.914925
1.9189
1.928275
1.9287
1.936775
1.94435
1.955725
1.956525
1.95975
1.96125
1.965175
1.972425
1.9744
2.003375
2.0229
2.023425
2.0236
2.043425
2.06155
2.07315
2.074875
2.098325
2.099425
2.1165
2.16995
2.20025
2.20065
2.20655
2.207325
2.20905
2.215275
2.225175
2.228725
2.252
2.253525
2.279175
2.282175
2.288375
2.29415
2.29635
2.305525
2.31745
2.325225
2.335675
2.349225
2.36995
2.390925
2.423225
2.423425
2.429425
2.454075
2.45725
2.45865
2.46685
2.494575
2.50055
2.502225
2.547475
2.565125
2.5652
2.574125
2.582525
2.586725
2.6042
2.60955
2.65545
2.659775
2.6627
2.66535
2.6669
2.677625
2.6793
2.688725
2.690925
2.74875
2.76915
2.803825
2.80545
2.81795
2.819675
2.822425
2.82775
2.829125
2.840075
2.8437
2.8466
2.86635
2.882475
2.912575
2.9198
2.934875
2.997725
3.0145
3.02445
3.02555
3.02655
3.059925
3.105725
3.107625
3.116075
3.117375
3.120575
3.12555
3.128825
3.1458
3.147375
3.149925
3.15585
3.16215
3.175675
3.188075
3.1964
3.200625
3.205325
3.2112
3.21285
3.22815
3.2436
3.249275
3.251725
3.26945
3.274775
3.27615
3.290325
3.33915
3.339425
3.356275
3.3645
3.392325
3.392975
3.400825
3.410025
3.416425
3.419825
3.425475
3.428475
3.432425
3.4393
3.443875
3.45025
3.451475
3.468575
3.472725
3.475425
3.4856
3.491475
3.499725
3.516325
3.521725
3.53955
3.589375
3.59745
3.60055
3.612925
3.615675
3.618075
3.653025
3.669925
3.70955
3.712575
3.71635
3.716875
3.7201
3.723025
3.72485
3.725
3.727
3.728975
3.73065
3.763025
3.764375
3.7723
3.782725
3.790525
3.800825
3.819225
3.842825
3.849075
3.8539
3.85835
3.86245
3.891875
3.922775
4.009775
4.01515
4.029725
4.0559
4.059475
4.067825
4.082
4.08835
4.0959
4.103425
4.104275
4.134375
4.13525
4.174175
4.20755
4.23055
4.2373
4.243125
4.252425
4.2645
4.270225
4.3046
4.3164
4.3264
4.33335
4.337025
4.33755
4.34325
4.357525
4.3646
4.3721
4.376475
4.39
4.39735
4.3978
4.40875
4.4221
4.426925
4.427025
4.43415
4.43495
4.47265
4.5175
4.5277
4.530775
4.56135
4.5718
4.57835
4.59045
4.609075
4.6126
4.621675
4.624925
4.6265
4.6355
4.6375
4.63785
4.642525
4.644275
4.660725
4.668375
4.68585
4.687975
4.7054
4.7077
4.712675
4.7202
4.7222
4.726525
4.7322
4.774525
4.819825
4.90295
4.908075
4.915075
4.915725
4.92285
4.930725
4.9495
4.95435
4.95835
4.972975
4.9816
4.982725
4.9949
5.006025
5.0132
5.03015
5.035425
5.040025
5.040675
5.04085
5.044125
5.0783
5.08475
5.10075
5.11465
5.11605
5.1242
5.1248
5.17925
5.201325
5.205275
5.20545
5.20925
5.21235
5.221925
5.234275
5.244175
5.260125
5.27945
5.281325
5.285675
5.300675
5.30215
5.313075
5.341175
5.345825
5.35015
5.355625
5.368475
5.373475
5.379175
5.420375
5.426875
5.430225
5.456325
5.4958
5.4999
5.50155
5.510675
5.512625
5.515825
5.516475
5.518025
5.518775
5.522725
5.533
5.5335
5.5355
5.5486
5.5542
5.564525
5.56675
5.567775
5.573975
5.574975
5.58785
5.596175
5.5962
5.60765
5.63705
5.669775
5.6988
5.701525
5.718525
5.72035
5.743425
5.7517
5.80725
5.817225
5.8219
5.837125
5.8396
5.844325
5.8564
5.858525
5.864225
5.865975
5.8675
5.8688
5.872075
5.887775
5.903775
5.90585
5.921025
5.922225
5.92715
5.935125
5.938075
5.946075
5.968
5.979325
5.986425
5.990075
5.9972
6.0124
6.01425
6.02555
6.02725
6.05695
6.102275
6.119775
6.120975
6.12445
6.13055
6.1324
6.14415
6.14565
6.169825
6.18495
6.1942
6.209825
6.211275
6.215025
6.222825
6.233425
6.2362
6.255375
6.272625
6.277525
6.27885
6.30215
6.32215
6.35295
6.354125
6.35615
6.37145
6.4018
6.4022
6.40425
6.410925
6.425225
6.42545
6.42565
6.430225
6.43505
6.438
6.4472
6.463025
6.4701
6.4755
6.498975
6.500275
6.5023
6.514525
6.51495
6.5249
6.527275
6.529875
6.536125
6.542625
6.557175
6.562775
6.5995
6.612525
6.61545
6.65915
6.661675
6.699925
6.7025
6.714
6.7304
6.736975
6.744975
6.75725
6.76435
6.76995
6.79045
6.797525
6.79865
6.80415
6.8078
6.81175
6.821875
6.823425
6.83325
6.8391
6.88605
6.91375
6.946675
6.951775
6.97265
6.98
7.021725
7.025725
7.03735
7.042725
7.046775
7.0524
7.110125
7.11745
7.11915
7.119775
7.13365
7.14205
7.15625
7.159375
7.1967
7.2232
7.29525
7.300525
7.3049
7.30525
7.306825
7.310425
7.3173
7.320275
7.32655
7.331025
7.3319
7.3333
7.335975
7.33685
7.341575
7.347425
7.348
7.353075
7.38065
7.3932
7.393625
7.40745
7.40805
7.41005
7.433875
7.43955
7.446875
7.4673
7.467325
7.47515
7.503825
7.603675
7.60445
7.619175
7.653675
7.66735
7.6682
7.6836
7.6898
7.690225
7.704575
7.729725
7.7328
7.750575
7.752875
7.778825
7.781025
7.789925
7.79945
7.8043
7.830525
7.9117
7.912625
7.938
7.9381
7.94365
7.9475
7.9652
7.97635
7.988175
8.019675
8.02825
8.041925
8.056075
8.079275
8.08225
8.086625
8.092825
8.10295
8.110025
8.118275
8.126325
8.159925
8.169625
8.2033
8.203875
8.210475
8.215
8.216775
8.22445
8.22495
8.227375
8.2274
8.22965
8.242125
8.261175
8.27025
8.309
8.3094
8.338125
8.346925
8.356725
8.362075
8.373275
8.37815
8.383475
8.396375
8.433175
8.4488
8.449325
8.4518
8.47935
8.5078
8.5096
8.51465
8.51515
8.519625
8.526375
8.545
8.550025
8.5605
8.5609
8.565475
8.5723
8.6159
8.617075
8.629775
8.633425
8.642075
8.646325
8.66135
8.66875
8.6745
8.706125
8.711825
8.72825
8.745625
8.748125
8.762575
8.824075
8.82875
8.8306
8.8307
8.838725
8.862225
8.873175
8.90375
8.933025
8.954275
8.956775
8.9803
8.98265
8.99405
9.00945
9.0326
9.075325
801
