0.10995
0.119
0.16855
0.172175
0.173575
0.1905
0.21155
0.21525
0.220775
0.224875
0.2371
0.24
0.25355
0.296425
0.3046
0.316275
0.32735
0.342725
0.354
0.3579
0.372775
0.392775
0.409925
0.4118
0.422275
0.424525
0.427275
0.43275
0.452825
0.455025
0.45535
0.459975
0.463025
0.463625
0.510475
0.52095
0.531075
0.5317
0.532625
0.54415
0.55755
0.56215
0.5656
0.5867
0.61405
0.70075
0.702775
0.70425
0.709125
0.71145
0.715125
0.719225
0.7332
0.734125
0.736925
0.761125
0.7773
0.805625
0.830925
0.854325
0.95745
0.978275
1.005325
1.014725
1.015875
1.021575
1.024325
1.050525
1.0532
1.0568
1.059225
1.082025
1.0867
1.108125
1.11115
1.13115
1.133875
1.14035
1.145925
1.14595
1.180125
1.20555
1.22105
1.230075
1.2306
1.231
1.275275
1.286275
1.302175
1.3076
1.3202
1.3225
1.32855
1.338125
1.3563
1.3644
1.366975
1.373025
1.38325
1.387675
1.39005
1.39485
1.39725
1.4069
1.4345
1.434875
1.44315
1.4459
1.456325
1.460175
1.47195
1.502625
1.539175
1.557925
1.593575
1.610125
1.6113
1.615125
1.616225
1.617525
1.624925
1.628225
1.6361
1.640175
1.644475
1.645925
1.647975
1.6494
1.659925
1.660375
1.6874
1.718025
1.7242
1.7261
1.729475
1.748625
1.77125
1.773075
1.7838
1.797375
1.83245
1.842675
1.860725
1.875025
1.8988
1.9008
1.903075
1.9044
1.9091
1.916125
1.92735
1.9277
1.93045
1.95175
1.9534
1.961525
1.964825
1.971725
1.972675
1.981075
2.001225
2.01505
2.02335
2.026
2.07035
2.0797
2.090675
2.104625
2.151075
2.17135
2.1814
2.2024
2.238
2.24105
2.26355
2.27215
2.275475
2.283925
2.284125
2.28675
2.3157
2.32525
2.3312
2.3427
2.35905
2.360575
2.36255
2.3762
2.387375
2.3904
2.422175
2.453425
2.4541
2.4572
2.4686
2.46945
2.47675
2.5019
2.5078
2.54855
2.5534
2.556375
2.561475
2.58825
2.611225
2.62105
2.62285
2.633975
2.644375
2.67775
2.68525
2.777375
2.803375
2.803575
2.810975
2.816125
2.8167
2.8203
2.823075
2.841825
2.8484
2.864025
2.870875
2.87345
2.8829
2.88765
2.905425
2.909825
2.924625
2.924975
2.927425
2.9324
2.9475
2.982375
3.047325
3.069125
3.091625
3.102825
3.105175
3.121675
3.127125
3.1435
3.145475
3.148125
3.1567
3.160425
3.16705
3.169425
3.16995
3.177175
3.1851
3.189625
3.19425
3.1992
3.21405
3.244575
3.288075
3.30875
3.349975
3.359975
3.401575
3.42265
3.435075
3.4596
3.464425
3.473825
3.47425
3.474925
3.573625
3.575775
3.6472
3.693175
3.7024
3.7111
3.721425
3.725875
3.734875
3.7411
3.75235
3.767975
3.772475
3.77565
3.791275
3.79175
3.7923
3.796425
3.80035
3.804775
3.8188
3.818875
3.838775
3.8803
3.896725
3.9003
3.902325
3.90305
3.905275
3.90615
3.913025
3.9367
3.946425
3.95545
3.997125
4.002075
4.002775
4.004425
4.00855
4.010275
4.015725
4.035475
4.037425
4.037675
4.0411
4.046925
4.067075
4.078075
4.08145
4.088325
4.096025
4.103875
4.10425
4.10545
4.11645
4.129575
4.1715
4.187675
4.201825
4.211225
4.212775
4.229825
4.272975
4.288075
4.298825
4.302275
4.3055
4.313375
4.317875
4.322825
4.33
4.334225
4.335075
4.337025
4.340225
4.34565
4.351225
4.352125
4.3623
4.3626
4.372325
4.38995
4.399725
4.4018
4.40405
4.4085
4.429525
4.443075
4.45235
4.454225
4.462125
4.4701
4.4722
4.480825
4.502575
4.5161
4.539475
4.54355
4.546125
4.55085
4.5538
4.556175
4.6
4.616875
4.619025
4.6203
4.62095
4.63825
4.652775
4.653775
4.658125
4.661325
4.685675
4.705675
4.708325
4.71545
4.723925
4.736975
4.7393
4.74385
4.7717
4.778275
4.7826
4.8555
4.863675
4.888425
4.890075
4.9
4.90135
4.904675
4.9219
4.92405
4.934175
4.944875
4.946375
4.970075
4.979375
4.9924
4.993075
4.99535
4.995975
4.998425
5.024775
5.0323
5.0366
5.059175
5.0632
5.096475
5.100875
5.1181
5.12235
5.13275
5.13295
5.1931
5.200525
5.205975
5.208175
5.214425
5.214625
5.22345
5.226675
5.23135
5.235575
5.25265
5.255675
5.261575
5.262275
5.267825
5.27265
5.279775
5.2839
5.305825
5.3101
5.3133
5.3144
5.318125
5.3182
5.346525
5.360575
5.36305
5.37645
5.387925
5.406625
5.4413
5.4614
5.49515
5.50325
5.5059
5.50995
5.5167
5.5218
5.5375
5.54255
5.54435
5.553925
5.55595
5.558625
5.563175
5.6174
5.659175
5.66335
5.669725
5.7208
5.753875
5.769825
5.79465
5.796875
5.799975
5.80165
5.803025
5.80505
5.807275
5.818975
5.8218
5.824475
5.840225
5.859425
5.860375
5.871575
5.876575
5.877125
5.893
5.894575
5.90015
5.902975
5.918075
5.934025
5.94415
5.9611
5.964625
5.985125
6.0155
6.01785
6.05595
6.06205
6.0659
6.108425
6.113425
6.125025
6.126275
6.130075
6.1323
6.132625
6.136325
6.1497
6.16405
6.165475
6.168125
6.1684
6.172075
6.174725
6.1803
6.1817
6.195075
6.212725
6.2232
6.2587
6.275975
6.29335
6.321875
6.340125
6.39945
6.4004
6.42785
6.434075
6.4354
6.442325
6.445825
6.4519
6.464125
6.4661
6.4662
6.46685
6.46905
6.47175
6.511075
6.511975
6.555225
6.559625
6.570275
6.598725
6.602575
6.60585
6.621825
6.633125
6.702125
6.706325
6.711275
6.72495
6.732125
6.736475
6.7366
6.740325
6.742275
6.745925
6.7743
6.77675
6.776875
6.7812
6.7936
6.796775
6.8149
6.823125
6.847825
6.861825
6.874575
6.8783
6.8792
6.880425
6.886525
6.8885
6.89245
6.9079
6.9233
6.92535
6.92905
6.958
6.9691
6.979225
6.9841
7.000475
7.00125
7.0052
7.007075
7.0264
7.03465
7.0385
7.038525
7.04885
7.0533
7.054025
7.06495
7.0761
7.0784
7.0971
7.109575
7.111375
7.1176
7.1494
7.15785
7.1701
7.18075
7.214575
7.235275
7.252725
7.25895
7.27165
7.299
7.305475
7.3207
7.32125
7.323425
7.331
7.345275
7.3528
7.357725
7.357825
7.376625
7.382175
7.38285
7.400925
7.420125
7.427975
7.43675
7.4523
7.457425
7.475025
7.4777
7.491625
7.496
7.4972
7.528075
7.565225
7.56585
7.587725
7.601775
7.603925
7.6076
7.611625
7.615425
7.61655
7.62075
7.6322
7.637975
7.64035
7.641825
7.64775
7.64905
7.658875
7.675975
7.682825
7.68645
7.69475
7.70005
7.720925
7.7216
7.72525
7.7309
7.742775
7.7453
7.747275
7.759475
7.76625
7.779475
7.8505
7.851575
7.8889
7.90495
7.907625
7.91935
7.91945
7.921825
7.923675
7.92685
7.936375
7.938475
7.950325
7.9587
7.970575
7.9729
7.974475
7.9924
8.02705
8.034975
8.03595
8.08705
8.090575
8.1191
8.1193
8.164325
8.167075
8.20375
8.204325
8.205725
8.205775
8.2079
8.208275
8.22085
8.2285
8.2315
8.233975
8.238175
8.2388
8.243725
8.24915
8.283375
8.289775
8.30265
8.324925
8.332725
8.365925
8.37355
8.37675
8.4002
8.418775
8.433625
8.48665
8.491475
8.50555
8.5177
8.517975
8.5264
8.53595
8.5366
8.53745
8.55105
8.592475
8.626425
8.63085
8.642625
8.648725
8.68255
8.70455
8.7078
8.712825
8.7395
8.755175
8.807775
8.815975
8.82355
8.8263
8.837
8.838525
8.8609
8.8711
8.874925
8.891975
8.89615
8.916075
8.93485
8.958425
8.9694
8.976075
8.978525
8.980225
8.985975
8.986825
9.000025
9.00315
9.0088
9.050325
769
