0.100525
0.105725
0.107625
0.108425
0.109675
0.112075
0.114375
0.115375
0.11755
0.1176
0.119775
0.124575
0.133775
0.138275
0.144475
0.1452
0.1552
0.15825
0.16805
0.169025
0.195425
0.20245
0.2255
0.243075
0.252775
0.26115
0.27595
0.280725
0.28835
0.295725
0.30455
0.34405
0.353175
0.36885
0.397575
0.4188
0.421625
0.421875
0.4483
0.4523
0.457575
0.461525
0.465325
0.47
0.495875
0.525675
0.532075
0.5368
0.54665
0.55295
0.560775
0.560975
0.5611
0.562775
0.59455
0.65365
0.678825
0.702525
0.7039
0.705975
0.7081
0.709
0.710625
0.722175
0.72725
0.73325
0.73495
0.7375
0.7408
0.74115
0.752775
0.772675
0.778875
0.790175
0.79225
0.793175
0.8139
0.826875
0.829475
0.84735
0.89575
0.9252
0.929175
0.996175
1.000025
1.000975
1.005975
1.008975
1.013225
1.01385
1.016575
1.027075
1.035075
1.037525
1.04955
1.062875
1.062925
1.102725
1.10465
1.1056
1.10805
1.111875
1.139125
1.1481
1.153125
1.164175
1.17535
1.199275
1.222025
1.22315
1.2284
1.264875
1.27795
1.289075
1.295175
1.30075
1.30165
1.303625
1.31
1.311475
1.312475
1.3268
1.3295
1.331625
1.3326
1.333075
1.340275
1.34585
1.346725
1.359775
1.3661
1.3743
1.37685
1.37935
1.40035
1.400875
1.421625
1.425525
1.427
1.44895
1.4584
1.458475
1.460475
1.48105
1.496925
1.507925
1.52245
1.60295
1.6031
1.6051
1.6192
1.62215
1.633875
1.640675
1.654425
1.6546
1.655625
1.6651
1.6772
1.68365
1.68625
1.694
1.697925
1.702925
1.729
1.74505
1.8115
1.815175
1.829325
1.8346
1.8466
1.91825
1.92435
1.92535
1.928775
1.9375
1.95675
1.9712
1.9836
1.986725
1.99085
1.99245
2.001
2.001025
2.01645
2.023825
2.031775
2.042825
2.044575
2.075375
2.0967
2.097975
2.1044
2.106125
2.108375
2.11035
2.126325
2.1399
2.166825
2.19655
2.208
2.217
2.217475
2.227775
2.22865
2.248375
2.248775
2.2532
2.269425
2.277875
2.291075
2.298075
2.303425
2.3086
2.343425
2.3567
2.3692
2.396475
2.404625
2.408025
2.41415
2.460425
2.48235
2.510175
2.514525
2.53225
2.53585
2.5419
2.54805
2.555525
2.566725
2.584575
2.60025
2.61445
2.637575
2.64665
2.658475
2.6777
2.68225
2.6863
2.710625
2.715125
2.75465
2.810675
2.812675
2.81415
2.815225
2.816025
2.830675
2.8328
2.844075
2.84785
2.8493
2.860775
2.8626
2.8721
2.889625
2.89575
2.9048
2.907275
2.91015
2.9131
2.918725
2.9309
2.93215
2.936625
2.944925
2.96055
2.98675
3.0272
3.034825
3.103725
3.1057
3.109225
3.1105
3.1196
3.1198
3.132625
3.14125
3.171575
3.1757
3.19875
3.24675
3.2634
3.2637
3.266175
3.3045
3.3064
3.3323
3.389375
3.404375
3.411575
3.420275
3.4242
3.424675
3.4295
3.43535
3.43835
3.454075
3.458975
3.4625
3.469375
3.47195
3.480875
3.483125
3.487
3.4952
3.5031
3.51335
3.529275
3.5317
3.551475
3.552475
3.569925
3.595575
3.59775
3.6181
3.629825
3.66885
3.671075
3.691275
3.696825
3.70735
3.71105
3.7137
3.7301
3.7416
3.7433
3.7529
3.78765
3.788075
3.8051
3.8097
3.81085
3.81105
3.811175
3.8112
3.8233
3.8317
3.866475
3.870525
3.872225
3.90265
3.927225
3.931325
3.993
4.027475
4.02905
4.040175
4.0415
4.0421
4.044125
4.05975
4.0661
4.0688
4.0774
4.085475
4.090325
4.093625
4.09445
4.107025
4.1161
4.12855
4.1813
4.2042
4.265325
4.30395
4.309
4.316975
4.32115
4.34585
4.3531
4.362275
4.36365
4.369175
4.3861
4.3949
4.40125
4.403525
4.411125
4.420675
4.428375
4.4565
4.4576
4.457875
4.477975
4.507075
4.52055
4.594
4.6035
4.60635
4.6114
4.614925
4.629825
4.6415
4.646575
4.6578
4.658625
4.686975
4.70525
4.721075
4.722275
4.7446
4.744725
4.745775
4.74935
4.7646
4.8504
4.884675
4.901825
4.90265
4.907375
4.913125
4.91405
4.91545
4.9156
4.916925
4.921
4.930725
4.935025
4.937675
4.94365
4.94665
4.9544
4.955575
4.958
4.971925
4.990875
4.992525
4.993325
4.994125
5.0019
5.00255
5.01775
5.0311
5.046775
5.05115
5.0792
5.0909
5.10905
5.118625
5.13525
5.157125
5.206525
5.2109
5.211925
5.2137
5.214975
5.215775
5.21845
5.2289
5.241625
5.24715
5.249525
5.27375
5.278925
5.287125
5.30125
5.30235
5.302775
5.3041
5.3093
5.33195
5.33785
5.368625
5.36995
5.384825
5.38665
5.3948
5.4013
5.435025
5.439275
5.447075
5.4589
5.4659
5.47715
5.488525
5.505225
5.50675
5.506925
5.508025
5.516975
5.522375
5.5225
5.533025
5.5332
5.53525
5.56115
5.595125
5.6122
5.64735
5.67025
5.67475
5.68405
5.685175
5.7157
5.747325
5.773825
5.7901
5.79045
5.7911
5.797725
5.80615
5.808575
5.80865
5.812025
5.817925
5.819875
5.8269
5.843525
5.86855
5.885775
5.892575
5.907975
5.938825
5.943025
5.949225
5.952375
5.970725
5.981425
5.998475
5.999625
6.01015
6.01865
6.056375
6.093825
6.101675
6.10975
6.110075
6.12165
6.1217
6.1218
6.12385
6.1272
6.13255
6.13265
6.1366
6.14075
6.1428
6.1451
6.14915
6.1588
6.15915
6.15925
6.1604
6.16425
6.169825
6.1817
6.184075
6.1846
6.18625
6.1887
6.1972
6.20985
6.210675
6.215525
6.22655
6.22935
6.23125
6.23915
6.244925
6.24655
6.25045
6.251675
6.2699
6.272275
6.280525
6.296025
6.30785
6.310775
6.3115
6.325975
6.327475
6.3558
6.40135
6.401475
6.40465
6.416575
6.42665
6.4346
6.435675
6.463675
6.464525
6.51555
6.5334
6.541475
6.582575
6.609225
6.609725
6.622725
6.623125
6.676125
6.693
6.7006
6.702575
6.70745
6.716825
6.723625
6.736825
6.742375
6.74785
6.748425
6.75275
6.7539
6.78175
6.788
6.819325
6.8235
6.826475
6.840225
6.853325
6.865625
6.872825
6.898625
6.90355
6.908475
6.923875
6.952175
6.95755
6.974325
7.00065
7.017875
7.020175
7.021625
7.02215
7.02275
7.02305
7.0236
7.027575
7.049975
7.05705
7.0636
7.063775
7.064825
7.065925
7.098475
7.102475
7.13335
7.149625
7.1562
7.16225
7.16585
7.171025
7.18575
7.1877
7.189975
7.193025
7.196175
7.20185
7.219825
7.2296
7.241725
7.24475
7.27095
7.27265
7.2855
7.316275
7.330325
7.3385
7.3546
7.370775
7.373875
7.40975
7.411275
7.413675
7.42735
7.458275
7.49455
7.51145
7.518375
7.5294
7.543075
7.54555
7.5797
7.579975
7.600175
7.60185
7.603625
7.6063
7.609375
7.61565
7.61955
7.62305
7.631225
7.662825
7.6677
7.681925
7.69985
7.703425
7.7083
7.71045
7.7273
7.731825
7.736775
7.738075
7.738175
7.75185
7.777875
7.782625
7.839125
7.85085
7.902275
7.904575
7.91515
7.9187
7.91955
7.92005
7.937125
7.940575
7.943325
7.9443
7.96275
7.96815
7.981525
7.994325
8.0122
8.01605
8.0252
8.031675
8.04235
8.042875
8.05595
8.062475
8.0874
8.100275
8.10425
8.115075
8.1486
8.172625
8.1782
8.2173
8.220075
8.220625
8.247325
8.254475
8.25775
8.25895
8.29525
8.296675
8.3015
8.310125
8.31265
8.32315
8.325025
8.325325
8.3417
8.342475
8.352075
8.36945
8.371725
8.37295
8.41835
8.424925
8.425325
8.4398
8.448475
8.471525
8.471725
8.48855
8.508325
8.5091
8.514575
8.5189
8.521975
8.526275
8.532425
8.570825
8.581325
8.5895
8.5975
8.6003
8.6017
8.60555
8.606475
8.613025
8.63885
8.63935
8.6586
8.65875
8.664225
8.68205
8.728575
8.75405
8.8053
8.8088
8.809725
8.813875
8.8311
8.8313
8.8355
8.838025
8.854775
8.8565
8.8583
8.869725
8.87535
8.887575
8.8958
8.9079
8.91175
8.914575
8.920275
8.9343
8.940475
8.942225
8.942575
8.9475
8.95
8.993975
8.995625
9.02425
9.042125
9.043075
9.07315
9.095525
815
