0.10915
0.109475
0.11215
0.113125
0.121625
0.1275
0.15305
0.172625
0.180875
0.1851
0.226125
0.244375
0.246675
0.258475
0.291275
0.295975
0.2982
0.30035
0.30235
0.321
0.325875
0.33735
0.3403
0.35125
0.365875
0.4034
0.41485
0.4155
0.415725
0.4168
0.421125
0.42895
0.4294
0.429925
0.432875
0.4383
0.4477
0.45645
0.469375
0.47895
0.497925
0.499275
0.50675
0.508975
0.523575
0.5293
0.544
0.54555
0.55175
0.552025
0.571525
0.571925
0.597425
0.6102
0.64605
0.654325
0.6807
0.697875
0.7025
0.710025
0.71385
0.72295
0.730875
0.730975
0.7321
0.7349
0.740475
0.740625
0.74935
0.7504
0.7588
0.777425
0.7837
0.786575
0.7907
0.816275
0.8215
0.856625
0.87595
0.88015
0.914275
0.942225
0.96535
1.00275
1.010425
1.014625
1.024875
1.030575
1.04115
1.047275
1.048225
1.058825
1.072575
1.077
1.09975
1.102025
1.115575
1.221025
1.249575
1.317875
1.329575
1.334575
1.340275
1.347875
1.357625
1.366325
1.37455
1.37745
1.381225
1.3842
1.388125
1.397275
1.4034
1.4089
1.461325
1.4693
1.47445
1.49125
1.504475
1.5092
1.51155
1.517375
1.539275
1.542725
1.582025
1.60325
1.60635
1.611575
1.612875
1.61955
1.620275
1.621125
1.62645
1.6283
1.6368
1.64295
1.6523
1.657625
1.666225
1.6675
1.6716
1.673975
1.685325
1.688375
1.688575
1.6926
1.6944
1.706525
1.707425
1.7213
1.796375
1.8105
1.81695
1.8197
1.867675
1.86885
1.8723
1.883225
1.900825
1.902225
1.910625
1.913175
1.9271
1.936025
1.956325
1.998475
2.003625
2.006525
2.00775
2.01175
2.0258
2.072175
2.076275
2.125525
2.2012
2.20505
2.213075
2.22005
2.222075
2.2267
2.241925
2.250225
2.294825
2.29595
2.296225
2.30005
2.304725
2.30645
2.325425
2.337525
2.34405
2.3529
2.38115
2.3824
2.430575
2.462175
2.480575
2.48925
2.5105
2.515725
2.516325
2.516925
2.52655
2.52925
2.531425
2.53305
2.536575
2.548125
2.55655
2.557625
2.55865
2.559825
2.561475
2.564675
2.577275
2.57785
2.58865
2.594325
2.594975
2.5989
2.605125
2.618425
2.651075
2.6737
2.692225
2.735975
2.7362
2.7364
2.7476
2.785525
2.802575
2.803925
2.8043
2.806375
2.809625
2.81595
2.816
2.817225
2.831625
2.832975
2.8335
2.840025
2.8667
2.8825
2.892275
2.8943
2.895025
2.92465
2.94245
2.9724
2.991175
2.994375
3.015375
3.0228
3.04135
3.0671
3.093025
3.10695
3.10905
3.109875
3.11075
3.112825
3.129625
3.133
3.13755
3.1392
3.162625
3.16295
3.169625
3.17735
3.197025
3.202425
3.2062
3.213975
3.2248
3.229125
3.243175
3.250375
3.259625
3.28705
3.326025
3.377075
3.39465
3.40765
3.4176
3.43215
3.447225
3.448775
3.449225
3.450875
3.453225
3.4545
3.455125
3.45755
3.458075
3.4587
3.4614
3.46585
3.473325
3.49155
3.521925
3.549825
3.5707
3.588225
3.6258
3.649125
3.670975
3.68415
3.69575
3.7075
3.7119
3.7164
3.719425
3.719975
3.72055
3.72445
3.726125
3.735125
3.73765
3.758275
3.76005
3.77255
3.77845
3.7872
3.79095
3.81615
3.824075
3.829
3.8357
3.83735
3.838725
3.86535
3.8857
3.890175
3.96635
4.0104
4.013075
4.013425
4.017375
4.01885
4.020725
4.02135
4.026375
4.0305
4.035975
4.041325
4.0537
4.060025
4.070275
4.08735
4.08795
4.094825
4.10435
4.110225
4.1272
4.131075
4.1412
4.142325
4.167175
4.16985
4.17315
4.20425
4.221
4.222175
4.230875
4.23845
4.240675
4.3031
4.320225
4.325275
4.334625
4.34505
4.372575
4.384
4.398225
4.409925
4.410775
4.4279
4.43955
4.4447
4.4562
4.48115
4.510525
4.52515
4.536325
4.56315
4.6031
4.60535
4.6054
4.609325
4.621325
4.626475
4.6348
4.637225
4.65165
4.655775
4.656075
4.6561
4.66855
4.669775
4.693125
4.70175
4.742075
4.7456
4.750175
4.75805
4.812675
4.8194
4.822
4.826225
4.827375
4.832675
4.844675
4.867
4.883375
4.907025
4.90765
4.924225
4.947575
4.95125
4.954225
4.961225
4.9634
4.98155
5.004225
5.0103
5.023475
5.03235
5.0335
5.03745
5.061075
5.087075
5.102125
5.11115
5.122
5.134575
5.141775
5.144475
5.16665
5.173575
5.17365
5.176825
5.2067
5.21675
5.222075
5.2238
5.234225
5.2513
5.26625
5.2686
5.269325
5.272025
5.2754
5.283525
5.29705
5.3033
5.320275
5.325775
5.37145
5.37665
5.379425
5.39325
5.399875
5.409225
5.4178
5.421625
5.47175
5.525725
5.54165
5.5451
5.59405
5.598575
5.6386
5.658125
5.668275
5.7142
5.733325
5.745175
5.74525
5.7638
5.813525
5.8236
5.824625
5.833075
5.8381
5.840475
5.840725
5.84985
5.863925
5.86395
5.868525
5.869025
5.871275
5.897575
5.92095
5.9282
5.939375
5.939575
5.9847
6.00915
6.010775
6.0118
6.05615
6.072975
6.107325
6.114
6.11615
6.123125
6.130875
6.144
6.145275
6.1467
6.1505
6.151525
6.15355
6.153575
6.160225
6.194625
6.1948
6.2026
6.20575
6.211775
6.2196
6.2255
6.249625
6.26905
6.273275
6.28685
6.29905
6.308675
6.316075
6.3295
6.3456
6.348475
6.38815
6.402
6.4153
6.41535
6.421075
6.4279
6.430025
6.4301
6.4319
6.433425
6.43515
6.435975
6.436375
6.443325
6.443375
6.44795
6.4529
6.454725
6.4624
6.46975
6.496875
6.51055
6.524775
6.5257
6.530775
6.5428
6.5491
6.573525
6.579825
6.58705
6.5977
6.601325
6.609075
6.662375
6.6822
6.6861
6.722125
6.7317
6.73545
6.737025
6.737575
6.756575
6.773425
6.773525
6.776375
6.785075
6.7912
6.79335
6.7964
6.8028
6.8147
6.8421
6.849175
6.862275
6.8709
6.872075
6.87345
6.88365
6.889625
6.90315
6.926125
6.929025
6.96335
6.969775
6.971275
6.9747
6.9829
7.0029
7.0183
7.023425
7.024875
7.035525
7.03785
7.042825
7.043125
7.05035
7.050625
7.05245
7.054625
7.066075
7.066475
7.072275
7.091525
7.09155
7.0926
7.1273
7.133075
7.1446
7.158075
7.1592
7.161325
7.162
7.208225
7.21445
7.229975
7.24545
7.2602
7.26455
7.287575
7.29785
7.301225
7.315425
7.316175
7.316625
7.3176
7.317825
7.329
7.334275
7.334625
7.345875
7.352
7.366825
7.368825
7.376675
7.38295
7.414625
7.42495
7.425675
7.42855
7.43595
7.43755
7.441225
7.463575
7.48635
7.4955
7.508725
7.515975
7.554775
7.577425
7.581925
7.601975
7.60515
7.60675
7.6291
7.648725
7.650075
7.651975
7.653475
7.6614
7.6619
7.671425
7.68265
7.684375
7.701
7.7114
7.7198
7.723975
7.729075
7.75765
7.763425
7.775675
7.787975
7.79925
7.79935
7.803325
7.80385
7.904375
7.904775
7.906775
7.90975
7.915975
7.943025
7.946425
7.949675
7.9561
7.9856
7.985625
7.99405
7.995275
7.997925
8.006225
8.0105
8.0301
8.09245
8.0926
8.09645
8.097125
8.105575
8.118775
8.155475
8.165775
8.1661
8.192575
8.19775
8.2097
8.221225
8.221925
8.229275
8.2299
8.243575
8.260925
8.261275
8.280125
8.284525
8.2884
8.290875
8.3024
8.308
8.316275
8.323675
8.3362
8.3602
8.36295
8.36965
8.37875
8.38405
8.427175
8.447025
8.476
8.501025
8.501625
8.50315
8.5283
8.531375
8.536875
8.54475
8.548375
8.548975
8.559275
8.564325
8.56865
8.575975
8.6253
8.629375
8.669075
8.707575
8.73195
8.758175
8.79285
8.8016
8.831725
8.850825
8.870125
8.873725
8.92185
8.938475
8.947475
8.9544
8.95705
8.960275
8.978925
9.003375
9.02015
9.05705
9.063675
9.09235
9.09595
781
