0.102775
0.1346
0.14055
0.14515
0.1492
0.149225
0.159025
0.159425
0.166675
0.1715
0.180725
0.1916
0.1934
0.200725
0.203875
0.2269
0.243975
0.25
0.253725
0.2678
0.2704
0.276375
0.3329
0.344225
0.362275
0.3981
0.40845
0.4097
0.4105
0.4123
0.413725
0.417925
0.436725
0.459175
0.465575
0.467425
0.474
0.484325
0.49275
0.49415
0.4956
0.50695
0.51555
0.54615
0.5534
0.591725
0.6058
0.606175
0.608375
0.64035
0.65285
0.653525
0.658175
0.705775
0.708625
0.714775
0.71925
0.722675
0.73085
0.733575
0.74245
0.748175
0.757775
0.76525
0.79355
0.804225
0.82555
0.863325
0.868075
0.890975
0.974725
1.008875
1.011875
1.027525
1.03245
1.0586
1.059725
1.075225
1.07905
1.07955
1.081575
1.0818
1.0852
1.092625
1.096075
1.111825
1.11265
1.11285
1.115425
1.115925
1.116875
1.167725
1.16995
1.171675
1.173275
1.175375
1.19025
1.229725
1.23585
1.2528
1.27475
1.292175
1.307675
1.3087
1.308875
1.316325
1.32485
1.339525
1.3563
1.360825
1.372425
1.37775
1.385675
1.38575
1.429875
1.43455
1.44475
1.4462
1.4612
1.4696
1.47035
1.47975
1.498925
1.5272
1.546825
1.563375
1.58995
1.6001
1.6006
1.603525
1.6097
1.61045
1.6106
1.621625
1.6356
1.641625
1.6456
1.649875
1.6541
1.666675
1.6856
1.687125
1.69955
1.703125
1.7224
1.7257
1.726125
1.729675
1.738875
1.739425
1.739575
1.754475
1.7568
1.78235
1.7968
1.826325
1.833225
1.90245
1.9098
1.910125
1.925325
1.92805
1.9292
1.929875
1.941075
1.94845
1.948975
1.95365
1.9565
1.959125
1.96145
1.961475
1.9727
1.973825
1.976775
1.986575
1.9933
2.000975
2.006575
2.0077
2.013925
2.02425
2.050475
2.070575
2.1031
2.11245
2.153475
2.166925
2.179225
2.192825
2.208825
2.21375
2.2165
2.217325
2.22015
2.2242
2.2275
2.237775
2.241975
2.252325
2.2587
2.268225
2.290075
2.316425
2.337925
2.348425
2.353425
2.35745
2.359475
2.362925
2.363775
2.397825
2.431
2.44795
2.486775
2.5028
2.509825
2.5158
2.5196
2.522875
2.524175
2.547525
2.558425
2.58495
2.5921
2.6048
2.62595
2.633825
2.667
2.69395
2.743775
2.7452
2.760425
2.784425
2.80225
2.808575
2.809025
2.819775
2.819825
2.82015
2.821225
2.82405
2.82775
2.8303
2.83625
2.836275
2.837975
2.842475
2.843975
2.849425
2.863825
2.865125
2.879925
2.88565
2.8894
2.8897
2.8935
2.894
2.90715
2.91
2.911875
2.9341
2.93705
2.99235
3.027875
3.0338
3.101575
3.10895
3.121775
3.122025
3.122375
3.1346
3.1641
3.164525
3.1705
3.178275
3.184275
3.184775
3.195425
3.21325
3.222425
3.229225
3.229425
3.2306
3.2339
3.254625
3.298375
3.324725
3.3419
3.342875
3.4
3.4036
3.403975
3.404125
3.4055
3.407675
3.44225
3.4448
3.4523
3.4633
3.480225
3.4845
3.505025
3.510175
3.526125
3.544275
3.550425
3.5568
3.5609
3.57335
3.586075
3.586175
3.586775
3.602125
3.6027
3.616625
3.6588
3.699125
3.705775
3.705825
3.710375
3.7319
3.73355
3.740275
3.744225
3.747275
3.762475
3.765175
3.77805
3.8011
3.804275
3.80915
3.81655
3.82635
3.829825
3.834725
3.8365
3.867025
3.8726
3.891025
3.918425
3.919775
3.92005
3.929925
3.933625
3.9682
4.011825
4.01535
4.02535
4.038825
4.039675
4.04685
4.050325
4.058625
4.0617
4.080825
4.095575
4.1008
4.11995
4.124125
4.14035
4.140975
4.152375
4.157525
4.160425
4.199625
4.220225
4.228
4.240475
4.2456
4.267725
4.3049
4.308475
4.308925
4.313675
4.3174
4.321875
4.325675
4.328725
4.337925
4.340375
4.3623
4.365425
4.3816
4.4003
4.42055
4.4301
4.4673
4.471825
4.476975
4.49965
4.5126
4.54505
4.5846
4.59275
4.6011
4.60615
4.60975
4.6166
4.618825
4.6361
4.646875
4.65095
4.653575
4.6592
4.6609
4.662075
4.687375
4.689275
4.71805
4.7245
4.72455
4.73075
4.76305
4.7939
4.79405
4.810525
4.8331
4.849225
4.855175
4.8769
4.877775
4.91775
4.917975
4.92155
4.927375
4.935875
4.93705
4.942675
4.951725
4.9533
4.9729
4.9768
4.992025
5.0104
5.020375
5.0209
5.034425
5.0448
5.0475
5.049575
5.0627
5.06375
5.06485
5.09225
5.09465
5.0949
5.09545
5.107225
5.10945
5.110725
5.12275
5.150925
5.18145
5.200725
5.20715
5.224575
5.2253
5.228525
5.2299
5.234625
5.2443
5.2507
5.256275
5.256975
5.263225
5.264775
5.279075
5.284925
5.2935
5.2936
5.3254
5.354175
5.370425
5.370875
5.37485
5.42365
5.4486
5.44925
5.455275
5.461725
5.470425
5.490025
5.5023
5.50375
5.5094
5.51755
5.5207
5.5306
5.54395
5.544925
5.551875
5.55195
5.555425
5.55985
5.5689
5.578025
5.5852
5.613125
5.652
5.663
5.664425
5.668375
5.675775
5.676225
5.68815
5.71815
5.7203
5.72725
5.73615
5.73935
5.743325
5.7497
5.7506
5.751675
5.761375
5.80345
5.8092
5.8122
5.81855
5.82025
5.833875
5.838275
5.8389
5.849
5.878825
5.880975
5.888375
5.892625
5.902625
5.906125
5.91865
5.9265
5.933325
5.939225
5.9472
5.9699
5.98245
5.984175
6.012075
6.021225
6.037925
6.1097
6.11135
6.1196
6.122225
6.123175
6.126225
6.1431
6.1443
6.14445
6.14795
6.161975
6.167675
6.1705
6.178925
6.1797
6.1829
6.1846
6.1863
6.218625
6.225175
6.2387
6.248325
6.25115
6.25455
6.26605
6.2696
6.272075
6.275375
6.2973
6.30075
6.33145
6.385225
6.39395
6.40245
6.407075
6.408475
6.41425
6.426525
6.43885
6.444025
6.46655
6.46875
6.4762
6.485025
6.49265
6.4936
6.49915
6.512225
6.5143
6.515525
6.567025
6.575575
6.5836
6.593925
6.599525
6.61395
6.61565
6.63215
6.654175
6.666825
6.674575
6.701325
6.70395
6.7076
6.707625
6.71375
6.71435
6.7204
6.72665
6.727275
6.728725
6.72935
6.730525
6.7386
6.751625
6.752025
6.75205
6.7549
6.7597
6.784875
6.79375
6.821225
6.834025
6.854975
6.875675
6.89285
6.91525
6.9223
6.935225
6.9471
6.961925
6.996475
7.01905
7.0256
7.034175
7.058125
7.058575
7.059625
7.06485
7.067775
7.06785
7.06945
7.0918
7.14955
7.15395
7.155475
7.16715
7.19485
7.2099
7.223625
7.22995
7.253525
7.26085
7.262675
7.280775
7.2821
7.300925
7.3017
7.305175
7.31465
7.325575
7.3263
7.32675
7.33465
7.335275
7.3398
7.354
7.35545
7.362125
7.37465
7.374725
7.386825
7.3874
7.3946
7.40015
7.41735
7.443
7.451375
7.4666
7.488125
7.537325
7.539975
7.54355
7.597575
7.60395
7.60785
7.615625
7.62875
7.63635
7.64575
7.649075
7.6522
7.654325
7.656875
7.658275
7.6751
7.689175
7.6998
7.699875
7.7023
7.7144
7.71805
7.723
7.759725
7.77565
7.79255
7.809125
7.818825
7.82435
7.845825
7.873025
7.891175
7.915025
7.916075
7.91755
7.931525
7.9339
7.934775
7.94175
7.94725
7.948025
7.953
7.9574
7.958125
7.960475
7.963675
7.980075
8.01805
8.01915
8.0313
8.0557
8.067125
8.076675
8.08615
8.089625
8.118225
8.170725
8.180425
8.21925
8.22125
8.2229
8.23865
8.24485
8.250575
8.2595
8.269925
8.275575
8.280575
8.2833
8.285825
8.3032
8.3137
8.3251
8.3479
8.358375
8.36215
8.3686
8.381625
8.40365
8.42205
8.50245
8.506225
8.536975
8.54105
8.5431
8.550975
8.553625
8.55835
8.5755
8.576175
8.5829
8.586875
8.591575
8.625175
8.637775
8.63795
8.6444
8.650525
8.682375
8.68285
8.6959
8.697
8.718325
8.73115
8.75925
8.78485
8.80455
8.81035
8.813125
8.827925
8.83345
8.835175
8.85535
8.860825
8.863975
8.875575
8.879475
8.880475
8.893625
8.8969
8.902325
8.93275
8.93855
8.94095
8.962375
9.011175
9.01425
9.028725
9.083425
9.08915
812
