0.015075
0.105075
0.1058
0.113525
0.1158
0.122975
0.129325
0.13345
0.1346
0.141075
0.148875
0.159
0.170875
0.1942
0.19715
0.197775
0.2132
0.2415
0.2423
0.2649
0.286875
0.29855
0.305675
0.315625
0.346825
0.41805
0.41815
0.418425
0.423125
0.423325
0.43095
0.432175
0.435775
0.439925
0.4528
0.485275
0.49615
0.504825
0.510475
0.53895
0.564475
0.5648
0.569025
0.576875
0.5893
0.605175
0.62085
0.623475
0.6275
0.638525
0.639075
0.648225
0.693575
0.70755
0.707875
0.7081
0.70825
0.71315
0.721475
0.736025
0.7426
0.7434
0.748475
0.752875
0.765475
0.796675
0.798
0.844975
0.855325
0.864925
0.87165
0.882
0.91115
0.9194
0.94155
0.9626
1.005525
1.008375
1.01455
1.0167
1.032125
1.0376
1.03835
1.04715
1.047275
1.04935
1.0601
1.071675
1.0853
1.102975
1.104125
1.11525
1.116875
1.1188
1.151975
1.159675
1.1685
1.174675
1.18595
1.19525
1.21635
1.218375
1.233275
1.240925
1.29435
1.302375
1.304975
1.30985
1.326625
1.332025
1.3439
1.359875
1.360425
1.362125
1.3669
1.368725
1.388325
1.400075
1.400725
1.40315
1.4044
1.4069
1.42175
1.424775
1.4304
1.4366
1.43775
1.44795
1.4525
1.45445
1.4751
1.504
1.510825
1.512
1.52735
1.600775
1.602025
1.604075
1.61395
1.61685
1.619625
1.619875
1.629325
1.6495
1.655575
1.6809
1.685875
1.69055
1.710275
1.72145
1.733275
1.75205
1.762075
1.769725
1.77485
1.783825
1.820125
1.83285
1.855175
1.858625
1.86385
1.87125
1.90315
1.904075
1.9149
1.91535
1.955125
1.96345
1.98845
1.996775
2.007075
2.00965
2.011375
2.0207
2.022775
2.03255
2.03275
2.033975
2.075925
2.081675
2.08365
2.1013
2.109725
2.1305
2.13605
2.146875
2.15265
2.197175
2.20205
2.205725
2.229025
2.2376
2.243375
2.2448
2.2581
2.29945
2.301425
2.3018
2.306475
2.3112
2.32805
2.332775
2.335
2.358375
2.3653
2.380075
2.39355
2.39505
2.39725
2.410775
2.4345
2.4369
2.45145
2.470075
2.5174
2.527325
2.530575
2.53495
2.54475
2.54735
2.555675
2.565225
2.5699
2.5927
2.599125
2.62295
2.675175
2.7065
2.70915
2.756325
2.760925
2.780375
2.7863
2.810575
2.838975
2.84965
2.8559
2.858875
2.87335
2.878525
2.880725
2.89845
2.900925
2.926475
2.9288
2.930125
2.9468
2.962525
2.981225
2.983725
2.9846
2.9921
2.994825
3.0219
3.039125
3.06155
3.0849
3.114775
3.115625
3.117175
3.1399
3.13995
3.148925
3.1541
3.1616
3.16615
3.1798
3.21705
3.238
3.247925
3.255175
3.2575
3.257775
3.2822
3.29815
3.4074
3.411225
3.4235
3.42545
3.42755
3.428775
3.43055
3.432525
3.44015
3.452525
3.4551
3.4558
3.45835
3.46245
3.47705
3.48345
3.5154
3.562325
3.570875
3.587875
3.63945
3.64055
3.65315
3.6723
3.6797
3.7108
3.713975
3.7281
3.737675
3.73955
3.739925
3.7557
3.75995
3.7604
3.765925
3.790175
3.80635
3.84725
3.88035
3.897975
3.92825
3.937225
3.942225
3.9529
3.988425
3.993675
4.025675
4.0291
4.04375
4.0457
4.047175
4.05295
4.063825
4.065625
4.068075
4.069125
4.0874
4.096975
4.1136
4.114625
4.121525
4.14045
4.152775
4.15945
4.164325
4.2276
4.229275
4.24385
4.304475
4.3062
4.312725
4.3176
4.32225
4.32365
4.3307
4.332125
4.340825
4.346025
4.34945
4.35895
4.3646
4.3687
4.383475
4.409525
4.41765
4.42365
4.4591
4.4717
4.472025
4.472725
4.4802
4.489525
4.49205
4.501325
4.514725
4.5266
4.55265
4.60085
4.608175
4.6088
4.6248
4.641375
4.646625
4.674425
4.681675
4.6847
4.689025
4.72025
4.737275
4.737575
4.773925
4.7852
4.787
4.792575
4.827675
4.83155
4.866
4.879
4.880925
4.9007
4.904275
4.9052
4.911
4.9203
4.922875
4.9265
4.935975
4.9373
4.938025
4.94515
4.96135
4.977475
4.995575
5.003325
5.0049
5.01865
5.031525
5.037175
5.047825
5.048125
5.07265
5.08975
5.131825
5.135925
5.18925
5.204025
5.20915
5.210925
5.211925
5.213325
5.22735
5.22975
5.23455
5.2361
5.239125
5.240575
5.24175
5.249225
5.25165
5.2536
5.260275
5.262975
5.271975
5.283425
5.2923
5.29725
5.305875
5.309625
5.3154
5.321275
5.3366
5.359425
5.407375
5.421675
5.4556
5.4849
5.501425
5.5068
5.50925
5.52275
5.579075
5.589525
5.595775
5.602725
5.610175
5.619375
5.624425
5.632275
5.6421
5.679475
5.6815
5.68445
5.6871
5.69285
5.771075
5.80115
5.8031
5.804425
5.805475
5.81155
5.8299
5.84015
5.8485
5.850375
5.85175
5.85365
5.85505
5.863575
5.864425
5.889775
5.90455
5.910175
5.91525
5.942575
5.949825
5.998625
6.016725
6.018025
6.02335
6.0292
6.050125
6.090675
6.096475
6.099825
6.1109
6.114125
6.1194
6.12
6.12015
6.1266
6.128075
6.13795
6.146
6.1466
6.16715
6.175975
6.179425
6.189425
6.203325
6.205875
6.225675
6.2279
6.24755
6.279625
6.288825
6.29255
6.304575
6.307975
6.351525
6.359675
6.414525
6.41455
6.41495
6.4305
6.431675
6.4329
6.44265
6.444775
6.48145
6.48315
6.492425
6.503825
6.50725
6.510225
6.5121
6.515325
6.5253
6.557575
6.559225
6.59005
6.612575
6.662
6.67135
6.6795
6.68155
6.70115
6.703225
6.7269
6.72925
6.739925
6.740525
6.745475
6.751325
6.757775
6.76715
6.774675
6.77785
6.801625
6.8024
6.809375
6.81305
6.820125
6.858425
6.935975
6.9635
6.97635
7.000325
7.004575
7.02765
7.03525
7.037575
7.0388
7.040775
7.04095
7.050275
7.057725
7.064425
7.068625
7.083025
7.089175
7.090925
7.097725
7.110475
7.112425
7.12115
7.1298
7.141775
7.14355
7.153675
7.160275
7.164275
7.17035
7.17765
7.212525
7.2153
7.241125
7.252875
7.25785
7.3007
7.3117
7.319375
7.322375
7.323575
7.34055
7.34595
7.34985
7.3579
7.36385
7.3725
7.3736
7.391425
7.391475
7.3921
7.392975
7.40285
7.413375
7.4307
7.4308
7.44165
7.45385
7.454975
7.47
7.48145
7.516675
7.527125
7.555275
7.60135
7.609875
7.61535
7.622725
7.63045
7.640025
7.646825
7.648825
7.651875
7.66005
7.662575
7.6689
7.695
7.7009
7.7056
7.729475
7.733425
7.737125
7.7486
7.77385
7.7819
7.80325
7.81295
7.82205
7.84355
7.855925
7.86615
7.900125
7.90405
7.9056
7.910325
7.917575
7.921025
7.92525
7.926075
7.92695
7.932875
7.944325
7.949775
7.95265
7.95415
7.957275
7.97055
7.973625
7.973675
7.974675
7.986375
7.991475
8.001525
8.0035
8.0056
8.009025
8.0098
8.017425
8.019925
8.0633
8.0664
8.069025
8.074025
8.077875
8.0872
8.09055
8.11145
8.1164
8.1276
8.13255
8.1408
8.1717
8.21345
8.223925
8.22555
8.226925
8.228375
8.233025
8.236875
8.25235
8.26555
8.273425
8.273625
8.2864
8.29685
8.30995
8.314975
8.325725
8.329425
8.390525
8.4388
8.43905
8.441625
8.45395
8.466825
8.47075
8.512125
8.523275
8.535175
8.536
8.537375
8.538475
8.5404
8.543775
8.560975
8.56565
8.56825
8.569125
8.577975
8.582275
8.58885
8.5956
8.601625
8.60305
8.6067
8.622325
8.634875
8.65655
8.66345
8.669875
8.68255
8.708325
8.7342
8.74715
8.800175
8.800275
8.80445
8.840725
8.842175
8.848675
8.85155
8.864275
8.881825
8.894325
8.90585
8.917775
8.92475
8.9353
8.9646
8.97105
8.973975
9.044125
9.050225
9.050975
9.0545
772
