0.100925
0.10385
0.108175
0.113125
0.118375
0.118475
0.13535
0.1366
0.136875
0.137175
0.167825
0.1684
0.21315
0.2436
0.245325
0.26215
0.28455
0.29585
0.311375
0.32995
0.335
0.345625
0.360275
0.4169
0.417075
0.426425
0.432525
0.441925
0.451825
0.473475
0.47585
0.4766
0.4829
0.49395
0.50125
0.510875
0.516275
0.529225
0.5385
0.563725
0.6261
0.6311
0.6336
0.66395
0.6958
0.701725
0.708975
0.71695
0.719475
0.7201
0.730475
0.75305
0.76705
0.7752
0.787375
0.79105
0.803525
0.807425
0.81115
0.8291
0.841775
0.851075
0.86305
0.93715
1.000225
1.003975
1.018925
1.01915
1.021175
1.03335
1.03355
1.0395
1.04715
1.050475
1.0505
1.051075
1.055025
1.0559
1.066775
1.088375
1.08895
1.09895
1.1335
1.153475
1.16095
1.195575
1.205275
1.2376
1.263325
1.276975
1.30015
1.30705
1.309675
1.314425
1.319925
1.32045
1.326925
1.3285
1.346525
1.369875
1.382675
1.386475
1.387875
1.39445
1.3965
1.402875
1.4044
1.4218
1.438175
1.440025
1.4425
1.4468
1.44735
1.463575
1.47385
1.47685
1.49195
1.505925
1.50955
1.53765
1.542675
1.5548
1.5558
1.556675
1.571025
1.60005
1.626375
1.636675
1.6406
1.651675
1.659175
1.6747
1.6767
1.681525
1.68595
1.68895
1.72475
1.754725
1.77015
1.773825
1.774725
1.7942
1.844975
1.872725
1.87745
1.89605
1.90655
1.9112
1.91405
1.922425
1.92485
1.929575
1.941
1.94695
1.9501
1.960475
1.96175
1.976675
1.9914
2.00315
2.00365
2.0107
2.013925
2.065525
2.066
2.079075
2.111575
2.12085
2.122925
2.1282
2.1349
2.144875
2.161975
2.1807
2.211725
2.22295
2.226225
2.23215
2.236975
2.240575
2.24525
2.25025
2.26385
2.275725
2.2875
2.299525
2.31165
2.3174
2.327375
2.352825
2.36235
2.3677
2.36885
2.3914
2.410125
2.434
2.475975
2.487625
2.490975
2.501725
2.52195
2.5224
2.52895
2.52935
2.540125
2.54525
2.55305
2.566725
2.57705
2.5795
2.58045
2.581075
2.586725
2.603525
2.6154
2.620225
2.624475
2.6547
2.657025
2.6661
2.677575
2.684675
2.7015
2.712025
2.727375
2.749875
2.7662
2.767775
2.814375
2.8178
2.834375
2.919875
2.9317
2.962175
2.982975
2.9911
3.00395
3.0091
3.0361
3.04635
3.077875
3.112525
3.113925
3.12625
3.128125
3.138475
3.145325
3.177425
3.1902
3.201175
3.207675
3.22295
3.22375
3.226425
3.227275
3.232275
3.233675
3.261475
3.267775
3.270625
3.302475
3.306375
3.352225
3.363325
3.401525
3.4113
3.418425
3.423375
3.425825
3.426775
3.431375
3.433875
3.441925
3.44205
3.448875
3.456525
3.461175
3.5016
3.51595
3.527575
3.5467
3.56875
3.597325
3.61045
3.613
3.636425
3.6396
3.653625
3.6559
3.681525
3.693425
3.716725
3.71755
3.7287
3.731075
3.760175
3.7673
3.770725
3.781725
3.799125
3.805
3.812925
3.833375
3.837625
3.8462
3.84885
3.8613
3.874175
3.89375
3.91025
3.91905
3.950725
3.965625
3.969125
4.001825
4.017175
4.02015
4.020775
4.03605
4.036075
4.0372
4.042825
4.043825
4.0693
4.069975
4.07425
4.080425
4.092675
4.09535
4.09565
4.1175
4.12445
4.13755
4.149525
4.16125
4.165075
4.1827
4.18915
4.20535
4.2217
4.257375
4.259175
4.297125
4.30375
4.304375
4.309575
4.310175
4.314
4.322275
4.32675
4.328625
4.331175
4.348625
4.355425
4.3634
4.3644
4.378225
4.380175
4.39585
4.401825
4.407175
4.42035
4.447325
4.4608
4.470875
4.5021
4.563625
4.6166
4.623675
4.624025
4.62585
4.6282
4.6484
4.650875
4.6636
4.670725
4.67235
4.6729
4.69225
4.725825
4.7321
4.733825
4.7454
4.75415
4.79465
4.800275
4.817275
4.822175
4.851575
4.885075
4.902675
4.917
4.918775
4.918825
4.925975
4.9318
4.932475
4.95625
4.95685
4.971475
4.9956
4.999175
5.004475
5.009075
5.010975
5.028975
5.0645
5.105125
5.123975
5.204375
5.20785
5.21655
5.216725
5.22785
5.229525
5.2307
5.241425
5.271
5.271275
5.280975
5.294325
5.321625
5.347575
5.34775
5.36675
5.38495
5.388875
5.3931
5.400425
5.402325
5.42105
5.453175
5.504875
5.5119
5.518125
5.52275
5.524575
5.529825
5.5509
5.55285
5.555025
5.567925
5.58155
5.61225
5.61555
5.624075
5.637825
5.647325
5.6536
5.659975
5.663225
5.671675
5.67735
5.683825
5.688175
5.691175
5.6964
5.702925
5.705475
5.716125
5.754
5.757775
5.7582
5.780975
5.80375
5.80455
5.807575
5.81485
5.8173
5.829775
5.84445
5.844475
5.847925
5.856775
5.8581
5.865225
5.873975
5.8855
5.89995
5.91115
5.928025
5.937375
5.945125
5.96525
5.970375
5.9724
5.97905
6.023575
6.0605
6.0637
6.070325
6.07315
6.08785
6.092625
6.10615
6.113575
6.1175
6.11995
6.1236
6.12885
6.129175
6.139475
6.1494
6.155475
6.1901
6.192725
6.19525
6.21305
6.222625
6.23625
6.2381
6.2413
6.24165
6.25775
6.2852
6.32215
6.3257
6.345725
6.40105
6.41455
6.417975
6.41925
6.421875
6.4307
6.43115
6.431325
6.440225
6.4522
6.46475
6.467725
6.477
6.477825
6.4868
6.530825
6.541575
6.59765
6.598425
6.6115
6.64685
6.6494
6.667075
6.702875
6.715525
6.7168
6.721675
6.7231
6.732425
6.73535
6.73935
6.74795
6.7644
6.775375
6.78075
6.787275
6.78905
6.789775
6.7922
6.8124
6.81975
6.83905
6.8512
6.86735
6.878375
6.8834
6.89095
6.89605
6.9356
6.94845
6.9524
7.007825
7.013325
7.015375
7.018775
7.0361
7.041625
7.042425
7.04495
7.04675
7.052125
7.054875
7.062575
7.081475
7.0816
7.092675
7.10945
7.11015
7.12435
7.13255
7.15855
7.1948
7.19635
7.2
7.211875
7.2214
7.266125
7.2886
7.3
7.306175
7.314025
7.31595
7.316025
7.316225
7.319925
7.322275
7.34875
7.3533
7.361325
7.364525
7.373825
7.387
7.393075
7.3951
7.406475
7.410475
7.417575
7.4187
7.42335
7.424425
7.427625
7.430375
7.43205
7.445275
7.45455
7.4559
7.4798
7.5362
7.5758
7.5766
7.58235
7.606275
7.611025
7.612925
7.6439
7.6699
7.671375
7.69405
7.724725
7.732225
7.734625
7.7409
7.744675
7.75325
7.776675
7.781275
7.79805
7.8054
7.8548
7.9026
7.904425
7.905375
7.90655
7.9114
7.91475
7.91545
7.9156
7.92225
7.941175
7.957425
7.97265
7.978625
7.985225
7.9894
7.9964
7.99705
8.003925
8.0067
8.01005
8.011325
8.0143
8.069275
8.075625
8.09595
8.107075
8.128675
8.146525
8.1654
8.178175
8.179025
8.212325
8.2134
8.217275
8.219925
8.223725
8.225175
8.22865
8.24675
8.2556
8.25965
8.27125
8.2873
8.2905
8.304375
8.357275
8.368425
8.37805
8.385575
8.389675
8.3965
8.4318
8.5034
8.512775
8.519875
8.531675
8.54255
8.544475
8.5456
8.546025
8.548625
8.554875
8.56285
8.606825
8.60705
8.624725
8.627
8.64855
8.6571
8.657275
8.67905
8.6889
8.700575
8.70165
8.74475
8.772625
8.7732
8.802725
8.809
8.8328
8.834925
8.83685
8.8601
8.883175
8.8833
8.90925
8.919125
8.920025
8.9224
8.927325
8.944125
8.95155
8.9728
8.9839
9.019825
9.020075
743
