0.105375
0.106125
0.106875
0.11055
0.11075
0.11995
0.12275
0.12735
0.13065
0.133375
0.14355
0.146175
0.148375
0.1526
0.15805
0.171825
0.1997
0.204175
0.211625
0.23245
0.23815
0.246125
0.289725
0.302
0.350725
0.374475
0.403875
0.41595
0.42285
0.44645
0.450075
0.45325
0.45435
0.4704
0.4787
0.48095
0.494
0.517675
0.53805
0.54205
0.5622
0.58205
0.591375
0.69165
0.701625
0.7141
0.7155
0.720625
0.721775
0.722725
0.72685
0.7351
0.7408
0.7457
0.747625
0.758425
0.78975
0.79015
0.792375
0.80435
0.812125
0.81215
0.83145
0.832925
0.839375
0.866975
0.879175
0.8883
0.900525
0.921075
0.974975
0.9779
0.9857
1.00775
1.01265
1.020375
1.025025
1.033525
1.037825
1.039575
1.076525
1.077175
1.085775
1.086275
1.092325
1.107075
1.10965
1.110525
1.14275
1.1466
1.2249
1.230875
1.24465
1.2533
1.263325
1.293675
1.3029
1.309225
1.321675
1.3294
1.329475
1.3415
1.359225
1.3699
1.424775
1.429675
1.430325
1.433375
1.4347
1.435025
1.57135
1.602175
1.603975
1.60475
1.6281
1.628175
1.636175
1.648675
1.658
1.659025
1.65965
1.67435
1.694275
1.72405
1.72975
1.7518
1.78215
1.784975
1.8046
1.81525
1.830925
1.846875
1.848325
1.901075
1.901425
1.9139
1.942275
1.94325
1.95605
1.97025
1.97795
1.983375
1.995625
2.028625
2.034725
2.03545
2.0574
2.07745
2.118
2.153425
2.179475
2.2101
2.21515
2.217325
2.22445
2.225375
2.22575
2.226
2.231225
2.231925
2.248125
2.2532
2.256875
2.258175
2.2585
2.262975
2.2793
2.2854
2.285425
2.295425
2.2977
2.303775
2.307675
2.316625
2.3308
2.3399
2.35905
2.371175
2.3908
2.3943
2.405425
2.4472
2.4547
2.47275
2.493325
2.499975
2.502375
2.518875
2.519175
2.522125
2.52565
2.52585
2.5311
2.541925
2.543375
2.56375
2.56955
2.594775
2.598075
2.6133
2.613725
2.6263
2.6323
2.641775
2.642525
2.64835
2.6531
2.656225
2.66275
2.664575
2.664975
2.72855
2.750375
2.763275
2.766275
2.770275
2.8059
2.80975
2.81375
2.819575
2.821225
2.822475
2.825025
2.826725
2.827825
2.829675
2.83415
2.839825
2.84865
2.85125
2.85325
2.862675
2.889075
2.89525
2.91735
2.924625
2.930525
2.9519
2.9637
2.9823
2.99055
3.06435
3.073225
3.09255
3.102025
3.10215
3.103825
3.116975
3.1175
3.1177
3.12375
3.133925
3.14075
3.156925
3.160475
3.160775
3.168225
3.18505
3.192625
3.231975
3.236025
3.241075
3.275475
3.28695
3.315975
3.3314
3.34565
3.3577
3.3727
3.3849
3.391375
3.392125
3.400025
3.4033
3.403775
3.4314
3.4318
3.4375
3.4399
3.4466
3.45905
3.471425
3.473325
3.49785
3.51325
3.529175
3.539
3.549175
3.567425
3.5717
3.573925
3.583325
3.590675
3.620925
3.640975
3.64605
3.69215
3.7036
3.707725
3.71465
3.724275
3.730475
3.733425
3.7382
3.74075
3.757225
3.7576
3.758325
3.7707
3.797975
3.799025
3.80685
3.809
3.812875
3.81415
3.81515
3.8578
3.8872
3.8993
3.902275
3.907575
3.91075
3.930125
3.93795
3.94685
3.97625
3.98865
4.001275
4.005025
4.011775
4.0138
4.0162
4.018575
4.0227
4.030625
4.030825
4.041675
4.04855
4.04895
4.058775
4.060925
4.0743
4.097675
4.09785
4.106475
4.112725
4.114575
4.1308
4.1503
4.18755
4.18825
4.21785
4.22375
4.2476
4.291125
4.3063
4.3092
4.315175
4.31915
4.32295
4.32365
4.334975
4.337975
4.3405
4.347175
4.3535
4.361175
4.365
4.36645
4.366825
4.390375
4.399
4.425175
4.427425
4.429175
4.43955
4.469325
4.470075
4.4721
4.50225
4.5046
4.54765
4.62115
4.62825
4.6557
4.65995
4.67
4.670625
4.69885
4.70105
4.727775
4.7335
4.738825
4.74555
4.774525
4.8103
4.8129
4.81625
4.832075
4.866875
4.8723
4.876525
4.9041
4.91035
4.9159
4.933475
4.935725
4.9454
4.95565
4.95885
4.962475
4.977325
4.977425
5.0003
5.004925
5.033125
5.056175
5.059025
5.060825
5.087675
5.088425
5.093525
5.1058
5.11425
5.115425
5.1177
5.16885
5.196325
5.20485
5.20705
5.214575
5.216925
5.2324
5.2397
5.24445
5.2465
5.25535
5.2573
5.259375
5.261625
5.266675
5.2689
5.269525
5.273225
5.275975
5.28
5.281875
5.31885
5.326525
5.353325
5.355175
5.373275
5.3872
5.397
5.404475
5.4159
5.417225
5.423925
5.4513
5.46175
5.47635
5.4818
5.516925
5.526175
5.54265
5.554175
5.564325
5.571875
5.57355
5.604325
5.612625
5.621225
5.6652
5.68375
5.699175
5.714675
5.7212
5.73575
5.8117
5.811925
5.823
5.826325
5.82705
5.832475
5.842325
5.844125
5.845325
5.871375
5.871525
5.879675
5.89625
5.896575
5.897425
5.911875
5.939375
5.946275
5.95595
5.98405
6.0029
6.011775
6.0284
6.046325
6.106325
6.108925
6.112375
6.116525
6.12335
6.1276
6.13195
6.144025
6.1846
6.19735
6.1992
6.206
6.2115
6.212875
6.2148
6.219575
6.252975
6.259
6.273425
6.2864
6.352525
6.35855
6.403975
6.408175
6.418475
6.426925
6.434075
6.4414
6.463025
6.46595
6.47105
6.4755
6.480125
6.485575
6.497525
6.50135
6.51795
6.532525
6.533
6.555825
6.611
6.620725
6.657375
6.6897
6.69595
6.714725
6.718975
6.7257
6.7307
6.740625
6.741375
6.749175
6.758225
6.759225
6.76095
6.77395
6.787375
6.8023
6.806325
6.811625
6.82855
6.832025
6.8439
6.865725
6.882625
6.91505
6.938525
6.9648
6.966375
7.004125
7.0181
7.0185
7.02255
7.0513
7.05895
7.068075
7.06975
7.071875
7.0737
7.0884
7.090375
7.0905
7.10095
7.10295
7.10415
7.117875
7.1211
7.125525
7.1388
7.1499
7.16065
7.1791
7.2366
7.267425
7.27265
7.301975
7.305775
7.3134
7.3222
7.32495
7.335475
7.351175
7.36925
7.371975
7.3777
7.3802
7.38825
7.395225
7.40735
7.4121
7.432875
7.436175
7.439625
7.4608
7.530625
7.6035
7.614325
7.616125
7.62575
7.626075
7.626425
7.631575
7.63945
7.64025
7.644325
7.645875
7.6483
7.652575
7.65335
7.655025
7.6651
7.6677
7.676025
7.6768
7.694025
7.70635
7.726775
7.72865
7.737175
7.75015
7.76805
7.76935
7.7712
7.7743
7.828675
7.839575
7.886325
7.9035
7.90875
7.91035
7.9161
7.921625
7.9241
7.930275
7.93655
7.93745
7.9441
7.95
7.960325
7.978825
7.9836
7.984675
7.985425
8.001075
8.007425
8.013875
8.025925
8.032575
8.041725
8.0552
8.0666
8.0869
8.110225
8.20015
8.2044
8.2053
8.209575
8.21365
8.21495
8.2158
8.237875
8.260275
8.26665
8.26725
8.268175
8.275425
8.27845
8.2874
8.29845
8.299
8.312325
8.321075
8.3379
8.34235
8.3631
8.37905
8.398975
8.440475
8.4495
8.479875
8.4831
8.5032
8.506225
8.506325
8.523
8.528475
8.533275
8.53685
8.540125
8.541425
8.5416
8.542
8.54885
8.549725
8.56435
8.57005
8.570625
8.582625
8.61955
8.632325
8.6385
8.66355
8.750325
8.754575
8.8073
8.810325
8.815625
8.832575
8.83945
8.865725
8.879675
8.879825
8.884475
8.892325
8.897525
8.925175
8.9606
8.9794
8.981
8.99065
9.00875
9.012525
9.029375
9.0674
9.06765
9.07265
9.087425
9.091
750
