0.101375
0.11475
0.1206
0.121075
0.124
0.1299
0.136875
0.154925
0.15575
0.15915
0.164475
0.1696
0.1737
0.175575
0.180475
0.1928
0.2252
0.236475
0.2384
0.263125
0.2725
0.28005
0.3007
0.32535
0.327625
0.33925
0.3561
0.40015
0.4022
0.405125
0.407575
0.410125
0.4121
0.41675
0.41825
0.41915
0.461175
0.47735
0.484825
0.496575
0.530225
0.5339
0.57095
0.576675
0.577975
0.581675
0.595125
0.598425
0.60005
0.60585
0.6171
0.62305
0.6356
0.6425
0.646525
0.69915
0.70805
0.711375
0.71705
0.721725
0.734475
0.736025
0.74355
0.7453
0.78345
0.78855
0.811525
0.8145
0.816225
0.81985
0.82085
0.822475
0.8375
0.8752
0.895375
0.89765
0.910675
0.932175
0.9641
0.995825
1.010075
1.0282
1.043075
1.050275
1.05305
1.072675
1.07845
1.082125
1.0883
1.105725
1.1212
1.1272
1.13375
1.136075
1.164425
1.201725
1.20695
1.288125
1.30615
1.308025
1.31145
1.311825
1.313625
1.3208
1.334
1.344025
1.34875
1.349875
1.3618
1.362075
1.36435
1.36685
1.386525
1.4016
1.407275
1.40955
1.442225
1.448475
1.458125
1.479375
1.48425
1.492025
1.497725
1.507825
1.541225
1.567975
1.613475
1.6188
1.624
1.631475
1.63445
1.637425
1.64205
1.65025
1.65575
1.656075
1.656425
1.658075
1.6644
1.6651
1.68155
1.6829
1.710375
1.72865
1.735375
1.738825
1.742825
1.768575
1.782525
1.795825
1.800825
1.806975
1.820425
1.84535
1.890875
1.8967
1.92915
1.93355
1.939775
1.941475
1.94785
1.949575
1.950325
1.95905
1.959075
1.9708
1.992825
1.99335
2.00825
2.009275
2.0142
2.027375
2.0321
2.042975
2.066
2.0662
2.09805
2.11725
2.21135
2.21445
2.224375
2.240275
2.241275
2.245575
2.2483
2.24915
2.25455
2.2568
2.2648
2.266525
2.266825
2.2673
2.27835
2.285425
2.286725
2.294825
2.302525
2.304425
2.31125
2.3256
2.336875
2.342175
2.342575
2.358775
2.38955
2.408075
2.409825
2.42085
2.4212
2.478025
2.500375
2.503475
2.507825
2.516075
2.517275
2.524725
2.538275
2.55105
2.561475
2.569275
2.5705
2.572575
2.577125
2.57805
2.596175
2.610725
2.611375
2.6534
2.6782
2.7405
2.7509
2.762275
2.800975
2.806925
2.810725
2.8163
2.817375
2.82125
2.835375
2.837675
2.84965
2.862225
2.863525
2.86385
2.87515
2.886975
2.88725
2.89545
2.899925
2.903775
2.913875
2.979775
2.9927
3.002225
3.0109
3.037575
3.0786
3.083775
3.1134
3.133275
3.1422
3.146
3.1502
3.164625
3.179425
3.18845
3.200575
3.23055
3.2415
3.241625
3.2466
3.2916
3.3061
3.309825
3.33385
3.335125
3.345325
3.359525
3.3707
3.371125
3.401675
3.4096
3.40985
3.412525
3.414025
3.420375
3.428125
3.42845
3.4513
3.4533
3.470375
3.473475
3.497775
3.50025
3.5011
3.50225
3.505625
3.509925
3.5111
3.5573
3.564875
3.5835
3.61235
3.62695
3.6473
3.673075
3.67415
3.70225
3.70285
3.7072
3.709425
3.710175
3.7104
3.712
3.72865
3.73395
3.73965
3.74105
3.74585
3.754775
3.759975
3.769975
3.77515
3.7762
3.787875
3.789425
3.799175
3.8562
3.92145
3.92305
3.925
3.963475
3.993175
3.993275
4.002775
4.004525
4.007575
4.017875
4.021625
4.02175
4.02635
4.0299
4.03125
4.037725
4.04735
4.05275
4.0555
4.061525
4.065275
4.101975
4.1124
4.1197
4.128875
4.150475
4.161325
4.17445
4.17495
4.240175
4.24225
4.27975
4.29395
4.297625
4.305775
4.3216
4.3233
4.329075
4.353175
4.36275
4.3648
4.376075
4.380475
4.393225
4.400275
4.40915
4.409975
4.430325
4.434025
4.453025
4.48305
4.49775
4.50785
4.531075
4.560125
4.58475
4.587625
4.609625
4.6132
4.622875
4.62665
4.633625
4.634725
4.639425
4.64875
4.658575
4.691
4.704475
4.72105
4.72235
4.7229
4.7333
4.738525
4.738575
4.75275
4.753575
4.7945
4.7983
4.802925
4.803375
4.803475
4.808475
4.823
4.8299
4.849575
4.87335
4.907875
4.9099
4.910875
4.9117
4.9137
4.93075
4.93315
4.948675
4.956325
4.95835
4.96795
4.969275
4.9768
4.986625
4.997525
4.997875
5.00185
5.016825
5.033125
5.03365
5.040425
5.0681
5.07605
5.116775
5.226975
5.2365
5.2397
5.24205
5.246225
5.25245
5.265275
5.268175
5.2783
5.312575
5.316725
5.319425
5.33505
5.357425
5.3625
5.365125
5.37615
5.3967
5.4073
5.434175
5.50565
5.512975
5.52535
5.53605
5.556675
5.557275
5.558625
5.582975
5.585625
5.58745
5.597
5.597425
5.6115
5.625025
5.625825
5.6267
5.629625
5.63005
5.662875
5.672425
5.68395
5.7146
5.716725
5.722475
5.722825
5.735175
5.7669
5.801675
5.808475
5.815075
5.836475
5.8425
5.844825
5.849525
5.865775
5.866025
5.885175
5.90405
5.937125
5.9499
5.954825
5.957625
5.963575
6.01575
6.030325
6.04245
6.044425
6.0617
6.0627
6.102125
6.1048
6.106875
6.108575
6.113525
6.114175
6.11965
6.1202
6.123175
6.1273
6.127625
6.13575
6.13985
6.14095
6.142425
6.1459
6.152625
6.16105
6.1653
6.1749
6.19195
6.1927
6.194825
6.198425
6.22615
6.23185
6.2509
6.2538
6.260025
6.262575
6.2701
6.272375
6.2864
6.31085
6.36015
6.36495
6.379375
6.4017
6.405075
6.414175
6.417175
6.4185
6.4261
6.426675
6.438775
6.453975
6.467975
6.4711
6.4718
6.475
6.516475
6.5341
6.539975
6.546925
6.55515
6.6056
6.60815
6.620725
6.7051
6.708325
6.73975
6.743975
6.747925
6.762925
6.781375
6.787425
6.791025
6.79495
6.815325
6.81975
6.82365
6.84055
6.845975
6.860975
6.862575
6.8719
6.877675
6.881125
6.885175
6.8875
6.89255
6.896225
6.896975
6.911975
6.9347
6.9519
6.958025
6.968275
6.982375
7.0093
7.01665
7.0305
7.0455
7.0557
7.07435
7.080725
7.0887
7.093075
7.1284
7.135025
7.1368
7.162075
7.17495
7.1937
7.26465
7.306375
7.320675
7.32485
7.3309
7.33195
7.3357
7.341525
7.34265
7.37925
7.399125
7.407775
7.4084
7.43425
7.442375
7.456825
7.4587
7.4801
7.484475
7.50205
7.555075
7.5872
7.591575
7.601225
7.606775
7.607125
7.6078
7.614375
7.625275
7.6343
7.64775
7.65025
7.66705
7.671325
7.671925
7.680075
7.68475
7.6896
7.695375
7.708375
7.711025
7.7175
7.72185
7.72455
7.733925
7.7362
7.753425
7.785475
7.8088
7.8612
7.865575
7.866725
7.910625
7.91325
7.92115
7.925925
7.939325
7.946825
7.96375
7.96885
7.9787
8.001275
8.00235
8.01195
8.015175
8.027
8.043475
8.0574
8.06195
8.066875
8.068575
8.08435
8.094875
8.123125
8.137275
8.16805
8.1767
8.207225
8.20785
8.20945
8.21255
8.21815
8.220075
8.227575
8.227875
8.232125
8.267375
8.270175
8.270575
8.277975
8.285075
8.2911
8.32245
8.342825
8.347675
8.365375
8.365875
8.37705
8.3844
8.394325
8.4193
8.42515
8.485775
8.5011
8.5025
8.508425
8.5204
8.528975
8.5315
8.531825
8.557075
8.5576
8.5752
8.58385
8.593275
8.595075
8.6222
8.63345
8.63725
8.666825
8.68405
8.685575
8.6979
8.730675
8.8059
8.810775
8.816425
8.8176
8.831625
8.8317
8.849975
8.85335
8.857425
8.872775
8.87835
8.8857
8.892975
8.8937
8.9302
8.93065
8.93825
8.9594
8.960075
9.003325
9.0177
9.043
9.04885
9.06585
9.090225
760
