0.101
0.1024
0.1071
0.110425
0.11715
0.1214
0.12345
0.12475
0.146
0.1469
0.147025
0.1471
0.147975
0.1492
0.156175
0.177175
0.192375
0.20365
0.21195
0.2201
0.223975
0.23125
0.239925
0.2582
0.265425
0.294625
0.332475
0.3621
0.3753
0.401675
0.410425
0.412725
0.41395
0.4151
0.421225
0.42215
0.42245
0.4225
0.42685
0.43215
0.43625
0.4432
0.44655
0.456025
0.460975
0.47625
0.489675
0.506225
0.51175
0.519625
0.51985
0.52325
0.52685
0.5649
0.57775
0.58925
0.59935
0.60115
0.60945
0.625375
0.630475
0.66555
0.696775
0.707475
0.728475
0.742825
0.76905
0.7811
0.801825
0.8023
0.80345
0.8074
0.8182
0.891775
0.939
0.971075
0.9711
0.981375
0.98985
1.003125
1.011275
1.037175
1.037275
1.044925
1.04805
1.0551
1.058975
1.06455
1.069875
1.07435
1.0757
1.08945
1.114525
1.12495
1.130725
1.13285
1.1671
1.194125
1.20015
1.200525
1.2064
1.219075
1.244925
1.2492
1.2965
1.31015
1.315825
1.31875
1.3255
1.343425
1.347375
1.3475
1.38775
1.392525
1.4411
1.4611
1.4644
1.471725
1.47345
1.476025
1.486575
1.492925
1.5523
1.55925
1.59065
1.592775
1.6011
1.611875
1.612475
1.616425
1.62215
1.64635
1.6465
1.6559
1.65945
1.666825
1.676325
1.6923
1.6933
1.73625
1.752425
1.7635
1.76505
1.78995
1.835475
1.83825
1.870175
1.90355
1.9186
1.928825
1.92945
1.957075
1.965
1.968225
1.973625
1.9759
1.984225
1.986675
1.99575
2.0087
2.010725
2.013625
2.015275
2.01615
2.02545
2.0476
2.0821
2.086175
2.128
2.13455
2.151925
2.174775
2.177975
2.202425
2.2045
2.23935
2.247025
2.286825
2.29575
2.307475
2.32555
2.34215
2.352125
2.35825
2.36875
2.3727
2.38585
2.458125
2.461325
2.4638
2.464575
2.466575
2.499775
2.504525
2.5087
2.510525
2.510575
2.5356
2.538525
2.539175
2.5406
2.544875
2.546425
2.549975
2.559625
2.561425
2.5639
2.569725
2.5811
2.583175
2.594325
2.602825
2.606325
2.6095
2.611375
2.628175
2.6418
2.662225
2.66955
2.669875
2.67325
2.68945
2.717275
2.7177
2.71975
2.729
2.74245
2.743075
2.749875
2.800175
2.802425
2.816175
2.826575
2.826725
2.8309
2.835
2.8447
2.845225
2.850825
2.858175
2.865125
2.87065
2.887675
2.891175
2.89705
2.912725
2.945475
2.953675
2.969525
2.971925
2.976475
3.018225
3.023175
3.0526
3.0565
3.0663
3.088175
3.089925
3.101625
3.116475
3.1185
3.120725
3.12425
3.127275
3.157075
3.167825
3.1878
3.1891
3.200575
3.20495
3.20745
3.215775
3.21895
3.220925
3.2375
3.24955
3.2616
3.26735
3.287675
3.290425
3.2959
3.31385
3.31495
3.401925
3.4065
3.4211
3.427925
3.432625
3.43785
3.440275
3.453175
3.459925
3.461025
3.467125
3.4739
3.4844
3.4985
3.501825
3.518375
3.54075
3.54815
3.58725
3.612875
3.614
3.710425
3.7117
3.72125
3.73715
3.7395
3.751375
3.757675
3.782575
3.809125
3.814425
3.842225
3.857275
3.87345
3.8751
3.889875
3.896925
3.900825
3.9182
3.9607
3.96935
4.00175
4.002375
4.00435
4.00445
4.0064
4.007625
4.01535
4.0213
4.0268
4.031625
4.033575
4.0349
4.03785
4.037975
4.0649
4.06755
4.068925
4.083475
4.0835
4.1029
4.1118
4.11635
4.139775
4.1729
4.26085
4.2704
4.309275
4.309725
4.310425
4.31735
4.324675
4.326125
4.32745
4.349675
4.35565
4.366275
4.3687
4.370475
4.390275
4.41055
4.4115
4.414575
4.456975
4.460225
4.48665
4.497775
4.50305
4.556125
4.5621
4.5628
4.589375
4.60265
4.609275
4.611575
4.613725
4.62295
4.62735
4.645975
4.6473
4.650875
4.65645
4.683525
4.684275
4.684875
4.685175
4.698625
4.699
4.717675
4.72225
4.731025
4.74195
4.746575
4.750675
4.79405
4.79645
4.81795
4.83995
4.847975
4.861675
4.9017
4.902775
4.903625
4.91695
4.9261
4.9461
4.95185
4.9563
4.960575
4.97105
4.972175
4.9765
4.986325
5.018375
5.024275
5.04805
5.057
5.0695
5.094275
5.118075
5.1425
5.146575
5.154875
5.165725
5.1793
5.198525
5.20115
5.202
5.2022
5.202575
5.209975
5.217425
5.2299
5.262375
5.29795
5.29955
5.301325
5.320575
5.32255
5.32385
5.326925
5.365275
5.374375
5.39015
5.39985
5.432225
5.433975
5.47795
5.4864
5.492925
5.50685
5.510975
5.53265
5.5658
5.56645
5.5676
5.567675
5.57105
5.580475
5.6188
5.6194
5.62165
5.622775
5.626725
5.629225
5.661725
5.663825
5.684725
5.684875
5.70675
5.728175
5.738825
5.744375
5.759275
5.80145
5.80765
5.807725
5.80895
5.8102
5.814975
5.859325
5.860875
5.864775
5.865325
5.86605
5.866275
5.90965
5.918175
5.93615
5.9426
5.961225
5.97705
5.98225
5.985
6.0019
6.099925
6.101475
6.1016
6.1025
6.1129
6.116975
6.1229
6.12455
6.1302
6.138675
6.14015
6.1528
6.153675
6.15635
6.159675
6.17165
6.22685
6.23195
6.23325
6.2417
6.2429
6.2691
6.294125
6.30095
6.319675
6.3202
6.338175
6.33845
6.356325
6.408525
6.4224
6.422825
6.426
6.426725
6.43495
6.440775
6.44665
6.448475
6.474175
6.51585
6.516
6.5187
6.52745
6.52955
6.529925
6.5304
6.548025
6.5855
6.589625
6.598875
6.603425
6.6798
6.703875
6.708525
6.714725
6.721225
6.74085
6.76165
6.761725
6.7636
6.7865
6.790325
6.79325
6.795725
6.79615
6.822625
6.85135
6.908825
6.94565
6.9654
7.00095
7.00295
7.00815
7.01245
7.013075
7.034325
7.0374
7.0408
7.053875
7.058725
7.0672
7.07905
7.09745
7.1006
7.11085
7.116125
7.1253
7.14125
7.1454
7.169475
7.1719
7.20425
7.2164
7.2264
7.237025
7.26825
7.2818
7.30555
7.311275
7.31235
7.3204
7.326675
7.3276
7.328675
7.331
7.33445
7.359925
7.37305
7.3823
7.385875
7.3907
7.392925
7.39445
7.407525
7.413475
7.42
7.420575
7.435275
7.435375
7.4518
7.45675
7.46975
7.470025
7.473725
7.484275
7.493675
7.513575
7.519075
7.53325
7.54635
7.551375
7.585925
7.610125
7.612625
7.615075
7.6278
7.630675
7.63225
7.6325
7.638125
7.6386
7.649225
7.662375
7.6656
7.6728
7.67825
7.686175
7.699525
7.701425
7.7034
7.7063
7.7103
7.7503
7.763025
7.7746
7.7779
7.783875
7.82005
7.835425
7.90265
7.904225
7.909425
7.936375
7.96215
7.963625
7.97525
7.9784
7.98175
7.983175
7.985425
7.988175
7.9965
8.00005
8.0215
8.0299
8.0366
8.0704
8.071175
8.07715
8.081825
8.086275
8.114825
8.123
8.125675
8.13825
8.1558
8.164525
8.18525
8.20225
8.2046
8.205825
8.20815
8.23955
8.240625
8.2545
8.268975
8.287875
8.29865
8.30165
8.305725
8.331225
8.33545
8.337825
8.36085
8.377925
8.38485
8.396725
8.424325
8.46785
8.483025
8.484175
8.50035
8.502775
8.5125
8.51525
8.5206
8.52215
8.528375
8.52935
8.545125
8.548825
8.566375
8.57675
8.577825
8.5851
8.590375
8.594475
8.605825
8.6176
8.625025
8.6349
8.640725
8.641325
8.658275
8.67395
8.674475
8.685175
8.69375
8.70945
8.7423
8.7697
8.7988
8.80025
8.810125
8.82385
8.830025
8.830675
8.83955
8.8507
8.85135
8.88635
8.887875
8.9055
8.906875
8.91
8.9191
8.92515
8.933825
8.935275
8.94095
8.944675
8.9586
8.997325
9.007025
9.00705
9.0183
9.063625
9.0992
766
