0.1042
0.10825
0.1138
0.1189
0.121325
0.124025
0.139
0.1481
0.15815
0.164425
0.165025
0.1728
0.178925
0.2093
0.22675
0.230375
0.247275
0.256325
0.26375
0.273825
0.31365
0.326775
0.331175
0.344
0.38045
0.41145
0.412975
0.416875
0.41795
0.4269
0.436725
0.439175
0.44495
0.4551
0.458075
0.460025
0.462
0.4733
0.47535
0.47565
0.48805
0.502225
0.503375
0.5053
0.50935
0.52325
0.535925
0.553675
0.558875
0.57945
0.6153
0.684075
0.705725
0.712725
0.7231
0.725225
0.753225
0.759325
0.75995
0.778525
0.7938
0.800675
0.817575
0.8224
0.822825
0.83325
0.841075
0.8761
0.87845
0.8809
0.921875
0.9229
0.926825
0.968925
1.001175
1.0057
1.00625
1.01255
1.0196
1.024225
1.028975
1.042025
1.082975
1.0925
1.093625
1.097975
1.103025
1.120575
1.12105
1.125625
1.12565
1.1279
1.1297
1.137575
1.171475
1.2011
1.214075
1.24745
1.25155
1.3085
1.30865
1.309225
1.313225
1.32495
1.32965
1.332575
1.3386
1.3407
1.34925
1.350175
1.356775
1.414325
1.4239
1.425275
1.44275
1.447325
1.448
1.46035
1.4671
1.468225
1.490625
1.514275
1.549175
1.57415
1.576725
1.595825
1.597225
1.6102
1.614675
1.61505
1.62685
1.62995
1.639075
1.641925
1.65255
1.655975
1.656875
1.658075
1.659725
1.661425
1.669675
1.68495
1.6864
1.68945
1.6912
1.6966
1.713025
1.7268
1.73425
1.747525
1.75175
1.752125
1.753775
1.765225
1.798875
1.800225
1.826325
1.85945
1.869325
1.86955
1.89425
1.902375
1.90715
1.9169
1.923675
1.931675
1.9358
1.942025
1.942225
1.949325
1.95145
1.975625
2.0031
2.004125
2.01085
2.058575
2.06655
2.068925
2.078725
2.090825
2.093525
2.108725
2.115975
2.1441
2.169475
2.17685
2.180875
2.205925
2.21065
2.2132
2.21745
2.21915
2.22035
2.221025
2.226025
2.22765
2.228125
2.233175
2.238625
2.262275
2.263425
2.265425
2.273975
2.283125
2.283925
2.294575
2.304075
2.3095
2.315425
2.3166
2.320425
2.32095
2.325625
2.329075
2.3413
2.34485
2.347475
2.350325
2.358475
2.368925
2.373725
2.37915
2.401175
2.42595
2.463
2.46945
2.488575
2.5039
2.5054
2.505575
2.515825
2.520975
2.52425
2.527525
2.534175
2.542475
2.54885
2.56385
2.5729
2.576975
2.58425
2.589
2.59
2.591775
2.613775
2.62655
2.62695
2.658725
2.666725
2.673575
2.6763
2.7206
2.721575
2.728025
2.74885
2.756275
2.76555
2.767425
2.791025
2.804425
2.80725
2.814725
2.83615
2.850175
2.853125
2.85345
2.8553
2.86555
2.875825
2.877675
2.878175
2.878825
2.879625
2.883575
2.89565
2.9006
2.905275
2.910375
2.9238
2.93125
2.9346
2.942475
2.950175
2.95085
2.952825
2.956225
2.9668
2.980425
2.98665
3.0064
3.00935
3.032525
3.0798
3.107325
3.108725
3.1097
3.114475
3.11945
3.1247
3.1414
3.14875
3.15815
3.162
3.1641
3.2347
3.235525
3.2729
3.33405
3.341025
3.396675
3.4006
3.408025
3.409375
3.41615
3.4243
3.42635
3.43315
3.43635
3.4397
3.445875
3.44835
3.473125
3.47635
3.4817
3.484175
3.488825
3.495075
3.506875
3.52285
3.5371
3.5382
3.539975
3.554975
3.57475
3.5826
3.58375
3.58685
3.615275
3.6171
3.636475
3.661525
3.700525
3.704075
3.7076
3.71295
3.728725
3.729875
3.7304
3.733725
3.751625
3.753625
3.75485
3.759975
3.7607
3.766325
3.7748
3.7852
3.80035
3.803025
3.815825
3.824525
3.82595
3.8262
3.8428
3.867625
3.912275
3.9146
3.935125
3.97805
3.999075
4.00585
4.015625
4.022025
4.0226
4.04865
4.053975
4.072075
4.077775
4.101975
4.10295
4.10795
4.11405
4.11845
4.12325
4.141575
4.143975
4.1442
4.1536
4.167375
4.18955
4.20635
4.206575
4.25655
4.277625
4.2959
4.301325
4.3115
4.317775
4.32325
4.328225
4.34075
4.3428
4.352475
4.357325
4.363525
4.37545
4.377725
4.41475
4.4186
4.419575
4.428225
4.431125
4.434925
4.449675
4.5125
4.524975
4.55055
4.559725
4.5608
4.582425
4.602525
4.6081
4.609475
4.612325
4.616525
4.623225
4.624725
4.628025
4.6425
4.645375
4.647175
4.649
4.651975
4.6872
4.70105
4.7061
4.7084
4.7413
4.749225
4.750025
4.7512
4.757575
4.7643
4.768425
4.76965
4.782675
4.7968
4.8052
4.813975
4.833575
4.834425
4.847425
4.847825
4.8522
4.8707
4.873425
4.889275
4.898125
4.900825
4.90235
4.907575
4.909725
4.922225
4.929175
4.941125
4.947375
4.955525
5.0064
5.01935
5.028425
5.046975
5.051225
5.05185
5.065925
5.141975
5.14425
5.180875
5.182775
5.183475
5.1922
5.209975
5.2102
5.2107
5.215275
5.222525
5.2245
5.2325
5.2332
5.238075
5.24155
5.249625
5.261375
5.2675
5.276625
5.277125
5.2884
5.29295
5.31865
5.328925
5.33885
5.343775
5.347175
5.3569
5.368175
5.3794
5.508
5.520875
5.557575
5.59615
5.624425
5.6348
5.64175
5.642925
5.655325
5.659575
5.6604
5.661375
5.66195
5.66335
5.67025
5.7065
5.724875
5.726875
5.743375
5.818175
5.8294
5.845
5.85225
5.866
5.87175
5.87265
5.9109
5.915
5.9623
5.969125
5.98595
5.99205
6.00285
6.0089
6.018675
6.021675
6.021875
6.030125
6.04245
6.1028
6.10575
6.115525
6.116275
6.118775
6.11965
6.13525
6.13705
6.138475
6.1441
6.156325
6.20735
6.25105
6.2653
6.279525
6.2922
6.303875
6.323075
6.34335
6.393575
6.406175
6.410375
6.4118
6.427825
6.43085
6.432125
6.438425
6.443375
6.44865
6.449725
6.454175
6.456475
6.45905
6.489075
6.517225
6.521575
6.52385
6.52915
6.538175
6.54015
6.5444
6.57945
6.656875
6.6843
6.68895
6.70575
6.7078
6.709875
6.7192
6.719475
6.729725
6.7359
6.737225
6.739275
6.77045
6.78935
6.7933
6.7943
6.80315
6.835925
6.8421
6.849875
6.85885
6.865875
6.885775
6.889125
6.9048
6.915375
6.934125
6.95845
7.00205
7.0153
7.0166
7.016925
7.024875
7.0294
7.0365
7.0477
7.052575
7.053375
7.0762
7.079775
7.0801
7.086975
7.093025
7.10255
7.111125
7.124225
7.142025
7.15075
7.154575
7.172875
7.201125
7.230425
7.25605
7.277825
7.3038
7.30915
7.31395
7.3365
7.34835
7.3484
7.352
7.363925
7.3739
7.385525
7.389475
7.395725
7.405575
7.4062
7.40705
7.4106
7.41115
7.4493
7.4591
7.46205
7.462325
7.471725
7.472075
7.474
7.4892
7.490725
7.4976
7.538825
7.5523
7.558125
7.590075
7.5989
7.608
7.60805
7.614225
7.615725
7.616625
7.629825
7.659575
7.6703
7.67315
7.673925
7.675475
7.693925
7.71565
7.716125
7.724075
7.725725
7.743825
7.78275
7.8301
7.866
7.9021
7.905
7.90535
7.905425
7.90765
7.907875
7.9174
7.918375
7.9184
7.9207
7.9305
7.94355
7.955725
7.96195
7.972725
7.989175
8.0096
8.0251
8.02615
8.032075
8.03245
8.037425
8.0487
8.0654
8.07135
8.07495
8.093
8.098225
8.104675
8.10625
8.113075
8.124775
8.149525
8.17645
8.178575
8.1972
8.20625
8.221425
8.240575
8.24605
8.2473
8.25065
8.26135
8.26625
8.278225
8.278475
8.282625
8.30385
8.304475
8.37735
8.39295
8.404825
8.417075
8.47245
8.484475
8.4966
8.501675
8.504625
8.505225
8.507375
8.511375
8.51165
8.5225
8.547575
8.551425
8.5536
8.599075
8.623075
8.67915
8.687075
8.729075
8.750175
8.75455
8.77945
8.78815
8.8558
8.85945
8.861675
8.866525
8.892925
8.901
8.90935
8.913025
8.92095
8.924875
8.929275
8.938525
8.94035
8.950775
8.959275
8.970375
8.985525
9.00715
9.009725
9.0342
9.061775
9.097325
789
