0.07045
0.105425
0.11325
0.1242
0.138525
0.140275
0.144725
0.15585
0.161575
0.1723
0.177925
0.1878
0.188425
0.1901
0.2082
0.209825
0.214525
0.221925
0.235275
0.2362
0.24095
0.25705
0.27325
0.284825
0.285875
0.3112
0.361375
0.4097
0.4475
0.451575
0.453475
0.45705
0.467525
0.4688
0.469075
0.485475
0.494925
0.502975
0.527825
0.5553
0.561125
0.56805
0.58035
0.59535
0.619025
0.6378
0.647
0.65715
0.677375
0.701375
0.7014
0.702075
0.705725
0.713025
0.715725
0.722075
0.727575
0.7333
0.73565
0.751575
0.75275
0.7614
0.76215
0.766825
0.7825
0.78645
0.788875
0.7914
0.794925
0.79615
0.797475
0.818075
0.82615
0.8296
0.866675
0.872475
0.913425
0.917525
0.920175
0.920675
0.9388
0.9643
1.00585
1.01135
1.012225
1.0294
1.044375
1.064825
1.07425
1.07845
1.079925
1.088675
1.093425
1.114225
1.12135
1.123675
1.143675
1.1667
1.16885
1.23395
1.270625
1.30025
1.30175
1.3047
1.305525
1.31745
1.33195
1.354975
1.36425
1.401825
1.4132
1.415725
1.42145
1.439975
1.446125
1.4498
1.45645
1.466025
1.4997
1.509875
1.511325
1.5162
1.542175
1.54835
1.600125
1.602275
1.6129
1.61825
1.638675
1.655025
1.655975
1.657575
1.6705
1.673425
1.67455
1.6818
1.68515
1.6862
1.69165
1.7024
1.725025
1.7256
1.727725
1.735625
1.73795
1.7456
1.8122
1.824475
1.83625
1.861225
1.895975
1.909425
1.916175
1.93625
1.943075
1.956475
1.9606
1.962025
1.966625
1.984775
1.9944
1.9983
2.01275
2.032775
2.036475
2.0402
2.04535
2.047
2.0531
2.1103
2.118375
2.1261
2.132725
2.137325
2.17205
2.180725
2.204025
2.208475
2.223
2.2255
2.227125
2.238125
2.2416
2.255175
2.256975
2.2594
2.261425
2.268775
2.2779
2.283775
2.2839
2.302475
2.31935
2.32925
2.335475
2.3593
2.380925
2.4677
2.47345
2.4951
2.517475
2.521875
2.52825
2.52975
2.536625
2.54025
2.5408
2.55445
2.554475
2.555925
2.564225
2.5885
2.59745
2.5986
2.60465
2.634575
2.7263
2.739875
2.742675
2.75855
2.759125
2.767475
2.77745
2.79725
2.80665
2.8078
2.812825
2.81325
2.8282
2.831025
2.83125
2.834425
2.83495
2.842725
2.843425
2.844375
2.86425
2.873875
2.879125
2.889225
2.93615
2.954925
2.97855
2.9913
2.993225
3.014825
3.02655
3.02975
3.03245
3.076625
3.10315
3.1117
3.117825
3.14645
3.1488
3.177375
3.1885
3.19535
3.19935
3.22135
3.239725
3.24215
3.269175
3.2719
3.29175
3.297825
3.300625
3.400325
3.404275
3.41265
3.422225
3.430275
3.43575
3.441825
3.447725
3.455425
3.4616
3.484525
3.498975
3.555225
3.56075
3.56375
3.5782
3.590725
3.6101
3.6108
3.615725
3.628325
3.65295
3.656425
3.663025
3.698125
3.710075
3.712375
3.7148
3.7272
3.728575
3.731875
3.74075
3.74405
3.7458
3.7462
3.74855
3.74955
3.7668
3.77145
3.781225
3.795925
3.803
3.82085
3.833725
3.84465
3.845075
3.86695
3.914325
3.9149
3.930525
3.93195
3.97605
3.983275
4.0073
4.01005
4.013075
4.013975
4.01845
4.022425
4.02565
4.0308
4.03405
4.0355
4.049375
4.05285
4.0575
4.066625
4.078675
4.101225
4.12135
4.135525
4.143725
4.1524
4.157575
4.228125
4.286875
4.301475
4.306175
4.307575
4.31045
4.320825
4.32315
4.3276
4.3322
4.336025
4.3395
4.339725
4.342225
4.3611
4.384875
4.386275
4.406675
4.411725
4.451075
4.47845
4.481175
4.4908
4.53415
4.57745
4.590875
4.604025
4.604925
4.60595
4.609325
4.612475
4.6137
4.61445
4.61585
4.616175
4.623925
4.653225
4.654525
4.656275
4.677775
4.67795
4.682425
4.6852
4.693675
4.697625
4.7084
4.714475
4.718475
4.73285
4.74375
4.752425
4.76795
4.7736
4.77715
4.7836
4.811875
4.815225
4.846575
4.90315
4.907375
4.90995
4.91175
4.914625
4.916025
4.921375
4.921975
4.93665
4.9429
4.9618
4.969075
4.96915
4.97035
4.981075
4.98225
4.98515
4.987275
4.9908
5.001375
5.002
5.00705
5.0155
5.027575
5.028775
5.0478
5.05445
5.06705
5.11635
5.132375
5.15845
5.173825
5.195625
5.19565
5.213075
5.21345
5.218375
5.2203
5.223925
5.227375
5.24395
5.258525
5.25925
5.2624
5.262625
5.27195
5.278275
5.2842
5.297925
5.3098
5.312
5.33875
5.348075
5.354475
5.35875
5.36375
5.3833
5.387025
5.3992
5.43895
5.46165
5.495675
5.501575
5.5111
5.514075
5.515075
5.517275
5.51835
5.521125
5.5248
5.53005
5.5486
5.55875
5.5931
5.596325
5.599225
5.615475
5.6178
5.624725
5.658125
5.676575
5.68635
5.688125
5.71465
5.717025
5.73025
5.76255
5.769375
5.77095
5.772725
5.792125
5.79285
5.798675
5.8056
5.808975
5.813375
5.817625
5.845675
5.8545
5.860875
5.863875
5.88465
5.9022
5.9183
5.928425
5.936575
5.938825
5.95015
5.95105
5.961225
5.96435
5.969175
5.9789
5.986825
5.990625
6.0245
6.0481
6.05235
6.074975
6.0758
6.0769
6.08445
6.1088
6.11545
6.123325
6.1315
6.1381
6.139775
6.14015
6.148425
6.148825
6.154375
6.170675
6.193125
6.23925
6.2393
6.244625
6.2564
6.26055
6.2891
6.290475
6.30045
6.3028
6.31535
6.330975
6.34115
6.346825
6.352775
6.35775
6.374
6.37595
6.38035
6.402525
6.408325
6.4158
6.4173
6.41895
6.419
6.41955
6.42015
6.421075
6.4386
6.441475
6.447025
6.4496
6.454075
6.469225
6.47215
6.472975
6.473075
6.488175
6.50865
6.512175
6.548075
6.552375
6.5604
6.57335
6.5943
6.622175
6.62535
6.67205
6.684175
6.707825
6.712875
6.722925
6.724375
6.7293
6.7319
6.732175
6.738625
6.743175
6.747975
6.7543
6.7571
6.7585
6.76055
6.8013
6.849025
6.91875
6.944525
6.950075
6.988425
7.0014
7.019475
7.028325
7.042625
7.047
7.047575
7.0495
7.064775
7.0692
7.072525
7.0803
7.08935
7.093175
7.109225
7.12115
7.129125
7.163775
7.168175
7.170275
7.173125
7.180975
7.24205
7.247175
7.2734
7.282075
7.282775
7.283975
7.301325
7.3071
7.33535
7.3425
7.34885
7.364025
7.38305
7.3922
7.39705
7.41725
7.43755
7.446225
7.456125
7.467925
7.4796
7.5052
7.531625
7.532225
7.5337
7.54045
7.542275
7.55365
7.59215
7.6198
7.6199
7.6247
7.64215
7.652425
7.671825
7.672225
7.67545
7.683775
7.80145
7.810475
7.81065
7.8228
7.8495
7.8806
7.9014
7.903925
7.904875
7.91055
7.9129
7.915875
7.932025
7.95435
7.9544
7.95905
7.9736
7.97775
7.993625
8.023575
8.039625
8.048225
8.049675
8.052325
8.117875
8.15245
8.152475
8.1763
8.18195
8.19195
8.21415
8.2168
8.219875
8.220175
8.231375
8.232325
8.2326
8.236425
8.2373
8.237575
8.238775
8.2592
8.304525
8.321125
8.33505
8.340525
8.353575
8.3629
8.36915
8.3721
8.3887
8.394975
8.41075
8.4124
8.4197
8.447075
8.465475
8.50185
8.5022
8.504525
8.5047
8.509725
8.535
8.5395
8.544725
8.545575
8.5505
8.5625
8.5703
8.571425
8.5784
8.578475
8.61135
8.6173
8.64335
8.647825
8.69435
8.766275
8.78055
8.7866
8.804175
8.80445
8.8054
8.809175
8.810575
8.818225
8.822325
8.82535
8.826525
8.841675
8.85315
8.8572
8.862025
8.886675
8.896125
8.91565
8.93535
8.9525
9.00705
9.02905
9.07835
761
