0.025
0.100925
0.10275
0.1028
0.112425
0.145625
0.1472
0.1525
0.154375
0.173375
0.174625
0.18905
0.200875
0.201625
0.202975
0.2222
0.2354
0.239875
0.243125
0.24935
0.2797
0.28315
0.292125
0.29595
0.297175
0.324725
0.33145
0.332575
0.346525
0.347325
0.369025
0.38575
0.409025
0.413325
0.415075
0.423525
0.426075
0.42855
0.4513
0.4714
0.47265
0.47535
0.4924
0.493875
0.494775
0.500225
0.5126
0.512725
0.5195
0.521375
0.529825
0.53765
0.549125
0.552225
0.571375
0.57405
0.583325
0.597675
0.601275
0.61645
0.6412
0.642625
0.65575
0.7075
0.7103
0.7109
0.7172
0.720025
0.72115
0.73115
0.732
0.738525
0.7447
0.755
0.767675
0.776425
0.780075
0.79345
0.7954
0.8108
0.811225
0.81545
0.81855
0.83205
0.877525
0.8836
0.8887
0.90475
0.919175
0.930025
0.9444
0.9473
0.9966
1.000725
1.0112
1.013425
1.0179
1.021625
1.033375
1.0623
1.097025
1.10495
1.10865
1.108775
1.12825
1.143975
1.146375
1.146575
1.23345
1.287475
1.299375
1.300425
1.3042
1.315125
1.3219
1.325075
1.33625
1.34435
1.34465
1.347825
1.349275
1.353975
1.35425
1.3584
1.4031
1.40825
1.414475
1.4257
1.4373
1.44515
1.479525
1.4843
1.489275
1.50805
1.51185
1.57415
1.61125
1.612725
1.6135
1.6196
1.62275
1.626125
1.62885
1.62895
1.6295
1.633625
1.6344
1.6467
1.649875
1.657275
1.665075
1.676
1.68835
1.688375
1.695675
1.700925
1.709525
1.726225
1.754375
1.7762
1.782125
1.834525
1.837825
1.903
1.9111
1.922225
1.923375
1.9259
1.926725
1.9279
1.9425
1.945275
1.953975
1.96765
1.9781
1.982275
1.994
1.996275
1.9997
2.024175
2.04345
2.0525
2.054725
2.056125
2.068725
2.094425
2.1022
2.11805
2.141675
2.1423
2.1601
2.18275
2.1844
2.185425
2.202425
2.214125
2.21625
2.22395
2.224975
2.229175
2.246375
2.2503
2.25575
2.261425
2.26995
2.272475
2.289425
2.289925
2.2902
2.292675
2.300925
2.3214
2.3307
2.334975
2.338675
2.34115
2.346875
2.359775
2.374075
2.40345
2.41115
2.421025
2.425575
2.46905
2.479975
2.480225
2.510025
2.511675
2.52485
2.529125
2.533175
2.533325
2.534425
2.539325
2.543425
2.555575
2.557725
2.5597
2.5689
2.5698
2.5779
2.580825
2.5898
2.610475
2.637225
2.656625
2.659625
2.660375
2.669375
2.67525
2.67975
2.702875
2.735025
2.76795
2.77435
2.77555
2.811425
2.821675
2.831775
2.833525
2.837925
2.858075
2.864725
2.8826
2.884325
2.889525
2.913
2.9332
2.934425
2.942275
2.95705
2.996075
3.020925
3.022225
3.022875
3.028075
3.03885
3.0667
3.10105
3.102675
3.114975
3.12295
3.1447
3.1454
3.1545
3.18535
3.2133
3.2134
3.221375
3.2355
3.245875
3.310075
3.326725
3.3397
3.345575
3.369475
3.3704
3.40165
3.401725
3.403575
3.40845
3.414875
3.41995
3.426325
3.440875
3.452325
3.455275
3.470875
3.4803
3.4835
3.49215
3.51345
3.52945
3.541775
3.543125
3.554225
3.579975
3.594875
3.615625
3.617475
3.6335
3.637975
3.641275
3.642525
3.65535
3.682175
3.703
3.712725
3.718225
3.7193
3.725675
3.7308
3.7322
3.737875
3.740775
3.748675
3.760875
3.7615
3.76595
3.766125
3.769425
3.78195
3.79395
3.824625
3.827875
3.82895
3.8647
3.8967
3.932125
3.9578
3.962325
3.9973
4.0
4.007175
4.013275
4.032725
4.033625
4.052475
4.058225
4.0605
4.060575
4.061475
4.070525
4.092725
4.103175
4.125925
4.127525
4.1292
4.149675
4.159625
4.188275
4.19845
4.2067
4.23295
4.27
4.3017
4.31915
4.32815
4.329275
4.332125
4.3426
4.34665
4.37165
4.375575
4.378525
4.38035
4.38425
4.425525
4.43125
4.44315
4.47805
4.49545
4.510775
4.536275
4.56255
4.610125
4.61175
4.623075
4.62675
4.6287
4.646
4.649675
4.65415
4.6659
4.666
4.671475
4.684875
4.6898
4.69555
4.712
4.7373
4.74295
4.7507
4.77695
4.78725
4.79005
4.796125
4.7981
4.800275
4.802725
4.81295
4.824375
4.834025
4.891375
4.91265
4.9178
4.91905
4.919825
4.924575
4.926475
4.93005
4.931225
4.932575
4.943225
4.94825
4.95885
4.967
4.968625
4.96955
4.972
4.97405
4.98835
5.0007
5.0017
5.006925
5.014475
5.015625
5.03665
5.057175
5.068575
5.081175
5.0909
5.107475
5.1115
5.112625
5.19375
5.19755
5.209075
5.213025
5.214975
5.2153
5.216525
5.2172
5.22235
5.226175
5.2279
5.2405
5.244125
5.2462
5.279825
5.3039
5.3078
5.30875
5.318125
5.32085
5.32225
5.32335
5.3265
5.334875
5.349225
5.3603
5.363225
5.3717
5.380325
5.395925
5.40495
5.41565
5.425325
5.433075
5.463725
5.47985
5.503275
5.510625
5.520525
5.5301
5.53115
5.538825
5.539625
5.553275
5.553725
5.569575
5.570925
5.577725
5.582175
5.582275
5.58495
5.604075
5.639325
5.657125
5.664275
5.6743
5.681625
5.702375
5.73925
5.743325
5.7612
5.779175
5.7871
5.78725
5.793575
5.800875
5.806025
5.80825
5.822725
5.82405
5.8302
5.830275
5.83345
5.8393
5.850425
5.8846
5.887775
5.888025
5.889425
5.901075
5.933275
5.935875
5.951475
5.954825
5.97415
6.019325
6.022375
6.02355
6.079125
6.100175
6.109575
6.116225
6.11975
6.1257
6.1291
6.1326
6.135075
6.136025
6.141575
6.150175
6.151025
6.151625
6.158075
6.158525
6.178575
6.18035
6.183475
6.186575
6.1993
6.207175
6.2262
6.291075
6.3191
6.361125
6.3846
6.402125
6.4025
6.40505
6.409975
6.4117
6.412225
6.41415
6.416
6.4234
6.42995
6.442
6.442075
6.464125
6.465775
6.49565
6.496025
6.500375
6.51695
6.52095
6.524125
6.5389
6.5395
6.5692
6.572175
6.5727
6.585775
6.596625
6.608025
6.612
6.649425
6.682025
6.685025
6.708
6.71295
6.715675
6.7206
6.7221
6.72325
6.733625
6.742075
6.7535
6.75565
6.766125
6.7738
6.7779
6.79785
6.810025
6.823975
6.82585
6.838775
6.8435
6.847575
6.851175
6.85605
6.857
6.859025
6.871775
6.8742
6.9148
6.937275
6.948075
6.956325
6.957575
6.96935
6.973925
6.9995
7.00095
7.016675
7.03315
7.034375
7.04715
7.048275
7.05185
7.058275
7.067175
7.0684
7.09005
7.092075
7.0933
7.094
7.102675
7.114475
7.12465
7.126575
7.135
7.149075
7.159675
7.161375
7.166325
7.16925
7.169725
7.181575
7.202775
7.223425
7.23405
7.2375
7.243925
7.26
7.30205
7.30315
7.305925
7.30595
7.30685
7.313875
7.31415
7.3171
7.321175
7.323275
7.345825
7.357875
7.38395
7.387225
7.40205
7.408625
7.414
7.4206
7.429425
7.43905
7.4417
7.476525
7.48565
7.507525
7.508775
7.5285
7.54275
7.606425
7.611275
7.6183
7.622
7.62215
7.62445
7.630175
7.642075
7.642175
7.643125
7.64405
7.646275
7.65465
7.658775
7.681425
7.71315
7.7172
7.727
7.7325
7.751975
7.7645
7.77435
7.791875
7.7941
7.80055
7.820125
7.82775
7.854425
7.8951
7.900225
7.90365
7.90995
7.913475
7.922775
7.925
7.92885
7.93265
7.9361
7.94275
7.9514
7.962425
7.9782
7.99865
8.003075
8.012275
8.0224
8.02315
8.0443
8.048725
8.055575
8.07105
8.075825
8.084125
8.09175
8.1045
8.1817
8.206425
8.20685
8.2131
8.215025
8.22115
8.223275
8.2281
8.22925
8.232575
8.2466
8.246975
8.24765
8.271325
8.273525
8.2802
8.28215
8.288275
8.302375
8.315325
8.338925
8.41615
8.4187
8.474825
8.4969
8.505675
8.51965
8.5307
8.53105
8.5331
8.537175
8.552075
8.5731
8.5744
8.589825
8.63635
8.641625
8.645675
8.645925
8.672525
8.758325
8.80005
8.805825
8.812325
8.8265
8.82825
8.830575
8.832125
8.8339
8.836225
8.84305
8.8449
8.845225
8.8578
8.86285
8.86465
8.864875
8.867625
8.88195
8.887325
8.892575
8.910925
8.912575
8.934975
8.938225
8.9407
8.9506
8.95765
8.978275
8.9899
8.99215
8.995225
9.008875
9.0091
9.010425
9.012125
9.029525
9.03055
828
