0.1042
0.1048
0.104975
0.107925
0.11215
0.1293
0.14435
0.15635
0.157125
0.16735
0.18515
0.187325
0.208675
0.21085
0.2261
0.228175
0.2344
0.252725
0.284
0.293425
0.30475
0.307675
0.30955
0.34995
0.372275
0.3949
0.401
0.4014
0.40245
0.40795
0.412725
0.415825
0.419675
0.426575
0.4269
0.43915
0.446175
0.45075
0.452425
0.45245
0.4635
0.48485
0.493675
0.496575
0.5001
0.5066
0.53375
0.5469
0.55345
0.5634
0.57165
0.6053
0.61955
0.64345
0.6807
0.680875
0.71495
0.715025
0.71875
0.72065
0.73475
0.767825
0.782025
0.791
0.7972
0.799175
0.827425
0.836675
0.8618
0.8796
0.88165
0.88795
0.9501
0.975425
0.9785
0.9843
0.990125
1.00525
1.010625
1.013775
1.0161
1.019525
1.02325
1.0332
1.062525
1.0722
1.0764
1.0776
1.0859
1.108325
1.1085
1.1206
1.135525
1.138375
1.14105
1.1512
1.15635
1.160875
1.165975
1.198025
1.19945
1.23015
1.2711
1.304225
1.307375
1.3119
1.312825
1.3133
1.3148
1.317525
1.324
1.32885
1.336775
1.350975
1.3598
1.372075
1.380675
1.384275
1.42285
1.423475
1.429225
1.4337
1.440425
1.440825
1.4494
1.468875
1.470625
1.475
1.497625
1.505725
1.582225
1.60295
1.6061
1.6133
1.632175
1.63285
1.647425
1.652125
1.666675
1.671975
1.6725
1.676275
1.6791
1.6802
1.6841
1.692275
1.6991
1.7017
1.709525
1.712325
1.72565
1.7503
1.76455
1.76775
1.785375
1.80015
1.818975
1.8616
1.862
1.884
1.9102
1.925775
1.9339
1.94455
1.95335
1.956275
1.96425
1.9644
1.980925
1.986225
1.992075
2.008525
2.018725
2.021025
2.024925
2.028125
2.041825
2.05755
2.07955
2.0851
2.08575
2.117725
2.1322
2.157825
2.163575
2.182375
2.1956
2.20555
2.2097
2.2125
2.21285
2.22805
2.229175
2.235375
2.236275
2.236375
2.261275
2.263175
2.26515
2.266375
2.270975
2.274925
2.289175
2.28935
2.34005
2.3529
2.3537
2.391475
2.404675
2.407
2.452875
2.463475
2.48145
2.48925
2.504925
2.513925
2.5162
2.51935
2.5212
2.52565
2.539675
2.540925
2.541825
2.5493
2.55755
2.5579
2.577125
2.5823
2.592
2.600875
2.603825
2.60645
2.6274
2.633025
2.652625
2.670775
2.671375
2.685725
2.690175
2.699675
2.69975
2.703925
2.714275
2.715275
2.734125
2.742625
2.786825
2.81175
2.820675
2.828375
2.83225
2.840125
2.848875
2.85225
2.854925
2.87065
2.882925
2.8838
2.89
2.905375
2.905575
2.9095
2.920875
2.925225
2.926225
2.94545
2.9591
2.9613
2.97525
2.9825
2.9871
3.008025
3.0109
3.0137
3.036125
3.05385
3.06295
3.103325
3.10375
3.1139
3.1368
3.146
3.15835
3.163075
3.168025
3.169275
3.1723
3.197875
3.20115
3.22895
3.2487
3.277025
3.2939
3.3039
3.308025
3.315825
3.3209
3.34125
3.3645
3.379625
3.40935
3.415075
3.416025
3.42285
3.428975
3.43115
3.440525
3.44945
3.47875
3.486875
3.49215
3.49355
3.49895
3.500425
3.516825
3.53845
3.6114
3.629575
3.63695
3.6371
3.64525
3.67445
3.68385
3.70055
3.70345
3.7161
3.727425
3.72975
3.73275
3.74095
3.749675
3.754775
3.7571
3.76165
3.773825
3.78985
3.792875
3.8245
3.827575
3.8375
3.838225
3.8397
3.84055
3.8816
3.886025
3.889375
3.899425
3.9079
3.98055
3.9888
4.002125
4.004275
4.021825
4.0229
4.02945
4.032975
4.0349
4.037175
4.0464
4.048425
4.064725
4.0652
4.06725
4.078125
4.0838
4.110275
4.1255
4.132325
4.141075
4.173775
4.203975
4.2344
4.250525
4.29335
4.29385
4.29495
4.308975
4.30945
4.31105
4.31305
4.315425
4.3203
4.328025
4.328825
4.336125
4.343825
4.349275
4.356025
4.3674
4.37365
4.406025
4.407625
4.42255
4.433675
4.472825
4.4937
4.5519
4.5778
4.61495
4.61765
4.618825
4.62865
4.629675
4.634475
4.646425
4.657
4.658225
4.658425
4.662375
4.662825
4.6651
4.66695
4.675425
4.679375
4.683075
4.719275
4.74125
4.85035
4.89675
4.900175
4.90905
4.9142
4.929925
4.933425
4.93525
4.937925
4.93875
4.96225
4.96385
4.970125
4.9721
4.974175
4.986375
4.990925
5.020375
5.026675
5.042125
5.0561
5.062575
5.0781
5.120175
5.12965
5.14355
5.1721
5.181275
5.1886
5.2059
5.20705
5.22075
5.2327
5.2331
5.235025
5.244775
5.250225
5.316
5.3199
5.35165
5.352275
5.363575
5.3753
5.3774
5.379425
5.3834
5.446975
5.481775
5.50705
5.521875
5.525525
5.531775
5.531975
5.53335
5.538425
5.539475
5.54335
5.571875
5.57415
5.5783
5.594075
5.614275
5.619275
5.635075
5.636675
5.637675
5.6385
5.642675
5.645925
5.6482
5.673625
5.70135
5.707675
5.709175
5.714525
5.7199
5.736075
5.754225
5.757875
5.788825
5.80345
5.80425
5.812
5.81775
5.81815
5.82605
5.841125
5.8561
5.86635
5.871125
5.887725
5.902325
5.917275
5.927775
5.9316
5.94685
5.9507
5.952875
5.97225
5.989075
5.994425
6.007325
6.054925
6.058825
6.0701
6.07195
6.108775
6.120125
6.12425
6.14225
6.144325
6.1569
6.16115
6.16815
6.17325
6.175825
6.178975
6.229475
6.233375
6.24175
6.247875
6.2649
6.2661
6.2756
6.27785
6.2863
6.2943
6.297125
6.361125
6.38155
6.40195
6.408975
6.41085
6.415975
6.43745
6.440825
6.445725
6.449275
6.455875
6.485125
6.4859
6.5056
6.53405
6.54825
6.576975
6.588325
6.5984
6.60085
6.6055
6.619575
6.704625
6.713125
6.7139
6.718225
6.7212
6.72295
6.73185
6.732425
6.75695
6.7691
6.77175
6.77345
6.781775
6.782075
6.789525
6.797075
6.817225
6.8294
6.833725
6.84055
6.859375
6.868425
6.87295
6.878975
7.007975
7.02325
7.02885
7.035475
7.05555
7.075975
7.08695
7.0967
7.107525
7.124125
7.130225
7.141425
7.15745
7.1925
7.222275
7.223975
7.2362
7.236625
7.242025
7.254375
7.284575
7.304625
7.306725
7.3309
7.34165
7.35495
7.3583
7.3626
7.368575
7.37605
7.40425
7.47315
7.486
7.542325
7.5443
7.58165
7.599275
7.60875
7.611425
7.613125
7.625075
7.647025
7.6473
7.6683
7.67095
7.6952
7.696425
7.705225
7.767725
7.775425
7.78645
7.81185
7.814875
7.817425
7.829525
7.854525
7.877
7.90175
7.902475
7.90535
7.9077
7.91365
7.917575
7.9199
7.9298
7.9312
7.939625
7.941775
7.946175
7.95585
7.958275
7.9583
7.963375
7.9635
7.969825
7.9722
8.00305
8.018225
8.0319
8.041275
8.05785
8.064125
8.070825
8.091675
8.120825
8.14265
8.1792
8.20435
8.20685
8.2092
8.21215
8.222275
8.2248
8.2299
8.2314
8.23195
8.24725
8.2722
8.279
8.27965
8.282825
8.290525
8.29475
8.299375
8.3063
8.307
8.308
8.316525
8.334475
8.337725
8.3418
8.344575
8.365075
8.369275
8.373225
8.3928
8.416625
8.425525
8.447925
8.4755
8.483825
8.5027
8.5044
8.525725
8.527175
8.535875
8.550725
8.555425
8.557625
8.5771
8.5974
8.59885
8.6056
8.618925
8.6271
8.627175
8.639875
8.657475
8.65855
8.673625
8.692325
8.6942
8.7057
8.714025
8.715025
8.7203
8.72355
8.729375
8.76645
8.7831
8.8027
8.816625
8.819575
8.82935
8.8296
8.83225
8.83845
8.8461
8.854025
8.855725
8.86385
8.87395
8.89665
8.898875
8.91045
8.9119
8.9234
8.943475
8.962275
8.9809
8.9901
9.015275
9.017375
9.03155
9.044025
766
