0.104925
0.109425
0.12505
0.127075
0.132625
0.155925
0.158775
0.16425
0.1674
0.17125
0.184475
0.185225
0.185325
0.190825
0.191225
0.193325
0.19445
0.196
0.19715
0.200875
0.2024
0.2041
0.2051
0.20915
0.23565
0.250475
0.252775
0.26735
0.267525
0.3064
0.312125
0.322575
0.351825
0.376425
0.3954
0.400025
0.40225
0.403175
0.404575
0.4127
0.413525
0.415575
0.41765
0.4181
0.424
0.42415
0.43385
0.43885
0.439475
0.4566
0.463025
0.46755
0.4705
0.475225
0.4776
0.478975
0.505875
0.50695
0.519075
0.524625
0.55345
0.55665
0.559325
0.562525
0.56935
0.582425
0.5971
0.62045
0.637525
0.644325
0.65145
0.65855
0.6754
0.692475
0.697475
0.7086
0.710175
0.71515
0.728925
0.742425
0.74585
0.749675
0.7536
0.756575
0.76565
0.76935
0.77635
0.779625
0.780575
0.82035
0.8543
0.85435
0.864875
0.87455
0.888425
0.904275
0.915125
0.916425
0.9291
0.9317
0.942775
0.9839
1.00035
1.004575
1.0098
1.013175
1.01875
1.036625
1.05055
1.062475
1.065725
1.06795
1.0727
1.09175
1.106375
1.11595
1.120175
1.126325
1.133675
1.1409
1.1416
1.146325
1.1506
1.1565
1.1741
1.17665
1.192125
1.198075
1.198925
1.202775
1.2199
1.223775
1.223875
1.25825
1.270275
1.310525
1.312575
1.317775
1.320225
1.32255
1.32575
1.33685
1.343025
1.34665
1.347125
1.3489
1.351825
1.352275
1.3594
1.3648
1.367625
1.368775
1.377
1.402425
1.404575
1.422725
1.437075
1.4452
1.447025
1.448625
1.47295
1.47635
1.51745
1.561325
1.604725
1.60515
1.617825
1.62175
1.6257
1.6262
1.6327
1.635575
1.64075
1.6451
1.645325
1.654975
1.675475
1.679575
1.686775
1.70105
1.706475
1.708675
1.717325
1.7175
1.724325
1.7323
1.754675
1.8048
1.81795
1.91425
1.914675
1.919125
1.919575
1.9234
1.9245
1.925625
1.928125
1.928175
1.93235
1.9445
1.9474
1.959625
1.974125
1.981125
2.004725
2.03915
2.041475
2.045325
2.04675
2.04885
2.051525
2.056925
2.06925
2.0973
2.0977
2.105075
2.135475
2.1539
2.161025
2.163875
2.17735
2.1921
2.20245
2.203675
2.20785
2.208025
2.211275
2.211975
2.221825
2.22835
2.22855
2.236275
2.2486
2.288075
2.304825
2.306075
2.333125
2.3432
2.34965
2.37885
2.381775
2.38275
2.46515
2.472925
2.4779
2.5005
2.5033
2.515175
2.5183
2.51975
2.52945
2.540275
2.56155
2.57085
2.574525
2.58935
2.598675
2.61015
2.633625
2.638275
2.649225
2.670475
2.672775
2.67715
2.6833
2.691675
2.72655
2.731975
2.744775
2.767425
2.791525
2.800775
2.80195
2.8101
2.8176
2.826425
2.828025
2.835375
2.84675
2.85835
2.8586
2.867675
2.86855
2.873375
2.875675
2.87935
2.888425
2.8899
2.90945
2.923075
2.92465
2.93735
2.939925
2.951075
2.95175
2.99185
2.993875
3.030325
3.0546
3.0727
3.08895
3.102325
3.1039
3.10685
3.107525
3.108075
3.12545
3.139325
3.1538
3.15395
3.17345
3.198375
3.2078
3.22005
3.245925
3.273425
3.2868
3.30205
3.30645
3.316025
3.322975
3.32625
3.414325
3.42985
3.431425
3.433625
3.4392
3.447675
3.450725
3.452875
3.45675
3.46355
3.47355
3.47955
3.47985
3.4814
3.48155
3.483175
3.488425
3.494125
3.498725
3.51905
3.527625
3.548975
3.549025
3.56855
3.584
3.61895
3.640175
3.651575
3.66735
3.70195
3.706875
3.7132
3.724675
3.736225
3.74095
3.7436
3.77885
3.779625
3.7923
3.800725
3.809175
3.813175
3.820125
3.8295
3.84145
3.8552
3.873675
3.90075
3.910425
3.99565
4.030575
4.0336
4.039925
4.0406
4.050575
4.051825
4.054675
4.0765
4.084825
4.10655
4.14005
4.142575
4.15495
4.16575
4.1763
4.1915
4.208325
4.257625
4.273275
4.273675
4.29295
4.300375
4.31195
4.3123
4.3164
4.318725
4.333025
4.338225
4.33855
4.341625
4.351175
4.35635
4.359625
4.369625
4.376175
4.379175
4.3903
4.3938
4.3997
4.416075
4.4247
4.427125
4.4476
4.48985
4.508425
4.514225
4.531725
4.533325
4.5512
4.56485
4.56545
4.6001
4.600725
4.609075
4.619575
4.6214
4.635325
4.643775
4.65185
4.657
4.66835
4.674025
4.67975
4.691875
4.718125
4.720275
4.72895
4.7339
4.739
4.749425
4.7529
4.760075
4.77055
4.774
4.78135
4.781675
4.8007
4.826675
4.8542
4.9009
4.928125
4.928175
4.928675
4.9322
4.950775
4.9564
4.9596
4.961
4.975825
4.976175
4.9829
4.993825
4.995575
5.035275
5.058125
5.06015
5.062775
5.0681
5.0852
5.086625
5.137475
5.158825
5.168475
5.170475
5.1829
5.18365
5.2079
5.2114
5.211475
5.213375
5.2281
5.238725
5.241575
5.2518
5.285175
5.310125
5.3399
5.347825
5.365875
5.3669
5.382825
5.384875
5.391225
5.4255
5.470975
5.504825
5.525925
5.530425
5.532925
5.542475
5.5605
5.5709
5.57135
5.57295
5.576325
5.58195
5.591875
5.616875
5.6171
5.645975
5.65915
5.672
5.67865
5.68465
5.711975
5.7316
5.74775
5.768625
5.804625
5.813675
5.8223
5.8277
5.8318
5.87095
5.884125
5.884175
5.887925
5.890125
5.897575
5.909525
5.9189
5.93185
5.94185
5.9527
5.952775
5.9641
5.964375
5.9662
5.96755
5.9981
6.001
6.001175
6.016575
6.061175
6.107725
6.1081
6.124
6.135575
6.146175
6.150375
6.151375
6.172175
6.1857
6.196925
6.2104
6.21945
6.23305
6.23705
6.23905
6.263225
6.267225
6.38715
6.407525
6.421125
6.426525
6.434825
6.442175
6.443225
6.4443
6.445475
6.468675
6.48965
6.5083
6.537875
6.555925
6.557275
6.5629
6.57715
6.57855
6.579025
6.5949
6.60625
6.622225
6.6311
6.632125
6.6423
6.643825
6.64495
6.652175
6.6559
6.6822
6.701125
6.7212
6.726975
6.72855
6.735975
6.743575
6.74815
6.74915
6.750775
6.75085
6.768325
6.76935
6.77475
6.78305
6.793725
6.800625
6.819075
6.82515
6.836425
6.84205
6.870675
6.9055
6.90755
6.90765
6.91355
6.9519
6.9796
7.00195
7.010375
7.016325
7.0221
7.034875
7.041675
7.049475
7.0644
7.0671
7.078175
7.079825
7.08625
7.0863
7.0941
7.09425
7.0992
7.1345
7.155975
7.213475
7.22705
7.231175
7.252825
7.2579
7.30235
7.306675
7.307025
7.3118
7.3135
7.317425
7.324775
7.33365
7.350325
7.356
7.36375
7.365275
7.378825
7.3813
7.3878
7.3982
7.405125
7.405825
7.42815
7.447625
7.448125
7.468375
7.5182
7.534225
7.53695
7.582275
7.592425
7.595
7.600575
7.60405
7.613225
7.62055
7.6446
7.6575
7.667975
7.6722
7.677825
7.67935
7.69095
7.702425
7.7078
7.762025
7.77945
7.820975
7.843
7.90125
7.917275
7.924425
7.931
7.945525
7.952475
7.9545
7.986925
7.998675
8.007825
8.0214
8.035125
8.040225
8.0438
8.0447
8.058575
8.07185
8.0801
8.162075
8.175775
8.20055
8.203775
8.2049
8.20825
8.20885
8.215375
8.21575
8.2314
8.234775
8.241575
8.247375
8.257325
8.2594
8.261625
8.301725
8.324675
8.332225
8.359625
8.36635
8.3908
8.39715
8.416875
8.41955
8.449625
8.4932
8.49495
8.51575
8.51645
8.531125
8.53475
8.54085
8.543925
8.581075
8.585575
8.592125
8.605175
8.6287
8.629575
8.6333
8.66315
8.6671
8.674925
8.680175
8.6844
8.6862
8.710175
8.74295
8.749475
8.761175
8.79555
8.7962
8.8031
8.80655
8.80695
8.8074
8.811125
8.811425
8.816275
8.822175
8.82485
8.8332
8.837725
8.846425
8.863325
8.86795
8.872825
8.89415
8.89635
8.89785
8.901875
8.93785
8.953675
9.0427
9.050825
9.056425
9.058175
9.095475
785
