0.109775
0.116025
0.11625
0.1207
0.12755
0.1291
0.142
0.1525
0.152825
0.153
0.15455
0.1552
0.172975
0.18985
0.204075
0.217475
0.22765
0.24285
0.245975
0.25175
0.25285
0.259325
0.263375
0.2761
0.277825
0.29025
0.292775
0.297675
0.321075
0.3214
0.32175
0.338875
0.343325
0.365225
0.37765
0.391775
0.396025
0.40425
0.4141
0.41445
0.431025
0.43985
0.440975
0.445775
0.446275
0.464075
0.465075
0.4691
0.4843
0.497375
0.499225
0.51965
0.527325
0.532975
0.5553
0.5658
0.584425
0.588375
0.58965
0.590825
0.613175
0.6241
0.631825
0.641125
0.642275
0.656725
0.6791
0.7053
0.70955
0.719575
0.7203
0.729225
0.729975
0.7302
0.7321
0.73875
0.7474
0.753
0.7613
0.76265
0.76445
0.7913
0.7933
0.81695
0.820875
0.8907
0.9217
0.930475
0.997825
1.0037
1.01535
1.015825
1.0172
1.02795
1.06075
1.062925
1.07865
1.082425
1.083575
1.10675
1.111125
1.133925
1.1429
1.148675
1.1503
1.15395
1.162325
1.165525
1.18595
1.21465
1.216575
1.241725
1.24735
1.288675
1.298675
1.30145
1.310875
1.325475
1.346075
1.34635
1.3493
1.35305
1.36785
1.3687
1.37
1.373125
1.374775
1.41375
1.418
1.42795
1.453125
1.4542
1.45515
1.458375
1.4741
1.485175
1.48575
1.494475
1.510575
1.60035
1.601375
1.606625
1.609625
1.610625
1.62375
1.63385
1.641975
1.64575
1.648525
1.649125
1.650725
1.6522
1.654425
1.6578
1.663075
1.66325
1.667175
1.678
1.7
1.709425
1.709625
1.716075
1.71715
1.7246
1.746175
1.783325
1.7861
1.7904
1.796875
1.839125
1.845575
1.86305
1.868275
1.873725
1.88275
1.885025
1.8983
1.90005
1.901925
1.90215
1.905025
1.907375
1.919
1.92955
1.9397
1.943625
1.95495
1.9576
1.9665
1.966725
1.972775
1.977575
1.986375
1.996575
1.99695
2.006125
2.00805
2.01115
2.013225
2.038375
2.04395
2.04585
2.04985
2.058025
2.058925
2.06075
2.069025
2.0816
2.090025
2.114825
2.120025
2.124425
2.1376
2.152675
2.206425
2.206975
2.2111
2.218975
2.220825
2.252325
2.26615
2.2699
2.271025
2.293025
2.2944
2.3125
2.323425
2.32385
2.3244
2.33
2.336225
2.34115
2.353975
2.3771
2.389625
2.39455
2.3946
2.4372
2.44355
2.452825
2.498825
2.50845
2.510975
2.5293
2.5373
2.545625
2.556225
2.56015
2.56535
2.571175
2.57865
2.590225
2.595225
2.6022
2.60945
2.609525
2.617675
2.627525
2.627625
2.62785
2.638175
2.64265
2.65615
2.658225
2.6643
2.665575
2.673675
2.68575
2.69515
2.719125
2.790075
2.8034
2.823275
2.82345
2.824175
2.842275
2.84625
2.8633
2.869375
2.879875
2.9114
2.918325
2.919375
2.94515
2.9508
2.95565
2.96555
2.97105
2.9775
2.979725
2.993925
2.99545
3.014925
3.039825
3.08845
3.112825
3.113125
3.11465
3.11775
3.128525
3.1392
3.146325
3.15055
3.176625
3.177025
3.18555
3.2361
3.2472
3.25505
3.284275
3.29395
3.295825
3.305075
3.339775
3.3969
3.4082
3.4116
3.441775
3.443475
3.4678
3.468325
3.4706
3.477075
3.4888
3.494425
3.497075
3.502275
3.52335
3.538975
3.5396
3.542225
3.543275
3.55835
3.560725
3.5755
3.588925
3.613175
3.635825
3.649125
3.6503
3.6613
3.6787
3.691675
3.692475
3.699725
3.702625
3.70335
3.712425
3.71335
3.722025
3.726625
3.72995
3.732075
3.733725
3.738325
3.746825
3.7471
3.758575
3.7595
3.7616
3.79095
3.79345
3.806
3.808675
3.81455
3.832075
3.8327
3.882575
3.90515
3.911525
3.914475
3.944025
3.950175
3.96555
3.9789
4.00485
4.017975
4.020675
4.027825
4.028
4.02835
4.030575
4.035925
4.043875
4.056575
4.082875
4.090625
4.0913
4.106925
4.115125
4.1203
4.153475
4.1863
4.23105
4.2398
4.2658
4.27705
4.293925
4.30265
4.308075
4.3088
4.320725
4.32305
4.325825
4.34735
4.39865
4.40965
4.411725
4.4185
4.426775
4.445525
4.45075
4.46255
4.466625
4.507
4.542375
4.54455
4.554425
4.56395
4.56895
4.594825
4.6005
4.63165
4.638725
4.639675
4.641175
4.64155
4.641725
4.649925
4.65125
4.653425
4.6568
4.659425
4.664225
4.683975
4.720525
4.72695
4.7633
4.767675
4.789175
4.830975
4.8371
4.85505
4.9021
4.905
4.90835
4.9179
4.9302
4.93565
4.943125
4.947325
4.956275
4.982325
4.99115
4.992225
4.998275
5.005025
5.009425
5.0255
5.035025
5.0608
5.07775
5.07955
5.0864
5.1319
5.135625
5.15465
5.156175
5.209425
5.26775
5.278125
5.29565
5.29885
5.303075
5.326175
5.37325
5.405575
5.4075
5.417525
5.4245
5.454375
5.4806
5.51035
5.51115
5.51175
5.51215
5.51525
5.520625
5.5226
5.522625
5.5325
5.533075
5.5503
5.5521
5.552425
5.554475
5.559225
5.567775
5.568675
5.5829
5.58845
5.59215
5.596575
5.61115
5.6257
5.638925
5.6474
5.652475
5.654225
5.657675
5.663125
5.66675
5.724575
5.7286
5.788025
5.791225
5.80635
5.810525
5.8125
5.816425
5.81835
5.82725
5.8478
5.8528
5.86355
5.90125
5.903775
5.908475
5.908675
5.923925
5.930725
5.9402
5.942475
5.9581
5.99485
6.023625
6.041825
6.0651
6.070375
6.08015
6.1026
6.112975
6.113225
6.1173
6.123925
6.1267
6.13155
6.1471
6.156325
6.160775
6.16725
6.17715
6.1882
6.19335
6.203775
6.2113
6.22645
6.2422
6.250925
6.256925
6.262525
6.266175
6.266225
6.293925
6.32735
6.35445
6.37
6.3808
6.3823
6.39165
6.4056
6.409
6.41975
6.42065
6.42205
6.42505
6.432975
6.434075
6.44195
6.4465
6.45545
6.45685
6.46705
6.481525
6.484275
6.48935
6.491325
6.504625
6.54285
6.55295
6.556175
6.566525
6.576425
6.591975
6.59765
6.60245
6.6056
6.635175
6.637225
6.67215
6.692075
6.702575
6.71055
6.71345
6.719425
6.721475
6.735
6.7393
6.74005
6.74425
6.7522
6.756
6.75965
6.75995
6.7837
6.786975
6.808075
6.822375
6.8242
6.846375
6.8785
6.87855
6.900125
6.90065
6.93305
6.938425
6.93855
6.9623
6.9689
6.9752
6.9841
6.98425
6.984525
6.990475
6.993225
6.995775
7.0011
7.0025
7.0071
7.013775
7.0147
7.025425
7.030125
7.03085
7.030925
7.031625
7.036425
7.04215
7.061375
7.066325
7.069425
7.0786
7.079325
7.085775
7.088825
7.08945
7.093025
7.09395
7.10095
7.106775
7.1091
7.1306
7.1384
7.1428
7.1567
7.16415
7.175425
7.182075
7.207275
7.251975
7.25565
7.2614
7.26385
7.269
7.270525
7.278225
7.287
7.2985
7.305275
7.31855
7.32765
7.32835
7.328625
7.3431
7.3454
7.35265
7.363325
7.366775
7.370275
7.388075
7.38945
7.4238
7.4293
7.441175
7.447425
7.45855
7.458925
7.4646
7.514825
7.51615
7.56145
7.573775
7.60495
7.605075
7.605275
7.613325
7.61955
7.6338
7.66065
7.661925
7.670575
7.682675
7.68615
7.69085
7.6923
7.73695
7.742125
7.765375
7.771525
7.77465
7.778775
7.796475
7.815425
7.8741
7.9105
7.91275
7.91335
7.923425
7.926075
7.93705
7.9432
7.9514
7.9586
7.98885
8.003375
8.062875
8.107775
8.159725
8.17185
8.179475
8.21495
8.21975
8.223275
8.224875
8.2256
8.229475
8.231375
8.2331
8.234875
8.237575
8.24175
8.24355
8.253875
8.28175
8.2868
8.2919
8.299075
8.300375
8.30415
8.3071
8.311125
8.314425
8.323525
8.333075
8.33885
8.342025
8.369175
8.3801
8.38155
8.39095
8.419
8.4436
8.458375
8.473275
8.4878
8.51515
8.51675
8.521625
8.52525
8.530175
8.551175
8.555525
8.5582
8.56275
8.571825
8.573975
8.58005
8.603575
8.6227
8.6276
8.63435
8.6411
8.649575
8.6538
8.660275
8.694225
8.70125
8.711075
8.71275
8.712975
8.73205
8.802225
8.80255
8.811925
8.820925
8.826425
8.835825
8.839175
8.855875
8.8614
8.875175
8.88255
8.8862
8.88955
8.926375
8.946325
8.95545
8.9902
8.990725
8.997875
8.998375
8.99905
9.003625
9.03845
9.042025
825
