0.063725
0.119075
0.125775
0.129525
0.131925
0.135775
0.139875
0.144025
0.16155
0.172
0.193325
0.204675
0.2181
0.247125
0.248875
0.252875
0.261175
0.266625
0.27415
0.296525
0.302575
0.3701
0.37135
0.402175
0.40605
0.4098
0.412025
0.416525
0.43395
0.44295
0.443275
0.444775
0.445575
0.4792
0.483825
0.48405
0.489575
0.495325
0.498425
0.579475
0.6126
0.62045
0.63565
0.6655
0.70225
0.704825
0.714575
0.7261
0.73695
0.742225
0.74235
0.751775
0.75355
0.75905
0.770675
0.779775
0.781475
0.78695
0.814475
0.81735
0.828325
0.829075
0.83225
0.8544
0.87935
0.896075
0.90775
0.92
0.923025
0.94165
0.9581
0.95855
0.958575
0.964575
0.97185
0.983725
1.00355
1.011975
1.024375
1.02965
1.0505
1.059575
1.079125
1.082175
1.090375
1.1018
1.10585
1.109725
1.113675
1.1147
1.114925
1.1301
1.132
1.147175
1.1485
1.16735
1.1812
1.1995
1.21765
1.226
1.238025
1.2386
1.263275
1.2683
1.306025
1.31125
1.3131
1.326775
1.336825
1.374725
1.375825
1.3951
1.406325
1.40795
1.408375
1.4173
1.42365
1.506575
1.535975
1.539175
1.5812
1.60485
1.618025
1.620025
1.62515
1.62675
1.67305
1.67585
1.688275
1.69135
1.695625
1.709075
1.73065
1.76305
1.77325
1.782675
1.7848
1.80085
1.810575
1.81785
1.83315
1.862375
1.882275
1.9092
1.911975
1.913375
1.915825
1.919975
1.92055
1.92355
1.92715
1.9289
1.929175
1.942175
1.945425
1.945475
1.95735
1.99075
2.032275
2.0363
2.0672
2.073125
2.11
2.1325
2.138875
2.2002
2.204825
2.2135
2.217
2.22175
2.222425
2.224525
2.226525
2.233225
2.2433
2.245025
2.256875
2.26405
2.273125
2.276425
2.2922
2.310275
2.320875
2.3212
2.32675
2.33485
2.339075
2.345725
2.347225
2.35345
2.36475
2.389825
2.391925
2.397175
2.42435
2.4376
2.45495
2.49605
2.501725
2.50225
2.504375
2.5133
2.518625
2.52075
2.546925
2.557275
2.581775
2.5896
2.592375
2.593925
2.610475
2.620825
2.62145
2.6265
2.650125
2.678125
2.68525
2.698975
2.70645
2.708275
2.723925
2.728025
2.729125
2.748425
2.763375
2.7796
2.799525
2.80115
2.80705
2.836925
2.837075
2.84255
2.842575
2.8523
2.8586
2.863025
2.868425
2.872075
2.8752
2.88615
2.92425
2.939325
2.954675
2.98055
2.98125
3.015875
3.033325
3.038025
3.04025
3.0444
3.047825
3.06565
3.0696
3.0916
3.1113
3.115175
3.125625
3.132275
3.135575
3.14585
3.160325
3.16875
3.181075
3.21095
3.21225
3.230625
3.238575
3.262225
3.26225
3.2755
3.276975
3.28
3.28285
3.297775
3.355975
3.3921
3.39975
3.40265
3.406975
3.407075
3.40875
3.41245
3.414475
3.415525
3.42375
3.428175
3.429975
3.433625
3.434725
3.447025
3.44875
3.45665
3.4693
3.475475
3.484075
3.48535
3.4975
3.497775
3.50205
3.50385
3.508025
3.55325
3.556825
3.56125
3.5875
3.5937
3.60665
3.65875
3.659875
3.70065
3.701775
3.702025
3.702825
3.712275
3.714725
3.7181
3.722825
3.72345
3.7258
3.732375
3.73925
3.752475
3.753625
3.7695
3.77015
3.7844
3.792075
3.792225
3.807225
3.8117
3.85875
3.86095
3.8867
3.88995
3.894475
3.8974
3.899975
3.9157
3.9739
3.98175
3.988675
4.00495
4.005825
4.0067
4.0069
4.0085
4.011375
4.011675
4.036
4.0397
4.043775
4.04845
4.050775
4.0514
4.054275
4.0582
4.0693
4.071475
4.082425
4.084375
4.1021
4.1475
4.158075
4.1586
4.200025
4.206375
4.20885
4.23405
4.263825
4.28015
4.298525
4.3017
4.3022
4.30295
4.307525
4.31365
4.317075
4.317575
4.322075
4.32915
4.342225
4.3426
4.349
4.350775
4.353875
4.360825
4.3816
4.390025
4.39205
4.41155
4.412425
4.416975
4.41775
4.4247
4.426575
4.45745
4.4672
4.467375
4.4764
4.4863
4.499775
4.5047
4.505525
4.532625
4.53735
4.540425
4.554625
4.599775
4.601825
4.602525
4.614575
4.6184
4.620625
4.62375
4.6238
4.62765
4.63765
4.646925
4.66435
4.667375
4.6755
4.681075
4.6817
4.708275
4.714175
4.722075
4.777575
4.791775
4.797375
4.813525
4.8406
4.862775
4.89155
4.8926
4.8931
4.90375
4.9047
4.911975
4.9164
4.918
4.9257
4.9296
4.940725
4.947025
4.95405
4.956725
4.998725
5.01035
5.037625
5.046525
5.06405
5.085475
5.09485
5.1008
5.10315
5.1086
5.156175
5.184175
5.20075
5.204825
5.2115
5.215675
5.219375
5.225075
5.2278
5.23075
5.231975
5.247075
5.2508
5.26355
5.2732
5.27555
5.286675
5.295675
5.326025
5.3517
5.355025
5.43125
5.4379
5.454125
5.514525
5.528875
5.53315
5.536575
5.5402
5.557475
5.5861
5.594575
5.6005
5.605575
5.612675
5.6276
5.63355
5.640225
5.6543
5.6739
5.6926
5.700075
5.80825
5.8143
5.823175
5.826375
5.838075
5.843525
5.846725
5.847
5.867025
5.88055
5.88435
5.889225
5.89175
5.89245
5.89585
5.9106
5.914175
5.918125
5.919725
5.9286
5.94145
5.951225
5.955775
5.9888
6.003
6.02845
6.0343
6.037475
6.07695
6.0896
6.090125
6.114625
6.115675
6.1225
6.12345
6.13225
6.156
6.15855
6.177675
6.1816
6.2082
6.231825
6.25345
6.272625
6.2734
6.276275
6.2804
6.300825
6.3468
6.350875
6.381875
6.4046
6.42715
6.4301
6.431475
6.43575
6.4455
6.453975
6.457525
6.461925
6.46535
6.4779
6.52695
6.54125
6.56575
6.56735
6.582925
6.601325
6.64165
6.68585
6.70455
6.70535
6.71205
6.7162
6.734275
6.73555
6.750475
6.75155
6.757225
6.7574
6.759725
6.763025
6.76745
6.76885
6.770075
6.78175
6.7993
6.8027
6.81415
6.867775
6.87985
6.891175
6.903975
6.9128
6.9573
6.961225
6.981475
7.023675
7.034675
7.037725
7.0417
7.046325
7.0694
7.089925
7.1191
7.1309
7.136025
7.171625
7.173825
7.1965
7.202575
7.203225
7.216475
7.2185
7.2227
7.243525
7.2571
7.2684
7.2764
7.276725
7.2935
7.306975
7.30705
7.3108
7.313925
7.32365
7.327025
7.339025
7.346725
7.3503
7.352125
7.35915
7.3615
7.37515
7.3773
7.40185
7.404625
7.4053
7.418675
7.420625
7.428325
7.44575
7.44595
7.45205
7.452125
7.46495
7.477425
7.497275
7.523975
7.569225
7.6043
7.6088
7.6123
7.613825
7.628425
7.63135
7.6462
7.65325
7.673925
7.674925
7.68775
7.688325
7.691375
7.731425
7.733
7.735775
7.74825
7.765725
7.796775
7.7995
7.811325
7.813975
7.819
7.83235
7.843375
7.907525
7.908175
7.914
7.923975
7.92705
7.92975
7.937275
7.948975
7.950825
7.954875
7.96375
7.982725
7.990825
7.998425
8.00215
8.004
8.0093
8.01035
8.012625
8.029225
8.05405
8.063875
8.08845
8.117625
8.126025
8.15175
8.200925
8.21495
8.219525
8.21955
8.222025
8.2261
8.244075
8.2481
8.249675
8.28015
8.2955
8.2987
8.30515
8.306775
8.3182
8.33175
8.332275
8.348575
8.3549
8.35995
8.361375
8.41585
8.4761
8.5031
8.503325
8.506775
8.51675
8.517375
8.5251
8.53375
8.53435
8.547025
8.550225
8.56
8.57255
8.587575
8.594175
8.60665
8.622025
8.62985
8.633575
8.63725
8.705525
8.71355
8.715975
8.723125
8.75765
8.793825
8.798325
8.800925
8.80155
8.8242
8.827275
8.83085
8.831075
8.836075
8.83895
8.8486
8.84965
8.864775
8.8672
8.869075
8.8704
8.873625
8.87995
8.883375
8.885325
8.893625
8.909675
8.916125
8.91665
8.9188
8.93075
8.94515
8.96215
8.9954
9.01655
9.0413
9.0622
9.074375
779
