0.104075
0.111725
0.118175
0.121125
0.1267
0.128225
0.1284
0.134125
0.135575
0.143975
0.15265
0.1696
0.185775
0.20765
0.207825
0.222675
0.22635
0.2288
0.2699
0.291975
0.2937
0.29845
0.30825
0.3105
0.32565
0.35195
0.35825
0.376825
0.403525
0.407325
0.4139
0.414175
0.420225
0.428425
0.432875
0.445025
0.453725
0.454975
0.456175
0.459125
0.45965
0.4601
0.461925
0.47485
0.4825
0.488975
0.5022
0.508475
0.52185
0.559675
0.568175
0.580075
0.583675
0.583825
0.5916
0.5982
0.599725
0.60405
0.606025
0.6101
0.611575
0.63805
0.649425
0.654025
0.66705
0.687075
0.7023
0.7033
0.714125
0.714425
0.718525
0.71925
0.72615
0.727
0.74425
0.746725
0.751225
0.7527
0.76635
0.766925
0.782725
0.78835
0.7985
0.843825
0.875675
0.9143
0.96425
0.968925
0.98005
0.999775
1.00055
1.003225
1.0042
1.0195
1.02425
1.03065
1.0358
1.0374
1.040025
1.04465
1.0451
1.056475
1.085275
1.09015
1.109425
1.11195
1.1156
1.1184
1.12125
1.132025
1.1417
1.143175
1.1569
1.20245
1.207925
1.21975
1.284975
1.310725
1.317775
1.3217
1.32565
1.354875
1.358025
1.36465
1.385925
1.3959
1.40435
1.4148
1.433925
1.457775
1.471525
1.475375
1.476
1.4827
1.501475
1.536975
1.57785
1.58095
1.6052
1.6059
1.60835
1.615575
1.62525
1.641725
1.642425
1.6425
1.6446
1.6476
1.66355
1.675525
1.6841
1.737825
1.756075
1.7628
1.764525
1.767875
1.775375
1.79885
1.81125
1.832275
1.854925
1.89625
1.90535
1.909775
1.914725
1.927675
1.942575
1.94285
1.944825
1.950025
1.955575
1.95595
1.9658
1.98825
1.99055
2.000925
2.013275
2.0152
2.015775
2.023475
2.02505
2.0256
2.031575
2.0391
2.054425
2.06585
2.073625
2.0954
2.09745
2.10845
2.113125
2.14915
2.15015
2.17755
2.1856
2.207025
2.24255
2.24495
2.2535
2.255075
2.257125
2.26545
2.271375
2.274325
2.2826
2.286675
2.2915
2.311575
2.3258
2.3266
2.332475
2.34635
2.3524
2.357825
2.363625
2.3779
2.416425
2.481425
2.499975
2.5082
2.520725
2.54155
2.547325
2.550625
2.553875
2.575875
2.578225
2.58385
2.58845
2.592275
2.628075
2.64825
2.666425
2.66975
2.68875
2.697275
2.719125
2.736825
2.759875
2.770125
2.778275
2.7922
2.796175
2.80125
2.801425
2.802925
2.8155
2.818875
2.818975
2.83685
2.841025
2.849425
2.8637
2.86925
2.8742
2.88825
2.894125
2.898225
2.9013
2.904525
2.929575
2.93455
2.945975
2.9492
3.028375
3.029625
3.092525
3.10765
3.109275
3.110675
3.123225
3.137975
3.155875
3.1583
3.208825
3.212925
3.214025
3.232275
3.27585
3.2794
3.283525
3.284675
3.294625
3.29975
3.30125
3.302325
3.312525
3.313175
3.322
3.323925
3.380875
3.38685
3.3934
3.4226
3.4231
3.4242
3.431
3.43235
3.455525
3.4638
3.4639
3.46495
3.4845
3.4909
3.49265
3.50315
3.510725
3.5394
3.5479
3.552125
3.560875
3.5689
3.570775
3.621475
3.702425
3.7031
3.70785
3.721225
3.722325
3.7323
3.7384
3.751375
3.757025
3.760025
3.767175
3.7735
3.776575
3.778925
3.7824
3.784375
3.790725
3.8017
3.805925
3.822675
3.82385
3.84055
3.84825
3.8608
3.911425
3.974225
3.9783
4.0014
4.010825
4.016875
4.01745
4.01915
4.02425
4.03525
4.035875
4.04575
4.052275
4.076725
4.082525
4.089075
4.09645
4.097525
4.10735
4.146975
4.17125
4.171875
4.1782
4.214875
4.2179
4.233525
4.248525
4.3
4.300025
4.31335
4.31675
4.322575
4.32925
4.34185
4.3485
4.3514
4.352075
4.354775
4.365
4.375475
4.384025
4.38525
4.388475
4.39805
4.433
4.47535
4.49205
4.512725
4.51695
4.536475
4.56255
4.59555
4.605675
4.60965
4.610575
4.62675
4.6353
4.63765
4.648175
4.654375
4.659375
4.6602
4.6615
4.66955
4.677975
4.688825
4.69815
4.7032
4.714875
4.719425
4.725525
4.729225
4.730625
4.7338
4.7395
4.8345
4.844875
4.84525
4.906275
4.9102
4.91395
4.9154
4.916725
4.917725
4.921725
4.926475
4.9292
4.93195
4.954225
4.997175
5.003175
5.00865
5.013875
5.017325
5.025025
5.0521
5.06915
5.070125
5.08805
5.15245
5.1722
5.186725
5.1929
5.201575
5.20285
5.211175
5.226
5.236
5.2575
5.25795
5.2601
5.272525
5.290025
5.31505
5.32405
5.33145
5.332675
5.341275
5.3413
5.351325
5.3589
5.360625
5.36195
5.38585
5.4112
5.419325
5.46675
5.4699
5.476075
5.48225
5.5043
5.51015
5.51385
5.523
5.526325
5.53455
5.54125
5.5436
5.54555
5.55835
5.563075
5.5766
5.585575
5.587975
5.601975
5.61645
5.61735
5.624825
5.6366
5.645675
5.661525
5.66975
5.692
5.713675
5.732225
5.748375
5.753125
5.77575
5.79435
5.80445
5.835575
5.848475
5.850625
5.8565
5.87525
5.879725
5.881175
5.882275
5.885325
5.9028
5.922425
5.955225
6.00385
6.00835
6.03335
6.0449
6.10715
6.1134
6.120025
6.127775
6.1287
6.13115
6.132525
6.137675
6.14265
6.1434
6.159125
6.159875
6.164475
6.171625
6.1751
6.178975
6.1815
6.181725
6.193025
6.200225
6.205125
6.220175
6.221025
6.22225
6.22615
6.275325
6.294725
6.2975
6.30255
6.3101
6.31635
6.3192
6.351525
6.3517
6.39535
6.404175
6.41825
6.42685
6.43965
6.4566
6.460525
6.4645
6.466425
6.4902
6.491975
6.4988
6.51665
6.52085
6.52435
6.53315
6.545325
6.556975
6.5606
6.561875
6.570775
6.5732
6.57635
6.599675
6.6008
6.6009
6.633675
6.64135
6.66175
6.666525
6.685
6.690075
6.71585
6.7212
6.7221
6.722225
6.725375
6.738725
6.7397
6.739825
6.740075
6.74345
6.7488
6.75415
6.755675
6.75625
6.7607
6.765325
6.78535
6.792975
6.80195
6.80395
6.811725
6.8132
6.81905
6.83175
6.835225
6.85565
6.86115
6.905475
6.911725
7.0049
7.00525
7.008625
7.010925
7.014825
7.01515
7.01595
7.02825
7.0363
7.0396
7.060275
7.066375
7.075025
7.087775
7.090825
7.093675
7.09565
7.096025
7.09685
7.09715
7.09735
7.105175
7.11035
7.122125
7.1242
7.137725
7.143675
7.14485
7.165375
7.166175
7.184325
7.214725
7.23755
7.300525
7.3113
7.31445
7.324275
7.324725
7.333825
7.35015
7.350575
7.353475
7.3542
7.35775
7.358175
7.3591
7.360925
7.366775
7.3691
7.372325
7.389025
7.39515
7.41845
7.41915
7.420025
7.43
7.435775
7.447
7.45555
7.462425
7.4777
7.483025
7.505275
7.53075
7.572225
7.60735
7.6133
7.63045
7.646025
7.65345
7.6614
7.667525
7.670025
7.6765
7.678175
7.6843
7.7033
7.706825
7.7121
7.7528
7.75385
7.77175
7.787
7.80765
7.81335
7.868
7.894625
7.900075
7.901125
7.903475
7.91135
7.91315
7.91435
7.917
7.917975
7.922175
7.922775
7.923175
7.9265
7.92925
7.93805
7.96345
7.9899
7.996175
8.00565
8.060375
8.08655
8.1316
8.18665
8.193125
8.2026
8.2053
8.206375
8.215425
8.220275
8.221575
8.225925
8.2278
8.228325
8.2304
8.23615
8.24155
8.245575
8.24875
8.254825
8.255175
8.2571
8.27505
8.275975
8.3002
8.305675
8.317275
8.321025
8.328925
8.332475
8.350875
8.355425
8.35555
8.35945
8.36095
8.3663
8.3688
8.37405
8.3935
8.3986
8.4428
8.47085
8.481525
8.505225
8.506925
8.514525
8.52075
8.5222
8.527225
8.530375
8.5542
8.556775
8.571925
8.57505
8.575625
8.586325
8.587475
8.592175
8.6137
8.635025
8.653
8.780525
8.783475
8.7898
8.801825
8.8049
8.81325
8.818175
8.838775
8.840475
8.85215
8.8627
8.8633
8.864925
8.8744
8.87615
8.8813
8.883475
8.902325
8.9331
8.98335
8.994625
9.02275
9.0255
9.027275
9.051925
800
