0.0725
0.105325
0.114025
0.12525
0.12935
0.1424
0.14465
0.151675
0.169875
0.17145
0.1906
0.193475
0.210025
0.22095
0.224675
0.235325
0.2362
0.267175
0.29115
0.318225
0.325425
0.32815
0.332825
0.407875
0.408325
0.41665
0.43535
0.4465
0.490275
0.491375
0.491575
0.49365
0.496825
0.51795
0.539275
0.553225
0.5575
0.561525
0.56265
0.56425
0.569475
0.57985
0.59075
0.594875
0.615925
0.65265
0.7068
0.72885
0.730025
0.7336
0.734325
0.734475
0.7421
0.752775
0.7571
0.757975
0.77885
0.78655
0.791975
0.7964
0.8019
0.812425
0.823625
0.831425
0.83635
0.8469
0.855725
0.8587
0.9145
0.919025
1.014575
1.01585
1.0195
1.022225
1.026825
1.027325
1.029025
1.030825
1.0337
1.037025
1.0507
1.06705
1.07105
1.073275
1.0852
1.0969
1.12195
1.128525
1.1566
1.161025
1.163175
1.17675
1.23705
1.2557
1.27085
1.27315
1.278925
1.298975
1.31285
1.31355
1.317625
1.321025
1.32725
1.3558
1.358275
1.36045
1.377325
1.390875
1.3949
1.398775
1.399725
1.401425
1.40625
1.4103
1.41805
1.421475
1.4249
1.432375
1.44935
1.450275
1.4559
1.468825
1.47535
1.4776
1.4804
1.48805
1.489775
1.49155
1.503125
1.51555
1.54115
1.604175
1.607625
1.609675
1.61325
1.6172
1.619875
1.63355
1.639375
1.642075
1.6571
1.660425
1.662475
1.6638
1.671825
1.672425
1.678775
1.679
1.7017
1.70415
1.748
1.771775
1.78455
1.786475
1.818525
1.8249
1.8721
1.889625
1.9053
1.917625
1.9233
1.9288
1.935775
1.9505
1.95525
1.977675
1.9787
1.98025
1.98245
1.996675
2.026325
2.037325
2.038625
2.05985
2.061575
2.06465
2.092125
2.0993
2.12885
2.14475
2.150375
2.177175
2.19275
2.201325
2.20775
2.20945
2.210275
2.22585
2.22605
2.227375
2.23435
2.235925
2.2417
2.2473
2.268325
2.275525
2.283025
2.28475
2.287225
2.287775
2.290775
2.298225
2.2998
2.315375
2.32305
2.33375
2.339375
2.3497
2.35125
2.4328
2.483275
2.484025
2.499125
2.5092
2.509975
2.5139
2.53225
2.5336
2.538925
2.54685
2.54695
2.559725
2.565975
2.574725
2.57925
2.58295
2.587925
2.595725
2.5972
2.6002
2.606775
2.623225
2.654475
2.693325
2.717025
2.72905
2.730225
2.765325
2.803875
2.80435
2.806475
2.80765
2.808175
2.81385
2.81905
2.824775
2.828625
2.862875
2.864425
2.877475
2.88925
2.895725
2.909925
2.9211
2.92465
2.9339
2.937325
2.9645
2.96465
2.9784
3.018475
3.039525
3.101275
3.105675
3.10805
3.114275
3.136325
3.1414
3.143725
3.157975
3.16415
3.16545
3.1784
3.19735
3.21335
3.2192
3.23395
3.242625
3.27675
3.3025
3.302975
3.31135
3.31145
3.3154
3.33595
3.341175
3.350925
3.35725
3.383875
3.38445
3.4045
3.410975
3.41635
3.422125
3.424075
3.4248
3.430825
3.432525
3.44015
3.449175
3.4514
3.45795
3.45845
3.462575
3.473775
3.483425
3.49535
3.495775
3.498325
3.511625
3.5201
3.523625
3.531725
3.56185
3.562375
3.568075
3.57425
3.600075
3.626875
3.632125
3.669
3.67155
3.6891
3.703
3.7067
3.707825
3.715575
3.7277
3.733825
3.745625
3.75285
3.7775
3.779825
3.7839
3.79775
3.801375
3.8036
3.81815
3.82875
3.837575
3.838675
3.8506
3.87055
3.887125
3.904175
3.965
3.993425
4.01065
4.0204
4.022175
4.0317
4.048925
4.05
4.073975
4.0786
4.0843
4.112275
4.12285
4.132175
4.148
4.182125
4.198375
4.205025
4.22025
4.236575
4.28185
4.284025
4.308775
4.31935
4.330375
4.3316
4.3379
4.34
4.341
4.34315
4.344475
4.35885
4.369225
4.39345
4.4095
4.4209
4.437675
4.44135
4.4467
4.45135
4.463175
4.463825
4.4723
4.551875
4.5943
4.624125
4.633725
4.640575
4.64485
4.645875
4.6762
4.67635
4.676625
4.691025
4.70935
4.734075
4.750775
4.778925
4.7907
4.79845
4.800775
4.806775
4.82
4.856375
4.89815
4.900675
4.9013
4.915275
4.9316
4.942925
4.95345
4.957925
4.9599
4.96575
4.973025
4.9823
4.99265
4.99445
4.999125
5.02305
5.03485
5.083275
5.09905
5.11595
5.17045
5.187025
5.18945
5.190675
5.1956
5.200575
5.207225
5.2258
5.245625
5.2578
5.2653
5.2723
5.28875
5.31215
5.331925
5.35565
5.3607
5.376475
5.377875
5.380525
5.402925
5.4142
5.425325
5.475425
5.501875
5.5144
5.517325
5.532925
5.536275
5.541175
5.554525
5.565025
5.584125
5.59415
5.624725
5.629125
5.639475
5.64355
5.645425
5.6674
5.668075
5.717925
5.755725
5.774825
5.78795
5.80165
5.807025
5.808325
5.8134
5.8135
5.81735
5.81955
5.82345
5.826825
5.834625
5.8369
5.839925
5.842375
5.8666
5.874225
5.883375
5.9081
5.918
5.922925
5.932125
5.941525
5.9429
5.95055
5.980325
5.98055
5.98355
5.99385
6.0451
6.062175
6.08265
6.100375
6.10185
6.10285
6.1158
6.121475
6.127925
6.131975
6.13455
6.1374
6.14375
6.1438
6.1477
6.15
6.15295
6.156425
6.1602
6.16895
6.169275
6.187625
6.193725
6.19845
6.200125
6.20065
6.238025
6.322925
6.3313
6.3465
6.366525
6.38215
6.3849
6.4029
6.410825
6.41185
6.411975
6.423125
6.427625
6.430175
6.433325
6.438075
6.441475
6.443375
6.4435
6.44885
6.463775
6.485525
6.488725
6.49485
6.497575
6.507125
6.5091
6.509625
6.51785
6.520925
6.523575
6.539275
6.544325
6.547475
6.5691
6.619375
6.627675
6.63205
6.6418
6.64525
6.6669
6.67545
6.69165
6.7009
6.71195
6.714925
6.715275
6.725325
6.72725
6.7409
6.7446
6.74685
6.749525
6.752025
6.7671
6.7802
6.78455
6.791
6.79255
6.8094
6.8162
6.8241
6.829175
6.829675
6.83585
6.83655
6.88265
6.887725
6.89
6.904925
6.91165
6.9442
6.9845
6.9849
6.9864
6.992725
7.010175
7.021425
7.02205
7.033625
7.038075
7.054675
7.06965
7.071875
7.08415
7.088625
7.096275
7.097
7.09715
7.098275
7.12625
7.14905
7.15565
7.159025
7.164625
7.17885
7.181025
7.197625
7.2221
7.230425
7.231925
7.2525
7.26085
7.308225
7.315925
7.317075
7.3178
7.31845
7.33895
7.34045
7.349625
7.35975
7.373175
7.379175
7.404575
7.420325
7.425675
7.437375
7.498175
7.513325
7.5203
7.522775
7.533575
7.5351
7.539425
7.5455
7.5582
7.609575
7.613775
7.617125
7.621225
7.624
7.632875
7.664425
7.669675
7.67425
7.689325
7.70275
7.715575
7.7247
7.758125
7.7599
7.785175
7.789925
7.792525
7.79835
7.7998
7.813875
7.81395
7.870625
7.90185
7.9038
7.9093
7.914475
7.92275
7.9246
7.9329
7.938375
7.93925
7.96615
7.97555
7.976
7.9908
7.992325
7.992975
8.0023
8.01655
8.062725
8.1022
8.105525
8.10925
8.14205
8.201275
8.205325
8.20585
8.2149
8.215325
8.2208
8.22345
8.223575
8.2252
8.246525
8.255325
8.259175
8.26605
8.2688
8.27055
8.2736
8.280375
8.280525
8.281525
8.296975
8.304425
8.311025
8.319175
8.321875
8.3511
8.353675
8.356075
8.37025
8.41665
8.427225
8.43035
8.444
8.45725
8.46775
8.475875
8.48235
8.494875
8.501525
8.502775
8.50485
8.516275
8.516875
8.521625
8.525375
8.52715
8.535475
8.546
8.549725
8.5524
8.5528
8.557625
8.565425
8.5676
8.569975
8.57215
8.580275
8.588675
8.59515
8.609475
8.633825
8.641675
8.643625
8.671375
8.6719
8.714725
8.7219
8.7745
8.811075
8.8333
8.83535
8.841775
8.852125
8.86215
8.86725
8.8702
8.874575
8.89895
8.9128
8.913
8.91675
8.91905
8.92085
8.92925
8.937325
8.939825
8.9659
8.9669
8.967775
8.969975
8.9831
9.0297
9.048575
9.050125
9.057725
9.0915
9.09675
795
