0.107425
0.1151
0.116375
0.116525
0.118375
0.1186
0.1234
0.1308
0.137775
0.1434
0.15375
0.155625
0.155675
0.15905
0.16965
0.176975
0.17715
0.17805
0.179375
0.183675
0.192025
0.194725
0.20815
0.220925
0.23445
0.2366
0.2526
0.27015
0.2739
0.283375
0.33955
0.39315
0.398125
0.400025
0.4003
0.4104
0.414875
0.42705
0.4281
0.429525
0.431125
0.45145
0.453775
0.464325
0.468625
0.488875
0.489775
0.493925
0.506775
0.52225
0.52735
0.53375
0.5362
0.53985
0.562125
0.586275
0.617675
0.62045
0.638375
0.639775
0.646375
0.700675
0.7134
0.758325
0.76975
0.778825
0.819075
0.832875
0.834525
0.834725
0.8364
0.844
0.844025
0.845925
0.852275
0.85775
0.859825
0.863125
0.863725
0.87235
0.880575
0.9025
0.902675
0.90525
0.93915
0.98175
0.988475
1.0079
1.009025
1.011375
1.0203
1.0268
1.03325
1.042575
1.042625
1.051825
1.0536
1.054525
1.059075
1.071125
1.0713
1.0724
1.07495
1.094175
1.09755
1.104175
1.115425
1.126325
1.1416
1.1663
1.1834
1.1942
1.194575
1.2066
1.2308
1.240025
1.26685
1.273475
1.312425
1.330025
1.33325
1.339
1.3403
1.347525
1.3496
1.353325
1.359625
1.365075
1.375325
1.384975
1.38965
1.389675
1.442925
1.463425
1.474125
1.477975
1.500425
1.515575
1.5384
1.600025
1.60585
1.607075
1.612725
1.6198
1.62955
1.63635
1.6365
1.63655
1.6408
1.680525
1.68265
1.6975
1.701675
1.702325
1.72435
1.7431
1.765075
1.769675
1.7835
1.7903
1.7939
1.794725
1.837325
1.8586
1.90015
1.9013
1.91835
1.936275
1.9546
1.971625
1.97335
1.999
2.011225
2.0195
2.030825
2.032275
2.033025
2.05185
2.054425
2.116675
2.146625
2.1518
2.158125
2.160025
2.2006
2.2074
2.2145
2.21845
2.22675
2.236875
2.243275
2.256925
2.269475
2.278925
2.28485
2.28835
2.293875
2.29525
2.2958
2.299275
2.30465
2.310175
2.3253
2.377875
2.442575
2.456075
2.5052
2.507225
2.508175
2.52165
2.549525
2.558925
2.586125
2.591275
2.59375
2.59695
2.60045
2.613
2.6424
2.6468
2.719
2.726925
2.74265
2.8008
2.802625
2.8084
2.813325
2.82495
2.830475
2.8311
2.83295
2.840475
2.851225
2.8753
2.8849
2.88735
2.8895
2.894625
2.8979
2.9226
2.927925
2.941175
2.9505
2.966225
2.96715
3.006225
3.007
3.050625
3.09085
3.0911
3.099725
3.10025
3.103825
3.107075
3.11025
3.111825
3.11515
3.115525
3.120325
3.12505
3.131575
3.153425
3.2364
3.238275
3.2556
3.27995
3.298075
3.302525
3.324325
3.324875
3.32745
3.36845
3.41215
3.414
3.43185
3.435475
3.440825
3.444575
3.445175
3.4521
3.45675
3.460575
3.469125
3.47415
3.4834
3.484075
3.5171
3.52505
3.56415
3.5686
3.59395
3.612325
3.62105
3.6377
3.682925
3.701925
3.710325
3.712825
3.724025
3.7274
3.7281
3.7346
3.74675
3.74945
3.749925
3.754
3.75675
3.7696
3.7697
3.774525
3.777825
3.781475
3.7897
3.79145
3.7974
3.802375
3.809625
3.813125
3.831575
3.836675
3.86165
3.893175
3.97535
3.979675
3.993775
4.001325
4.010675
4.0172
4.018075
4.0208
4.0249
4.042925
4.061375
4.063775
4.06815
4.069
4.08675
4.11125
4.123
4.142325
4.148
4.1532
4.169775
4.171325
4.171575
4.18295
4.18385
4.19265
4.199425
4.210725
4.211525
4.219075
4.2738
4.30935
4.321125
4.3222
4.32845
4.35225
4.378375
4.380975
4.390775
4.401775
4.4691
4.485125
4.4852
4.4863
4.496225
4.511375
4.60955
4.610525
4.61075
4.611
4.620875
4.621125
4.633
4.6342
4.64275
4.683425
4.689625
4.70455
4.713125
4.723175
4.744625
4.749525
4.75715
4.7814
4.787775
4.79305
4.8453
4.871775
4.877975
4.8786
4.900925
4.9059
4.906775
4.915925
4.9249
4.9298
4.94565
4.9482
4.949025
4.951775
4.9622
4.96505
4.970975
4.972375
4.97325
4.9769
4.97835
4.984225
4.984275
4.986825
4.992075
4.99335
4.9934
5.005425
5.006075
5.006425
5.009375
5.0108
5.0228
5.026825
5.030925
5.0698
5.085875
5.08845
5.0897
5.11505
5.134
5.185525
5.20315
5.2039
5.20555
5.2057
5.2325
5.236175
5.240275
5.242975
5.246825
5.251675
5.2548
5.2585
5.266725
5.295625
5.299225
5.313875
5.3265
5.33255
5.33545
5.33615
5.340725
5.344775
5.348575
5.3525
5.3535
5.3621
5.37655
5.378875
5.43235
5.477575
5.50185
5.5037
5.533975
5.5349
5.5432
5.54795
5.551975
5.5569
5.57295
5.579675
5.579925
5.58915
5.59285
5.59945
5.618425
5.6348
5.6459
5.654475
5.667575
5.66955
5.6906
5.7054
5.74465
5.74505
5.746175
5.755975
5.80015
5.8029
5.81235
5.821775
5.823275
5.828625
5.829
5.831425
5.832425
5.84
5.8544
5.859625
5.863325
5.8823
5.88755
5.907375
5.92365
5.944275
5.976625
5.97835
5.9894
6.0211
6.02405
6.070675
6.092875
6.106025
6.108725
6.1102
6.11175
6.112375
6.12345
6.133625
6.13895
6.144075
6.150825
6.1513
6.1807
6.196975
6.219725
6.2254
6.249375
6.25635
6.273775
6.2757
6.294825
6.30175
6.31755
6.339125
6.34105
6.40035
6.400525
6.40915
6.415075
6.415575
6.43925
6.442975
6.44435
6.454875
6.45505
6.46685
6.48375
6.4892
6.49215
6.505525
6.5108
6.519125
6.548475
6.55805
6.574075
6.5781
6.578425
6.58265
6.585675
6.611375
6.619925
6.6298
6.643575
6.65015
6.6534
6.674375
6.6748
6.694925
6.701025
6.7106
6.71065
6.71105
6.717875
6.724075
6.72955
6.7316
6.746775
6.749225
6.753225
6.754075
6.762175
6.773
6.774925
6.78145
6.786575
6.789475
6.803225
6.819675
6.824925
6.84035
6.845225
6.85915
6.867775
6.8833
6.90815
6.9171
6.947925
7.012125
7.015425
7.03995
7.067725
7.071625
7.0759
7.081625
7.08605
7.0901
7.115825
7.13575
7.1362
7.143375
7.207775
7.214
7.21535
7.218925
7.2503
7.257875
7.29055
7.299375
7.30035
7.331125
7.3492
7.35545
7.364425
7.369325
7.396225
7.405175
7.407
7.42075
7.4266
7.443325
7.4772
7.490425
7.497
7.504
7.5061
7.518525
7.532675
7.543425
7.57625
7.60045
7.605125
7.606675
7.6107
7.6198
7.6305
7.64855
7.6581
7.667875
7.672325
7.7166
7.727625
7.740625
7.74515
7.76265
7.76345
7.764475
7.77365
7.78745
7.800175
7.81575
7.83495
7.85345
7.86385
7.8689
7.914525
7.9267
7.93295
7.935075
7.9553
7.958525
7.96765
7.9712
7.974
7.9808
7.985925
7.986975
7.987475
8.01435
8.01445
8.061775
8.085525
8.101825
8.151775
8.185825
8.20505
8.2183
8.22095
8.222425
8.230325
8.23425
8.236375
8.24435
8.25515
8.25865
8.260775
8.263925
8.2672
8.2762
8.285475
8.309925
8.31135
8.314875
8.319475
8.33165
8.3609
8.371875
8.37295
8.375375
8.377825
8.38435
8.3974
8.405025
8.43305
8.450225
8.5013
8.501775
8.5025
8.5057
8.505725
8.5197
8.540575
8.541675
8.54225
8.54975
8.56065
8.561025
8.561225
8.5614
8.563275
8.5692
8.573175
8.5786
8.5913
8.59975
8.612875
8.613825
8.620725
8.626575
8.632325
8.6337
8.6384
8.63995
8.642175
8.65765
8.657775
8.658725
8.66565
8.676125
8.678425
8.685425
8.691225
8.703975
8.77065
8.78625
8.806225
8.807375
8.8194
8.8197
8.8285
8.829475
8.830525
8.835525
8.840625
8.846
8.846825
8.849025
8.85125
8.873625
8.884475
8.88745
8.8974
8.910725
8.919125
8.929425
8.92955
8.947575
8.96385
8.972425
9.04015
9.084225
780
