0.053975
0.088975
0.104125
0.107025
0.10975
0.129975
0.13055
0.140575
0.146425
0.1515
0.15365
0.15865
0.161225
0.1642
0.174225
0.187
0.201825
0.2062
0.21195
0.2313
0.2359
0.241625
0.245675
0.252225
0.2645
0.27855
0.302575
0.32695
0.349575
0.402075
0.42055
0.423925
0.424325
0.427425
0.4294
0.455925
0.461525
0.463975
0.4662
0.472025
0.479175
0.4846
0.492
0.49325
0.49455
0.50405
0.509825
0.511275
0.5405
0.584975
0.612575
0.6238
0.674875
0.6786
0.7404
0.74815
0.750625
0.75195
0.76545
0.769175
0.777325
0.796825
0.8086
0.843425
0.8444
0.84535
0.848975
0.854075
0.855525
0.876775
0.88335
0.89625
0.897825
0.8997
0.90045
0.9776
1.00155
1.004025
1.007225
1.007875
1.008225
1.019075
1.020825
1.030575
1.0354
1.0443
1.060325
1.073075
1.136425
1.168675
1.1767
1.1851
1.21595
1.219325
1.288825
1.291125
1.307275
1.30785
1.31245
1.3149
1.322725
1.32565
1.326225
1.3286
1.333925
1.3364
1.339325
1.346075
1.366175
1.3672
1.3676
1.36875
1.37085
1.379425
1.3883
1.393225
1.394675
1.399
1.4011
1.40755
1.4106
1.418025
1.425025
1.426975
1.445575
1.479725
1.4865
1.52155
1.555675
1.55845
1.5825
1.60105
1.604575
1.609925
1.6178
1.624425
1.63645
1.660825
1.677625
1.684175
1.69705
1.6983
1.75445
1.7795
1.815725
1.907675
1.9082
1.910525
1.920075
1.929425
1.93045
1.940075
1.940675
1.946475
1.953075
1.981725
1.985975
2.011825
2.012125
2.01235
2.024425
2.03345
2.039925
2.042375
2.05815
2.063075
2.072375
2.087175
2.094125
2.10145
2.10945
2.109775
2.165575
2.16665
2.201625
2.21315
2.214825
2.218475
2.226925
2.253075
2.253475
2.2539
2.255525
2.2596
2.260925
2.26185
2.2678
2.293225
2.30615
2.30895
2.309225
2.3108
2.312825
2.3143
2.34815
2.350225
2.35045
2.380325
2.380425
2.3808
2.401025
2.428675
2.4395
2.458425
2.463275
2.520225
2.531825
2.5361
2.550275
2.559975
2.574875
2.598775
2.599775
2.600675
2.6024
2.6188
2.6249
2.6332
2.637575
2.6656
2.681125
2.682825
2.687075
2.757075
2.7787
2.78025
2.80145
2.809
2.80955
2.81875
2.8229
2.827875
2.83245
2.8348
2.8398
2.8433
2.8817
2.89065
2.8957
2.896775
2.9117
2.917825
2.920525
2.93945
2.9572
3.0029
3.045375
3.06145
3.096
3.10035
3.1073
3.11375
3.13465
3.13505
3.136525
3.1393
3.149275
3.16265
3.174325
3.17685
3.18465
3.20135
3.20175
3.205225
3.211575
3.217975
3.2431
3.251275
3.2541
3.2811
3.29435
3.2997
3.3479
3.3502
3.367175
3.418975
3.420825
3.42265
3.4233
3.42875
3.4314
3.443375
3.448625
3.45425
3.481075
3.497275
3.5029
3.509975
3.51035
3.5233
3.528175
3.532925
3.541925
3.54685
3.598075
3.605175
3.61325
3.6165
3.616925
3.6207
3.641975
3.65195
3.680975
3.700725
3.708975
3.7147
3.74455
3.747425
3.758375
3.759375
3.778575
3.7791
3.78465
3.8114
3.813975
3.81915
3.826625
3.832725
3.834225
3.84575
3.8704
3.87415
3.89385
3.89735
3.8984
3.907675
3.9534
4.00795
4.01045
4.0164
4.016475
4.024975
4.034125
4.0349
4.039975
4.0631
4.067
4.07385
4.092775
4.107925
4.109825
4.110975
4.112125
4.122275
4.130375
4.151125
4.15625
4.228275
4.2283
4.251125
4.260925
4.27035
4.27915
4.302475
4.30735
4.309725
4.31425
4.323475
4.328325
4.3286
4.3316
4.335
4.337925
4.338775
4.354
4.36005
4.361675
4.400575
4.411675
4.412775
4.417275
4.422375
4.42365
4.4276
4.464625
4.466025
4.47075
4.4733
4.47555
4.48145
4.5239
4.532375
4.535525
4.565475
4.598825
4.6054
4.608375
4.614125
4.615625
4.622375
4.6383
4.643525
4.64445
4.667675
4.67695
4.67735
4.68605
4.688875
4.715025
4.72505
4.73525
4.73595
4.7427
4.747425
4.75175
4.77885
4.792875
4.7933
4.808575
4.809525
4.83045
4.8328
4.848575
4.8823
4.894
4.9025
4.915175
4.922825
4.925725
4.931175
4.937325
4.93785
4.942325
4.94415
4.945675
4.963275
4.9706
4.9776
4.989125
4.99695
4.997875
5.004625
5.010725
5.028525
5.04255
5.045
5.054725
5.05995
5.06275
5.077875
5.0804
5.09715
5.1732
5.1763
5.179375
5.201425
5.217275
5.219525
5.223625
5.224225
5.241125
5.254625
5.25725
5.258
5.2935
5.297475
5.2996
5.3021
5.30435
5.31095
5.320275
5.33855
5.351975
5.356575
5.36215
5.3654
5.369275
5.4088
5.40915
5.429125
5.44735
5.453975
5.50975
5.512375
5.516175
5.516775
5.520225
5.5403
5.545075
5.5461
5.554
5.562375
5.56795
5.584925
5.589775
5.59515
5.6024
5.616625
5.62105
5.62915
5.631625
5.648525
5.665775
5.684725
5.69485
5.707
5.72105
5.72425
5.734225
5.754375
5.8028
5.8156
5.8228
5.833775
5.8397
5.84035
5.8493
5.877025
5.877125
5.87815
5.8842
5.893075
5.893725
5.898475
5.907275
5.9214
5.9273
5.933425
5.941375
5.942025
5.951
5.95695
5.9711
5.999325
6.0633
6.09905
6.112125
6.118125
6.13765
6.1448
6.1467
6.17825
6.1788
6.179675
6.2012
6.2054
6.20595
6.236475
6.26345
6.263525
6.269725
6.293025
6.293275
6.2977
6.3229
6.323075
6.367725
6.40295
6.403925
6.405325
6.419975
6.42675
6.44315
6.4455
6.45565
6.4571
6.459975
6.463225
6.4646
6.467075
6.479475
6.482675
6.483825
6.509375
6.513575
6.5229
6.524325
6.552675
6.565475
6.5832
6.594175
6.597775
6.599925
6.6102
6.646875
6.66985
6.69525
6.70295
6.713525
6.714675
6.715725
6.722375
6.727675
6.72785
6.728475
6.730875
6.7363
6.7799
6.783625
6.803675
6.826475
6.834525
6.84355
6.850925
6.85685
6.89605
6.9061
6.9151
6.9216
6.925075
6.937325
7.021525
7.025575
7.045825
7.047775
7.0481
7.051475
7.057175
7.075675
7.092825
7.103125
7.118775
7.12065
7.1251
7.160175
7.16695
7.1694
7.17075
7.1733
7.175625
7.187575
7.192275
7.196525
7.202275
7.20295
7.203075
7.2138
7.230825
7.245125
7.2469
7.272625
7.300975
7.302225
7.303075
7.309975
7.310025
7.320575
7.3359
7.3428
7.344375
7.3512
7.35165
7.359825
7.362075
7.36235
7.3766
7.389425
7.396275
7.397725
7.4335
7.4595
7.4605
7.4634
7.4808
7.50195
7.51125
7.522925
7.53605
7.5399
7.546325
7.60485
7.60605
7.610975
7.615075
7.6191
7.624925
7.64085
7.65745
7.66245
7.6675
7.67625
7.684075
7.693625
7.699325
7.73465
7.7415
7.7462
7.759025
7.768575
7.772075
7.7837
7.800125
7.80855
7.811425
7.823425
7.843275
7.84895
7.867
7.9006
7.901
7.90395
7.91805
7.9254
7.92585
7.93005
7.933375
7.937775
7.954425
7.956275
7.958075
7.9589
7.965025
7.9696
7.97395
7.97555
7.988675
8.0101
8.0113
8.01965
8.0734
8.0919
8.1046
8.145
8.16785
8.18685
8.204975
8.209225
8.210675
8.21715
8.21865
8.219225
8.243875
8.253475
8.25855
8.258575
8.274475
8.3009
8.3551
8.356025
8.356175
8.360875
8.370025
8.379675
8.385675
8.389025
8.3924
8.471
8.47695
8.506525
8.51205
8.512875
8.53315
8.53525
8.5416
8.557925
8.57555
8.58405
8.58495
8.590075
8.59505
8.59785
8.600725
8.60615
8.620325
8.622825
8.62435
8.64175
8.65365
8.6664
8.674275
8.674625
8.695625
8.7368
8.76535
8.769125
8.779
8.798675
8.833125
8.833875
8.836025
8.866675
8.878675
8.884125
8.88955
8.906575
8.908375
8.924825
8.948075
8.949675
8.969225
8.98255
8.99415
9.0151
9.03755
9.063275
785
