0.108975
0.111675
0.11395
0.118375
0.119175
0.138375
0.143575
0.146875
0.149225
0.14955
0.150725
0.165875
0.175825
0.184725
0.1903
0.198225
0.2237
0.225375
0.22805
0.22825
0.243675
0.248975
0.26915
0.317275
0.31745
0.3619
0.362425
0.37375
0.3808
0.4021
0.404525
0.404825
0.405175
0.414925
0.415325
0.425825
0.435325
0.452475
0.455625
0.46575
0.466675
0.474425
0.48165
0.486125
0.4884
0.49005
0.49515
0.505725
0.51645
0.521875
0.5396
0.551475
0.560475
0.567475
0.579675
0.5819
0.652225
0.686675
0.7158
0.72055
0.721975
0.722625
0.72495
0.7251
0.731175
0.73185
0.739775
0.74365
0.761525
0.7731
0.794575
0.80115
0.801625
0.812425
0.833
0.840275
0.84265
0.8449
0.863175
0.8757
0.884825
0.890075
0.910775
0.93725
0.9891
0.991475
1.0002
1.00835
1.031475
1.037825
1.040525
1.04565
1.048925
1.053325
1.06235
1.078075
1.101325
1.102175
1.10395
1.121725
1.124675
1.126225
1.13605
1.174
1.20285
1.2306
1.262125
1.309275
1.314925
1.3169
1.32355
1.32865
1.33775
1.340025
1.344225
1.3518
1.36275
1.36775
1.38245
1.38495
1.387375
1.387425
1.388975
1.3904
1.3927
1.39445
1.4112
1.417175
1.443
1.44505
1.4491
1.461025
1.466175
1.4686
1.517075
1.518025
1.57275
1.6049
1.612775
1.616275
1.61645
1.6261
1.636675
1.6514
1.66525
1.669325
1.67285
1.6755
1.684225
1.69385
1.695925
1.72215
1.7299
1.7422
1.7424
1.744925
1.746425
1.750875
1.79325
1.815475
1.819575
1.82395
1.8405
1.90255
1.93435
1.9445
1.9681
1.9698
1.972
1.97805
1.9909
1.9951
2.0004
2.002175
2.014
2.05305
2.05715
2.0644
2.085075
2.1045
2.164025
2.17235
2.19705
2.209925
2.210275
2.248175
2.26205
2.266675
2.2808
2.2894
2.304575
2.304725
2.3183
2.3263
2.329975
2.33205
2.35745
2.361475
2.368375
2.368625
2.378075
2.387875
2.3981
2.4323
2.436175
2.450375
2.5011
2.514825
2.524525
2.53515
2.5375
2.556
2.5712
2.575525
2.58065
2.582075
2.582625
2.6072
2.61005
2.61195
2.62345
2.642525
2.642575
2.646125
2.650575
2.6552
2.658775
2.663925
2.6643
2.665275
2.669575
2.701875
2.721575
2.762975
2.799975
2.80335
2.807875
2.808
2.8211
2.82955
2.843175
2.84485
2.875975
2.877725
2.879225
2.8858
2.891575
2.899575
2.9272
2.93055
2.9314
2.95735
2.976675
2.98415
2.988225
3.00865
3.021475
3.042
3.0639
3.105375
3.10655
3.112125
3.11475
3.116675
3.12335
3.1363
3.15455
3.1635
3.166825
3.182125
3.208725
3.209375
3.236825
3.25615
3.27375
3.276375
3.2805
3.3075
3.33555
3.344275
3.389775
3.40545
3.407775
3.415475
3.419675
3.4261
3.427325
3.43075
3.443925
3.450025
3.450575
3.475325
3.5048
3.512
3.531475
3.551425
3.558425
3.56655
3.568925
3.569925
3.59015
3.617
3.6655
3.672725
3.6915
3.70295
3.708725
3.721825
3.72315
3.736625
3.747275
3.756425
3.762725
3.764725
3.798925
3.807625
3.82025
3.8391
3.84435
3.852375
3.858
3.86235
3.8963
3.91735
3.945525
4.001525
4.003575
4.0129
4.01495
4.018525
4.019225
4.03725
4.041825
4.0449
4.06485
4.09335
4.09955
4.1017
4.117475
4.163725
4.164175
4.23215
4.24775
4.2536
4.28295
4.303375
4.3045
4.31185
4.315425
4.315625
4.317475
4.32355
4.338925
4.339325
4.345125
4.347625
4.348925
4.35025
4.35695
4.358175
4.363425
4.366275
4.39075
4.39285
4.4142
4.4292
4.4299
4.446725
4.447075
4.45
4.450425
4.45625
4.456325
4.473825
4.488875
4.48925
4.50155
4.521775
4.544375
4.566
4.566675
4.59435
4.6086
4.6097
4.6126
4.6266
4.63525
4.641375
4.649525
4.649725
4.67745
4.682125
4.70655
4.721025
4.741475
4.7427
4.748375
4.77595
4.777875
4.788175
4.7884
4.789975
4.80045
4.8434
4.888325
4.92265
4.924975
4.946175
4.9589
4.9628
4.965925
4.984275
4.988975
4.993125
4.9983
5.0059
5.0268
5.0336
5.0382
5.04615
5.1017
5.10615
5.1159
5.129125
5.13545
5.140025
5.170175
5.20045
5.210625
5.21875
5.220875
5.221175
5.222325
5.223375
5.224375
5.225575
5.225775
5.2296
5.23875
5.244425
5.247775
5.26325
5.26465
5.2679
5.27135
5.27595
5.290275
5.2986
5.30325
5.31195
5.3146
5.323425
5.334475
5.371
5.40145
5.444725
5.459725
5.50425
5.508525
5.51805
5.52175
5.528125
5.52915
5.53385
5.53915
5.539275
5.541525
5.54265
5.5623
5.58055
5.596125
5.6035
5.6101
5.61355
5.61535
5.628425
5.6363
5.648475
5.68095
5.712025
5.71675
5.72605
5.748
5.77035
5.77925
5.80675
5.814975
5.8204
5.838525
5.8397
5.842125
5.848925
5.855975
5.86655
5.8717
5.87755
5.88185
5.88955
5.892875
5.90565
5.914225
5.931275
5.9333
5.97065
6.065125
6.072375
6.0731
6.075525
6.0997
6.10045
6.103
6.106125
6.1291
6.1489
6.156725
6.159725
6.1781
6.188425
6.22435
6.227075
6.23155
6.2374
6.2404
6.250925
6.2578
6.26145
6.279775
6.282925
6.287825
6.306775
6.3215
6.399725
6.4047
6.4059
6.415025
6.416025
6.4283
6.4328
6.434125
6.462025
6.467325
6.481425
6.485775
6.4944
6.514825
6.5153
6.548075
6.5622
6.57545
6.58925
6.6517
6.6734
6.677325
6.69235
6.701175
6.715325
6.728825
6.74025
6.741
6.7521
6.7624
6.763275
6.766675
6.77565
6.78295
6.7993
6.8034
6.8196
6.824
6.845625
6.846225
6.870275
6.8758
6.898525
6.913225
6.963025
6.9698
6.999925
7.00095
7.008125
7.027125
7.029075
7.03825
7.0514
7.052125
7.0617
7.067425
7.07075
7.071925
7.075725
7.087575
7.1034
7.105125
7.10565
7.11225
7.112325
7.1147
7.141225
7.166975
7.1921
7.208675
7.23085
7.241125
7.28825
7.302325
7.3063
7.315325
7.316675
7.317525
7.32295
7.330575
7.3346
7.347275
7.3736
7.3776
7.38725
7.397625
7.434525
7.47735
7.50305
7.513075
7.518625
7.527275
7.54735
7.599975
7.6058
7.6066
7.613725
7.614025
7.61795
7.619225
7.62195
7.624125
7.624525
7.6271
7.627475
7.63225
7.6351
7.635225
7.646875
7.64755
7.660725
7.661675
7.6619
7.664375
7.68395
7.698675
7.71245
7.71855
7.7238
7.732275
7.735275
7.760075
7.767875
7.771275
7.7726
7.77435
7.794725
7.80395
7.806425
7.853175
7.870025
7.896525
7.91295
7.9221
7.93355
7.9635
7.980525
7.988775
8.006375
8.0157
8.0215
8.0337
8.074375
8.101475
8.109225
8.12585
8.1587
8.165125
8.17345
8.20135
8.215475
8.2238
8.2309
8.23335
8.233475
8.234325
8.23595
8.24025
8.2552
8.2559
8.257725
8.258275
8.27585
8.2866
8.29375
8.296025
8.31165
8.312075
8.3159
8.32285
8.337
8.35935
8.3644
8.4032
8.403275
8.446375
8.502575
8.515175
8.52145
8.5445
8.552875
8.5686
8.5719
8.574525
8.57955
8.584775
8.5854
8.587875
8.5991
8.613025
8.617075
8.626375
8.6385
8.64555
8.646025
8.67075
8.709925
8.7291
8.737625
8.74665
8.774125
8.782225
8.794375
8.807475
8.8081
8.815325
8.819725
8.826575
8.828475
8.832575
8.845575
8.84975
8.851075
8.8654
8.871175
8.8752
8.8755
8.87575
8.876775
8.881725
8.898375
8.9062
8.919425
8.92135
8.948925
8.965525
8.99145
8.991725
8.9923
8.99515
9.00115
9.002325
9.02325
9.046825
9.0554
9.0596
9.0621
9.0826
769
