0.02595
0.027225
0.11315
0.1146
0.12215
0.12465
0.13175
0.1466
0.148225
0.173275
0.1799
0.183025
0.1871
0.19785
0.227675
0.229925
0.24275
0.2755
0.28245
0.31085
0.374075
0.4056
0.413775
0.418975
0.437925
0.446625
0.455525
0.463075
0.4959
0.504575
0.5171
0.52125
0.526625
0.5303
0.53115
0.55135
0.56925
0.576125
0.58105
0.59145
0.592125
0.611425
0.6364
0.70425
0.712375
0.722725
0.72395
0.727025
0.72915
0.76245
0.7635
0.77085
0.777825
0.779125
0.78185
0.79755
0.808925
0.809525
0.8116
0.81615
0.816475
0.842
0.844075
0.8681
0.875075
0.88265
0.891025
0.89395
0.928825
0.9289
0.9332
0.965525
1.0063
1.0076
1.0093
1.009325
1.0095
1.01425
1.021875
1.023275
1.04125
1.0514
1.0649
1.075175
1.082425
1.095825
1.0964
1.0971
1.112625
1.1438
1.16775
1.169525
1.171925
1.209775
1.246225
1.261725
1.2915
1.30675
1.310175
1.31135
1.31385
1.3143
1.322625
1.3233
1.3296
1.3331
1.333575
1.33905
1.3404
1.3475
1.352975
1.3588
1.358975
1.3593
1.386175
1.400825
1.417075
1.44715
1.453275
1.459575
1.472175
1.49515
1.51095
1.52285
1.577725
1.602025
1.628275
1.647175
1.663375
1.66555
1.673875
1.677
1.690475
1.715125
1.7387
1.741175
1.7618
1.8673
1.90015
1.900475
1.900625
1.900675
1.91815
1.926525
1.92825
1.930825
1.932675
1.939075
1.9497
1.95215
1.96835
1.975875
1.9827
2.033975
2.0407
2.0414
2.055625
2.072025
2.077825
2.103075
2.129725
2.134025
2.147475
2.203725
2.2048
2.2243
2.2296
2.234475
2.25205
2.255825
2.27935
2.2961
2.2972
2.302275
2.335025
2.3431
2.343625
2.3489
2.35335
2.362325
2.365025
2.38375
2.384575
2.42525
2.4689
2.482775
2.50415
2.52425
2.547675
2.552675
2.569525
2.577225
2.583875
2.5865
2.591725
2.59445
2.622475
2.633275
2.6351
2.6428
2.644975
2.666675
2.672775
2.74725
2.773025
2.807875
2.809575
2.814075
2.818475
2.822675
2.832425
2.842325
2.847075
2.869375
2.885125
2.88805
2.888975
2.902575
2.902675
2.910125
2.9122
2.914725
2.93145
2.944325
2.949875
2.964125
2.96705
2.96715
2.995175
3.002375
3.017375
3.020975
3.03005
3.04025
3.101125
3.105
3.10585
3.121275
3.128975
3.138625
3.158725
3.169175
3.206325
3.208625
3.2096
3.210025
3.216825
3.21695
3.218225
3.219025
3.2304
3.2421
3.25555
3.27295
3.28495
3.2851
3.2989
3.30505
3.312275
3.33
3.362475
3.3759
3.37685
3.3808
3.4195
3.42315
3.427625
3.43385
3.436
3.447625
3.450925
3.455475
3.45725
3.457775
3.464025
3.46705
3.4719
3.473975
3.474475
3.477625
3.47765
3.4886
3.50405
3.512175
3.52015
3.5222
3.525125
3.537325
3.539325
3.564525
3.580675
3.597775
3.59935
3.59975
3.60625
3.6161
3.616475
3.626725
3.627375
3.647875
3.660275
3.6669
3.687925
3.70205
3.70745
3.711125
3.71195
3.718725
3.725625
3.7287
3.73115
3.7408
3.74405
3.7718
3.775125
3.782425
3.786975
3.78985
3.7956
3.809
3.811575
3.8188
3.8205
3.823575
3.851125
3.863025
3.87515
3.8795
3.91395
3.928025
3.930125
3.981475
4.00825
4.008275
4.013275
4.015925
4.024475
4.033175
4.056375
4.074725
4.090825
4.1041
4.10815
4.140725
4.151575
4.162475
4.1626
4.1638
4.166275
4.17305
4.1806
4.190125
4.193925
4.31075
4.3195
4.34035
4.340825
4.353025
4.374575
4.375975
4.386075
4.391175
4.3932
4.401075
4.40405
4.415025
4.43465
4.44755
4.4515
4.465225
4.499475
4.52965
4.5361
4.548575
4.5746
4.595
4.603825
4.608675
4.611375
4.612075
4.618175
4.62055
4.622375
4.626325
4.627325
4.634125
4.65165
4.6523
4.65235
4.6594
4.6604
4.660775
4.663175
4.674975
4.683075
4.687725
4.708225
4.721025
4.72145
4.723825
4.724
4.729975
4.741825
4.763775
4.776
4.78795
4.809025
4.817075
4.84715
4.869775
4.8722
4.902325
4.908425
4.909175
4.914475
4.922325
4.929525
4.938
4.943975
4.9476
4.949275
4.95765
4.963225
4.975675
4.9772
4.977925
4.9843
4.98885
4.988975
4.991
4.99985
5.00495
5.0071
5.0096
5.00985
5.011675
5.018375
5.0376
5.052775
5.0677
5.102
5.1033
5.132625
5.159275
5.17415
5.181075
5.187075
5.193675
5.20095
5.2088
5.209
5.21035
5.219125
5.22175
5.225075
5.22875
5.240525
5.244125
5.245325
5.25855
5.271
5.278725
5.28335
5.289375
5.2899
5.29855
5.3061
5.3399
5.356725
5.36595
5.42345
5.4263
5.447775
5.47105
5.517975
5.52465
5.5314
5.5403
5.546725
5.547125
5.549125
5.556475
5.5573
5.56295
5.570375
5.615725
5.634225
5.640175
5.67315
5.679375
5.681775
5.6896
5.7063
5.7265
5.790175
5.80145
5.803625
5.8132
5.8143
5.832275
5.848125
5.855825
5.856075
5.858625
5.87165
5.879525
5.883275
5.892425
5.89565
5.90215
5.90465
5.9115
5.916025
5.91785
5.939925
5.960075
5.991275
6.004075
6.0213
6.02295
6.0711
6.0887
6.105875
6.108975
6.125
6.130125
6.153875
6.163925
6.168975
6.178275
6.1815
6.186475
6.232125
6.239775
6.2399
6.240425
6.24405
6.2446
6.247325
6.271925
6.285625
6.297075
6.34255
6.3483
6.372325
6.393025
6.400975
6.40435
6.41015
6.411625
6.42015
6.423125
6.4249
6.42735
6.432625
6.447775
6.448625
6.449725
6.454325
6.466025
6.48225
6.489
6.5043
6.5298
6.532825
6.53595
6.540175
6.54735
6.553525
6.5726
6.57635
6.588425
6.651975
6.677725
6.704025
6.710225
6.7252
6.7416
6.742925
6.7563
6.7575
6.7628
6.7659
6.80225
6.803325
6.80855
6.819775
6.828475
6.829975
6.836775
6.839125
6.8475
6.8522
6.855775
6.8815
6.8819
6.900075
6.910075
6.91465
6.9272
6.9408
6.979625
6.9932
7.00035
7.0013
7.00595
7.011475
7.01935
7.025075
7.028925
7.0385
7.054225
7.0573
7.0584
7.0593
7.07365
7.086225
7.09855
7.1067
7.107975
7.127575
7.166325
7.18525
7.20335
7.225075
7.239825
7.241025
7.24895
7.2524
7.254675
7.298
7.3263
7.3311
7.332275
7.337125
7.35945
7.380125
7.3809
7.390875
7.4036
7.405725
7.407775
7.411625
7.420575
7.4389
7.439775
7.4447
7.457975
7.46005
7.509025
7.511475
7.525575
7.5394
7.54035
7.55215
7.5799
7.589225
7.609425
7.6166
7.632525
7.63505
7.64535
7.65625
7.659475
7.659675
7.675625
7.685025
7.68845
7.70505
7.706275
7.707225
7.70755
7.727075
7.7471
7.753475
7.76915
7.7735
7.781325
7.78175
7.79005
7.7948
7.817725
7.837875
7.85785
7.876225
7.88545
7.89615
7.90065
7.9014
7.906125
7.907875
7.91395
7.914
7.91935
7.9202
7.920825
7.922525
7.9289
7.9319
7.939325
7.94365
7.951225
7.9599
7.96055
7.975625
7.9927
7.99805
7.99935
8.019575
8.023725
8.024925
8.028825
8.056825
8.070675
8.085875
8.1028
8.11705
8.117825
8.1289
8.14205
8.17675
8.187025
8.1952
8.2043
8.206475
8.207925
8.213875
8.21405
8.22495
8.2273
8.236825
8.247725
8.248075
8.258925
8.269425
8.272625
8.282275
8.282725
8.287175
8.299575
8.305625
8.3086
8.328175
8.332225
8.34815
8.37155
8.4032
8.451875
8.472425
8.500375
8.503675
8.50615
8.511825
8.5124
8.53095
8.53195
8.533075
8.540425
8.54105
8.54545
8.548075
8.552975
8.55415
8.56255
8.602375
8.608575
8.6261
8.6361
8.644225
8.657775
8.658725
8.6739
8.686225
8.699075
8.70875
8.73375
8.7685
8.8005
8.801325
8.815825
8.85
8.854875
8.860725
8.8757
8.8799
8.880925
8.884775
8.893075
8.901375
8.906075
8.916775
8.91915
8.92235
8.93655
8.98765
9.022775
796
