0.103225
0.104275
0.114675
0.124225
0.125
0.13175
0.14415
0.145
0.147975
0.154925
0.1689
0.1763
0.17985
0.199425
0.217275
0.2233
0.24095
0.246425
0.260725
0.272575
0.284725
0.305925
0.329175
0.330875
0.334975
0.383975
0.40155
0.40595
0.407275
0.416
0.4186
0.425775
0.438725
0.445425
0.44745
0.458725
0.471575
0.471625
0.479375
0.496125
0.502375
0.524075
0.5679
0.568
0.571175
0.577425
0.58115
0.601125
0.609925
0.610175
0.6149
0.624875
0.6604
0.68235
0.68425
0.70625
0.7159
0.718075
0.720975
0.73005
0.73295
0.75545
0.760475
0.760575
0.762125
0.77645
0.789975
0.7917
0.792275
0.796875
0.8008
0.80375
0.81105
0.82915
0.8345
0.837925
0.85255
0.853225
0.86485
0.8843
0.907125
0.9759
1.0157
1.02035
1.02235
1.032225
1.035475
1.041975
1.0647
1.0715
1.091225
1.095325
1.1047
1.12165
1.1637
1.169725
1.194725
1.198075
1.219225
1.2229
1.241425
1.247625
1.253225
1.254425
1.2578
1.280675
1.28285
1.303075
1.303875
1.312075
1.316225
1.319625
1.3277
1.3285
1.334925
1.34195
1.355875
1.4
1.405925
1.414575
1.418975
1.428325
1.4607
1.470675
1.474975
1.49105
1.51815
1.538725
1.546775
1.6056
1.6061
1.6285
1.633675
1.6409
1.6417
1.6429
1.64565
1.65005
1.662875
1.683975
1.6876
1.701925
1.70545
1.71075
1.725425
1.72865
1.728925
1.761225
1.779925
1.801325
1.861275
1.865625
1.874225
1.9024
1.919075
1.931275
1.933175
1.9535
1.955425
1.97925
1.983075
1.986
1.9877
1.991325
2.007225
2.008925
2.012075
2.0207
2.056825
2.061475
2.0719
2.077475
2.07775
2.08385
2.084575
2.094425
2.1501
2.2024
2.203275
2.20745
2.21985
2.244825
2.256075
2.258175
2.259625
2.262925
2.272575
2.27615
2.27995
2.29085
2.30495
2.310975
2.311875
2.312925
2.317225
2.35105
2.3987
2.491125
2.494425
2.504325
2.5056
2.50635
2.508725
2.5096
2.5358
2.54415
2.547425
2.5522
2.55825
2.5638
2.569375
2.5767
2.58545
2.5928
2.601425
2.61955
2.62645
2.64045
2.642725
2.655625
2.668475
2.704425
2.7479
2.7924
2.82585
2.8345
2.8553
2.865425
2.87295
2.873925
2.8859
2.891075
2.892525
2.895325
2.901425
2.90295
2.910375
2.9146
2.91965
2.92105
2.925525
2.9659
2.9717
3.0089
3.0545
3.055925
3.08195
3.09855
3.10285
3.116725
3.133175
3.1482
3.16085
3.16175
3.168475
3.189125
3.18985
3.193
3.21455
3.236625
3.275675
3.2856
3.2928
3.294875
3.295725
3.374275
3.3931
3.408525
3.410775
3.421275
3.4288
3.433025
3.453225
3.4565
3.459175
3.4867
3.488575
3.508
3.514575
3.535275
3.538525
3.539
3.55195
3.5949
3.5961
3.602675
3.603675
3.605875
3.617075
3.6453
3.650175
3.702675
3.712125
3.716575
3.73285
3.738425
3.76815
3.7858
3.793825
3.7941
3.8106
3.81875
3.829725
3.8298
3.83815
3.839975
3.864925
3.8926
3.892975
3.908
3.9243
3.983475
4.000475
4.003175
4.003525
4.0049
4.00545
4.0152
4.02095
4.02545
4.030125
4.0395
4.0514
4.0561
4.056175
4.065075
4.069625
4.071825
4.072625
4.0836
4.109125
4.1248
4.135
4.139675
4.1549
4.1571
4.1797
4.187075
4.187375
4.19095
4.21155
4.2252
4.245
4.30155
4.307775
4.317175
4.321175
4.323775
4.3243
4.334075
4.3363
4.342475
4.3669
4.36835
4.375625
4.376775
4.380025
4.38385
4.385625
4.39465
4.39735
4.416725
4.4284
4.45745
4.478175
4.47835
4.51935
4.53775
4.538275
4.5464
4.551075
4.552125
4.564325
4.60745
4.617075
4.618725
4.6205
4.6213
4.62175
4.6238
4.632625
4.63275
4.633575
4.649925
4.6593
4.664025
4.672575
4.68255
4.682875
4.688575
4.6973
4.7163
4.750875
4.7561
4.763425
4.764975
4.779825
4.786275
4.8018
4.818025
4.8316
4.83525
4.87795
4.878925
4.88835
4.8929
4.905525
4.906525
4.9126
4.915725
4.919525
4.920125
4.92055
4.933225
4.938325
4.94145
4.944475
4.946325
4.965425
4.965725
4.966475
4.968325
4.972375
4.97455
4.976425
4.985075
5.003175
5.0064
5.013025
5.0662
5.0686
5.080575
5.110725
5.1211
5.137575
5.140625
5.15685
5.18105
5.18545
5.1898
5.200775
5.204225
5.21095
5.21265
5.22255
5.22695
5.2296
5.230725
5.2339
5.24685
5.251675
5.265775
5.2814
5.2848
5.2855
5.30525
5.3058
5.357825
5.3643
5.374225
5.37635
5.388075
5.4208
5.47885
5.520725
5.541375
5.54385
5.550375
5.560775
5.5775
5.586675
5.59885
5.614475
5.618175
5.625875
5.6332
5.673775
5.67545
5.684825
5.687875
5.80765
5.8129
5.82445
5.828925
5.831625
5.838
5.846675
5.848375
5.852625
5.869625
5.877375
5.89795
5.89945
5.91095
5.913125
5.9237
5.925525
5.9396
5.94
5.9516
5.970675
6.018125
6.03635
6.04095
6.04635
6.061275
6.100975
6.110475
6.114625
6.114775
6.12
6.120825
6.122175
6.13115
6.136725
6.1386
6.148875
6.14935
6.181325
6.182325
6.185575
6.246225
6.291325
6.292025
6.299525
6.309725
6.319175
6.3487
6.3547
6.404
6.4053
6.4107
6.43265
6.448475
6.452375
6.473125
6.4844
6.492175
6.49465
6.5628
6.563525
6.613375
6.64575
6.660725
6.68
6.70075
6.706475
6.7066
6.709325
6.7218
6.72305
6.723225
6.7272
6.733125
6.73795
6.7463
6.755075
6.7575
6.762475
6.770225
6.827375
6.83145
6.832125
6.860725
6.86755
6.8816
6.88635
6.907525
6.916875
6.9353
6.938175
6.9541
6.970775
7.007275
7.017075
7.017825
7.028125
7.0289
7.041075
7.042925
7.047925
7.052775
7.094225
7.10065
7.102075
7.1088
7.148275
7.154275
7.191675
7.194625
7.20015
7.209275
7.219025
7.254575
7.256925
7.31545
7.329525
7.330575
7.340875
7.34755
7.35755
7.37305
7.377775
7.388775
7.40215
7.40505
7.41275
7.4136
7.42605
7.467275
7.46995
7.47915
7.4941
7.494225
7.565625
7.569925
7.5769
7.602425
7.609725
7.610775
7.6335
7.6375
7.643475
7.661825
7.664225
7.6658
7.70475
7.7171
7.72025
7.7219
7.72935
7.735875
7.741525
7.758575
7.762525
7.7626
7.77115
7.792525
7.82075
7.83085
7.83315
7.83725
7.84255
7.85635
7.883175
7.902
7.903125
7.903625
7.90475
7.919625
7.9206
7.925325
7.939225
7.9428
7.9537
7.95465
7.961925
7.96805
8.037975
8.04555
8.059825
8.142675
8.143275
8.153475
8.15745
8.182525
8.1905
8.2048
8.210425
8.21755
8.2197
8.221
8.2254
8.231525
8.234075
8.236225
8.246025
8.25475
8.2576
8.264125
8.268
8.2821
8.285925
8.2909
8.293275
8.3254
8.3284
8.33665
8.3408
8.3449
8.34755
8.3532
8.35465
8.3726
8.387925
8.394525
8.4367
8.471925
8.474525
8.47755
8.50375
8.504025
8.51335
8.528875
8.529075
8.53825
8.547825
8.5595
8.56435
8.604375
8.6125
8.619025
8.62445
8.63475
8.660825
8.671025
8.700575
8.7093
8.715675
8.765225
8.787925
8.800425
8.80455
8.811525
8.813075
8.813525
8.814825
8.8192
8.819425
8.822375
8.824625
8.8284
8.833125
8.839675
8.843075
8.8457
8.85595
8.858175
8.872125
8.89235
8.892475
8.894925
8.903275
8.90495
8.96575
9.009125
9.03945
9.066125
748
