0.10285
0.104175
0.1104
0.1158
0.132925
0.137375
0.1502
0.15505
0.16005
0.17045
0.171725
0.172675
0.175725
0.1982
0.1991
0.2142
0.222375
0.2398
0.242375
0.242775
0.24755
0.2598
0.268175
0.2925
0.334625
0.3581
0.358425
0.410625
0.416725
0.418775
0.4232
0.4284
0.42925
0.438875
0.4528
0.4564
0.4578
0.463425
0.470925
0.489875
0.495
0.504475
0.517425
0.542225
0.55075
0.592525
0.6247
0.630975
0.664675
0.69925
0.7043
0.711475
0.719675
0.7295
0.7415
0.746575
0.75045
0.758975
0.76205
0.763825
0.76535
0.76875
0.769775
0.78505
0.787675
0.793025
0.7961
0.800675
0.806975
0.8072
0.8395
0.856025
0.869225
0.8745
0.876375
0.891325
0.9263
0.958525
1.0025
1.009775
1.016075
1.023325
1.0328
1.0491
1.051575
1.0553
1.055525
1.05835
1.06195
1.08165
1.08605
1.086075
1.10265
1.1132
1.121
1.1271
1.133975
1.148075
1.1652
1.183925
1.195925
1.196475
1.245875
1.259025
1.301075
1.310325
1.32255
1.3292
1.3318
1.33285
1.33885
1.352775
1.358525
1.363625
1.38245
1.384075
1.384625
1.38655
1.3876
1.38765
1.39825
1.3987
1.411625
1.413
1.41855
1.421025
1.4268
1.428775
1.443
1.468975
1.482425
1.5062
1.568525
1.57015
1.600075
1.600325
1.60315
1.6046
1.6081
1.610675
1.622
1.635875
1.640575
1.65045
1.666075
1.6677
1.686875
1.7015
1.70475
1.704775
1.740525
1.74435
1.76635
1.76745
1.767675
1.791775
1.852225
1.87425
1.87565
1.882875
1.9016
1.9036
1.907625
1.91015
1.9371
1.93795
1.940825
1.94525
1.965375
1.989675
2.001525
2.0069
2.007375
2.0159
2.020675
2.0645
2.07335
2.0796
2.082925
2.0904
2.1186
2.13985
2.141625
2.222
2.22455
2.225925
2.2278
2.231725
2.243175
2.246525
2.25145
2.25265
2.2551
2.2596
2.264625
2.2778
2.278775
2.298175
2.3514
2.39095
2.3947
2.4199
2.4336
2.480975
2.487
2.490175
2.5094
2.509925
2.51475
2.52795
2.5284
2.529875
2.536525
2.541675
2.54865
2.5598
2.560875
2.572025
2.5972
2.602925
2.615875
2.624025
2.626325
2.63305
2.684225
2.685725
2.69435
2.72255
2.7276
2.748875
2.7653
2.782525
2.8049
2.81005
2.814575
2.820025
2.820075
2.832775
2.83395
2.844725
2.8453
2.86145
2.865825
2.8718
2.889675
2.92995
2.931475
2.949975
2.9552
2.957
2.977
2.987075
3.004575
3.04005
3.08415
3.090525
3.1017
3.105875
3.114275
3.11475
3.12335
3.124075
3.12545
3.126925
3.133925
3.134525
3.13675
3.1605
3.1623
3.166675
3.19515
3.217225
3.2219
3.226775
3.23165
3.2368
3.243325
3.2732
3.28765
3.290425
3.308475
3.325275
3.35905
3.368275
3.409425
3.415825
3.43185
3.43225
3.4367
3.458275
3.4651
3.47115
3.474
3.475675
3.481525
3.494025
3.5121
3.528175
3.5309
3.536675
3.55635
3.556975
3.5578
3.5861
3.645775
3.657725
3.7004
3.725825
3.74655
3.751125
3.766975
3.8008
3.802025
3.8103
3.818125
3.822625
3.832675
3.8473
3.91515
3.924125
3.959575
3.966375
3.983725
4.003
4.0263
4.03235
4.0324
4.0339
4.040125
4.04725
4.0624
4.06265
4.06695
4.0718
4.07405
4.077075
4.093225
4.107075
4.11095
4.123725
4.12865
4.1314
4.17055
4.211825
4.22465
4.2492
4.3079
4.3145
4.325625
4.326175
4.3284
4.3444
4.3506
4.3533
4.355525
4.3684
4.374025
4.37785
4.3804
4.3873
4.3935
4.4005
4.40585
4.409575
4.42065
4.42285
4.427
4.4345
4.43655
4.4416
4.445625
4.452075
4.462375
4.472075
4.479575
4.489
4.503775
4.5057
4.5071
4.50855
4.5192
4.53515
4.560875
4.57995
4.59655
4.601625
4.605525
4.6093
4.6166
4.61945
4.62185
4.644175
4.65695
4.665725
4.66965
4.679025
4.683475
4.695875
4.69655
4.727725
4.770825
4.778725
4.782975
4.78315
4.78485
4.8016
4.809175
4.8249
4.881075
4.91045
4.911575
4.918725
4.92355
4.926625
4.92975
4.93705
4.939025
4.95535
4.976975
4.98385
4.991225
4.991675
4.99645
4.998175
5.001575
5.007225
5.012175
5.03045
5.046475
5.04655
5.0507
5.050725
5.063925
5.13775
5.13875
5.14665
5.1492
5.162075
5.190525
5.238825
5.24135
5.25085
5.25225
5.2525
5.257975
5.261075
5.2668
5.26695
5.27315
5.2762
5.29285
5.299425
5.30615
5.307325
5.3094
5.31935
5.342625
5.348525
5.349075
5.366775
5.37605
5.398325
5.413775
5.4323
5.43655
5.447125
5.453275
5.497325
5.502775
5.505275
5.510675
5.51215
5.5136
5.521675
5.524225
5.52545
5.5294
5.544375
5.545875
5.54595
5.550525
5.563325
5.564525
5.567325
5.569775
5.573375
5.579525
5.58245
5.584875
5.586175
5.588525
5.6463
5.6526
5.673825
5.7409
5.745725
5.754275
5.75585
5.772475
5.803225
5.80525
5.811975
5.812975
5.816575
5.8207
5.8266
5.828075
5.828525
5.859425
5.866875
5.872925
5.87665
5.886525
5.8895
5.924025
5.939225
5.944625
5.95305
5.9618
5.987725
5.99285
6.008825
6.015675
6.0341
6.06475
6.068825
6.105125
6.110075
6.110125
6.117475
6.119225
6.123725
6.1239
6.13435
6.1399
6.143925
6.1499
6.151825
6.1524
6.15385
6.174475
6.1762
6.18785
6.201675
6.21945
6.24275
6.267225
6.278575
6.283975
6.291475
6.321825
6.35975
6.387825
6.4023
6.4096
6.421525
6.4266
6.429575
6.47725
6.4958
6.496025
6.5119
6.513075
6.547075
6.547425
6.552075
6.5606
6.561975
6.564025
6.5806
6.58495
6.58525
6.7032
6.705375
6.70655
6.7106
6.711625
6.72955
6.7392
6.74885
6.750725
6.75765
6.7741
6.787325
6.787975
6.789125
6.8413
6.8472
6.851725
6.85745
6.8618
6.871325
6.917875
6.92215
6.930025
6.9437
6.943875
6.95245
6.9533
7.003575
7.003725
7.0056
7.006625
7.00945
7.0105
7.012775
7.013125
7.01525
7.015275
7.024425
7.025875
7.0288
7.0411
7.0521
7.0721
7.079025
7.07975
7.095625
7.1008
7.100975
7.13365
7.1616
7.175525
7.1761
7.1866
7.189425
7.193075
7.1953
7.27185
7.304075
7.3126
7.317125
7.32905
7.341725
7.35275
7.357325
7.363175
7.364775
7.3707
7.37465
7.391175
7.391425
7.4103
7.41575
7.4845
7.49325
7.506625
7.506925
7.5176
7.53275
7.5715
7.605325
7.606125
7.606575
7.61325
7.615625
7.631325
7.637725
7.647675
7.65325
7.658675
7.674225
7.68185
7.6861
7.687275
7.7117
7.727475
7.731475
7.7416
7.7645
7.8889
7.9019
7.908475
7.918575
7.949675
7.953125
7.9598
7.967625
7.980675
7.9875
7.988175
8.002075
8.005025
8.0134
8.0149
8.02845
8.031075
8.0407
8.0594
8.086975
8.12165
8.13535
8.148875
8.1835
8.1898
8.1946
8.2043
8.20705
8.222425
8.22365
8.230975
8.236175
8.252125
8.25435
8.265525
8.268775
8.27545
8.2794
8.295675
8.30215
8.339275
8.34065
8.3709
8.38695
8.388375
8.39435
8.412475
8.42195
8.4525
8.466375
8.48905
8.507075
8.509325
8.5188
8.52475
8.546525
8.558625
8.55965
8.56695
8.569025
8.57555
8.576425
8.57715
8.6055
8.60585
8.618675
8.6204
8.638675
8.650425
8.704325
8.717775
8.72375
8.745025
8.801725
8.8076
8.80885
8.814225
8.8147
8.820275
8.83515
8.83555
8.839125
8.84495
8.852725
8.8728
8.884625
8.89935
8.903975
8.91815
8.922575
8.9408
8.9528
8.97005
8.992225
9.012425
9.022725
9.029775
9.052675
9.059875
9.064475
9.06795
771
