0.101925
0.105125
0.14995
0.160575
0.1717
0.183425
0.1869
0.18855
0.19575
0.200075
0.20375
0.2043
0.20525
0.2055
0.207725
0.2137
0.215325
0.2267
0.23635
0.241375
0.2875
0.31785
0.318325
0.335675
0.341125
0.370225
0.402975
0.403175
0.4066
0.41445
0.422875
0.425325
0.4349
0.447225
0.448625
0.44925
0.456975
0.4661
0.4736
0.484975
0.496525
0.50725
0.518275
0.539625
0.562725
0.59335
0.6249
0.63175
0.657675
0.659
0.6652
0.681875
0.691925
0.70265
0.709125
0.71595
0.716
0.7172
0.71905
0.72185
0.7221
0.723225
0.7303
0.75015
0.7607
0.765525
0.7885
0.80175
0.80995
0.81935
0.845725
0.877675
0.89115
0.900475
0.9073
0.940275
0.94935
0.9817
1.014825
1.020725
1.0215
1.0404
1.042675
1.053225
1.05615
1.076325
1.079275
1.09005
1.1176
1.1184
1.12665
1.132675
1.134775
1.13495
1.14215
1.143125
1.146175
1.17245
1.204475
1.205275
1.2101
1.2125
1.213425
1.2548
1.25975
1.261825
1.26795
1.27785
1.2843
1.29585
1.305025
1.30665
1.307575
1.307825
1.317575
1.31865
1.3289
1.33815
1.339025
1.34045
1.351175
1.395025
1.396475
1.40795
1.4142
1.443525
1.44775
1.45985
1.471525
1.489425
1.5222
1.53775
1.586175
1.6012
1.604825
1.607725
1.630625
1.6316
1.645225
1.66565
1.67535
1.687875
1.6881
1.695
1.706825
1.71655
1.719475
1.735125
1.7502
1.750725
1.752325
1.76625
1.789325
1.801075
1.803675
1.82055
1.825375
1.847575
1.85095
1.8964
1.89815
1.9048
1.929325
1.938025
1.94225
1.96085
1.9621
1.962925
1.96715
1.97935
2.0172
2.04345
2.0439
2.0643
2.09425
2.10095
2.174525
2.217625
2.23435
2.238925
2.24505
2.24885
2.250325
2.260625
2.26235
2.2707
2.275875
2.287925
2.32695
2.33165
2.3352
2.347725
2.3589
2.38185
2.40345
2.412275
2.4451
2.448725
2.457725
2.475075
2.507525
2.51015
2.522675
2.527675
2.5287
2.54575
2.558475
2.562375
2.564825
2.579975
2.58045
2.58705
2.59895
2.607
2.633725
2.654675
2.6548
2.65825
2.69195
2.71585
2.7247
2.740775
2.7512
2.75435
2.769975
2.777625
2.804275
2.814225
2.8291
2.848775
2.878725
2.879325
2.879375
2.882975
2.90195
2.91455
2.93
2.930675
2.933975
2.96215
2.984375
2.988425
3.00375
3.006225
3.016325
3.026075
3.030425
3.052925
3.076775
3.107675
3.1101
3.116775
3.1174
3.12575
3.126475
3.127425
3.1301
3.148125
3.1722
3.20325
3.206825
3.230475
3.2391
3.243525
3.251375
3.2594
3.2836
3.334425
3.397675
3.406275
3.420675
3.423375
3.427525
3.42805
3.4284
3.4321
3.441475
3.442075
3.45195
3.453925
3.466225
3.4693
3.471025
3.489825
3.493725
3.494375
3.5115
3.516925
3.590675
3.6076
3.618025
3.636375
3.65815
3.65985
3.676125
3.69065
3.705125
3.70635
3.711725
3.715025
3.716625
3.720575
3.7249
3.735125
3.738825
3.748725
3.752675
3.754225
3.770725
3.773275
3.77355
3.778275
3.7811
3.79355
3.801475
3.80535
3.81325
3.8161
3.833025
3.855
3.874375
3.888425
3.889125
3.896325
3.945225
3.987825
3.9935
4.0163
4.0164
4.0169
4.02785
4.030725
4.033425
4.036575
4.03715
4.04605
4.058075
4.061575
4.06755
4.079075
4.10215
4.10475
4.107825
4.11065
4.1153
4.130025
4.142675
4.1474
4.15335
4.16955
4.2127
4.215775
4.22755
4.24155
4.24995
4.307725
4.3105
4.311475
4.336275
4.338325
4.339875
4.365175
4.366
4.372275
4.381075
4.391125
4.404075
4.422975
4.4271
4.432425
4.434225
4.4626
4.5033
4.504025
4.507275
4.511775
4.5814
4.60365
4.608475
4.611875
4.615825
4.61865
4.6202
4.623725
4.6407
4.659975
4.676725
4.70315
4.7195
4.732575
4.7621
4.764075
4.78025
4.79145
4.82065
4.885925
4.900875
4.900975
4.908625
4.908925
4.90975
4.91565
4.9218
4.925425
4.927225
4.92995
4.937475
4.94245
4.947525
4.948575
4.95515
4.963825
4.974
4.975075
5.007125
5.033675
5.049225
5.051125
5.051575
5.053025
5.058775
5.090275
5.125325
5.174675
5.182375
5.186825
5.20015
5.211975
5.217675
5.238925
5.25835
5.26005
5.298475
5.300025
5.306425
5.316725
5.3291
5.349775
5.360325
5.378825
5.419475
5.42205
5.44435
5.454325
5.4593
5.46735
5.475975
5.485325
5.49615
5.507075
5.508675
5.51195
5.518675
5.51985
5.523175
5.5238
5.524225
5.5284
5.530275
5.543325
5.546475
5.55735
5.557925
5.5716
5.5787
5.582425
5.589
5.613125
5.614375
5.6288
5.6317
5.6449
5.674725
5.739875
5.752375
5.776525
5.820225
5.8208
5.849225
5.861475
5.86415
5.8709
5.8839
5.90025
5.919
5.921675
5.92785
5.929475
5.9337
5.9588
5.9661
6.03655
6.044325
6.069725
6.07325
6.085175
6.113625
6.1174
6.120525
6.133625
6.135025
6.1376
6.1399
6.144925
6.167575
6.178125
6.18265
6.220375
6.255725
6.259275
6.26105
6.2621
6.26735
6.28055
6.319125
6.32725
6.331075
6.338375
6.39475
6.3973
6.401425
6.4102
6.414825
6.431025
6.432625
6.434775
6.456275
6.463125
6.46765
6.472825
6.48135
6.4817
6.487275
6.502525
6.52335
6.5406
6.54245
6.5568
6.59415
6.5967
6.607925
6.61565
6.622375
6.678875
6.6849
6.69725
6.70275
6.7061
6.7069
6.710025
6.71035
6.7159
6.7548
6.7592
6.76165
6.77295
6.786325
6.809925
6.830875
6.865175
6.885175
6.9008
6.909
6.93045
6.933675
6.9365
6.95085
6.9577
6.96585
6.992175
6.999375
7.00005
7.010125
7.02815
7.03105
7.04835
7.048725
7.057175
7.06545
7.0707
7.0718
7.07575
7.0759
7.098675
7.103175
7.105
7.1181
7.15455
7.17655
7.1991
7.2051
7.23195
7.2342
7.248275
7.261075
7.309875
7.3118
7.311825
7.32385
7.327325
7.3457
7.368825
7.372375
7.3726
7.3781
7.38955
7.3914
7.4304
7.44055
7.449425
7.4508
7.454325
7.45595
7.4727
7.530175
7.5582
7.59585
7.59955
7.612275
7.6197
7.641075
7.643175
7.65135
7.6677
7.679625
7.685375
7.7041
7.705875
7.708325
7.7288
7.734675
7.742075
7.773925
7.777
7.778525
7.77855
7.7822
7.805025
7.824025
7.8267
7.857775
7.884775
7.908625
7.9145
7.915725
7.919425
7.922225
7.9448
7.95055
7.95245
7.991325
7.9948
8.00625
8.031725
8.035075
8.039475
8.062525
8.064125
8.064675
8.0799
8.11075
8.1176
8.122875
8.148025
8.19015
8.2004
8.202875
8.213325
8.22105
8.22535
8.23355
8.2375
8.24365
8.254575
8.268175
8.2728
8.2993
8.3034
8.3059
8.306975
8.3389
8.360875
8.361875
8.36455
8.3753
8.39745
8.43425
8.454175
8.462175
8.473075
8.475275
8.488475
8.496525
8.4979
8.505625
8.50935
8.513025
8.52555
8.528125
8.5303
8.5342
8.540425
8.541675
8.543275
8.547425
8.54755
8.556125
8.563575
8.572275
8.57555
8.57675
8.57885
8.581775
8.639375
8.6457
8.651625
8.6539
8.69105
8.707175
8.7188
8.748075
8.80275
8.8131
8.81505
8.8159
8.816125
8.8164
8.8246
8.850075
8.8547
8.855925
8.862125
8.8752
8.916575
8.92565
8.934375
8.970975
8.975125
8.990725
8.9964
8.9965
8.99745
9.005475
9.036375
9.042925
9.049475
9.05915
9.068025
9.06885
9.07685
9.0922
9.094075
9.0975
753
