0.100725
0.10605
0.112275
0.11345
0.12005
0.125525
0.13165
0.138975
0.153175
0.155625
0.1635
0.1652
0.175175
0.1795
0.18545
0.193275
0.204725
0.20705
0.223625
0.22575
0.2297
0.23545
0.246925
0.258325
0.2601
0.26355
0.2802
0.3255
0.398275
0.40045
0.40965
0.410275
0.430575
0.431225
0.43975
0.4413
0.445975
0.4533
0.4778
0.488675
0.50975
0.5167
0.520675
0.52965
0.531125
0.533775
0.5354
0.5568
0.56215
0.5634
0.57305
0.580025
0.607
0.61325
0.665325
0.678575
0.695925
0.7001
0.709075
0.7114
0.7117
0.721775
0.722225
0.73405
0.748225
0.7486
0.749725
0.754375
0.7624
0.76405
0.76955
0.77405
0.795225
0.79565
0.80645
0.813
0.81395
0.8141
0.8444
0.851675
0.8654
0.880225
0.896025
0.89955
0.94325
0.959925
0.963325
0.987625
1.000975
1.004375
1.02335
1.0271
1.032125
1.036625
1.036975
1.039375
1.0428
1.057975
1.059475
1.0623
1.0649
1.0663
1.0704
1.070575
1.076625
1.082975
1.107525
1.1121
1.126175
1.144825
1.155425
1.1612
1.17135
1.182025
1.20005
1.2017
1.23595
1.25175
1.2818
1.305875
1.325025
1.3314
1.33175
1.339025
1.3412
1.346475
1.350975
1.352475
1.368575
1.370175
1.377475
1.3946
1.396375
1.405475
1.413975
1.41975
1.422975
1.42975
1.44585
1.4607
1.473925
1.535875
1.5404
1.546525
1.5611
1.5635
1.59295
1.599475
1.608575
1.6122
1.623525
1.635025
1.635275
1.6386
1.639225
1.63925
1.64935
1.654225
1.656075
1.65665
1.6657
1.673125
1.69995
1.704975
1.707725
1.748075
1.755775
1.758425
1.777675
1.79035
1.79445
1.835475
1.839275
1.857575
1.86965
1.913175
1.9143
1.9165
1.919
1.9206
1.92135
1.922275
1.931475
1.941325
1.95645
1.959175
1.9641
1.97695
1.9853
2.012275
2.012975
2.01635
2.0312
2.03925
2.0478
2.056325
2.057425
2.061025
2.098275
2.11955
2.121275
2.123225
2.123425
2.13585
2.139175
2.22595
2.2353
2.235575
2.24035
2.241275
2.241775
2.248975
2.24935
2.24955
2.2512
2.25815
2.259575
2.26185
2.28025
2.29935
2.300375
2.30375
2.307325
2.3109
2.317625
2.320825
2.372125
2.38235
2.40755
2.44165
2.46885
2.4711
2.5002
2.512
2.51285
2.514175
2.52435
2.53235
2.5362
2.550225
2.55845
2.575575
2.5796
2.592775
2.6069
2.6262
2.628325
2.64415
2.6581
2.684625
2.687825
2.7107
2.723175
2.73565
2.74705
2.766875
2.802725
2.815975
2.82185
2.824075
2.824725
2.8308
2.839825
2.849
2.8535
2.8576
2.873325
2.883075
2.890225
2.928675
2.937275
2.965875
2.9841
3.02435
3.0302
3.06995
3.074725
3.1056
3.1115
3.11235
3.113525
3.11755
3.148625
3.166325
3.170975
3.17125
3.174475
3.179075
3.188975
3.1919
3.19385
3.195025
3.209425
3.21915
3.22775
3.234175
3.244425
3.258
3.298925
3.305775
3.312175
3.31935
3.363575
3.3698
3.3904
3.401575
3.404425
3.40725
3.41885
3.422825
3.426425
3.42945
3.43235
3.436925
3.441725
3.4435
3.4558
3.4571
3.4582
3.475925
3.479575
3.4894
3.49665
3.497325
3.52675
3.53775
3.56825
3.615025
3.7048
3.7071
3.707975
3.714025
3.721975
3.72785
3.736725
3.737125
3.742
3.7576
3.7777
3.780025
3.780825
3.7841
3.78565
3.8051
3.810975
3.81375
3.8144
3.825325
3.8282
3.841925
3.849125
3.857075
3.860125
3.860175
3.9254
3.93915
3.96645
3.99265
4.008025
4.015425
4.018425
4.028025
4.057275
4.0735
4.0926
4.113425
4.135575
4.149625
4.154775
4.175075
4.19635
4.20035
4.22845
4.233975
4.314325
4.321225
4.32405
4.335
4.337375
4.34075
4.349375
4.355725
4.36895
4.383375
4.3865
4.402275
4.429
4.431925
4.437725
4.444475
4.467
4.486325
4.504625
4.5179
4.522575
4.545725
4.569675
4.5811
4.5858
4.600125
4.602875
4.618225
4.62745
4.63025
4.6349
4.63535
4.63635
4.6471
4.670825
4.70905
4.73115
4.731425
4.750975
4.757175
4.759475
4.76435
4.76725
4.770375
4.784475
4.7861
4.791925
4.81875
4.8258
4.87475
4.88105
4.904975
4.905
4.9058
4.9063
4.907
4.9071
4.9107
4.912325
4.914925
4.9196
4.933625
4.9496
4.969925
4.97335
4.977475
4.9873
5.016325
5.020075
5.030175
5.066375
5.09095
5.092375
5.112075
5.114125
5.119175
5.125275
5.1903
5.190825
5.21605
5.216275
5.231125
5.24175
5.2587
5.260125
5.268975
5.27255
5.279325
5.296975
5.297475
5.3017
5.3081
5.319
5.319225
5.333075
5.33855
5.346775
5.350125
5.3511
5.3566
5.3667
5.38535
5.4082
5.42165
5.51005
5.52105
5.524775
5.533125
5.537925
5.547925
5.5497
5.556875
5.564825
5.5799
5.590725
5.591725
5.6018
5.6228
5.623725
5.630575
5.63355
5.640075
5.661275
5.661475
5.6635
5.672975
5.73015
5.738275
5.771125
5.801075
5.80675
5.810925
5.811525
5.82185
5.832075
5.832325
5.85125
5.85315
5.8621
5.901825
5.90445
5.904925
5.90635
5.908425
5.920725
5.9282
5.929625
5.9464
5.9469
5.955875
5.964975
5.974175
5.991075
6.0074
6.035675
6.03815
6.065675
6.085075
6.122425
6.12835
6.1361
6.141425
6.17015
6.173275
6.1843
6.2073
6.22585
6.232625
6.246875
6.25855
6.262725
6.28035
6.308275
6.312975
6.3155
6.31835
6.325725
6.34195
6.349
6.3594
6.3972
6.4032
6.40835
6.410275
6.41045
6.4135
6.4225
6.4229
6.4248
6.425475
6.43365
6.44775
6.452575
6.48045
6.4832
6.483225
6.484425
6.49625
6.5456
6.54785
6.590125
6.59785
6.61565
6.6257
6.6477
6.6478
6.64975
6.660675
6.68275
6.6979
6.70855
6.7102
6.71225
6.71425
6.721375
6.725825
6.730775
6.733225
6.742
6.74445
6.75465
6.7679
6.780875
6.785075
6.78965
6.79765
6.81715
6.8313
6.861275
6.876475
6.887625
6.92735
6.9376
6.953975
7.01565
7.0307
7.039625
7.043825
7.057725
7.061825
7.069725
7.070975
7.09495
7.099325
7.136
7.1695
7.19015
7.2077
7.246925
7.2575
7.2614
7.26555
7.300975
7.3162
7.3208
7.32205
7.32345
7.340075
7.347375
7.354575
7.35945
7.388175
7.413675
7.422475
7.431
7.4374
7.484075
7.4932
7.4983
7.51215
7.51825
7.549525
7.5834
7.611325
7.6167
7.62485
7.630375
7.6319
7.637875
7.65195
7.6524
7.653075
7.663375
7.66925
7.669575
7.676625
7.6773
7.67805
7.69275
7.69745
7.698925
7.702575
7.707075
7.7077
7.722625
7.73585
7.739025
7.740525
7.74165
7.743
7.7497
7.762125
7.7799
7.807825
7.812125
7.833025
7.850325
7.900975
7.903975
7.909475
7.9108
7.920925
7.9252
7.9253
7.930975
7.937625
7.944525
7.952125
7.958025
7.987175
7.99005
7.995825
7.99895
8.074625
8.08075
8.095
8.10605
8.138275
8.2007
8.20155
8.206
8.20965
8.212125
8.2194
8.2247
8.229525
8.234525
8.24445
8.246875
8.24835
8.2528
8.2634
8.267075
8.283375
8.301075
8.30995
8.33535
8.345125
8.35785
8.37135
8.37705
8.401575
8.407325
8.41935
8.42145
8.426025
8.43045
8.451425
8.453575
8.47275
8.504
8.504925
8.5074
8.512125
8.513975
8.516725
8.52035
8.520425
8.530225
8.53555
8.53965
8.563175
8.563825
8.564875
8.569925
8.57145
8.5774
8.5793
8.598325
8.612575
8.614125
8.625725
8.6282
8.63645
8.6456
8.6471
8.650875
8.66275
8.674675
8.682
8.6926
8.69785
8.745925
8.76365
8.80065
8.8043
8.80635
8.8186
8.822775
8.8272
8.831575
8.83555
8.839975
8.84315
8.844825
8.859225
8.863025
8.8676
8.8732
8.874025
8.9093
8.93055
8.93545
8.9419
8.943225
8.973725
8.9832
8.9872
9.009025
9.00965
9.023625
9.027325
9.032
9.0508
9.052725
9.053375
9.06355
801
