0.11515
0.116825
0.118675
0.140775
0.15005
0.1529
0.17125
0.17405
0.17735
0.185225
0.19265
0.199075
0.2231
0.22425
0.281275
0.285375
0.31625
0.332375
0.39765
0.400225
0.401875
0.424175
0.424975
0.43125
0.452075
0.473825
0.474975
0.48025
0.506975
0.51325
0.550975
0.56115
0.564825
0.56875
0.570525
0.586075
0.59455
0.625
0.630025
0.646225
0.669825
0.7018
0.703825
0.723475
0.728325
0.72845
0.7403
0.7412
0.7421
0.744925
0.7456
0.748575
0.754475
0.75555
0.7584
0.760025
0.768175
0.77215
0.799925
0.82675
0.839075
0.8435
0.84665
0.862225
0.87085
0.881825
0.885325
0.919375
0.9514
0.959725
0.97015
0.984925
0.987225
1.006825
1.02445
1.0459
1.046775
1.04735
1.056575
1.06745
1.07615
1.094275
1.09445
1.0993
1.099975
1.112125
1.118075
1.126075
1.13035
1.134875
1.142175
1.1564
1.159575
1.185125
1.192475
1.19895
1.2089
1.21265
1.21945
1.247725
1.2755
1.30225
1.31
1.314325
1.3272
1.334225
1.336575
1.339575
1.340825
1.34865
1.35625
1.356275
1.3599
1.369825
1.371425
1.381575
1.39255
1.4055
1.417675
1.431025
1.438475
1.466025
1.467675
1.481075
1.482175
1.4871
1.490775
1.498925
1.507475
1.526775
1.5295
1.562025
1.60555
1.606825
1.607975
1.609575
1.613975
1.61765
1.630175
1.633875
1.635275
1.652375
1.666975
1.701925
1.702775
1.706275
1.72085
1.745675
1.75945
1.778575
1.83845
1.870175
1.88515
1.901025
1.906975
1.919925
1.9225
1.9271
1.928475
1.930925
1.934425
1.938675
1.942
1.944175
2.000075
2.0116
2.020675
2.022625
2.0279
2.046125
2.055775
2.0627
2.066625
2.06675
2.10885
2.13285
2.1457
2.149375
2.159525
2.173075
2.17555
2.22285
2.224625
2.232975
2.23805
2.244175
2.2467
2.2602
2.27105
2.271175
2.278125
2.285175
2.2892
2.31285
2.31385
2.3157
2.321475
2.323025
2.3356
2.3525
2.356225
2.3685
2.3809
2.4215
2.44045
2.459575
2.4729
2.4782
2.50455
2.507125
2.52245
2.527525
2.565425
2.57115
2.57535
2.581225
2.583275
2.587775
2.596975
2.60165
2.629025
2.644925
2.66245
2.6889
2.703675
2.7496
2.749625
2.76555
2.801475
2.804275
2.813225
2.817025
2.819375
2.823125
2.832925
2.84175
2.8643
2.868425
2.8806
2.909575
2.9123
2.912475
2.915725
2.98665
2.99745
2.998525
3.07045
3.074325
3.10585
3.11715
3.1207
3.1262
3.13115
3.135425
3.136275
3.13745
3.1475
3.1692
3.1714
3.174125
3.175775
3.178725
3.180775
3.185225
3.199475
3.199725
3.2167
3.25635
3.264175
3.267675
3.291825
3.297225
3.316925
3.3277
3.32845
3.369575
3.401775
3.407575
3.4094
3.41295
3.42045
3.424275
3.4328
3.4673
3.4728
3.47855
3.479175
3.482
3.49055
3.502675
3.515925
3.527875
3.541175
3.55195
3.558525
3.623575
3.709175
3.715525
3.715575
3.723875
3.727525
3.74975
3.758275
3.759125
3.76485
3.765775
3.77455
3.776025
3.80185
3.8045
3.80475
3.80865
3.884
3.885
3.901375
3.902425
3.9053
3.909975
3.910125
3.920875
3.9263
3.942875
3.956775
3.967775
3.996575
4.003275
4.00575
4.0098
4.029975
4.034225
4.04105
4.04985
4.050775
4.0636
4.0715
4.081725
4.085725
4.0882
4.09
4.1194
4.1257
4.12925
4.15335
4.160825
4.1701
4.1759
4.2073
4.22465
4.24055
4.2486
4.277775
4.298775
4.3064
4.312975
4.329625
4.332825
4.3389
4.340575
4.3406
4.3421
4.353525
4.3744
4.37475
4.37635
4.423825
4.42415
4.46815
4.479775
4.494175
4.496525
4.51975
4.5494
4.598025
4.598075
4.603475
4.6067
4.60775
4.60855
4.61095
4.6175
4.630375
4.630725
4.63195
4.635675
4.638525
4.647575
4.648525
4.681375
4.687625
4.69195
4.7022
4.74535
4.7485
4.753625
4.765375
4.765925
4.787
4.799675
4.8076
4.8124
4.829425
4.83605
4.83905
4.853725
4.861375
4.86595
4.86695
4.915525
4.9221
4.93165
4.93355
4.939525
4.94255
4.96975
4.97755
4.98315
4.986225
4.999975
5.009875
5.01535
5.018725
5.020325
5.036075
5.051475
5.069975
5.0784
5.10275
5.11805
5.126975
5.1948
5.20195
5.20285
5.203125
5.20395
5.2159
5.226
5.227025
5.24485
5.2488
5.271375
5.275175
5.28175
5.29515
5.319625
5.320975
5.323025
5.33915
5.3455
5.353125
5.441275
5.510175
5.518925
5.5238
5.543525
5.54915
5.557575
5.56125
5.565575
5.56795
5.5847
5.592975
5.61985
5.622
5.6254
5.65415
5.6557
5.657
5.670475
5.67935
5.722875
5.727525
5.7309
5.75915
5.771225
5.802725
5.8119
5.82045
5.831425
5.83355
5.83495
5.837475
5.83965
5.8447
5.84765
5.84975
5.859525
5.8663
5.8697
5.88305
5.889675
5.9049
5.9106
5.9193
5.9252
5.945025
5.96275
5.96295
5.97935
5.9902
5.9912
5.9945
6.0025
6.025625
6.026125
6.068975
6.0846
6.110075
6.129
6.130975
6.1375
6.151525
6.152775
6.15355
6.154275
6.1652
6.1703
6.189025
6.1941
6.1954
6.20465
6.2245
6.226775
6.25905
6.259575
6.26955
6.281175
6.31415
6.3143
6.324525
6.3324
6.3513
6.4016
6.402525
6.41135
6.41775
6.419575
6.420325
6.424175
6.425575
6.4262
6.426825
6.436625
6.44125
6.448225
6.45085
6.451575
6.4629
6.464125
6.4853
6.4895
6.509075
6.511725
6.52295
6.525575
6.5321
6.53755
6.541875
6.5842
6.58765
6.5906
6.617125
6.629025
6.629525
6.6505
6.665625
6.672025
6.6894
6.701875
6.704875
6.7053
6.706625
6.707925
6.716775
6.717575
6.7299
6.73195
6.7502
6.75485
6.75645
6.76125
6.77605
6.803625
6.82915
6.87325
6.99175
7.001675
7.01515
7.018875
7.027425
7.038675
7.044425
7.0475
7.08435
7.109
7.123475
7.1625
7.162925
7.175375
7.18695
7.240075
7.252775
7.26745
7.2774
7.279625
7.31015
7.310775
7.3169
7.320675
7.321025
7.3484
7.37765
7.3815
7.4054
7.411875
7.461225
7.462
7.463025
7.538275
7.5398
7.568875
7.59575
7.599975
7.60305
7.61135
7.6132
7.623775
7.6336
7.645275
7.6523
7.655825
7.67325
7.67475
7.6776
7.7109
7.71645
7.728525
7.7317
7.732775
7.746875
7.75005
7.75085
7.7793
7.79145
7.79575
7.79915
7.81145
7.83855
7.9018
7.903975
7.910925
7.9128
7.913375
7.9239
7.928375
7.92925
7.932775
7.9404
7.947725
7.9511
7.982275
7.989275
7.994775
7.99545
8.026875
8.02775
8.05895
8.111875
8.14055
8.160525
8.17955
8.20735
8.21505
8.2162
8.222675
8.227725
8.228225
8.229925
8.243625
8.2457
8.27665
8.293225
8.323775
8.357625
8.413075
8.502075
8.5096
8.518225
8.519575
8.52035
8.52665
8.5277
8.538425
8.543975
8.548075
8.569625
8.5717
8.586425
8.591275
8.600075
8.606875
8.61535
8.628025
8.6326
8.6345
8.637575
8.671075
8.682475
8.71485
8.718675
8.722025
8.75225
8.759325
8.788025
8.80205
8.809875
8.810025
8.814725
8.818675
8.8319
8.834075
8.83995
8.845575
8.852525
8.861975
8.874625
8.878225
8.883025
8.886725
8.887
8.888725
8.90375
8.9125
8.91855
8.923125
8.923475
8.94555
8.9495
8.953225
8.959075
8.9674
8.98625
9.00485
9.009125
9.023175
9.0266
9.030975
9.034225
9.077475
9.094325
749
