0.052475
0.105325
0.111275
0.111875
0.113025
0.12635
0.14295
0.165575
0.1737
0.17675
0.1772
0.185875
0.212
0.264475
0.266625
0.287825
0.2977
0.317
0.330225
0.330625
0.33435
0.402825
0.4034
0.41865
0.42085
0.429825
0.432175
0.43535
0.43705
0.485775
0.486525
0.494225
0.505575
0.5217
0.53945
0.547775
0.554275
0.5726
0.604025
0.630725
0.6332
0.663325
0.67305
0.703575
0.711375
0.71175
0.71185
0.7168
0.722325
0.735925
0.74985
0.753
0.755725
0.756125
0.76725
0.76815
0.7683
0.7722
0.77785
0.792325
0.7959
0.805275
0.80685
0.8099
0.861325
0.8641
0.866025
0.9041
0.9284
0.94355
1.00405
1.016175
1.02115
1.02305
1.041675
1.04405
1.045475
1.0486
1.052125
1.058175
1.0589
1.0617
1.062525
1.08185
1.08405
1.10495
1.115025
1.122125
1.122725
1.14025
1.141475
1.14915
1.165425
1.2022
1.274275
1.301425
1.3016
1.30425
1.305
1.305375
1.309225
1.310075
1.31165
1.314775
1.324375
1.329425
1.3312
1.34715
1.34985
1.351725
1.356925
1.3664
1.37055
1.371875
1.384025
1.402025
1.40605
1.417275
1.42075
1.434525
1.4391
1.4519
1.45325
1.4601
1.4944
1.494925
1.500325
1.5178
1.5378
1.562375
1.6066
1.60875
1.610625
1.615925
1.616125
1.619875
1.629375
1.6298
1.630525
1.634575
1.642375
1.642775
1.6475
1.6872
1.698325
1.701475
1.70885
1.718475
1.732
1.742025
1.7849
1.826175
1.840125
1.855075
1.8583
1.8586
1.860675
1.89325
1.901075
1.9048
1.906825
1.9076
1.9138
1.91615
1.919175
1.92185
1.945025
1.965775
1.98715
1.9888
1.9929
1.999225
2.00015
2.033975
2.03595
2.03795
2.040275
2.061175
2.074925
2.10315
2.12925
2.208225
2.2121
2.221175
2.22355
2.2504
2.258025
2.259825
2.26255
2.265
2.2713
2.28735
2.2972
2.29755
2.303925
2.3055
2.31645
2.359625
2.3607
2.3625
2.385425
2.41215
2.414475
2.477225
2.5056
2.505775
2.506575
2.5079
2.513
2.530025
2.5585
2.568075
2.569925
2.5869
2.59045
2.6065
2.609475
2.611575
2.62125
2.629625
2.674575
2.677575
2.68555
2.7001
2.726575
2.728925
2.735075
2.7475
2.7766
2.818575
2.819625
2.8258
2.8274
2.837075
2.84535
2.85475
2.855525
2.86505
2.8894
2.900075
2.901175
2.9347
2.9433
3.001525
3.0403
3.042025
3.05605
3.1112
3.1365
3.150075
3.156075
3.1857
3.20475
3.2464
3.25365
3.2796
3.280325
3.31
3.314125
3.3301
3.34255
3.3459
3.358375
3.371325
3.385575
3.38905
3.3892
3.40015
3.406975
3.42005
3.424975
3.435925
3.4388
3.44305
3.459275
3.481775
3.494075
3.497575
3.508825
3.511625
3.511775
3.51235
3.517825
3.562475
3.585875
3.6022
3.60825
3.6175
3.628225
3.6558
3.662
3.684125
3.691775
3.713975
3.721175
3.722225
3.727925
3.7394
3.747575
3.7658
3.76785
3.792275
3.809825
3.817425
3.820725
3.83395
3.851825
3.896425
3.912625
3.923375
3.9564
3.969225
4.02675
4.0347
4.052625
4.0536
4.05645
4.069975
4.08305
4.0877
4.0988
4.102775
4.104275
4.108725
4.111675
4.122275
4.125575
4.12885
4.138325
4.167025
4.1671
4.226
4.228825
4.237675
4.243125
4.26165
4.272725
4.274925
4.303475
4.307025
4.3094
4.31085
4.31635
4.317525
4.335825
4.3378
4.35085
4.368425
4.37015
4.3888
4.4048
4.4165
4.456925
4.4584
4.461025
4.487075
4.493925
4.494725
4.501375
4.509225
4.511425
4.51465
4.529475
4.535525
4.55295
4.5718
4.5868
4.61185
4.624725
4.634625
4.6522
4.653
4.662075
4.665925
4.744175
4.76185
4.7687
4.779525
4.79025
4.858375
4.8664
4.8688
4.90265
4.907575
4.90885
4.909475
4.932
4.949575
4.951975
4.953975
4.9575
4.957625
4.960975
4.96345
4.966175
4.970925
4.97275
4.974425
4.98175
4.99445
4.999425
5.009
5.0133
5.0196
5.030025
5.04155
5.044875
5.105975
5.164975
5.1722
5.200375
5.200475
5.213625
5.21735
5.219625
5.220175
5.222225
5.22885
5.228875
5.23435
5.23515
5.237975
5.242325
5.2485
5.261925
5.271775
5.303475
5.305075
5.306825
5.311875
5.312875
5.321625
5.33045
5.332075
5.377375
5.3963
5.4017
5.411575
5.424525
5.431275
5.441175
5.493975
5.5009
5.504575
5.5113
5.5207
5.5326
5.547575
5.56225
5.5632
5.585425
5.5871
5.589725
5.6004
5.607025
5.607725
5.628125
5.63005
5.646125
5.653025
5.664425
5.6846
5.701075
5.72185
5.74395
5.804275
5.8137
5.817375
5.82755
5.832475
5.84015
5.855725
5.859875
5.86415
5.868675
5.87725
5.882875
5.9175
5.929825
5.932725
5.93675
5.9432
5.944725
5.95095
5.9529
5.9603
5.97485
5.986875
5.9979
6.01135
6.01225
6.02485
6.068375
6.102125
6.102575
6.103075
6.109325
6.11075
6.1113
6.111475
6.1135
6.119925
6.1261
6.129
6.140175
6.14805
6.149
6.150925
6.15535
6.15775
6.17435
6.182625
6.19
6.19725
6.1978
6.2008
6.2067
6.20675
6.2254
6.2265
6.235275
6.23925
6.24195
6.30885
6.325875
6.3265
6.341625
6.343675
6.379975
6.400075
6.40635
6.4069
6.407025
6.4118
6.4256
6.430225
6.430275
6.431575
6.43245
6.433825
6.435675
6.459225
6.4792
6.48155
6.484525
6.497875
6.507275
6.5121
6.5315
6.532975
6.54105
6.543475
6.57005
6.57405
6.58425
6.5872
6.596475
6.600175
6.657225
6.667525
6.7043
6.704825
6.70685
6.71275
6.715125
6.7172
6.718425
6.72965
6.74215
6.747075
6.748825
6.755775
6.75955
6.7763
6.77935
6.80665
6.812825
6.81505
6.81695
6.829425
6.852075
6.85285
6.85325
6.855975
6.87055
6.88665
6.890425
6.944825
6.993175
7.001
7.01205
7.0148
7.0211
7.040725
7.05495
7.058225
7.080925
7.0815
7.083375
7.09885
7.1051
7.1166
7.13835
7.146775
7.183225
7.19465
7.2595
7.264925
7.274175
7.27845
7.29225
7.30385
7.304475
7.30925
7.31025
7.313225
7.318775
7.322575
7.33205
7.334175
7.338
7.34345
7.3448
7.355825
7.37595
7.3844
7.387275
7.395075
7.405725
7.406925
7.41145
7.44555
7.45005
7.4509
7.455175
7.455375
7.4643
7.47735
7.4824
7.494025
7.531225
7.560175
7.60625
7.6072
7.61245
7.619525
7.6232
7.626725
7.626775
7.631425
7.633975
7.634975
7.635775
7.641075
7.6412
7.6432
7.64505
7.6515
7.6558
7.666175
7.66975
7.671225
7.673775
7.69435
7.69485
7.696
7.7007
7.703375
7.736525
7.7603
7.763625
7.765275
7.776775
7.786375
7.796975
7.821025
7.9048
7.906225
7.90675
7.9093
7.917525
7.9226
7.92285
7.9231
7.9315
7.9396
7.9413
7.95
7.950875
7.957
7.95835
7.9723
7.976875
7.980825
7.9834
8.0057
8.009625
8.014275
8.025575
8.035525
8.071425
8.1109
8.17995
8.202725
8.20605
8.212375
8.218375
8.2208
8.2263
8.23035
8.2398
8.242675
8.258025
8.261025
8.26855
8.2762
8.286475
8.304525
8.30755
8.313675
8.346625
8.355475
8.355675
8.370525
8.37525
8.400575
8.405375
8.4237
8.43375
8.454325
8.50615
8.51795
8.5201
8.523725
8.52475
8.546
8.56115
8.56345
8.566225
8.582675
8.58605
8.604025
8.605825
8.61785
8.62195
8.63045
8.6429
8.674475
8.680025
8.6911
8.696275
8.739275
8.753325
8.756225
8.7983
8.8029
8.814875
8.8214
8.82335
8.8243
8.826275
8.83255
8.838525
8.842475
8.846525
8.85655
8.8672
8.868025
8.87085
8.890225
8.8957
8.901325
8.91745
8.9235
8.94125
8.955125
8.956225
8.957225
8.9611
8.96225
8.9714
8.980075
8.989425
9.00105
9.011475
9.021675
9.046425
9.05585
9.062475
9.0802
790
