0.0859
0.109275
0.11175
0.11945
0.1218
0.12835
0.12875
0.1311
0.142175
0.1637
0.164775
0.166875
0.1713
0.178925
0.180275
0.18305
0.18485
0.18565
0.193975
0.196325
0.196925
0.1999
0.20505
0.2156
0.224675
0.23975
0.245
0.26315
0.26905
0.277525
0.286
0.288425
0.3449
0.401175
0.423625
0.4268
0.431325
0.442825
0.4495
0.4525
0.45525
0.464825
0.46715
0.4787
0.503625
0.510025
0.517775
0.51985
0.538025
0.540925
0.549475
0.5821
0.6183
0.623425
0.63345
0.641525
0.64395
0.700425
0.701025
0.70495
0.718625
0.719725
0.7323
0.735675
0.737875
0.74215
0.74955
0.754675
0.769975
0.772475
0.793475
0.796875
0.8021
0.803475
0.81385
0.825575
0.860675
0.90185
0.912175
0.923975
0.925075
0.956
0.964175
0.9708
1.004075
1.0051
1.0053
1.006825
1.009125
1.01375
1.02465
1.0352
1.037425
1.04
1.044475
1.050225
1.070625
1.07915
1.0848
1.091575
1.093475
1.105
1.1226
1.135025
1.137975
1.138125
1.1525
1.200925
1.2067
1.220875
1.2342
1.25295
1.299225
1.301075
1.303775
1.313175
1.321
1.3306
1.33625
1.340175
1.347375
1.355875
1.3756
1.3809
1.3855
1.385675
1.386075
1.390175
1.41225
1.41345
1.414825
1.421525
1.4226
1.440525
1.452525
1.45805
1.4765
1.48885
1.508125
1.522825
1.551525
1.5593
1.567175
1.6009
1.602625
1.604775
1.6107
1.611075
1.621675
1.639925
1.64355
1.6557
1.6625
1.666525
1.669525
1.675275
1.676775
1.69125
1.699225
1.727725
1.746725
1.74765
1.7487
1.7713
1.8071
1.839925
1.86775
1.884275
1.898925
1.917225
1.919075
1.922925
1.93395
1.938475
1.9411
1.9415
1.9516
1.963025
1.96315
1.969975
1.98315
1.98705
2.000075
2.010825
2.014125
2.015225
2.018275
2.026175
2.040525
2.0506
2.052425
2.05265
2.0777
2.085975
2.099475
2.10025
2.103675
2.10835
2.1132
2.133875
2.14235
2.15035
2.1627
2.20775
2.2106
2.238475
2.242675
2.2459
2.24645
2.2598
2.26335
2.2671
2.2697
2.2864
2.29095
2.2933
2.2975
2.303625
2.31515
2.32055
2.349325
2.358475
2.39295
2.4516
2.45565
2.464975
2.47275
2.4855
2.502075
2.502175
2.520375
2.5213
2.524675
2.52825
2.530025
2.532075
2.565975
2.567125
2.56885
2.5848
2.594275
2.632725
2.6337
2.645
2.65275
2.672825
2.681525
2.695025
2.71935
2.721525
2.724525
2.73585
2.74565
2.75365
2.771675
2.77405
2.7899
2.79535
2.801875
2.808525
2.810525
2.828325
2.836325
2.836425
2.839
2.85625
2.862225
2.8791
2.884125
2.896275
2.902125
2.908875
2.914375
2.928875
2.9405
2.946775
2.94795
2.9781
3.007625
3.01335
3.018075
3.07015
3.07855
3.093175
3.110525
3.113525
3.14155
3.1442
3.1486
3.1548
3.16025
3.161975
3.1642
3.171075
3.1817
3.193375
3.2268
3.23205
3.23575
3.239325
3.259025
3.2865
3.286675
3.287425
3.293125
3.294975
3.2959
3.297525
3.311325
3.331125
3.3385
3.382
3.41945
3.42795
3.429325
3.431075
3.435075
3.442
3.442525
3.44875
3.4508
3.459575
3.502
3.51155
3.513625
3.52365
3.531775
3.53775
3.55035
3.556875
3.560025
3.579425
3.583625
3.594375
3.6022
3.613975
3.636275
3.65565
3.669125
3.70065
3.710925
3.7149
3.71925
3.720675
3.724575
3.750275
3.774525
3.77505
3.776125
3.78695
3.81185
3.832575
3.850375
3.861375
3.8627
3.873875
3.981875
4.002725
4.00315
4.004675
4.006575
4.00705
4.0082
4.0094
4.02085
4.022525
4.0227
4.041625
4.0476
4.060075
4.07
4.0714
4.079575
4.0817
4.09425
4.11435
4.118675
4.11925
4.128875
4.146725
4.1492
4.196975
4.20085
4.20445
4.2213
4.2225
4.222825
4.2361
4.28645
4.30575
4.30965
4.31375
4.315775
4.316475
4.31825
4.324725
4.32475
4.326525
4.3276
4.32925
4.3316
4.336525
4.3382
4.34145
4.35295
4.36325
4.3708
4.372775
4.3777
4.380425
4.38315
4.3857
4.392125
4.39495
4.40415
4.42355
4.427275
4.4296
4.43085
4.4332
4.4515
4.458275
4.4653
4.481875
4.4883
4.4924
4.49505
4.501225
4.51115
4.5332
4.534475
4.570375
4.6012
4.601275
4.610125
4.6179
4.637
4.6394
4.643025
4.644975
4.65135
4.6608
4.6742
4.72135
4.749475
4.79445
4.8015
4.8189
4.83985
4.861525
4.902825
4.903425
4.908375
4.910825
4.91225
4.9131
4.931025
4.932025
4.93405
4.941075
4.9474
4.9513
4.971675
4.981075
4.9835
4.997325
5.0359
5.06205
5.098775
5.112825
5.116175
5.145825
5.15505
5.182075
5.214175
5.22355
5.232225
5.234975
5.242025
5.2508
5.258325
5.260725
5.265675
5.295325
5.2968
5.33985
5.353725
5.38605
5.481975
5.488125
5.51055
5.53025
5.53095
5.537175
5.540275
5.54745
5.548325
5.54965
5.550425
5.55925
5.5596
5.56875
5.570175
5.576375
5.582925
5.5923
5.6097
5.617525
5.62385
5.64085
5.641425
5.668975
5.670975
5.6713
5.673625
5.692025
5.6945
5.732625
5.736675
5.752175
5.77295
5.804375
5.806575
5.807825
5.8093
5.824375
5.830925
5.833075
5.835075
5.8376
5.83915
5.8442
5.855925
5.8609
5.864825
5.866
5.876925
5.880225
5.8814
5.903
5.9064
5.92295
5.924625
5.929525
5.9309
5.959575
5.96415
5.967925
6.0159
6.020775
6.027825
6.05685
6.060025
6.065675
6.09565
6.1098
6.11235
6.12985
6.13335
6.13995
6.15505
6.164
6.16525
6.1718
6.172125
6.194675
6.19575
6.21035
6.219775
6.22315
6.230875
6.23845
6.2444
6.248125
6.258775
6.28485
6.3498
6.38755
6.39415
6.3967
6.40535
6.41095
6.416875
6.426975
6.4352
6.441275
6.44185
6.44715
6.45825
6.458525
6.463575
6.4699
6.4809
6.4954
6.497475
6.505625
6.527025
6.5388
6.56685
6.584325
6.590075
6.590775
6.6151
6.6451
6.665225
6.691675
6.703075
6.706125
6.71035
6.71125
6.7223
6.72945
6.730025
6.740175
6.757975
6.784375
6.78465
6.789425
6.791575
6.807325
6.811075
6.81165
6.812125
6.818025
6.821
6.8371
6.847125
6.8729
6.884
6.9394
6.941675
6.982275
6.9886
6.990475
7.0072
7.0107
7.013975
7.0146
7.01785
7.02975
7.033925
7.035475
7.0438
7.04645
7.0468
7.047025
7.047125
7.05215
7.0736
7.0842
7.0865
7.118075
7.11845
7.119575
7.17485
7.179475
7.18335
7.198775
7.2217
7.22365
7.231675
7.259025
7.260675
7.30645
7.30725
7.31085
7.316125
7.317475
7.332125
7.3439
7.380475
7.391325
7.400675
7.40375
7.434875
7.48025
7.51475
7.580225
7.585675
7.597875
7.60115
7.60335
7.6378
7.644875
7.6577
7.659875
7.6809
7.6859
7.722425
7.725
7.74395
7.752675
7.76775
7.77035
7.77825
7.796525
7.797125
7.8095
7.8267
7.84645
7.852575
7.880675
7.890675
7.90035
7.900525
7.9038
7.90765
7.9113
7.927525
7.92905
7.944875
7.9496
7.956775
7.967425
7.978525
7.982925
7.988625
7.9933
8.001425
8.03615
8.04255
8.052225
8.057025
8.059275
8.096025
8.09745
8.1799
8.195825
8.2023
8.214
8.215575
8.22105
8.2259
8.231525
8.2431
8.244425
8.246675
8.268975
8.27635
8.277925
8.281525
8.31095
8.315425
8.376425
8.38085
8.3856
8.41645
8.42625
8.451175
8.5032
8.504975
8.5071
8.51715
8.552
8.555
8.572
8.580675
8.582
8.585125
8.585825
8.589525
8.590775
8.604375
8.630125
8.6722
8.70055
8.765875
8.800525
8.80095
8.802975
8.805275
8.808075
8.818425
8.8258
8.8275
8.83265
8.8356
8.845625
8.868325
8.876825
8.8842
8.8975
8.897625
8.90345
8.907125
8.911375
8.987875
9.016725
9.0179
9.02315
9.0303
9.0362
9.046425
9.089075
9.090425
795
