0.103025
0.10625
0.121925
0.1261
0.131025
0.15625
0.158175
0.159725
0.162475
0.1709
0.17395
0.18855
0.1886
0.1922
0.199375
0.20205
0.20305
0.20735
0.2158
0.216825
0.21775
0.230525
0.2644
0.270125
0.277575
0.277775
0.2882
0.292
0.39025
0.3932
0.401475
0.405975
0.4134
0.42405
0.435275
0.4365
0.453025
0.45995
0.466675
0.47075
0.473
0.478125
0.48855
0.493975
0.495825
0.50375
0.51135
0.527525
0.529425
0.5465
0.549
0.564075
0.565375
0.575625
0.6366
0.640775
0.6959
0.7053
0.708975
0.709975
0.718225
0.71995
0.720975
0.723575
0.7283
0.732075
0.744525
0.75795
0.7619
0.778625
0.784975
0.791625
0.79555
0.816
0.838025
0.84965
0.875875
0.898725
0.915575
0.925975
0.94325
0.9522
0.954475
0.98875
1.01045
1.01405
1.032425
1.037775
1.0409
1.047875
1.06905
1.0756
1.07865
1.084125
1.087575
1.089375
1.092475
1.1072
1.109075
1.1202
1.123875
1.1397
1.142575
1.14845
1.15055
1.1545
1.186925
1.210825
1.2244
1.244725
1.257875
1.270175
1.27595
1.3116
1.312925
1.316
1.32025
1.328975
1.331375
1.333725
1.33445
1.336275
1.341125
1.351075
1.3583
1.368675
1.3732
1.379575
1.384025
1.415775
1.43905
1.44085
1.445275
1.4572
1.46645
1.489175
1.513325
1.52825
1.5478
1.571925
1.604525
1.6065
1.615
1.62265
1.623375
1.6295
1.633925
1.63695
1.63775
1.64655
1.647775
1.65115
1.667575
1.671175
1.672225
1.6965
1.7061
1.706475
1.7268
1.7392
1.751525
1.76105
1.764625
1.7707
1.77215
1.780375
1.78205
1.782825
1.7889
1.819275
1.85295
1.885825
1.904375
1.9116
1.9454
1.95015
1.955125
1.955775
1.958175
1.964375
1.964525
1.96625
1.972775
1.973225
1.985175
1.99255
1.997925
2.043325
2.0465
2.058825
2.059725
2.061975
2.063
2.125175
2.16245
2.18465
2.21475
2.219025
2.22685
2.233975
2.235175
2.24665
2.254175
2.2595
2.2733
2.2769
2.28415
2.3111
2.323625
2.3289
2.336425
2.350475
2.3533
2.35625
2.356875
2.357575
2.38795
2.39625
2.470325
2.502575
2.504225
2.51225
2.514075
2.51415
2.5143
2.528125
2.542075
2.5531
2.55855
2.5865
2.60545
2.616475
2.616675
2.61805
2.6242
2.6321
2.662525
2.6676
2.686225
2.689525
2.6991
2.7055
2.7367
2.810125
2.8234
2.825825
2.8329
2.836525
2.8392
2.85265
2.864775
2.865925
2.86815
2.8688
2.87315
2.876825
2.88615
2.90075
2.905175
2.908025
2.912925
2.9154
2.91625
2.91775
2.92425
2.941775
2.9564
2.970325
2.992375
3.01355
3.015825
3.022275
3.055575
3.066625
3.075075
3.07575
3.07765
3.10745
3.113
3.11985
3.1205
3.12505
3.125525
3.128575
3.13065
3.13905
3.139675
3.141725
3.156175
3.162025
3.162425
3.171375
3.176475
3.17895
3.19355
3.20485
3.205725
3.206
3.20925
3.2256
3.225775
3.24705
3.24945
3.301775
3.31205
3.326375
3.32995
3.373575
3.37855
3.40145
3.40255
3.403475
3.412175
3.4152
3.4166
3.417925
3.42675
3.42785
3.43805
3.43825
3.44375
3.446075
3.4634
3.472825
3.489925
3.491175
3.504625
3.50805
3.52035
3.527975
3.533475
3.572575
3.590425
3.59825
3.598675
3.6103
3.6256
3.636025
3.63895
3.64375
3.71255
3.717375
3.724175
3.729275
3.7333
3.747525
3.7499
3.783325
3.78775
3.810425
3.811
3.81555
3.82175
3.84
3.843075
3.905425
3.946475
3.949425
4.0057
4.00575
4.00855
4.009725
4.01155
4.041325
4.05515
4.0592
4.079275
4.08895
4.105725
4.10665
4.111875
4.118125
4.133925
4.135025
4.17375
4.1905
4.201
4.20805
4.2157
4.23175
4.302425
4.316775
4.317525
4.32175
4.3558
4.374725
4.397
4.407575
4.4097
4.416325
4.446025
4.44825
4.457175
4.457775
4.4833
4.4986
4.524675
4.544325
4.54435
4.549625
4.555075
4.570175
4.58485
4.599975
4.60265
4.611625
4.615525
4.64205
4.648975
4.6506
4.65525
4.655425
4.656175
4.668
4.676275
4.678175
4.70305
4.70405
4.712875
4.7145
4.715675
4.7164
4.716475
4.739225
4.762725
4.786225
4.7917
4.81685
4.82485
4.845275
4.851625
4.874475
4.89325
4.91695
4.919625
4.9242
4.9244
4.9427
4.951625
4.95635
4.95755
4.95885
4.966725
4.967275
4.967625
4.9679
4.979125
4.97915
4.989725
4.99655
5.003425
5.008775
5.009925
5.028
5.031
5.0481
5.07445
5.086275
5.097775
5.098675
5.119075
5.130225
5.143325
5.178375
5.1835
5.2003
5.203775
5.2057
5.2104
5.2115
5.21475
5.214975
5.21855
5.243
5.2444
5.26065
5.2744
5.288925
5.289525
5.29245
5.303925
5.31435
5.330325
5.331575
5.3357
5.339625
5.3528
5.364475
5.3682
5.38575
5.423025
5.44815
5.466075
5.46865
5.46895
5.505125
5.506325
5.508325
5.50895
5.521425
5.5326
5.535225
5.535975
5.537825
5.5457
5.5466
5.547375
5.550125
5.566625
5.583175
5.58975
5.607625
5.6145
5.621575
5.621675
5.623875
5.624925
5.628825
5.644925
5.64705
5.64935
5.656025
5.663325
5.6646
5.73415
5.7633
5.804125
5.809625
5.812725
5.8132
5.81545
5.816575
5.81835
5.823275
5.8293
5.837925
5.84165
5.84235
5.844275
5.84515
5.852375
5.870125
5.875425
5.876525
5.889575
5.896525
5.9079
5.913725
5.9422
5.9764
5.979875
5.987775
6.002625
6.023275
6.041025
6.05855
6.08685
6.098375
6.101025
6.106275
6.113275
6.1215
6.121575
6.12265
6.1378
6.14255
6.150175
6.1621
6.16985
6.1739
6.176675
6.17705
6.182975
6.1927
6.1946
6.199425
6.205825
6.206275
6.2266
6.23555
6.240525
6.261
6.2629
6.2937
6.3137
6.3166
6.3657
6.366725
6.3771
6.398875
6.4064
6.4107
6.412875
6.415275
6.418675
6.42155
6.4342
6.442425
6.4437
6.44655
6.460125
6.467775
6.47475
6.4934
6.5037
6.50735
6.51385
6.518225
6.521475
6.531275
6.57905
6.59
6.5989
6.61735
6.66445
6.711925
6.718375
6.732
6.756475
6.7576
6.762625
6.76795
6.784975
6.7866
6.793775
6.7943
6.798475
6.811
6.8125
6.84095
6.846825
6.848075
6.848275
6.876375
6.8987
6.927325
6.93885
6.941325
6.942075
6.9472
6.960675
6.97065
6.98385
7.001425
7.0139
7.017075
7.034775
7.03595
7.0373
7.037725
7.042825
7.043125
7.055575
7.07655
7.0781
7.080725
7.08555
7.08635
7.11395
7.132275
7.1851
7.19095
7.1951
7.200425
7.2017
7.265875
7.2663
7.276225
7.283775
7.3002
7.30295
7.3042
7.308625
7.312275
7.3156
7.31745
7.319675
7.323475
7.33315
7.334825
7.344875
7.34705
7.348225
7.34945
7.3736
7.380025
7.3858
7.38725
7.408825
7.432775
7.451775
7.4519
7.45685
7.45715
7.464475
7.467925
7.4867
7.5
7.527175
7.527825
7.53775
7.572225
7.592275
7.59345
7.59975
7.60065
7.6044
7.60675
7.612075
7.6301
7.639175
7.64085
7.653425
7.660875
7.662
7.679425
7.69225
7.6977
7.699625
7.7058
7.707275
7.71585
7.7176
7.73175
7.763925
7.7763
7.78685
7.80385
7.818225
7.822375
7.830075
7.854725
7.902025
7.9065
7.910425
7.915275
7.919525
7.920425
7.933025
7.9429
7.94645
7.949325
7.9549
7.95735
7.961775
7.969925
7.994675
8.0001
8.00135
8.003425
8.009225
8.01025
8.01235
8.06875
8.07665
8.0908
8.150475
8.163075
8.202875
8.2073
8.2102
8.223075
8.228725
8.239225
8.23945
8.2417
8.2467
8.24675
8.247075
8.25695
8.2581
8.26025
8.26495
8.276325
8.306525
8.344325
8.3535
8.358875
8.361575
8.36325
8.366625
8.388575
8.404075
8.428825
8.430175
8.43375
8.4348
8.461125
8.46285
8.47485
8.47925
8.52345
8.535925
8.54255
8.544925
8.550475
8.559525
8.567425
8.570425
8.5714
8.59025
8.5913
8.60895
8.61235
8.615675
8.624075
8.626875
8.63205
8.633825
8.683425
8.698375
8.6984
8.713625
8.741325
8.8246
8.825225
8.834275
8.8376
8.84335
8.85145
8.853575
8.854375
8.8606
8.863225
8.8661
8.878325
8.8813
8.89445
8.901375
8.9046
8.91755
8.921675
8.926625
8.9267
8.928675
8.9369
8.942225
8.9628
8.9655
8.96565
9.0078
9.0115
9.015475
9.0269
9.040875
9.079725
9.08675
9.09235
848
