0.11555
0.116925
0.119675
0.122575
0.13885
0.160975
0.170475
0.176125
0.17885
0.191275
0.193675
0.19505
0.2014
0.25885
0.268675
0.29545
0.298175
0.30735
0.3167
0.3408
0.380575
0.4057
0.415475
0.41675
0.417425
0.418825
0.42465
0.45185
0.452975
0.45405
0.461175
0.463
0.4682
0.4903
0.49195
0.519725
0.521425
0.52305
0.53435
0.5413
0.541775
0.5679
0.588675
0.592575
0.592625
0.614425
0.646475
0.67125
0.689125
0.70165
0.70275
0.720375
0.72335
0.72615
0.74365
0.745875
0.74715
0.75375
0.762275
0.7646
0.7822
0.8026
0.813625
0.849575
0.876475
0.9134
0.943275
0.961825
0.97725
0.978975
0.983725
0.995475
1.001325
1.005425
1.013175
1.013975
1.0182
1.0242
1.032375
1.0352
1.036025
1.04155
1.049325
1.06655
1.07035
1.0771
1.082325
1.084175
1.0906
1.09615
1.112925
1.12015
1.123575
1.141675
1.144
1.161525
1.18605
1.23725
1.24575
1.2458
1.260375
1.269675
1.31865
1.32295
1.324475
1.336525
1.341825
1.35645
1.35655
1.358475
1.366075
1.368225
1.386275
1.39605
1.4003
1.41
1.4122
1.415825
1.436075
1.446575
1.450575
1.452225
1.45285
1.453125
1.464175
1.488725
1.514025
1.527825
1.568875
1.6131
1.614975
1.61905
1.621925
1.6224
1.6426
1.64745
1.653325
1.654375
1.65745
1.65965
1.65995
1.66485
1.6748
1.686
1.699575
1.706975
1.760775
1.78975
1.807175
1.823175
1.860375
1.862825
1.907925
1.912625
1.92655
1.9307
1.930875
1.93245
1.93265
1.93825
1.94995
1.951875
1.9662
1.968325
1.977825
1.998
2.013325
2.078425
2.12975
2.204
2.204825
2.22005
2.2256
2.23655
2.24285
2.242925
2.25415
2.28325
2.283675
2.2936
2.293925
2.294325
2.3074
2.318675
2.327775
2.3392
2.350575
2.365825
2.3699
2.37025
2.376425
2.440175
2.443625
2.466
2.466875
2.48135
2.51065
2.511825
2.52695
2.5298
2.531025
2.53195
2.5475
2.567575
2.5761
2.577325
2.618925
2.6322
2.63395
2.645
2.657825
2.661225
2.662375
2.6938
2.696325
2.753375
2.755425
2.757325
2.765675
2.78305
2.8002
2.803975
2.818325
2.839775
2.841825
2.8471
2.851025
2.861125
2.86375
2.88025
2.88345
2.88845
2.894325
2.90495
2.91205
2.9207
2.93655
2.941
2.952075
2.9555
2.957725
2.9626
2.96885
2.975725
2.97635
3.00905
3.0504
3.102425
3.103625
3.104725
3.115225
3.1172
3.1206
3.125525
3.12625
3.13145
3.137675
3.13805
3.14615
3.152675
3.155525
3.161725
3.168475
3.183925
3.185475
3.18905
3.20375
3.207875
3.245525
3.250075
3.268875
3.29885
3.3362
3.3512
3.39175
3.4009
3.402975
3.41465
3.41855
3.421575
3.426725
3.43025
3.437275
3.447275
3.4509
3.453125
3.47705
3.487325
3.490975
3.524675
3.53525
3.536875
3.53825
3.544675
3.5696
3.63045
3.630625
3.639275
3.662075
3.7094
3.7107
3.712175
3.7146
3.716175
3.719825
3.72105
3.7319
3.7326
3.735325
3.737525
3.739325
3.749
3.75455
3.7609
3.764075
3.77335
3.774025
3.7759
3.782
3.7872
3.791675
3.80135
3.8167
3.83145
3.83395
3.86585
3.866075
3.87875
3.88115
3.915075
3.921575
3.9857
3.996075
4.0026
4.008425
4.012
4.014525
4.015725
4.0246
4.0388
4.0508
4.0543
4.054825
4.061725
4.0753
4.079475
4.08075
4.0979
4.125925
4.127025
4.1272
4.1372
4.153475
4.185625
4.188725
4.21395
4.2739
4.292425
4.3086
4.3097
4.3108
4.31275
4.315275
4.324375
4.325025
4.32545
4.3341
4.335575
4.3486
4.3523
4.361325
4.36425
4.366725
4.367375
4.373375
4.376125
4.3833
4.3856
4.38705
4.39575
4.4078
4.4128
4.413125
4.420675
4.4269
4.432075
4.451775
4.471075
4.48705
4.504975
4.508525
4.50995
4.528775
4.534875
4.564075
4.58865
4.616025
4.619675
4.632975
4.6682
4.675275
4.683675
4.692525
4.700025
4.702025
4.720775
4.7323
4.733625
4.73735
4.74185
4.745775
4.762125
4.78125
4.791825
4.795075
4.803925
4.819725
4.823775
4.8424
4.87575
4.9079
4.91225
4.9127
4.918625
4.9371
4.939425
4.9517
4.9536
4.9779
4.99345
4.996975
5.000825
5.00365
5.014275
5.032075
5.035075
5.035225
5.066625
5.0764
5.082325
5.08245
5.0862
5.09115
5.100675
5.107425
5.11315
5.12025
5.124725
5.228575
5.231925
5.236875
5.23925
5.240475
5.247825
5.248075
5.269175
5.2734
5.27585
5.276875
5.2798
5.28385
5.285675
5.293225
5.29625
5.323425
5.33375
5.340075
5.343525
5.34365
5.346275
5.369125
5.374325
5.389175
5.4193
5.4272
5.508825
5.50965
5.51115
5.51885
5.5346
5.5449
5.55075
5.55935
5.56075
5.56235
5.5633
5.564475
5.57325
5.581325
5.58775
5.5992
5.6034
5.607475
5.6098
5.61875
5.6325
5.632575
5.637325
5.63905
5.6396
5.642525
5.645575
5.65145
5.65905
5.66665
5.670325
5.67575
5.6795
5.744175
5.8055
5.808925
5.80935
5.814325
5.820575
5.834125
5.8357
5.837
5.83745
5.853025
5.85855
5.8606
5.8751
5.8826
5.8853
5.89145
5.897025
5.9243
5.930675
5.93665
5.96875
5.9915
5.99795
6.011625
6.03325
6.050625
6.07725
6.08765
6.106125
6.107525
6.1183
6.132075
6.13385
6.134325
6.1608
6.162
6.173275
6.180925
6.181025
6.185725
6.213175
6.262575
6.2687
6.3119
6.3246
6.358475
6.394375
6.40185
6.4051
6.412075
6.4246
6.430025
6.431825
6.436625
6.4435
6.465025
6.4679
6.472075
6.499675
6.50635
6.506825
6.507975
6.51005
6.515025
6.51715
6.518875
6.526025
6.543625
6.5519
6.5757
6.612075
6.635175
6.666975
6.668125
6.6883
6.6984
6.712725
6.713225
6.722275
6.724325
6.740775
6.742325
6.74715
6.764625
6.767375
6.76875
6.77545
6.78715
6.790725
6.791875
6.82865
6.829975
6.834425
6.864725
6.866
6.87055
6.8934
6.905825
6.9263
6.9417
6.951725
6.960525
6.9868
6.993525
7.017525
7.02135
7.02325
7.026075
7.0286
7.030375
7.035825
7.048575
7.050375
7.05375
7.06415
7.06565
7.066825
7.0689
7.069
7.074075
7.074525
7.0791
7.105975
7.109075
7.121325
7.132725
7.138675
7.1446
7.151675
7.1539
7.16235
7.231425
7.3101
7.3183
7.3231
7.3305
7.341925
7.349175
7.352875
7.357075
7.373325
7.38335
7.39885
7.409175
7.419675
7.426225
7.433475
7.4448
7.458625
7.460425
7.475775
7.4826
7.496825
7.50995
7.511475
7.523525
7.5443
7.55185
7.558825
7.5708
7.599225
7.6051
7.62565
7.632
7.64075
7.64955
7.6618
7.6661
7.68195
7.697975
7.719975
7.7226
7.739825
7.744825
7.750925
7.7523
7.7624
7.769225
7.77215
7.7875
7.80935
7.858625
7.873825
7.886325
7.887475
7.8904
7.906525
7.9112
7.912525
7.9173
7.918125
7.944075
7.9445
7.973025
7.9773
7.9855
7.989025
7.9892
7.9963
7.99725
8.015475
8.022325
8.031725
8.040775
8.0516
8.058675
8.061725
8.095875
8.0961
8.10405
8.111
8.14765
8.151675
8.162825
8.170025
8.1718
8.176175
8.202175
8.203475
8.205025
8.20915
8.214975
8.226
8.2265
8.2269
8.2272
8.2571
8.2599
8.260725
8.26575
8.266275
8.271925
8.2722
8.278
8.292775
8.310625
8.31975
8.32595
8.3755
8.378275
8.384025
8.39895
8.428025
8.493075
8.494875
8.50415
8.5173
8.534725
8.54635
8.551825
8.55475
8.566475
8.5704
8.5764
8.57715
8.5895
8.593725
8.600725
8.6105
8.6152
8.618875
8.627925
8.6429
8.663825
8.66545
8.66585
8.670025
8.697825
8.705975
8.732625
8.760875
8.763075
8.803
8.80785
8.81185
8.812675
8.833075
8.8332
8.836475
8.84835
8.85315
8.867675
8.88095
8.90065
8.91425
8.924875
8.9314
8.93645
8.9405
8.96075
8.9982
9.030975
9.034275
9.098975
803
