0.104175
0.10845
0.113075
0.116475
0.127475
0.13105
0.1478
0.149225
0.1498
0.159025
0.16555
0.177175
0.1774
0.183275
0.18725
0.190125
0.2009
0.21625
0.216975
0.2275
0.23075
0.233675
0.24155
0.261675
0.2641
0.276325
0.286
0.2885
0.289275
0.30575
0.34535
0.363675
0.414225
0.417625
0.4298
0.44255
0.445375
0.449275
0.4519
0.46945
0.475325
0.493725
0.4996
0.5016
0.503525
0.50755
0.53095
0.535725
0.56705
0.626475
0.70805
0.72445
0.742325
0.75875
0.763675
0.7702
0.7724
0.78465
0.803525
0.8085
0.81305
0.8322
0.83465
0.87305
0.90275
0.91375
0.918
0.9306
0.95235
0.95935
0.9595
1.0056
1.007825
1.014975
1.016075
1.0221
1.02315
1.037575
1.038075
1.050225
1.05295
1.061475
1.071525
1.0717
1.073675
1.078125
1.0818
1.084275
1.085175
1.09865
1.102025
1.12675
1.152025
1.177275
1.181925
1.1829
1.20145
1.229575
1.29245
1.3028
1.314425
1.33775
1.346325
1.355375
1.3644
1.369025
1.373275
1.37455
1.40075
1.404225
1.408525
1.414125
1.432825
1.44325
1.444675
1.45595
1.456275
1.46575
1.5073
1.513625
1.5177
1.519325
1.534575
1.5413
1.56145
1.56875
1.570625
1.5803
1.604
1.609975
1.620975
1.6388
1.652725
1.655
1.67415
1.67625
1.682775
1.746325
1.753675
1.7674
1.776725
1.779925
1.8109
1.821175
1.836575
1.86205
1.8717
1.88145
1.901625
1.912175
1.914675
1.92535
1.932
1.9342
1.94215
1.94455
1.946075
1.94785
1.959425
1.9684
1.987725
2.014525
2.049025
2.0564
2.058775
2.071
2.0717
2.1066
2.11215
2.11985
2.132
2.148425
2.169675
2.2059
2.21755
2.222525
2.227075
2.230425
2.232175
2.248775
2.250425
2.25305
2.25655
2.25775
2.2688
2.27585
2.3163
2.3254
2.3461
2.35195
2.375
2.37755
2.3991
2.4282
2.440825
2.445925
2.49535
2.5137
2.5229
2.526275
2.528875
2.534525
2.537925
2.542275
2.54645
2.547425
2.553725
2.563125
2.567375
2.59125
2.607875
2.62685
2.63055
2.63075
2.640775
2.652975
2.68285
2.69275
2.69965
2.75095
2.75505
2.8173
2.821325
2.82675
2.839625
2.84135
2.8475
2.867
2.880525
2.882225
2.923275
2.932275
2.940075
2.947125
2.94755
2.950725
2.962775
2.965775
2.9686
3.003675
3.006375
3.0338
3.063475
3.0994
3.104625
3.10575
3.107025
3.1076
3.11985
3.152525
3.154125
3.16175
3.1681
3.168975
3.16945
3.1728
3.17335
3.209
3.21045
3.22055
3.228325
3.231425
3.233525
3.23385
3.280475
3.352475
3.356525
3.3635
3.377275
3.39085
3.3967
3.399525
3.40685
3.40805
3.40975
3.4164
3.417
3.41945
3.42805
3.4299
3.438675
3.446
3.44695
3.452125
3.4554
3.4715
3.47655
3.485975
3.489875
3.490925
3.49435
3.51155
3.53275
3.5473
3.5478
3.576225
3.576275
3.5911
3.59745
3.6104
3.63695
3.654775
3.70035
3.702925
3.726725
3.727675
3.737675
3.738925
3.742825
3.749025
3.751625
3.75265
3.76465
3.767475
3.787075
3.812925
3.847375
3.848175
3.86425
3.877
3.88305
3.942925
3.94665
3.97235
4.00605
4.01145
4.0142
4.0273
4.02765
4.02795
4.0345
4.050925
4.06555
4.084375
4.087575
4.094875
4.099
4.1062
4.111975
4.1151
4.147725
4.170675
4.180775
4.1957
4.208425
4.282375
4.300225
4.300675
4.30295
4.303525
4.310525
4.312375
4.3186
4.3219
4.32495
4.329025
4.335125
4.344175
4.3575
4.36085
4.38955
4.394225
4.39695
4.401225
4.4178
4.455125
4.455525
4.491175
4.5098
4.542275
4.586875
4.6028
4.606775
4.60755
4.612825
4.61405
4.6192
4.631775
4.6331
4.634275
4.634575
4.64285
4.656
4.67535
4.702725
4.7066
4.73885
4.739125
4.7488
4.7498
4.754575
4.7562
4.7637
4.775475
4.7952
4.8059
4.854075
4.8582
4.862325
4.8661
4.870475
4.87945
4.902275
4.90415
4.9093
4.9099
4.9106
4.9166
4.916725
4.922025
4.936875
4.939575
4.954325
4.968575
4.97755
5.023575
5.0318
5.0615
5.065
5.127875
5.1316
5.13565
5.1637
5.166775
5.17235
5.2022
5.2159
5.218075
5.2195
5.22025
5.2277
5.22925
5.230725
5.2331
5.23335
5.23875
5.240025
5.242275
5.247925
5.2497
5.25985
5.2607
5.280425
5.2823
5.291125
5.303975
5.314625
5.339625
5.342375
5.3449
5.35315
5.415225
5.506525
5.5106
5.5423
5.543575
5.545625
5.5589
5.5636
5.56375
5.56715
5.6057
5.60595
5.610325
5.615425
5.62465
5.6412
5.6493
5.664675
5.678325
5.695225
5.70125
5.71765
5.74385
5.748375
5.74995
5.7662
5.782825
5.791925
5.807375
5.810175
5.8156
5.81595
5.82355
5.827675
5.8294
5.834975
5.83525
5.83915
5.85415
5.8657
5.867375
5.870775
5.87765
5.914025
5.92395
5.9257
5.94835
5.948775
5.95545
5.978375
5.9898
6.0099
6.01275
6.024175
6.050675
6.0875
6.1007
6.117275
6.11955
6.121675
6.125525
6.140875
6.143225
6.1472
6.15305
6.162875
6.17135
6.180975
6.1823
6.185025
6.1885
6.188925
6.18935
6.1903
6.211925
6.222825
6.22505
6.2273
6.2301
6.246975
6.2655
6.271575
6.27175
6.2733
6.301425
6.32225
6.334575
6.343875
6.347875
6.362925
6.39285
6.411325
6.42035
6.42055
6.421325
6.42195
6.42455
6.43525
6.453425
6.453975
6.4637
6.508425
6.514575
6.52965
6.534725
6.5406
6.545425
6.545775
6.55295
6.567525
6.579325
6.5824
6.632925
6.649725
6.66575
6.69785
6.707125
6.710825
6.71345
6.717675
6.7258
6.745775
6.752675
6.75365
6.762725
6.768275
6.77515
6.781975
6.784475
6.792625
6.8083
6.82425
6.83915
6.845475
6.849975
6.8578
6.9177
6.9613
7.015825
7.016875
7.017825
7.021675
7.026475
7.0281
7.0282
7.037525
7.0385
7.0397
7.047275
7.0507
7.0608
7.07195
7.075925
7.08265
7.095575
7.1188
7.133975
7.15195
7.19945
7.25245
7.25875
7.27095
7.272675
7.275875
7.297275
7.3
7.30295
7.307775
7.3095
7.315275
7.323775
7.33135
7.333075
7.335475
7.33955
7.348375
7.3514
7.360775
7.36265
7.3686
7.369875
7.3737
7.3742
7.3837
7.38505
7.386625
7.407025
7.410325
7.413125
7.43085
7.4319
7.432875
7.45575
7.472325
7.5171
7.517725
7.533175
7.568775
7.577275
7.596575
7.601125
7.603825
7.6075
7.6167
7.621325
7.628325
7.6294
7.630925
7.633325
7.633725
7.63695
7.639725
7.6482
7.67265
7.67285
7.68535
7.69325
7.6993
7.70055
7.708675
7.71365
7.749675
7.751625
7.81725
7.82835
7.847275
7.880775
7.906375
7.908
7.926125
7.927825
7.9319
7.932875
7.94005
7.967825
7.970725
7.987825
7.9885
7.989
8.024475
8.033975
8.041725
8.04475
8.0532
8.0662
8.0727
8.075125
8.077175
8.08415
8.087575
8.103125
8.151625
8.154175
8.201575
8.203025
8.205675
8.207
8.210275
8.2144
8.219125
8.225225
8.2273
8.2293
8.24025
8.24885
8.2497
8.25375
8.256975
8.25815
8.25935
8.2628
8.289325
8.2916
8.29425
8.2982
8.30255
8.31085
8.316525
8.322975
8.323625
8.3374
8.363225
8.374875
8.39565
8.431025
8.432825
8.4338
8.4907
8.5018
8.5022
8.504775
8.514675
8.520275
8.523475
8.52465
8.554075
8.557875
8.566825
8.579275
8.6039
8.632975
8.636125
8.66575
8.6732
8.6749
8.68965
8.7
8.718025
8.71925
8.770175
8.773425
8.7847
8.794875
8.800475
8.8023
8.8114
8.812725
8.8147
8.819825
8.821975
8.82765
8.833925
8.8469
8.8595
8.8766
8.8827
8.88345
8.8982
8.903925
8.907725
8.91285
8.926575
8.93445
8.937825
8.941975
8.97645
8.97915
9.03075
9.0376
9.053375
9.086425
792
