0.08085
0.102975
0.1034
0.1102
0.1126
0.120775
0.12745
0.1429
0.151275
0.1529
0.158825
0.162125
0.16335
0.168275
0.1783
0.1799
0.210175
0.211
0.211175
0.215025
0.22345
0.234125
0.245575
0.2523
0.26755
0.270125
0.29765
0.3002
0.319725
0.332875
0.3944
0.400575
0.402275
0.403525
0.407575
0.408975
0.4235
0.430775
0.431725
0.43945
0.444225
0.44755
0.467825
0.499775
0.51115
0.5172
0.521425
0.54245
0.545825
0.567975
0.57355
0.6063
0.621475
0.626475
0.66365
0.671475
0.673725
0.69095
0.7056
0.706475
0.7148
0.742825
0.753875
0.85285
0.85415
0.86945
0.8763
0.8883
0.90455
0.91745
0.976775
0.9859
1.000775
1.01505
1.0194
1.025225
1.026875
1.031925
1.034975
1.036425
1.036575
1.042075
1.043675
1.0465
1.09155
1.091675
1.1108
1.11805
1.13605
1.14935
1.172775
1.19115
1.2005
1.204825
1.21925
1.22965
1.25005
1.303825
1.305725
1.306325
1.312675
1.316075
1.3224
1.3244
1.324675
1.33365
1.344575
1.35775
1.37255
1.38015
1.3937
1.3964
1.401125
1.4029
1.421025
1.424875
1.429875
1.4355
1.45585
1.46095
1.489875
1.51575
1.519525
1.524175
1.54
1.555125
1.611025
1.61405
1.618925
1.629925
1.632925
1.635325
1.640675
1.6456
1.650275
1.650925
1.654025
1.65505
1.66785
1.680475
1.6843
1.693075
1.701175
1.719025
1.719825
1.736725
1.760875
1.77265
1.775
1.82255
1.862975
1.877575
1.879
1.90315
1.90535
1.9098
1.917125
1.921175
1.9335
1.939875
1.94875
1.955425
1.962125
1.962175
1.985875
2.00775
2.010225
2.022525
2.02735
2.05285
2.115075
2.126225
2.12735
2.173125
2.18225
2.1862
2.2148
2.220525
2.2281
2.228375
2.239225
2.242525
2.24355
2.244025
2.256375
2.271575
2.272275
2.279825
2.3061
2.309
2.3196
2.351975
2.402375
2.4119
2.4345
2.461525
2.48465
2.4864
2.502475
2.504525
2.5215
2.5219
2.522875
2.526275
2.52785
2.54265
2.5555
2.557775
2.55865
2.563625
2.5659
2.57645
2.6211
2.621225
2.623725
2.63255
2.6468
2.65595
2.66145
2.6674
2.675925
2.708725
2.71045
2.80005
2.801825
2.817025
2.8395
2.84255
2.8543
2.867325
2.874575
2.87975
2.88425
2.88485
2.8857
2.9008
2.92385
2.9318
2.946025
2.955225
2.970575
3.030425
3.063225
3.066975
3.06975
3.1001
3.127175
3.127875
3.13755
3.145775
3.162575
3.166575
3.171325
3.172475
3.19545
3.19895
3.199425
3.2041
3.214825
3.22615
3.23175
3.2374
3.241075
3.24345
3.2437
3.248575
3.259925
3.26055
3.28835
3.298675
3.30335
3.31025
3.395525
3.41
3.414875
3.416375
3.4252
3.42555
3.429975
3.43735
3.441275
3.45085
3.45595
3.4611
3.4737
3.475175
3.475275
3.488275
3.491875
3.502875
3.512375
3.58655
3.59135
3.603825
3.6165
3.669925
3.6794
3.7061
3.707425
3.712875
3.731575
3.732275
3.7415
3.74365
3.744275
3.7466
3.74695
3.750875
3.75265
3.753775
3.75395
3.7711
3.7925
3.796525
3.797275
3.809975
3.8312
3.84065
3.84565
3.85915
3.861325
3.884375
3.901075
3.93685
3.9455
3.967825
4.008825
4.010125
4.01395
4.01425
4.026575
4.029525
4.034125
4.039125
4.0602
4.061275
4.0626
4.065375
4.067375
4.069175
4.09295
4.0999
4.11665
4.125975
4.131725
4.136775
4.1415
4.1543
4.18015
4.1875
4.19235
4.214275
4.230675
4.266
4.269
4.2927
4.304975
4.305725
4.3089
4.32985
4.3303
4.338275
4.3401
4.340275
4.3491
4.37795
4.38135
4.381375
4.40035
4.417325
4.428675
4.437325
4.4416
4.446575
4.45335
4.45695
4.477775
4.521875
4.528725
4.566725
4.58795
4.6068
4.60725
4.6124
4.616925
4.62145
4.62195
4.625325
4.63045
4.639875
4.667125
4.669725
4.670075
4.7012
4.70845
4.710275
4.711825
4.726125
4.73325
4.753275
4.77455
4.79535
4.8299
4.8347
4.8539
4.869625
4.907625
4.911625
4.9121
4.914725
4.926825
4.94565
4.94935
4.951425
4.969075
4.976925
4.992275
5.005025
5.00575
5.0081
5.0553
5.062075
5.093175
5.0961
5.0974
5.099525
5.152375
5.156425
5.17095
5.172
5.17285
5.172925
5.185775
5.1868
5.200975
5.2058
5.210025
5.21065
5.2109
5.210975
5.213375
5.21845
5.2358
5.241525
5.24375
5.2464
5.2472
5.2517
5.27555
5.280825
5.28285
5.29225
5.3036
5.315
5.31695
5.317125
5.318
5.320975
5.323575
5.3261
5.3273
5.374225
5.3861
5.402175
5.407875
5.43405
5.46005
5.462675
5.481075
5.49705
5.500775
5.500875
5.52465
5.52945
5.53585
5.555275
5.56125
5.578875
5.584375
5.59155
5.59865
5.617425
5.62835
5.6313
5.663325
5.6767
5.69975
5.755625
5.7906
5.808675
5.811575
5.8241
5.834425
5.8346
5.84305
5.844425
5.8446
5.847025
5.850225
5.852725
5.85585
5.867225
5.87335
5.878925
5.885375
5.8928
5.897325
5.9056
5.921825
5.923375
5.92685
5.9272
5.959625
5.981625
5.9827
5.9859
6.00155
6.0118
6.0365
6.06505
6.09285
6.10275
6.106125
6.1258
6.12745
6.1645
6.165375
6.174375
6.19375
6.2019
6.214275
6.229075
6.233325
6.2374
6.25605
6.257825
6.283925
6.302325
6.3037
6.363025
6.380475
6.4206
6.4279
6.43665
6.4411
6.448025
6.45585
6.466975
6.4684
6.47165
6.4741
6.4789
6.489975
6.495725
6.4992
6.503675
6.507925
6.51025
6.510575
6.512475
6.524725
6.544025
6.544525
6.56485
6.585425
6.598975
6.622925
6.62435
6.6459
6.700525
6.7053
6.706075
6.711175
6.7162
6.718025
6.721075
6.72515
6.729225
6.7338
6.7585
6.773225
6.7779
6.792325
6.79535
6.81855
6.827925
6.893025
6.967175
6.97005
6.975875
7.00135
7.02625
7.03275
7.04225
7.06415
7.06475
7.07165
7.0993
7.1156
7.120475
7.152125
7.157025
7.171
7.189475
7.19645
7.20525
7.209475
7.219175
7.227275
7.24465
7.254025
7.27095
7.27295
7.27385
7.302775
7.3088
7.332525
7.3519
7.362475
7.374
7.389325
7.389575
7.40165
7.410675
7.438675
7.4406
7.44315
7.45885
7.4694
7.472775
7.47665
7.4781
7.48375
7.4962
7.50335
7.521625
7.528475
7.542175
7.56365
7.577875
7.581675
7.603775
7.604525
7.61035
7.61135
7.618875
7.62455
7.6325
7.6328
7.6362
7.647975
7.65225
7.652775
7.656825
7.660625
7.676675
7.678425
7.702425
7.710575
7.72005
7.7566
7.765925
7.77055
7.7735
7.774975
7.775125
7.812475
7.82245
7.848325
7.8488
7.879825
7.89915
7.910275
7.911775
7.91225
7.914275
7.924325
7.9269
7.927275
7.932075
7.939225
7.947075
7.962025
7.9629
7.9653
7.966275
7.972375
7.973225
7.9873
8.01035
8.01485
8.0313
8.0372
8.0382
8.0902
8.099525
8.102075
8.11305
8.1543
8.1705
8.184575
8.19715
8.20005
8.22545
8.226975
8.228875
8.238
8.24235
8.250675
8.2525
8.262325
8.2626
8.2669
8.26935
8.2716
8.2827
8.2877
8.289525
8.2912
8.291775
8.29335
8.295275
8.299
8.342325
8.36015
8.3664
8.367925
8.38635
8.391025
8.416175
8.4176
8.432725
8.457125
8.46855
8.49155
8.50435
8.5105
8.51855
8.5197
8.520775
8.5231
8.528625
8.535
8.54835
8.5535
8.558775
8.5637
8.56375
8.564025
8.566725
8.5836
8.59215
8.597375
8.614925
8.619
8.625
8.626175
8.653225
8.654825
8.680575
8.70115
8.704675
8.72995
8.73675
8.7527
8.799825
8.802675
8.808975
8.809625
8.80985
8.8128
8.816325
8.821725
8.828475
8.828925
8.8316
8.832975
8.845075
8.850875
8.854525
8.857125
8.860925
8.86535
8.87555
8.881625
8.882325
8.896075
8.900075
8.906025
8.9084
8.911475
8.92005
8.9259
8.93345
8.933675
8.9369
8.9427
8.946875
8.9521
8.963175
8.9805
8.983275
8.986825
9.0107
9.028175
805
