0.1083
0.114575
0.1236
0.1251
0.145875
0.1559
0.1627
0.17065
0.201275
0.204325
0.220375
0.233925
0.283225
0.28985
0.3083
0.348075
0.3523
0.35355
0.36225
0.366675
0.384775
0.40915
0.411075
0.4178
0.423975
0.42645
0.431675
0.434
0.4457
0.466175
0.4672
0.474275
0.47635
0.492375
0.523125
0.528925
0.53145
0.5457
0.561975
0.562425
0.5648
0.583525
0.599525
0.657325
0.6721
0.68885
0.7063
0.70895
0.71725
0.71795
0.72565
0.7336
0.73755
0.75445
0.75945
0.7598
0.76015
0.77385
0.777225
0.7891
0.806975
0.80835
0.83345
0.847725
0.851475
0.870075
0.87555
0.8845
0.905325
0.966975
0.973725
0.98105
0.997175
1.00175
1.022
1.03235
1.03295
1.034025
1.03565
1.0438
1.048075
1.066475
1.082025
1.089425
1.105175
1.150625
1.1565
1.179725
1.1938
1.209825
1.2177
1.239025
1.301475
1.303825
1.31695
1.319825
1.3199
1.320875
1.328925
1.336375
1.337825
1.35315
1.353425
1.359525
1.3599
1.363175
1.373375
1.38805
1.3894
1.407525
1.41375
1.41785
1.4201
1.42735
1.4366
1.43895
1.442525
1.44675
1.476225
1.486975
1.5284
1.529525
1.60255
1.606525
1.608725
1.619225
1.633575
1.640425
1.640925
1.64325
1.658675
1.663625
1.665625
1.667775
1.683125
1.69725
1.704625
1.7052
1.7075
1.72085
1.74685
1.751
1.7514
1.758825
1.75995
1.801975
1.811625
1.826825
1.83845
1.848025
1.8523
1.862725
1.866175
1.903275
1.905975
1.909925
1.9146
1.9185
1.929725
1.933475
1.943775
1.944575
1.9512
1.952625
1.95265
1.96315
1.97045
1.97185
1.9753
2.005525
2.020575
2.030425
2.03495
2.042325
2.050725
2.0677
2.0809
2.0929
2.103575
2.1067
2.109275
2.113775
2.122525
2.200175
2.201775
2.20355
2.203625
2.22315
2.223225
2.227575
2.228725
2.229825
2.254375
2.263975
2.269175
2.270375
2.272
2.2739
2.27755
2.281075
2.28505
2.294775
2.29585
2.3044
2.318875
2.3466
2.357875
2.362925
2.392425
2.39565
2.40315
2.433375
2.441575
2.4689
2.47925
2.49685
2.5159
2.52075
2.524275
2.52705
2.529525
2.530125
2.535475
2.543775
2.547275
2.55085
2.558575
2.5777
2.604425
2.606075
2.6291
2.6559
2.680225
2.686625
2.687725
2.736125
2.7495
2.770775
2.7755
2.801675
2.80545
2.809625
2.81185
2.824725
2.839925
2.84935
2.859975
2.868225
2.87805
2.87855
2.89455
2.894775
2.903
2.916925
2.924375
2.9663
2.967075
2.9702
2.99405
3.000575
3.0373
3.065575
3.0698
3.113525
3.1144
3.117275
3.12315
3.12555
3.129875
3.131325
3.136075
3.145475
3.154025
3.159
3.16835
3.16965
3.17685
3.18245
3.1839
3.1924
3.199125
3.199775
3.200375
3.201925
3.22765
3.228475
3.274275
3.29385
3.297275
3.357975
3.36565
3.387975
3.4094
3.4103
3.414825
3.416475
3.418525
3.435275
3.4384
3.439275
3.444225
3.44835
3.449325
3.456675
3.45975
3.475075
3.4989
3.501875
3.5053
3.51135
3.5268
3.549775
3.561275
3.569375
3.584725
3.588825
3.623925
3.6397
3.65845
3.670725
3.672725
3.706475
3.709025
3.7139
3.725725
3.7359
3.742175
3.743025
3.760175
3.7659
3.7666
3.76985
3.772225
3.792775
3.797025
3.816025
3.816175
3.85305
3.876975
3.88145
3.904075
3.9191
3.946525
3.98085
4.00175
4.002775
4.004375
4.0082
4.0115
4.01995
4.053275
4.083825
4.084275
4.086825
4.100325
4.10745
4.133025
4.139425
4.14125
4.1446
4.260525
4.310875
4.33995
4.34935
4.351375
4.35365
4.355775
4.3609
4.367275
4.43175
4.432975
4.4414
4.4442
4.444475
4.492125
4.492375
4.50545
4.510725
4.511275
4.524725
4.5255
4.581675
4.587375
4.60245
4.6131
4.614275
4.620975
4.629075
4.6346
4.638375
4.641475
4.64175
4.644825
4.65255
4.656375
4.660725
4.667675
4.6921
4.72075
4.737975
4.793075
4.7965
4.8324
4.84335
4.8698
4.901775
4.908275
4.911525
4.919075
4.923425
4.925025
4.934075
4.95045
4.95085
4.95175
4.953325
4.955225
4.96245
4.9751
4.978625
4.9814
4.9994
4.999725
5.022125
5.0238
5.031725
5.04485
5.0593
5.096375
5.10245
5.120625
5.120725
5.142675
5.1663
5.204625
5.207425
5.2088
5.21395
5.2185
5.23555
5.238425
5.242025
5.242525
5.246025
5.24785
5.25005
5.2623
5.2655
5.28135
5.295375
5.30785
5.317925
5.3221
5.368775
5.37125
5.39545
5.430825
5.442725
5.448125
5.44845
5.47135
5.50075
5.5016
5.50645
5.510525
5.513125
5.51655
5.519225
5.52135
5.523
5.53175
5.55135
5.5578
5.5633
5.567025
5.577325
5.585675
5.5867
5.598125
5.6024
5.609025
5.614075
5.651875
5.659925
5.68065
5.6816
5.695725
5.71255
5.724875
5.726125
5.72715
5.739375
5.74955
5.7838
5.8043
5.814275
5.815725
5.816425
5.824125
5.827325
5.839625
5.84295
5.844275
5.845075
5.84725
5.854175
5.8654
5.865425
5.870075
5.872
5.87485
5.87765
5.88095
5.884675
5.89485
5.9045
5.9506
5.96825
5.9804
6.0345
6.039025
6.048275
6.06415
6.067475
6.070375
6.0747
6.09845
6.1027
6.12175
6.127725
6.1283
6.130725
6.13805
6.147775
6.170125
6.1805
6.184925
6.1851
6.190975
6.23955
6.248925
6.25205
6.285
6.29105
6.2927
6.308875
6.3095
6.3189
6.329675
6.334825
6.337525
6.356625
6.40515
6.406725
6.421125
6.421825
6.4255
6.42635
6.430875
6.4387
6.444475
6.4487
6.4633
6.47975
6.48025
6.493975
6.494375
6.530625
6.5399
6.540825
6.569625
6.5704
6.58705
6.5883
6.663575
6.666125
6.666825
6.713825
6.71495
6.716725
6.724175
6.726075
6.733925
6.75145
6.75625
6.7806
6.781725
6.795275
6.80695
6.8115
6.812625
6.8189
6.8199
6.832175
6.834825
6.8401
6.841575
6.884075
6.920125
6.92095
6.93875
6.9413
6.9947
7.001325
7.02755
7.031925
7.033425
7.035525
7.04185
7.043725
7.05045
7.0542
7.055925
7.06395
7.06965
7.07185
7.07565
7.08065
7.0891
7.090525
7.0906
7.095925
7.1087
7.140075
7.1554
7.164325
7.170525
7.1762
7.192075
7.196275
7.225325
7.287875
7.301475
7.310725
7.3174
7.3228
7.323275
7.3246
7.337375
7.358675
7.37315
7.37915
7.383125
7.39845
7.406675
7.441275
7.48185
7.4866
7.50485
7.553
7.56745
7.595725
7.59875
7.600725
7.6079
7.61085
7.61205
7.6145
7.630375
7.63295
7.6517
7.65915
7.667825
7.671675
7.68445
7.697225
7.699375
7.6996
7.70365
7.7164
7.7376
7.75215
7.7956
7.801575
7.8403
7.856775
7.882975
7.9014
7.9065
7.9068
7.9201
7.9271
7.9529
7.974975
8.007
8.03635
8.03785
8.0836
8.095925
8.11365
8.118925
8.141575
8.146475
8.174375
8.181325
8.1838
8.200175
8.21165
8.21415
8.221575
8.2345
8.238875
8.239375
8.242375
8.253425
8.26455
8.275825
8.293575
8.29825
8.3184
8.31965
8.322625
8.323375
8.32545
8.3292
8.331175
8.3836
8.424175
8.4583
8.4585
8.5019
8.51155
8.521125
8.566275
8.574175
8.5756
8.578225
8.59025
8.611025
8.615075
8.620875
8.621425
8.622775
8.634375
8.668425
8.68875
8.72925
8.730775
8.7789
8.806325
8.80645
8.807375
8.807875
8.808725
8.80935
8.82025
8.8281
8.83935
8.8424
8.853625
8.86325
8.86655
8.87035
8.8808
8.8829
8.88345
8.8838
8.888125
8.902975
8.9084
8.920375
8.92115
8.9273
8.938325
8.941775
8.96295
8.97815
9.0178
9.047525
9.0686
770
