0.1054
0.111825
0.134275
0.13455
0.1377
0.143975
0.1441
0.16145
0.1663
0.167175
0.182775
0.2307
0.27155
0.29155
0.293775
0.327125
0.357
0.387625
0.40225
0.40875
0.414975
0.41955
0.426775
0.433175
0.452975
0.461425
0.46205
0.479525
0.483975
0.495625
0.515525
0.516525
0.526975
0.53195
0.538625
0.5689
0.57035
0.5756
0.641375
0.6943
0.70525
0.720225
0.7237
0.724625
0.72925
0.73375
0.739375
0.743325
0.743475
0.7529
0.7572
0.760375
0.76265
0.7646
0.772375
0.776625
0.784775
0.8019
0.807275
0.809
0.81455
0.822525
0.82975
0.8573
0.857325
0.86095
0.86495
0.894875
0.911575
0.91415
0.9594
0.98795
1.018575
1.0204
1.023325
1.024875
1.03655
1.053325
1.056225
1.0572
1.085925
1.092625
1.094275
1.110825
1.138075
1.154875
1.158425
1.168575
1.169175
1.21425
1.223175
1.2597
1.266825
1.30735
1.316225
1.318775
1.3257
1.3458
1.36255
1.363525
1.3683
1.422
1.444025
1.451875
1.505975
1.517625
1.5955
1.60405
1.607225
1.61875
1.6237
1.633825
1.643675
1.6564
1.65725
1.660575
1.665925
1.669925
1.6737
1.67505
1.68995
1.690475
1.695875
1.70215
1.702675
1.712675
1.737175
1.76075
1.78905
1.823975
1.82535
1.83175
1.834475
1.902625
1.904925
1.910575
1.91445
1.923225
1.92545
1.925525
1.928775
1.934175
1.93655
1.955775
1.9708
1.97165
1.97305
1.9731
1.978375
1.981375
2.0032
2.01415
2.0157
2.0399
2.047075
2.060575
2.062425
2.078525
2.099875
2.1299
2.138975
2.160375
2.19305
2.2013
2.202375
2.208425
2.208775
2.226925
2.227425
2.239475
2.2422
2.244175
2.245425
2.2489
2.253225
2.253875
2.26595
2.282225
2.308825
2.315975
2.32065
2.355325
2.38
2.3913
2.507225
2.5093
2.51385
2.527575
2.532575
2.548575
2.57345
2.575125
2.57985
2.5865
2.609375
2.6127
2.612975
2.61525
2.619975
2.641
2.64285
2.658
2.6727
2.674475
2.683375
2.690675
2.692475
2.7221
2.785125
2.807775
2.8083
2.813125
2.81675
2.81725
2.824025
2.834875
2.86955
2.8799
2.882025
2.886975
2.900175
2.9158
2.91825
2.922875
2.9309
2.938825
2.941325
2.96925
2.9892
3.0202
3.02965
3.07155
3.0731
3.078475
3.0897
3.101525
3.110925
3.117925
3.11965
3.129725
3.13205
3.143625
3.147525
3.151125
3.17195
3.1774
3.191225
3.21955
3.231225
3.234325
3.23575
3.2539
3.269625
3.27485
3.3064
3.331375
3.3679
3.4133
3.4141
3.4214
3.4231
3.426175
3.4335
3.43815
3.4408
3.446675
3.44725
3.45095
3.452525
3.4611
3.465825
3.48705
3.48805
3.49315
3.50515
3.5318
3.559225
3.574125
3.584575
3.61635
3.63
3.649225
3.653725
3.70205
3.705425
3.706475
3.7087
3.7101
3.738475
3.742675
3.74585
3.74635
3.753
3.753125
3.772925
3.7895
3.792775
3.834175
3.8454
3.848125
3.849375
3.851175
3.8552
3.901925
3.938875
3.955925
3.95865
3.9752
3.981325
4.0252
4.036225
4.04625
4.046375
4.0497
4.06745
4.0931
4.0991
4.113475
4.131925
4.1362
4.15425
4.1899
4.213375
4.213775
4.21435
4.2335
4.25055
4.259525
4.294575
4.2991
4.319825
4.32485
4.326875
4.357675
4.35825
4.3591
4.36275
4.3791
4.3802
4.388525
4.39405
4.4313
4.447725
4.453825
4.480775
4.49495
4.506875
4.56
4.5816
4.582225
4.5897
4.608375
4.6173
4.61995
4.630475
4.633025
4.634825
4.64515
4.65435
4.6545
4.67375
4.6748
4.6774
4.6866
4.699625
4.703225
4.709125
4.711825
4.73145
4.7416
4.758025
4.78865
4.78995
4.795475
4.81095
4.81465
4.81955
4.82885
4.830425
4.831675
4.83335
4.845925
4.857025
4.901125
4.901625
4.906575
4.916825
4.926525
4.9313
4.972225
4.99695
5.0076
5.008775
5.023825
5.042125
5.102175
5.104
5.1041
5.107675
5.1084
5.1224
5.1444
5.145125
5.14645
5.193975
5.2067
5.2274
5.232125
5.2355
5.246375
5.246825
5.268625
5.303425
5.304225
5.30655
5.309325
5.3262
5.3412
5.34285
5.3475
5.369025
5.37
5.373275
5.382675
5.382825
5.392
5.39715
5.402525
5.42265
5.4298
5.43515
5.502425
5.505425
5.50605
5.5129
5.5233
5.5265
5.527325
5.53095
5.53305
5.53845
5.54185
5.542875
5.554925
5.57085
5.574
5.587225
5.591225
5.5926
5.6147
5.629625
5.6332
5.638375
5.6601
5.66785
5.6942
5.69485
5.72065
5.778775
5.7944
5.804525
5.814375
5.8183
5.819925
5.824175
5.824975
5.830275
5.837875
5.846475
5.854625
5.859225
5.86005
5.8664
5.866575
5.875425
5.87895
5.89415
5.894275
5.895125
5.9189
5.931775
5.936725
5.93725
5.9373
5.962475
5.98535
5.99385
5.995675
6.0341
6.034775
6.065
6.0671
6.104175
6.1097
6.11375
6.118875
6.1196
6.120625
6.125325
6.131075
6.1317
6.13945
6.141925
6.1455
6.1482
6.15245
6.155025
6.156975
6.158025
6.171325
6.178625
6.190075
6.202875
6.209725
6.2286
6.24285
6.266075
6.271875
6.27275
6.32185
6.33025
6.391625
6.39745
6.400025
6.404425
6.405775
6.4122
6.41495
6.421575
6.432325
6.433675
6.434475
6.4347
6.45455
6.475525
6.477
6.482075
6.507825
6.519225
6.550075
6.57805
6.613075
6.613875
6.6414
6.660675
6.662925
6.667275
6.700775
6.7037
6.72135
6.73145
6.7352
6.737325
6.739175
6.78495
6.7857
6.7862
6.795525
6.805225
6.833125
6.83785
6.860575
6.860875
6.870375
6.871425
6.87935
6.894875
6.89935
6.906875
6.935075
6.946575
6.952925
6.9562
6.9565
6.99635
7.00235
7.004425
7.00545
7.0061
7.01525
7.021125
7.03735
7.0374
7.05275
7.05595
7.06985
7.07145
7.088675
7.09195
7.105525
7.108975
7.1369
7.1541
7.158125
7.15855
7.159575
7.1631
7.17515
7.17645
7.178275
7.204
7.2278
7.23245
7.237
7.25325
7.263525
7.2877
7.308625
7.31055
7.344925
7.345875
7.3461
7.358225
7.36695
7.3682
7.375575
7.380575
7.38235
7.383325
7.387775
7.392775
7.3929
7.414925
7.4251
7.43445
7.4541
7.52895
7.554575
7.570425
7.5797
7.59405
7.6023
7.60265
7.6143
7.616325
7.626425
7.63585
7.65385
7.67975
7.681825
7.682475
7.68335
7.6931
7.7033
7.704275
7.718075
7.72685
7.736325
7.741275
7.7415
7.753125
7.7816
7.817925
7.85825
7.859525
7.878
7.913875
7.919975
7.929175
7.93515
7.946075
7.9511
7.964375
7.967275
7.973725
7.980925
7.983825
8.005475
8.014625
8.01565
8.0266
8.03735
8.042625
8.059075
8.082575
8.151475
8.1644
8.18995
8.203425
8.21155
8.216575
8.2319
8.234625
8.2397
8.24425
8.257525
8.2637
8.269175
8.2787
8.279275
8.282825
8.31525
8.32185
8.33195
8.332425
8.333525
8.336375
8.342875
8.35645
8.4133
8.430375
8.4446
8.4548
8.4568
8.4895
8.491025
8.503125
8.50805
8.50845
8.50875
8.5248
8.5286
8.5405
8.5464
8.550525
8.553275
8.5586
8.57865
8.59295
8.5993
8.599975
8.60445
8.6049
8.6137
8.619
8.6313
8.63515
8.662
8.676
8.677325
8.714125
8.725075
8.78355
8.7885
8.81635
8.8243
8.8682
8.87525
8.879
8.883125
8.918825
8.91895
8.949325
8.9539
8.965325
8.971775
8.97305
8.9738
8.976
8.980375
9.048675
9.05245
9.06235
9.068725
9.089425
9.094225
756
