0.0383
0.103575
0.106375
0.111975
0.112025
0.121475
0.12965
0.1355
0.136575
0.13775
0.146675
0.1503
0.156075
0.15935
0.162275
0.166575
0.169675
0.169925
0.175575
0.176775
0.1823
0.182625
0.185525
0.190675
0.20605
0.224925
0.229025
0.23165
0.241175
0.25535
0.257975
0.268475
0.2736
0.3073
0.31785
0.34255
0.372175
0.400775
0.4047
0.4052
0.4054
0.409325
0.4128
0.414575
0.416025
0.42405
0.42565
0.4342
0.4426
0.446825
0.46265
0.481675
0.484775
0.49
0.49415
0.510425
0.5458
0.54765
0.55465
0.566575
0.572125
0.608475
0.634675
0.679425
0.703675
0.7046
0.709125
0.714175
0.716325
0.719
0.73415
0.753125
0.7645
0.7688
0.773
0.790125
0.79055
0.813575
0.8352
0.83955
0.842475
0.844275
0.850875
0.8564
0.897875
0.9118
0.91195
0.92175
0.9466
0.9792
1.006475
1.01675
1.0186
1.021375
1.026425
1.02715
1.068625
1.073025
1.0943
1.105325
1.1154
1.152775
1.157125
1.173425
1.192625
1.236825
1.242875
1.24895
1.27195
1.2724
1.28185
1.301
1.308925
1.318825
1.3269
1.32785
1.332775
1.33505
1.354825
1.360925
1.3634
1.36395
1.373225
1.388575
1.3991
1.4245
1.4342
1.4578
1.50195
1.512
1.515525
1.53615
1.56515
1.59
1.59055
1.602625
1.6059
1.606375
1.60965
1.616025
1.63755
1.64175
1.64495
1.645175
1.6618
1.70725
1.708175
1.740125
1.742275
1.75625
1.77965
1.7807
1.843075
1.84335
1.87905
1.901025
1.903675
1.90695
1.909225
1.9094
1.925825
1.929325
1.937025
1.944975
1.948325
1.988
2.00325
2.0072
2.01275
2.0417
2.043425
2.048575
2.0527
2.07505
2.080475
2.102425
2.112525
2.15325
2.154825
2.207825
2.2085
2.2091
2.213475
2.214275
2.215325
2.220175
2.243075
2.247125
2.26965
2.273275
2.2895
2.302975
2.3216
2.3826
2.402825
2.424975
2.442175
2.46205
2.4677
2.4929
2.504725
2.506
2.506275
2.518425
2.52175
2.531025
2.534375
2.53945
2.540725
2.543525
2.563625
2.56805
2.570625
2.570875
2.58805
2.60905
2.613525
2.627075
2.63495
2.667225
2.66985
2.675825
2.68185
2.684325
2.7137
2.724875
2.800225
2.80305
2.80645
2.807625
2.80995
2.81655
2.82715
2.827575
2.8281
2.8349
2.838575
2.847425
2.854125
2.863675
2.87815
2.89375
2.898125
2.8998
2.903075
2.9033
2.9038
2.91245
2.923175
2.9279
2.928275
2.933675
2.95585
2.9695
2.9756
3.000325
3.01195
3.024675
3.02485
3.04415
3.065175
3.113425
3.115175
3.1225
3.130825
3.145575
3.149875
3.15205
3.1544
3.156325
3.15805
3.1654
3.167675
3.169925
3.17335
3.173925
3.189825
3.1919
3.212175
3.233775
3.23385
3.237925
3.245175
3.25165
3.2712
3.2782
3.279575
3.28855
3.29255
3.294775
3.313575
3.3188
3.34
3.355775
3.405225
3.4061
3.41175
3.412225
3.413225
3.42545
3.436275
3.438275
3.444225
3.4468
3.447125
3.449825
3.4526
3.4682
3.5151
3.545425
3.5615
3.565925
3.597575
3.630975
3.664675
3.7049
3.718975
3.726825
3.727775
3.742825
3.743375
3.7484
3.77335
3.78815
3.79565
3.809375
3.810975
3.827975
3.868175
3.8906
3.9342
3.95375
3.97515
4.002125
4.002825
4.0061
4.00795
4.010425
4.041125
4.055675
4.056875
4.061825
4.065275
4.07675
4.077725
4.081725
4.094675
4.122275
4.15095
4.152775
4.158525
4.177975
4.17815
4.186425
4.19745
4.2115
4.240075
4.26055
4.3064
4.30665
4.321125
4.323875
4.326175
4.329025
4.334275
4.3411
4.365025
4.368925
4.3747
4.3759
4.3827
4.38795
4.39575
4.4096
4.417375
4.466075
4.475525
4.5082
4.528525
4.549925
4.569175
4.6072
4.61435
4.614575
4.6154
4.61935
4.6335
4.636325
4.64125
4.6448
4.649375
4.663325
4.6641
4.666575
4.6906
4.694775
4.709325
4.720075
4.725825
4.732125
4.732775
4.7338
4.745175
4.785475
4.80775
4.906125
4.9142
4.917275
4.921475
4.92265
4.923125
4.92865
4.9349
4.938325
4.939125
4.9437
4.9704
4.983875
4.985925
4.98955
5.004275
5.013275
5.037575
5.04295
5.04795
5.05855
5.0797
5.082825
5.090075
5.093275
5.09815
5.101375
5.103125
5.1239
5.143125
5.16415
5.1874
5.189025
5.2081
5.2117
5.221975
5.2288
5.23265
5.2396
5.25765
5.266675
5.2735
5.285525
5.30745
5.309175
5.34055
5.34805
5.388175
5.395525
5.409725
5.44195
5.496025
5.501175
5.503475
5.5155
5.532725
5.5331
5.536225
5.55345
5.55745
5.5612
5.579575
5.580675
5.5956
5.6149
5.672275
5.674
5.7128
5.723325
5.7377
5.7431
5.750475
5.784775
5.807075
5.809625
5.81015
5.81345
5.816825
5.8184
5.819075
5.8236
5.8277
5.82805
5.8305
5.830575
5.831225
5.8363
5.837225
5.83835
5.84145
5.856975
5.860475
5.889
5.897125
5.936725
5.955525
5.973875
5.992375
5.995075
6.020525
6.021525
6.042225
6.05825
6.0974
6.102625
6.104575
6.105375
6.121025
6.134075
6.145125
6.159725
6.175675
6.183225
6.184825
6.18565
6.1986
6.2065
6.21025
6.21815
6.219725
6.23185
6.268825
6.28345
6.28525
6.311425
6.3228
6.344925
6.3472
6.349925
6.365175
6.375575
6.388475
6.404425
6.4149
6.422425
6.423175
6.4408
6.447275
6.458225
6.462475
6.463325
6.463475
6.488075
6.50955
6.5255
6.54255
6.54755
6.5487
6.551975
6.564
6.564775
6.57225
6.583325
6.593775
6.594075
6.60495
6.609925
6.701325
6.703125
6.703475
6.70425
6.7153
6.715875
6.716375
6.7203
6.723425
6.7246
6.733325
6.740075
6.746775
6.75325
6.78605
6.795375
6.79605
6.79845
6.80835
6.81265
6.837375
6.88195
6.892175
6.8922
6.8992
6.914075
6.958175
6.977775
6.98175
7.001175
7.0022
7.0321
7.04145
7.060175
7.0685
7.075475
7.080075
7.089325
7.111225
7.1363
7.148475
7.156125
7.208825
7.304825
7.312725
7.3129
7.31595
7.321775
7.33475
7.389725
7.40365
7.4044
7.417625
7.41795
7.4274
7.43285
7.433975
7.445225
7.475925
7.500325
7.5022
7.513675
7.5278
7.537275
7.5403
7.541475
7.5696
7.631425
7.63935
7.6434
7.681125
7.707825
7.71815
7.7191
7.730625
7.73625
7.740275
7.764675
7.777
7.780775
7.821025
7.887075
7.8932
7.898925
7.9001
7.903375
7.910725
7.91275
7.91515
7.9214
7.922975
7.926125
7.926575
7.937225
7.944075
7.95785
7.962
7.972925
7.980925
8.038625
8.039025
8.05335
8.14225
8.1747
8.200825
8.203425
8.20365
8.2038
8.20785
8.20945
8.213875
8.220175
8.236975
8.24165
8.25835
8.2629
8.2638
8.2658
8.3153
8.3195
8.3319
8.333325
8.354325
8.360075
8.3615
8.36355
8.372
8.377975
8.49675
8.501
8.50775
8.51895
8.5264
8.53155
8.53485
8.535125
8.535825
8.542325
8.556775
8.57405
8.5801
8.5852
8.591875
8.61405
8.621175
8.62485
8.63005
8.675675
8.69755
8.7003
8.7036
8.733225
8.743825
8.746675
8.747425
8.755525
8.784675
8.79235
8.803175
8.80445
8.805075
8.806975
8.80745
8.810975
8.8154
8.825325
8.827875
8.83115
8.84235
8.8551
8.8616
8.861725
8.881825
8.894375
8.90545
8.9162
8.924025
8.92645
8.9309
8.93405
8.947625
8.9481
8.95225
8.969125
8.972025
8.9762
8.989225
9.0069
9.0301
9.045475
9.05915
753
