0.104775
0.111
0.1121
0.1128
0.119075
0.1238
0.124825
0.130475
0.131225
0.134025
0.136225
0.141125
0.145175
0.146325
0.148475
0.15135
0.1631
0.1643
0.194075
0.24015
0.25455
0.29145
0.31095
0.31625
0.3245
0.325225
0.341725
0.355125
0.3589
0.36195
0.4127
0.4265
0.427575
0.441175
0.462675
0.468525
0.4713
0.49485
0.503975
0.51295
0.51545
0.537375
0.576325
0.579175
0.58405
0.594925
0.597275
0.610675
0.644225
0.700075
0.70485
0.7078
0.710125
0.71645
0.735225
0.7443
0.745825
0.774775
0.779575
0.78105
0.78855
0.814375
0.82505
0.829125
0.8305
0.8333
0.843
0.843975
0.852775
0.882425
0.883475
0.886275
0.89225
0.948325
0.950225
0.9613
0.9659
1.010625
1.0107
1.017125
1.0198
1.0263
1.027775
1.041925
1.043775
1.05735
1.064025
1.075925
1.0913
1.092825
1.093575
1.096075
1.09885
1.11175
1.128925
1.158575
1.159875
1.17015
1.178025
1.1836
1.188125
1.202375
1.2394
1.27365
1.2977
1.307525
1.322675
1.325525
1.3384
1.341425
1.347825
1.358225
1.3625
1.3674
1.36965
1.391
1.392125
1.3969
1.40185
1.428325
1.438975
1.448225
1.45415
1.460625
1.47635
1.476625
1.4975
1.497975
1.517875
1.542975
1.600525
1.605775
1.610675
1.62075
1.644425
1.64595
1.651125
1.667175
1.675325
1.677075
1.68
1.68245
1.700925
1.7078
1.7133
1.73625
1.75455
1.75805
1.78895
1.804925
1.806875
1.890225
1.8968
1.9073
1.90865
1.909375
1.917825
1.9274
1.9356
1.975275
1.98265
1.9854
1.998675
2.0233
2.029825
2.0693
2.092525
2.096375
2.1079
2.1121
2.18225
2.186175
2.2014
2.206825
2.210925
2.213075
2.21615
2.221675
2.22695
2.2284
2.229875
2.258975
2.285325
2.29115
2.30035
2.306075
2.308375
2.318075
2.334675
2.351575
2.362725
2.4065
2.42345
2.4733
2.49755
2.500275
2.51225
2.5123
2.51395
2.51685
2.536125
2.53935
2.562875
2.566225
2.580225
2.583675
2.58505
2.600225
2.60565
2.612525
2.618925
2.620575
2.623375
2.65215
2.6926
2.69615
2.702975
2.706075
2.708675
2.73175
2.737975
2.8018
2.8029
2.8276
2.838775
2.84315
2.8451
2.8505
2.862375
2.8755
2.883575
2.8868
2.891775
2.904375
2.9176
2.92775
2.9461
2.957675
2.957775
2.969825
2.98875
2.991825
3.01215
3.027525
3.02825
3.0382
3.072125
3.087825
3.0979
3.103025
3.105675
3.106225
3.108575
3.110025
3.1125
3.11395
3.116625
3.12585
3.127625
3.131575
3.1437
3.154075
3.163675
3.165025
3.18805
3.190275
3.191025
3.206025
3.2143
3.2153
3.216425
3.225025
3.24315
3.245475
3.25045
3.254825
3.257375
3.2661
3.2803
3.314925
3.340025
3.350875
3.381725
3.383425
3.3983
3.404875
3.41715
3.43325
3.440875
3.454325
3.45575
3.4988
3.507325
3.519975
3.538075
3.546775
3.5631
3.579175
3.586175
3.595625
3.598175
3.6108
3.63265
3.6672
3.6822
3.7058
3.7199
3.733
3.750825
3.753725
3.753775
3.757325
3.7643
3.77865
3.78305
3.821675
3.8222
3.860875
3.890075
3.975425
3.976775
4.001
4.001525
4.00355
4.0044
4.012625
4.015675
4.023275
4.02495
4.025975
4.031275
4.049625
4.050925
4.051125
4.056675
4.07085
4.0715
4.07325
4.077425
4.09315
4.09565
4.103975
4.1099
4.1148
4.1181
4.12665
4.13885
4.16495
4.1838
4.191175
4.1919
4.195625
4.205975
4.235425
4.264225
4.267775
4.28475
4.2858
4.30065
4.3155
4.321575
4.3273
4.339025
4.34055
4.346175
4.3635
4.364775
4.371925
4.377425
4.3832
4.391075
4.39525
4.4066
4.409725
4.41205
4.412275
4.425625
4.434225
4.437925
4.445025
4.453875
4.469275
4.489725
4.49825
4.498475
4.52895
4.529925
4.581075
4.583975
4.592325
4.5981
4.602275
4.60525
4.60705
4.614
4.61595
4.62065
4.621075
4.6211
4.62445
4.628625
4.6297
4.631475
4.6353
4.640725
4.6456
4.646125
4.666275
4.672275
4.6739
4.6858
4.68705
4.70395
4.7053
4.711825
4.755
4.7757
4.8038
4.81375
4.81685
4.82
4.839775
4.84235
4.86375
4.9005
4.911525
4.915625
4.917125
4.921375
4.92405
4.926275
4.9268
4.93925
4.9436
4.945825
4.954375
4.958925
4.967575
4.99315
4.994325
4.997725
5.0067
5.00935
5.0169
5.046975
5.09805
5.111125
5.111425
5.1184
5.1292
5.187725
5.2025
5.2191
5.22845
5.238575
5.265975
5.267625
5.270425
5.281375
5.2817
5.312175
5.32015
5.3596
5.382475
5.411775
5.446
5.4597
5.5009
5.5206
5.5264
5.532625
5.546225
5.55185
5.583825
5.60335
5.610075
5.6152
5.6351
5.643075
5.64715
5.647275
5.64765
5.647875
5.702675
5.72045
5.7828
5.7959
5.804325
5.81115
5.814275
5.8198
5.82705
5.828875
5.8349
5.835775
5.83735
5.845225
5.856425
5.858375
5.85985
5.865425
5.8707
5.888425
5.8889
5.892075
5.89425
5.898925
5.907
5.9108
5.913875
5.92055
5.9228
5.9229
5.92865
5.940675
5.9678
5.990325
6.0241
6.032275
6.036075
6.051725
6.054275
6.148675
6.15185
6.15195
6.15605
6.15655
6.183475
6.19885
6.200175
6.201
6.20125
6.2046
6.2205
6.22195
6.22445
6.253
6.2777
6.300875
6.31145
6.3209
6.33215
6.3371
6.33995
6.360675
6.36795
6.36985
6.40325
6.406125
6.40795
6.41255
6.416775
6.4219
6.429
6.439975
6.4545
6.463925
6.47635
6.4788
6.485775
6.491875
6.492525
6.498675
6.52875
6.5398
6.548425
6.564975
6.56925
6.5864
6.590075
6.60755
6.612325
6.6885
6.69315
6.708625
6.71395
6.715725
6.7168
6.717275
6.71955
6.720275
6.72195
6.726375
6.732425
6.734275
6.7366
6.738025
6.74085
6.742775
6.744525
6.757225
6.770725
6.77095
6.79825
6.80065
6.80565
6.80675
6.815575
6.824
6.8286
6.85875
6.860225
6.8673
6.8776
6.9223
6.93425
6.9345
6.93965
6.943675
6.98415
7.002125
7.002225
7.0101
7.0163
7.02115
7.023375
7.029175
7.04555
7.05935
7.06085
7.06305
7.064225
7.06515
7.067
7.1076
7.116025
7.12415
7.12745
7.1752
7.189725
7.19415
7.228825
7.300475
7.3115
7.313825
7.314875
7.327625
7.3301
7.3335
7.346175
7.34655
7.349075
7.3715
7.376125
7.3771
7.377625
7.3798
7.38285
7.384325
7.38495
7.387475
7.4144
7.41605
7.418125
7.4186
7.460825
7.4663
7.514475
7.5187
7.53715
7.54375
7.61175
7.61665
7.624725
7.6255
7.631675
7.638175
7.6417
7.644725
7.646375
7.6472
7.66205
7.705875
7.708125
7.710875
7.7265
7.732325
7.73525
7.73855
7.760925
7.808775
7.812375
7.8157
7.848075
7.85845
7.87185
7.8766
7.898875
7.911575
7.924675
7.93125
7.93585
7.959975
7.96175
7.96185
7.964375
7.97545
7.9789
7.979925
7.988275
7.9989
7.999525
8.001825
8.00335
8.018625
8.0375
8.04195
8.046625
8.11625
8.12585
8.141875
8.1645
8.186575
8.192675
8.201125
8.203875
8.213
8.230875
8.238625
8.2496
8.25085
8.2564
8.261375
8.273125
8.2909
8.296625
8.3067
8.313975
8.32285
8.325225
8.3271
8.346175
8.34845
8.364625
8.365875
8.37355
8.39085
8.405275
8.4208
8.440125
8.4406
8.461575
8.50555
8.51945
8.532175
8.533475
8.5398
8.542775
8.549575
8.5583
8.5607
8.577475
8.5814
8.58965
8.5976
8.5985
8.604125
8.606475
8.6191
8.6297
8.671575
8.705375
8.709775
8.753575
8.763425
8.776675
8.80375
8.82205
8.832825
8.83345
8.85635
8.857525
8.863725
8.8691
8.8727
8.87665
8.890025
8.89095
8.91385
8.920325
8.922225
8.929625
8.936425
8.944225
8.952925
8.97055
8.97165
8.976775
8.99215
9.0148
9.01615
9.019825
9.030375
9.03305
9.091025
795
