0.1094
0.109775
0.12805
0.1293
0.142775
0.143075
0.143525
0.1456
0.15405
0.15745
0.178425
0.1819
0.1943
0.19705
0.199575
0.204725
0.206375
0.232325
0.23685
0.241325
0.24145
0.248375
0.267975
0.2717
0.30035
0.321975
0.328675
0.3339
0.341125
0.366075
0.400925
0.40405
0.409175
0.411
0.418025
0.422625
0.4229
0.426275
0.427725
0.43145
0.442175
0.453275
0.4675
0.481575
0.484425
0.493575
0.50815
0.50985
0.5192
0.51935
0.56415
0.58785
0.594375
0.608725
0.629325
0.684925
0.70785
0.71795
0.721875
0.72485
0.73995
0.740675
0.74185
0.742875
0.74705
0.754425
0.756575
0.7574
0.758375
0.761925
0.76895
0.7786
0.7866
0.796875
0.8028
0.81395
0.829425
0.8315
0.8335
0.853025
0.8549
0.862675
0.867625
0.8849
0.904375
0.939125
0.94985
1.007
1.008925
1.030225
1.04495
1.050675
1.059475
1.093425
1.104375
1.105525
1.107525
1.10915
1.12155
1.12605
1.139825
1.14035
1.1512
1.152525
1.2145
1.23725
1.242675
1.277475
1.3028
1.303125
1.30535
1.307225
1.315475
1.3161
1.330925
1.3344
1.359
1.3649
1.36625
1.3677
1.37775
1.38175
1.3942
1.396925
1.408425
1.4275
1.437825
1.4472
1.449175
1.45085
1.46375
1.472675
1.504475
1.5091
1.57545
1.57875
1.6014
1.635125
1.65125
1.6537
1.654325
1.70725
1.719175
1.7326
1.73445
1.737225
1.747225
1.75085
1.7621
1.7979
1.807375
1.8142
1.844925
1.86995
1.883775
1.9047
1.908
1.934175
1.939475
1.93995
1.957725
1.967275
1.979675
1.981325
1.982275
1.985125
1.99015
1.992725
2.00445
2.00875
2.011225
2.019875
2.03245
2.0422
2.094075
2.095825
2.10615
2.1258
2.140325
2.14245
2.1445
2.168025
2.175875
2.1884
2.202375
2.205025
2.205925
2.223225
2.23135
2.25055
2.255725
2.2609
2.266375
2.280925
2.29935
2.305475
2.31365
2.3234
2.32455
2.33505
2.34115
2.374
2.378
2.416725
2.419825
2.4435
2.465175
2.474425
2.501725
2.505725
2.50825
2.508725
2.5112
2.51365
2.518975
2.52695
2.5298
2.548
2.5482
2.5487
2.549675
2.554625
2.558875
2.5595
2.5631
2.56645
2.566825
2.5995
2.631175
2.66825
2.68245
2.685325
2.703025
2.70345
2.714775
2.7373
2.7481
2.784875
2.802975
2.804225
2.812275
2.817375
2.818675
2.820525
2.860225
2.8625
2.86765
2.891325
2.897375
2.899325
2.899675
2.932875
2.946525
2.9862
2.995575
3.04625
3.10255
3.110675
3.11205
3.114525
3.115825
3.116775
3.117075
3.118675
3.12345
3.129725
3.14255
3.15215
3.173325
3.18355
3.2262
3.227875
3.256425
3.2846
3.287475
3.30805
3.3451
3.352725
3.366625
3.400825
3.417975
3.418625
3.4458
3.4467
3.4808
3.48875
3.4894
3.4946
3.49505
3.497175
3.5047
3.506225
3.51025
3.51585
3.516875
3.51935
3.542725
3.54985
3.57805
3.592975
3.61465
3.663525
3.700525
3.710075
3.724425
3.733775
3.736625
3.739225
3.742925
3.750725
3.75415
3.75875
3.762275
3.771725
3.773025
3.783275
3.78345
3.801875
3.8037
3.82155
3.84755
3.855175
3.859875
3.89515
3.902325
3.909175
3.9189
3.9583
3.978325
3.98275
3.99135
4.004075
4.0158
4.03295
4.039925
4.05795
4.06025
4.0667
4.06945
4.071825
4.075925
4.1002
4.102625
4.141025
4.14825
4.15275
4.196975
4.206575
4.21045
4.2446
4.250525
4.272075
4.27455
4.3033
4.303625
4.315525
4.31855
4.3312
4.353975
4.355725
4.36365
4.368125
4.37865
4.37955
4.388725
4.394525
4.40405
4.41035
4.41085
4.41895
4.427975
4.430275
4.4372
4.474225
4.4896
4.4953
4.521575
4.552325
4.556775
4.563575
4.56865
4.575475
4.621225
4.62305
4.62805
4.6331
4.638375
4.64445
4.6506
4.659425
4.6605
4.666425
4.6766
4.688725
4.69385
4.69525
4.696825
4.711725
4.723425
4.729375
4.732825
4.733525
4.742475
4.743975
4.751375
4.773725
4.8227
4.87185
4.8806
4.883925
4.902325
4.9107
4.9165
4.92945
4.93005
4.935775
4.948525
4.959325
4.96095
4.961575
4.992075
5.036625
5.049575
5.064675
5.074425
5.09305
5.097025
5.12175
5.1304
5.153875
5.184725
5.19315
5.2001
5.205525
5.208125
5.20965
5.21195
5.2232
5.22375
5.22385
5.225975
5.236
5.243525
5.268925
5.2709
5.274175
5.29175
5.33285
5.349325
5.368
5.39635
5.4213
5.428
5.43085
5.432575
5.4625
5.519
5.525375
5.52745
5.5301
5.53785
5.543675
5.551125
5.55115
5.551375
5.56325
5.56875
5.5692
5.57855
5.5869
5.587825
5.589475
5.5899
5.590975
5.605125
5.60755
5.61525
5.6156
5.617925
5.6185
5.620225
5.625525
5.650175
5.6556
5.65585
5.664625
5.6712
5.69185
5.696125
5.74545
5.77375
5.79395
5.804725
5.807425
5.8097
5.81165
5.82595
5.8357
5.84995
5.8597
5.860575
5.877725
5.89445
5.901075
5.9096
5.915
5.9179
5.9213
5.94135
5.9428
5.94545
5.962075
5.967425
5.990625
6.0017
6.016175
6.035025
6.039525
6.092325
6.099675
6.12245
6.126225
6.142375
6.142575
6.142925
6.1468
6.148475
6.149575
6.15265
6.15615
6.161425
6.171875
6.192625
6.196375
6.20635
6.2067
6.2127
6.220375
6.22085
6.24985
6.267
6.307375
6.3171
6.360525
6.366025
6.4002
6.407275
6.413025
6.42105
6.425425
6.426975
6.428875
6.42965
6.4304
6.4379
6.440525
6.462225
6.47025
6.48305
6.48445
6.490575
6.507675
6.51275
6.518325
6.525925
6.5332
6.5915
6.595725
6.61075
6.6241
6.626025
6.639625
6.69875
6.70275
6.7068
6.72035
6.725325
6.7298
6.7301
6.733925
6.737025
6.7397
6.745125
6.75215
6.754175
6.755075
6.759525
6.7623
6.78875
6.789375
6.80545
6.818275
6.841575
6.857575
6.864825
6.875675
6.912575
6.99075
6.991775
7.0006
7.029775
7.030125
7.0395
7.04855
7.048975
7.0498
7.052025
7.055175
7.065425
7.084375
7.09105
7.097575
7.09775
7.0995
7.1
7.1052
7.12735
7.132125
7.136
7.161475
7.20545
7.2068
7.2301
7.262125
7.30785
7.31305
7.33315
7.3334
7.337225
7.349075
7.362375
7.366875
7.3806
7.4006
7.41725
7.42565
7.444225
7.445425
7.45885
7.4599
7.462225
7.4693
7.474325
7.47755
7.490125
7.549325
7.6025
7.62705
7.628375
7.63865
7.6413
7.65675
7.660975
7.66385
7.671475
7.6766
7.680425
7.6821
7.687025
7.689975
7.6941
7.70675
7.72255
7.7303
7.733325
7.734575
7.760825
7.77185
7.778625
7.843375
7.9036
7.905225
7.90615
7.912375
7.917575
7.9201
7.9222
7.923025
7.931875
7.937725
7.938975
7.94055
7.952675
7.95555
7.958975
7.959475
7.972325
7.988725
7.991175
7.9932
8.01195
8.016525
8.02395
8.0267
8.031675
8.080325
8.0817
8.109525
8.112525
8.1914
8.2112
8.214575
8.22345
8.239775
8.2403
8.2442
8.25735
8.26295
8.277175
8.278225
8.291175
8.292575
8.292875
8.295775
8.314225
8.324375
8.332775
8.35515
8.38095
8.3875
8.400025
8.4128
8.432275
8.448275
8.45055
8.4508
8.49335
8.5267
8.5296
8.53025
8.54165
8.543475
8.546325
8.55245
8.556875
8.56395
8.566275
8.57315
8.6019
8.611025
8.622175
8.6222
8.629925
8.636475
8.6422
8.660225
8.666
8.696675
8.713075
8.7142
8.72045
8.746475
8.75375
8.754375
8.770625
8.775525
8.78825
8.80735
8.832325
8.849475
8.86005
8.870125
8.89955
8.912125
8.91715
8.9343
8.9358
8.9508
8.967025
8.9725
8.98855
9.024725
9.026575
9.031275
9.050775
9.064575
9.08425
9.091125
778
