0.0226
0.1117
0.115025
0.11585
0.1218
0.122975
0.126725
0.13485
0.147825
0.1483
0.15675
0.192575
0.2011
0.2073
0.222625
0.228575
0.230825
0.23135
0.233725
0.237025
0.249625
0.255425
0.264825
0.300925
0.3443
0.381725
0.3878
0.396225
0.413875
0.416825
0.42495
0.4293
0.4365
0.44405
0.4489
0.4498
0.455475
0.470775
0.5298
0.54575
0.5764
0.57815
0.579025
0.5918
0.59285
0.651525
0.660775
0.67765
0.728375
0.739125
0.74395
0.746125
0.762125
0.781
0.787325
0.8089
0.8164
0.8341
0.848625
0.850375
0.885375
0.899275
0.900775
0.906875
0.9131
0.92275
0.955625
0.962175
0.98855
1.002225
1.00385
1.004625
1.0092
1.012225
1.01235
1.018725
1.051775
1.063875
1.064475
1.06685
1.07005
1.09445
1.098175
1.105925
1.10965
1.11295
1.11985
1.12695
1.16375
1.1682
1.168625
1.17725
1.1802
1.196125
1.24035
1.2495
1.276525
1.2866
1.2891
1.3026
1.30985
1.310325
1.32885
1.342025
1.347375
1.3548
1.35565
1.36285
1.36695
1.376175
1.379425
1.379575
1.38305
1.3888
1.3995
1.40715
1.418975
1.42045
1.424975
1.43545
1.443625
1.4463
1.4637
1.46815
1.482175
1.4835
1.503775
1.507125
1.543125
1.54605
1.563225
1.5851
1.60175
1.60475
1.60825
1.6146
1.62265
1.62985
1.63735
1.641425
1.6441
1.678675
1.68725
1.693075
1.694875
1.6982
1.70695
1.7093
1.71665
1.717575
1.72295
1.824725
1.8262
1.877475
1.901975
1.908625
1.931825
1.9355
1.9455
1.9569
1.962125
1.965475
1.96985
1.986175
1.99615
1.99925
2.0062
2.01975
2.0326
2.06595
2.0851
2.08815
2.09945
2.139025
2.14515
2.1554
2.15625
2.16875
2.1857
2.192875
2.2007
2.201225
2.201625
2.2053
2.208075
2.22035
2.23005
2.23925
2.24065
2.252425
2.25375
2.25975
2.28875
2.3032
2.307475
2.312025
2.32305
2.32455
2.3256
2.334725
2.349975
2.3536
2.359075
2.369875
2.3763
2.37715
2.381125
2.38585
2.3917
2.399875
2.409075
2.419575
2.425725
2.4292
2.448375
2.45675
2.49595
2.4993
2.50395
2.504225
2.5128
2.51805
2.527125
2.5355
2.550575
2.55335
2.58155
2.5847
2.589275
2.594475
2.634425
2.641325
2.681925
2.696275
2.735025
2.74925
2.76025
2.797625
2.800175
2.8166
2.83205
2.835725
2.85435
2.8817
2.90075
2.904725
2.91465
2.917225
2.92165
2.93175
2.934225
2.94635
2.9871
2.987125
2.9875
2.998275
3.023925
3.023975
3.040375
3.10805
3.1116
3.117175
3.12065
3.1214
3.13265
3.142225
3.142825
3.1451
3.146725
3.158375
3.173825
3.17505
3.176475
3.1765
3.1841
3.18435
3.21085
3.2205
3.222
3.227775
3.239825
3.240775
3.243225
3.2665
3.30595
3.322675
3.32475
3.335
3.36115
3.3654
3.367275
3.399975
3.400325
3.41095
3.4119
3.41265
3.417125
3.41765
3.4222
3.431725
3.4351
3.4429
3.464225
3.47305
3.4775
3.4812
3.48745
3.48775
3.49305
3.497875
3.5022
3.539575
3.6051
3.628975
3.63095
3.644525
3.649925
3.655075
3.67095
3.67805
3.683125
3.68415
3.706
3.70835
3.71385
3.72
3.731125
3.75425
3.760775
3.763675
3.7692
3.7826
3.793725
3.80075
3.837775
3.8472
3.848925
3.876475
3.887275
3.94605
3.948225
3.95675
3.978275
4.0073
4.007675
4.007975
4.013275
4.013975
4.02515
4.02545
4.02685
4.034175
4.0388
4.04795
4.05755
4.0612
4.06185
4.082325
4.110325
4.1336
4.139925
4.159575
4.165975
4.186475
4.199325
4.21305
4.222275
4.223075
4.223625
4.23215
4.23315
4.2354
4.254475
4.284075
4.3042
4.30645
4.30815
4.320775
4.327225
4.328275
4.328625
4.332975
4.335575
4.3432
4.344775
4.3507
4.358425
4.35905
4.362625
4.3881
4.394
4.407325
4.407725
4.411025
4.428675
4.453
4.4932
4.51235
4.538125
4.562
4.6029
4.604875
4.60785
4.6095
4.6116
4.612225
4.61975
4.628275
4.637325
4.6426
4.645575
4.65515
4.659225
4.666525
4.67875
4.6818
4.6824
4.683275
4.68365
4.704825
4.7079
4.71255
4.71585
4.730375
4.73525
4.74735
4.767125
4.7834
4.82305
4.82455
4.832675
4.844725
4.870775
4.8893
4.90485
4.908625
4.91525
4.91745
4.921225
4.923875
4.93655
4.9404
4.964975
4.989475
4.9963
4.998725
5.01455
5.0265
5.042625
5.063125
5.069125
5.0745
5.11965
5.131275
5.146
5.151175
5.16345
5.189675
5.19705
5.20665
5.209675
5.224775
5.22765
5.233725
5.24105
5.267025
5.283025
5.287525
5.29015
5.30245
5.311025
5.35395
5.3702
5.377375
5.418825
5.43745
5.46925
5.4804
5.505025
5.50645
5.5072
5.508325
5.5171
5.520625
5.53595
5.548525
5.552425
5.554
5.55455
5.560225
5.5673
5.5789
5.586825
5.6099
5.639975
5.680975
5.686925
5.72985
5.801975
5.804725
5.832975
5.839625
5.844
5.857825
5.861325
5.876375
5.88075
5.881725
5.887825
5.89405
5.9143
5.943875
5.948725
5.950725
5.95425
5.96275
5.976575
5.98765
6.017875
6.027825
6.086825
6.101525
6.1024
6.110375
6.124975
6.1338
6.137175
6.14105
6.144675
6.1507
6.2012
6.202675
6.221675
6.237975
6.2663
6.270125
6.295
6.29515
6.3108
6.333375
6.344025
6.3495
6.349975
6.357125
6.401025
6.410025
6.414625
6.421475
6.434575
6.445
6.464575
6.528425
6.529025
6.53135
6.54915
6.556825
6.5611
6.568875
6.58355
6.5839
6.59105
6.61075
6.6167
6.6728
6.704475
6.705475
6.71085
6.714875
6.7154
6.716
6.729675
6.731275
6.73305
6.74275
6.750525
6.77115
6.773825
6.784925
6.80735
6.8108
6.8178
6.833425
6.84725
6.9048
6.929225
6.95515
6.973325
7.0003
7.005425
7.00625
7.00815
7.01845
7.0187
7.020075
7.03315
7.043725
7.047075
7.06925
7.07135
7.074325
7.084125
7.091875
7.0949
7.1005
7.10805
7.115075
7.119725
7.154975
7.159425
7.168025
7.173075
7.20075
7.24945
7.269475
7.27495
7.280425
7.280775
7.30875
7.32185
7.331825
7.334475
7.352825
7.357325
7.384625
7.3959
7.4081
7.41605
7.423725
7.43475
7.437475
7.442625
7.46015
7.47115
7.485225
7.48625
7.502375
7.505625
7.52625
7.5454
7.587125
7.6144
7.615125
7.631575
7.645475
7.652775
7.65475
7.65535
7.6597
7.665025
7.688675
7.6898
7.691375
7.691525
7.697675
7.716675
7.7182
7.7324
7.7338
7.756
7.759225
7.7916
7.88915
7.901075
7.920075
7.948475
7.95155
7.961025
7.967325
7.967475
7.97455
7.9885
8.0135
8.051
8.078425
8.091
8.095525
8.0985
8.100475
8.109275
8.137975
8.142825
8.150625
8.18225
8.201925
8.206
8.2133
8.2152
8.233
8.233975
8.23625
8.23955
8.248425
8.254675
8.25885
8.291575
8.29325
8.300825
8.31725
8.32595
8.377675
8.394225
8.409775
8.41325
8.426425
8.4523
8.503975
8.504275
8.505425
8.51165
8.52065
8.53415
8.537025
8.5572
8.5585
8.576675
8.577025
8.59705
8.600775
8.60495
8.615025
8.6173
8.62985
8.647475
8.653575
8.6636
8.6747
8.6823
8.710025
8.710825
8.7391
8.7572
8.768525
8.781325
8.787375
8.805625
8.806025
8.80735
8.82475
8.8251
8.830925
8.837125
8.84615
8.864475
8.8671
8.871
8.874625
8.890175
8.9056
8.91355
8.93425
8.9618
8.984075
8.9882
8.997525
9.00165
9.0099
9.02755
9.07815
9.096625
759
