0.0337
0.1031
0.1112
0.11125
0.1117
0.1273
0.130525
0.150875
0.1509
0.154575
0.1685
0.17345
0.1914
0.19405
0.2028
0.20495
0.213475
0.2149
0.2593
0.271025
0.27585
0.276075
0.3228
0.34625
0.3615
0.3996
0.400425
0.404325
0.4047
0.408625
0.40925
0.413375
0.42845
0.46225
0.484675
0.485025
0.48955
0.495175
0.497825
0.502925
0.510725
0.5126
0.5155
0.51665
0.516725
0.54695
0.54825
0.551875
0.553675
0.561125
0.57775
0.5882
0.62005
0.63005
0.632875
0.65205
0.700675
0.702325
0.703775
0.71765
0.719725
0.7209
0.72905
0.731775
0.736225
0.75945
0.765525
0.76935
0.777425
0.780675
0.78105
0.783225
0.792675
0.7983
0.80995
0.8104
0.817725
0.83255
0.855375
0.8554
0.89785
0.9452
0.945675
0.96095
0.9809
1.003425
1.007025
1.0147
1.018175
1.044525
1.05455
1.0556
1.060075
1.0868
1.100425
1.101425
1.104475
1.120775
1.13055
1.139575
1.157575
1.1619
1.172675
1.189525
1.207075
1.208075
1.212675
1.215675
1.216975
1.217525
1.23715
1.253625
1.274775
1.301625
1.310275
1.31045
1.320575
1.3311
1.331525
1.335575
1.34085
1.34435
1.347425
1.352425
1.36715
1.37915
1.385125
1.389725
1.409
1.411125
1.411225
1.422325
1.444275
1.45755
1.4577
1.467625
1.4717
1.4738
1.4982
1.503725
1.56375
1.591425
1.6005
1.600525
1.601375
1.618325
1.627375
1.63685
1.637225
1.645075
1.648925
1.650675
1.6532
1.670375
1.697075
1.697875
1.722125
1.726975
1.728975
1.7367
1.7608
1.765425
1.76585
1.7671
1.7747
1.77495
1.82375
1.83445
1.91245
1.91355
1.9215
1.930075
1.931425
1.9346
1.9352
1.96675
1.978725
1.9791
2.0277
2.064125
2.066875
2.076325
2.09835
2.147225
2.1588
2.18845
2.23225
2.239
2.241625
2.250925
2.253975
2.259975
2.2691
2.271775
2.278125
2.27905
2.28365
2.293175
2.2943
2.300725
2.302075
2.303625
2.3113
2.3123
2.314625
2.328
2.3377
2.339525
2.3457
2.360525
2.361375
2.3815
2.397225
2.405775
2.416775
2.45275
2.4607
2.46605
2.482075
2.4992
2.500175
2.501875
2.510625
2.5144
2.5277
2.5438
2.554425
2.580625
2.5813
2.5836
2.623625
2.63925
2.645325
2.648725
2.649125
2.67765
2.685
2.705775
2.73415
2.795525
2.8021
2.803425
2.80985
2.81295
2.8167
2.8231
2.82895
2.833525
2.8358
2.846175
2.8542
2.85665
2.867475
2.872725
2.8766
2.888475
2.9004
2.904725
2.9206
2.9226
2.922975
2.92685
2.9299
2.9903
3.003475
3.0045
3.0387
3.05195
3.053175
3.055775
3.093025
3.1084
3.1124
3.115175
3.1166
3.1183
3.1205
3.1357
3.1459
3.1461
3.149025
3.155575
3.159025
3.1779
3.1821
3.18905
3.190225
3.193
3.193175
3.196775
3.2669
3.270925
3.272475
3.3021
3.30735
3.351725
3.3987
3.40625
3.406375
3.41555
3.4233
3.4258
3.433825
3.435775
3.451
3.453425
3.461325
3.462975
3.465425
3.465675
3.4698
3.47855
3.49255
3.49315
3.507125
3.5093
3.511475
3.522225
3.53345
3.5465
3.55915
3.55995
3.578825
3.586375
3.62555
3.673975
3.683075
3.704825
3.727075
3.7378
3.74095
3.744775
3.7606
3.770525
3.775825
3.82135
3.828975
3.844425
3.871875
3.902975
3.9295
3.9413
4.0025
4.03615
4.054675
4.06165
4.074125
4.080725
4.08825
4.107425
4.113675
4.11395
4.1244
4.131875
4.147225
4.15255
4.1549
4.176725
4.179325
4.182075
4.225025
4.2585
4.267175
4.273575
4.303125
4.30475
4.3083
4.316825
4.321225
4.32655
4.33615
4.3404
4.36015
4.362
4.38995
4.399825
4.401675
4.404375
4.410575
4.431225
4.444075
4.467375
4.492425
4.497625
4.5283
4.533525
4.535775
4.554975
4.595575
4.60215
4.6032
4.6082
4.6096
4.6161
4.620275
4.625775
4.629
4.636275
4.67675
4.67885
4.710475
4.7231
4.739875
4.81265
4.8285
4.8849
4.90135
4.908225
4.908425
4.9106
4.910625
4.91155
4.927775
4.928
4.92965
4.934025
4.93965
4.9503
4.9572
4.96905
4.99135
4.992725
4.99375
5.003325
5.003875
5.00435
5.019125
5.033025
5.040675
5.0432
5.04445
5.07025
5.089075
5.11405
5.118575
5.12565
5.12895
5.132375
5.13565
5.136925
5.180475
5.2063
5.20745
5.217375
5.219625
5.234625
5.243775
5.245625
5.2622
5.2719
5.277625
5.28565
5.28645
5.291425
5.29165
5.292475
5.3113
5.331475
5.34695
5.3521
5.381525
5.38535
5.420175
5.432675
5.4393
5.460875
5.47545
5.484325
5.488125
5.4933
5.4981
5.50395
5.5075
5.51255
5.518675
5.53805
5.54125
5.549175
5.5513
5.555825
5.5582
5.561325
5.566975
5.5777
5.5889
5.6037
5.607925
5.6156
5.616175
5.6167
5.630425
5.6456
5.661475
5.666625
5.6669
5.7114
5.72495
5.738225
5.7422
5.74915
5.751725
5.753525
5.787675
5.794275
5.81655
5.822075
5.823775
5.830125
5.838175
5.8414
5.85075
5.876625
5.8771
5.8822
5.895325
5.8976
5.8997
5.914375
5.927275
5.9293
5.9326
5.943025
5.946075
5.9491
5.954
5.956875
5.963175
6.014475
6.024925
6.052425
6.0536
6.0626
6.07005
6.08585
6.101825
6.12585
6.1338
6.139725
6.143875
6.14475
6.1449
6.1561
6.163175
6.166175
6.166725
6.16965
6.18455
6.19725
6.19935
6.200175
6.201225
6.2073
6.226925
6.2281
6.249325
6.25005
6.250725
6.267725
6.2798
6.3207
6.322025
6.336875
6.369375
6.385775
6.394575
6.394825
6.401075
6.42215
6.42865
6.431025
6.433175
6.433275
6.452
6.45555
6.469225
6.473325
6.475025
6.48205
6.4861
6.48945
6.491075
6.49695
6.511075
6.517875
6.5276
6.538
6.5557
6.559575
6.5909
6.60555
6.619775
6.625225
6.632175
6.645025
6.652825
6.66895
6.671375
6.70195
6.704225
6.707275
6.707375
6.7077
6.7158
6.733175
6.73555
6.7496
6.75445
6.7573
6.758775
6.763025
6.76985
6.781925
6.78435
6.7923
6.792875
6.8118
6.853325
6.8736
6.8767
6.893525
6.8988
6.9108
6.917825
6.920275
6.929375
6.945025
6.9557
6.990475
7.0001
7.0043
7.009875
7.015225
7.032775
7.039225
7.046375
7.052075
7.062675
7.072225
7.0866
7.1098
7.119575
7.16255
7.185875
7.188975
7.244825
7.25805
7.25885
7.263225
7.310275
7.314
7.315625
7.326775
7.333025
7.336275
7.34865
7.3643
7.38025
7.38335
7.385025
7.39925
7.41165
7.44265
7.4451
7.45215
7.457575
7.466775
7.4833
7.5148
7.534975
7.5385
7.540675
7.586925
7.601325
7.607675
7.615025
7.62045
7.627325
7.6376
7.6591
7.685775
7.7131
7.726125
7.73245
7.74175
7.74615
7.74805
7.7547
7.76
7.76915
7.770625
7.7778
7.778
7.7841
7.790875
7.84495
7.8559
7.9009
7.904125
7.909625
7.91195
7.916925
7.9272
7.9425
7.955275
7.9564
7.9621
7.9624
7.96575
7.966975
7.96895
7.96925
7.98815
7.989375
8.023775
8.0401
8.043225
8.054575
8.05505
8.05765
8.070325
8.07895
8.079225
8.122125
8.14505
8.167675
8.183375
8.188525
8.2011
8.20185
8.205775
8.207625
8.21595
8.21605
8.217875
8.22745
8.24005
8.244175
8.25165
8.26775
8.278
8.27825
8.287825
8.305525
8.30645
8.308725
8.318775
8.32915
8.34205
8.362175
8.387575
8.39695
8.431275
8.497925
8.50395
8.5203
8.52115
8.525575
8.526
8.527025
8.5293
8.531075
8.54035
8.54095
8.565625
8.5723
8.57905
8.58775
8.597875
8.6084
8.610675
8.6118
8.622
8.64135
8.65625
8.679175
8.682425
8.729325
8.8073
8.8092
8.81105
8.81515
8.817825
8.8198
8.8275
8.82845
8.8312
8.832525
8.85315
8.918375
8.9268
8.934075
8.958925
8.97215
9.004125
9.0434
9.089075
796
