0.05275
0.108875
0.111675
0.11365
0.11965
0.1335
0.13375
0.138575
0.16215
0.19555
0.199275
0.228325
0.22955
0.23295
0.2879
0.296125
0.373675
0.3848
0.405225
0.405725
0.40675
0.4094
0.41135
0.41605
0.41975
0.423675
0.42725
0.43285
0.446
0.447275
0.452925
0.45475
0.4647
0.466075
0.470375
0.474325
0.476825
0.4805
0.4899
0.497975
0.5695
0.576925
0.593075
0.593575
0.636975
0.671225
0.672425
0.684975
0.706375
0.70965
0.712525
0.71725
0.723875
0.726125
0.731175
0.7361
0.7365
0.7561
0.756625
0.78195
0.78365
0.7885
0.7908
0.80655
0.819925
0.85755
0.886
0.8925
0.938225
0.967325
1.00215
1.00275
1.004925
1.01595
1.021875
1.032575
1.03595
1.043525
1.046775
1.056825
1.0682
1.072575
1.0792
1.08315
1.084725
1.08745
1.09245
1.0943
1.11285
1.119175
1.123075
1.12485
1.1775
1.189775
1.198625
1.22205
1.254025
1.288525
1.3073
1.31065
1.321575
1.3244
1.343625
1.343775
1.361925
1.3648
1.391575
1.403225
1.405675
1.416275
1.4229
1.4231
1.426075
1.439975
1.440425
1.443575
1.45915
1.4704
1.5036
1.507575
1.51
1.558575
1.569175
1.61015
1.61265
1.61365
1.617325
1.6182
1.618675
1.621425
1.633475
1.6467
1.64935
1.65535
1.663
1.6754
1.6832
1.6888
1.6931
1.741675
1.749575
1.763575
1.77415
1.78475
1.801275
1.807275
1.820775
1.865525
1.893425
1.909075
1.913275
1.919675
1.9243
1.93095
1.940525
1.942925
1.9522
1.954025
1.95495
1.9627
1.96745
1.9708
1.97785
1.979225
1.9859
1.9867
2.0037
2.020925
2.0273
2.029125
2.02925
2.0336
2.0356
2.04595
2.04615
2.06075
2.07525
2.079325
2.131975
2.16995
2.1701
2.180825
2.184125
2.186875
2.2068
2.2098
2.21365
2.215325
2.2354
2.236025
2.23635
2.2423
2.24495
2.250675
2.3057
2.306575
2.3089
2.310625
2.320625
2.333425
2.3347
2.340225
2.356525
2.36005
2.371075
2.3771
2.3864
2.39905
2.4269
2.4543
2.480475
2.50195
2.506
2.50785
2.5081
2.526125
2.527575
2.5282
2.530825
2.55265
2.570075
2.584375
2.5974
2.601275
2.6015
2.62095
2.62375
2.639775
2.6405
2.6535
2.657525
2.67185
2.686475
2.7184
2.722225
2.751775
2.80155
2.802825
2.8074
2.825
2.83
2.830225
2.833375
2.85125
2.85395
2.864225
2.877875
2.89025
2.92335
2.935225
2.940875
2.941775
2.952375
2.95495
2.958025
2.9647
2.973775
2.986775
2.988175
2.9897
2.989875
3.00565
3.00585
3.024275
3.10375
3.11055
3.1121
3.1128
3.12895
3.1326
3.135325
3.1363
3.144
3.1443
3.1534
3.15405
3.16365
3.16655
3.17565
3.1885
3.197975
3.2032
3.2076
3.223075
3.2257
3.227825
3.240225
3.25595
3.276775
3.285975
3.288725
3.31305
3.317175
3.3305
3.332425
3.3452
3.348825
3.36235
3.366375
3.3726
3.4008
3.403525
3.405225
3.408825
3.425925
3.4311
3.4366
3.4413
3.4543
3.4625
3.469175
3.475925
3.479575
3.4916
3.51285
3.55535
3.560025
3.563875
3.5813
3.587225
3.59185
3.638775
3.656775
3.666825
3.69365
3.695375
3.696525
3.704825
3.70695
3.7178
3.72045
3.721125
3.7312
3.748775
3.75265
3.75855
3.7711
3.773975
3.77515
3.780625
3.781575
3.79255
3.793825
3.797925
3.7991
3.811825
3.827325
3.832825
3.8515
3.863025
3.87135
3.8745
3.882325
3.9781
4.01775
4.0181
4.018775
4.027425
4.0301
4.03045
4.033
4.035125
4.038075
4.054525
4.060125
4.062075
4.07865
4.09425
4.102975
4.137875
4.14065
4.156875
4.17795
4.1975
4.224375
4.2627
4.286225
4.303675
4.31375
4.3281
4.33115
4.33525
4.342825
4.345925
4.357975
4.366425
4.366925
4.3692
4.372175
4.38015
4.3926
4.394725
4.39715
4.3978
4.401025
4.40815
4.4113
4.4169
4.424025
4.430025
4.435275
4.460725
4.4824
4.4915
4.510425
4.530275
4.549425
4.6058
4.61155
4.6179
4.6279
4.630075
4.634625
4.649625
4.656925
4.67455
4.693
4.70545
4.721925
4.731025
4.7465
4.74715
4.76145
4.7951
4.822
4.823575
4.8271
4.844375
4.885475
4.90085
4.9082
4.91095
4.9288
4.9321
4.95425
4.964
4.975275
4.991375
4.9962
5.0183
5.019425
5.0255
5.0285
5.02875
5.0435
5.046025
5.046075
5.048125
5.067025
5.079325
5.09185
5.09725
5.098475
5.12105
5.121175
5.129525
5.130775
5.13865
5.206125
5.2099
5.21215
5.217575
5.21875
5.21955
5.220675
5.221425
5.222475
5.235925
5.24135
5.251275
5.26175
5.26495
5.265275
5.2655
5.2903
5.292975
5.2939
5.294425
5.301125
5.309
5.315825
5.320875
5.3264
5.341675
5.375425
5.377725
5.379375
5.41895
5.421525
5.491525
5.505525
5.512675
5.51395
5.5214
5.52645
5.530625
5.53445
5.5386
5.539425
5.545275
5.547525
5.551275
5.551975
5.562025
5.56615
5.57665
5.578
5.58285
5.58415
5.5913
5.5919
5.595925
5.604175
5.60725
5.61085
5.624175
5.633275
5.645425
5.6461
5.65515
5.6747
5.69835
5.701075
5.7039
5.7158
5.719175
5.7301
5.771325
5.80585
5.816075
5.816575
5.82135
5.8329
5.8394
5.8481
5.86695
5.87355
5.889825
5.894075
5.9075
5.9077
5.90885
5.910725
5.915825
5.92155
5.9598
5.97355
5.9856
5.99945
6.057475
6.078475
6.079275
6.100625
6.101425
6.102725
6.107675
6.11005
6.111275
6.11475
6.1155
6.1166
6.129775
6.1508
6.164975
6.1746
6.1848
6.194325
6.19955
6.20155
6.219425
6.224275
6.245025
6.248575
6.322475
6.3605
6.400725
6.44005
6.480275
6.497425
6.499975
6.514925
6.5223
6.540975
6.543075
6.543925
6.54545
6.546325
6.5504
6.561425
6.562675
6.605925
6.6146
6.624625
6.633325
6.63625
6.649475
6.6514
6.652125
6.67815
6.699025
6.7091
6.71085
6.721975
6.72355
6.728
6.7342
6.771825
6.7835
6.785375
6.789275
6.789925
6.8017
6.8061
6.8128
6.8262
6.829825
6.857575
6.88175
6.88685
6.8918
6.956775
6.9784
7.002675
7.019875
7.024575
7.032625
7.0426
7.0429
7.04715
7.070975
7.0765
7.07775
7.0835
7.099075
7.101725
7.103525
7.129775
7.1473
7.167975
7.1858
7.189625
7.22895
7.23905
7.2731
7.277025
7.294575
7.303125
7.3179
7.33085
7.342925
7.38185
7.41495
7.443975
7.44975
7.452825
7.45995
7.483325
7.528025
7.56485
7.56555
7.5852
7.593525
7.617575
7.6178
7.6184
7.626175
7.628875
7.632725
7.6667
7.667475
7.679725
7.6928
7.6953
7.700275
7.705925
7.719025
7.722225
7.72335
7.72505
7.726325
7.73095
7.733975
7.737175
7.746375
7.820675
7.823725
7.872275
7.87345
7.8954
7.902225
7.916125
7.923175
7.9286
7.938325
7.9512
7.962
7.966125
7.9895
7.995475
8.001375
8.021325
8.04185
8.050475
8.060725
8.070275
8.099325
8.121075
8.125775
8.132675
8.172825
8.174825
8.19555
8.20215
8.205725
8.208075
8.2201
8.220225
8.22915
8.24975
8.2565
8.257
8.25865
8.259525
8.259675
8.278675
8.279325
8.282625
8.285975
8.30385
8.3144
8.3285
8.32985
8.35195
8.354375
8.361675
8.36465
8.4104
8.42315
8.448225
8.50965
8.53575
8.53685
8.5393
8.546325
8.551475
8.55225
8.55615
8.596325
8.605575
8.6099
8.614275
8.626575
8.64595
8.654175
8.659475
8.662575
8.66605
8.685275
8.688775
8.690825
8.698725
8.700425
8.70925
8.73165
8.736075
8.759975
8.7741
8.799975
8.800475
8.80935
8.84975
8.8593
8.900525
8.90405
8.907425
8.9076
8.916525
8.958975
8.97265
8.98495
8.989175
8.9893
9.0426
9.0603
9.07365
9.09645
786
