0.10805
0.108275
0.121775
0.125
0.126375
0.130725
0.1316
0.1335
0.14115
0.1499
0.1505
0.1577
0.165275
0.1721
0.1723
0.178525
0.190775
0.19935
0.2041
0.208125
0.24385
0.253325
0.271725
0.287725
0.3007
0.33715
0.351175
0.367175
0.39115
0.39605
0.418325
0.4184
0.42175
0.4256
0.42735
0.42765
0.436025
0.4443
0.445975
0.449875
0.45475
0.4552
0.467
0.4861
0.49825
0.510675
0.51715
0.530825
0.534825
0.5504
0.553525
0.563875
0.565075
0.57085
0.58935
0.607575
0.6438
0.657225
0.664825
0.70015
0.7005
0.714875
0.71745
0.721825
0.7322
0.734825
0.735425
0.748475
0.75325
0.7658
0.771125
0.8163
0.828975
0.866675
0.877675
0.892325
0.89695
0.9
0.900975
0.909475
0.927575
0.9458
0.9551
0.979125
0.979575
1.001075
1.01035
1.0111
1.01285
1.02245
1.037525
1.03855
1.042025
1.048425
1.04965
1.04985
1.072775
1.0732
1.1002
1.114225
1.11775
1.13335
1.13615
1.14575
1.148875
1.1919
1.20065
1.20295
1.204125
1.2139
1.2167
1.2296
1.232075
1.237475
1.28195
1.306575
1.31155
1.315975
1.330575
1.333125
1.335325
1.3368
1.346225
1.352225
1.36275
1.3705
1.38755
1.402475
1.435475
1.44705
1.456325
1.45795
1.4648
1.4738
1.49695
1.587625
1.600925
1.602875
1.6166
1.621425
1.62755
1.6535
1.6559
1.664725
1.6698
1.6766
1.69805
1.701
1.7162
1.7258
1.74535
1.746
1.757675
1.789925
1.791925
1.798625
1.803875
1.866625
1.8874
1.9027
1.905925
1.910125
1.910375
1.916275
1.9269
1.927925
1.92885
1.942125
1.947725
1.963225
1.974425
1.986675
1.99335
1.996475
1.998925
2.011025
2.037525
2.0637
2.0857
2.097425
2.10105
2.10255
2.125975
2.13665
2.137875
2.16
2.162175
2.173175
2.195325
2.19605
2.200775
2.219175
2.227075
2.231225
2.237125
2.241625
2.24285
2.267725
2.268975
2.2749
2.293925
2.29665
2.300125
2.3251
2.352025
2.4012
2.403325
2.41555
2.445525
2.45115
2.497575
2.5077
2.513225
2.51495
2.5182
2.543075
2.558425
2.5587
2.561325
2.574775
2.58255
2.592325
2.59325
2.595825
2.599375
2.599575
2.60055
2.603725
2.6253
2.629875
2.634375
2.6762
2.7053
2.7121
2.722425
2.72615
2.73245
2.762475
2.764825
2.8051
2.8065
2.815025
2.841225
2.841675
2.841775
2.8526
2.855225
2.862425
2.875175
2.894325
2.903025
2.9123
2.916575
2.933275
2.9369
2.9496
2.97535
2.99755
3.0012
3.02015
3.039425
3.066625
3.069775
3.102575
3.104725
3.10835
3.10985
3.12165
3.137225
3.1377
3.14755
3.149325
3.1536
3.153725
3.167425
3.189625
3.1916
3.20135
3.22835
3.239875
3.263025
3.264
3.272525
3.2958
3.302075
3.3067
3.310575
3.313925
3.354575
3.365
3.3891
3.4087
3.43085
3.442525
3.44555
3.4466
3.4536
3.4807
3.48635
3.487975
3.5096
3.515625
3.521225
3.52285
3.535675
3.536975
3.5839
3.625325
3.646525
3.652275
3.660025
3.670225
3.702775
3.70445
3.705175
3.70595
3.710275
3.72175
3.72705
3.73085
3.7316
3.734725
3.743025
3.74375
3.7483
3.75625
3.774475
3.778125
3.781475
3.797175
3.803425
3.81125
3.83725
3.845475
3.84735
3.88775
3.895275
3.905325
3.9201
3.924075
3.941625
3.971975
3.9844
4.015325
4.0249
4.02745
4.034525
4.041775
4.042
4.048625
4.052225
4.054325
4.055675
4.057875
4.059375
4.06
4.06555
4.07395
4.075625
4.0912
4.10745
4.118925
4.124125
4.1284
4.12895
4.140775
4.145875
4.146875
4.15495
4.1648
4.167075
4.172925
4.186925
4.2026
4.2187
4.240525
4.284675
4.3042
4.30855
4.30985
4.312175
4.340525
4.341375
4.34555
4.3563
4.382
4.428875
4.4483
4.4615
4.465275
4.46955
4.496575
4.53
4.5532
4.554625
4.57715
4.610425
4.62925
4.636375
4.6384
4.638575
4.64025
4.6444
4.648075
4.648125
4.6862
4.697125
4.7012
4.71845
4.72535
4.740475
4.757875
4.7583
4.762175
4.800775
4.812025
4.85935
4.869525
4.87715
4.902675
4.904025
4.908725
4.9301
4.93345
4.9347
4.958075
4.963925
4.9652
4.96585
4.966225
4.96815
4.970625
4.978375
4.9809
4.989425
4.99115
4.99785
5.00785
5.016525
5.02665
5.0696
5.090725
5.172325
5.201925
5.204825
5.2104
5.22725
5.2276
5.233975
5.234925
5.2367
5.23865
5.239575
5.249575
5.254075
5.2577
5.2627
5.281525
5.2852
5.2884
5.293625
5.294475
5.297275
5.314075
5.316675
5.322325
5.3328
5.3517
5.3627
5.488275
5.50795
5.5088
5.5141
5.526525
5.52885
5.538
5.5521
5.55385
5.566725
5.5761
5.581675
5.5848
5.5857
5.6051
5.610225
5.62365
5.6237
5.639075
5.6407
5.6544
5.675275
5.68515
5.7692
5.8026
5.8035
5.82085
5.85615
5.86765
5.876825
5.880725
5.882475
5.884725
5.89945
5.9183
5.919875
5.939675
5.944175
5.9482
5.9569
6.05375
6.065175
6.07755
6.11935
6.129625
6.139175
6.14125
6.147675
6.150825
6.165425
6.165825
6.170775
6.174875
6.190675
6.191025
6.191075
6.209025
6.214175
6.22185
6.22805
6.22955
6.2594
6.26625
6.2789
6.282275
6.292025
6.295525
6.34385
6.3492
6.366775
6.390525
6.392725
6.39725
6.4035
6.4038
6.4078
6.414525
6.41715
6.423625
6.425275
6.426675
6.4364
6.439625
6.4481
6.44905
6.454825
6.463
6.4649
6.471125
6.4951
6.545475
6.582175
6.587575
6.62
6.6626
6.677675
6.702175
6.70985
6.716125
6.716725
6.716775
6.7259
6.727975
6.7327
6.740025
6.745125
6.750225
6.753975
6.7728
6.77325
6.78145
6.781825
6.801525
6.8104
6.811075
6.814125
6.830025
6.835225
6.867975
6.869375
6.89745
7.00245
7.00485
7.008925
7.009525
7.018675
7.0229
7.031925
7.035525
7.043575
7.051
7.060825
7.069275
7.071425
7.077
7.07965
7.11235
7.11845
7.122325
7.123925
7.134325
7.135325
7.13905
7.140925
7.14645
7.148625
7.160475
7.16635
7.195025
7.200025
7.205625
7.235125
7.245375
7.277275
7.305325
7.305675
7.307825
7.308325
7.312275
7.3153
7.320525
7.32875
7.331875
7.33295
7.338625
7.33895
7.340775
7.355075
7.359425
7.360325
7.365825
7.388075
7.41385
7.44655
7.456775
7.463525
7.46975
7.47965
7.541
7.56785
7.573925
7.5786
7.579875
7.586275
7.610725
7.6204
7.621175
7.62275
7.6304
7.63655
7.6491
7.65
7.660625
7.664025
7.6652
7.66555
7.6663
7.671925
7.677575
7.6795
7.6916
7.694975
7.695175
7.697775
7.702875
7.714975
7.71775
7.759325
7.7761
7.785425
7.78725
7.787275
7.797375
7.823275
7.836025
7.867175
7.8697
7.873675
7.887175
7.8944
7.89945
7.90175
7.902075
7.902525
7.9126
7.91915
7.939825
7.94555
7.945825
7.95055
7.958675
7.96575
7.9679
7.975775
7.981375
7.98165
7.982925
8.032525
8.0348
8.034925
8.055275
8.070375
8.08575
8.0892
8.190225
8.19485
8.21045
8.215275
8.22395
8.2308
8.231175
8.231225
8.2348
8.240025
8.25355
8.265425
8.27075
8.283175
8.294925
8.298725
8.301475
8.305125
8.309725
8.323825
8.33265
8.333475
8.359775
8.378875
8.417025
8.4415
8.499075
8.505475
8.50585
8.50845
8.520525
8.5219
8.526925
8.535525
8.5423
8.552525
8.553775
8.555225
8.581625
8.5833
8.583925
8.586675
8.59815
8.6024
8.60355
8.61595
8.62875
8.628925
8.633275
8.634225
8.639075
8.65725
8.66855
8.66905
8.67495
8.695025
8.7099
8.7143
8.72055
8.725475
8.751425
8.75945
8.784575
8.7871
8.799575
8.8239
8.825475
8.82725
8.8304
8.8329
8.84265
8.8518
8.852475
8.87765
8.88775
8.892
8.899
8.90425
8.9235
8.933125
8.9509
8.961525
9.017625
9.025125
9.032725
9.0352
9.04055
9.043175
9.0508
9.05905
9.0722
9.0821
805
