0.10445
0.129325
0.1553
0.16445
0.220975
0.225925
0.229325
0.240425
0.243175
0.2437
0.246225
0.2482
0.258575
0.292125
0.3074
0.315625
0.36205
0.367075
0.382175
0.395725
0.4028
0.40425
0.428375
0.430975
0.437675
0.451475
0.462375
0.469475
0.47165
0.47185
0.4753
0.4758
0.49495
0.50485
0.52775
0.5281
0.5358
0.53895
0.54085
0.570575
0.582
0.585375
0.611075
0.634375
0.6394
0.652075
0.658225
0.66165
0.718825
0.72675
0.7311
0.7399
0.7469
0.75655
0.758025
0.7587
0.76575
0.7669
0.779
0.781375
0.795925
0.833375
0.8427
0.843225
0.8628
0.872725
0.875475
0.881775
0.8826
0.910975
0.916325
0.94675
1.00715
1.0302
1.05515
1.0766
1.0846
1.085575
1.099075
1.109375
1.113175
1.113575
1.12815
1.129775
1.1332
1.191075
1.2124
1.213225
1.26015
1.3077
1.31015
1.3113
1.31305
1.3156
1.31565
1.33715
1.351625
1.3534
1.359275
1.374125
1.400175
1.412625
1.4293
1.4441
1.44905
1.464425
1.52035
1.5336
1.53855
1.56415
1.601775
1.624475
1.6252
1.628
1.631625
1.63335
1.636025
1.63685
1.6419
1.644525
1.64455
1.6627
1.674675
1.686725
1.691925
1.7068
1.72625
1.7321
1.732275
1.7405
1.741225
1.7498
1.762575
1.796925
1.8075
1.81255
1.81465
1.8343
1.843125
1.850375
1.89995
1.902125
1.904225
1.910475
1.91755
1.91765
1.9229
1.934225
1.937825
1.946025
1.9471
1.95115
1.954525
1.95835
1.9633
1.973075
1.973125
1.9965
1.99795
1.999825
2.0048
2.0138
2.01385
2.0171
2.0726
2.079125
2.0878
2.092425
2.095125
2.149775
2.191
2.20725
2.21255
2.21965
2.221425
2.234875
2.244525
2.245475
2.26535
2.268325
2.26945
2.2707
2.2841
2.2958
2.30805
2.32445
2.33145
2.35865
2.361325
2.365075
2.37345
2.4104
2.4163
2.439475
2.455375
2.466675
2.475625
2.48745
2.490975
2.493575
2.497025
2.515325
2.51985
2.522
2.5389
2.570225
2.5901
2.602225
2.605525
2.61545
2.623875
2.627275
2.64525
2.72205
2.77635
2.8013
2.8134
2.817275
2.818675
2.81905
2.82125
2.82965
2.82985
2.83855
2.8435
2.84385
2.856375
2.85885
2.861975
2.868775
2.8688
2.87145
2.877325
2.89095
2.925725
2.94795
2.95055
2.97735
2.97995
2.98135
3.001675
3.006725
3.0217
3.041925
3.052775
3.0667
3.097275
3.121925
3.122
3.12805
3.14995
3.1666
3.1708
3.18255
3.19365
3.1969
3.197875
3.202225
3.22195
3.23185
3.233925
3.25695
3.257925
3.26185
3.336275
3.37155
3.40305
3.416775
3.418025
3.436525
3.4435
3.443975
3.451875
3.45895
3.46555
3.46705
3.47165
3.47225
3.484675
3.491325
3.497025
3.5048
3.512
3.5158
3.530475
3.530925
3.547
3.55935
3.560975
3.593975
3.61235
3.621625
3.6246
3.62665
3.6293
3.65215
3.667575
3.694425
3.7014
3.70165
3.70795
3.712225
3.714275
3.71555
3.7171
3.7174
3.729375
3.7294
3.7301
3.736875
3.7388
3.743125
3.7612
3.773825
3.7854
3.799025
3.817525
3.837675
3.895125
3.924925
3.9334
3.9456
3.9507
3.997725
4.003325
4.005775
4.01075
4.012575
4.025925
4.026475
4.028125
4.050175
4.06435
4.065375
4.07405
4.10745
4.14085
4.151075
4.16515
4.19735
4.317025
4.319575
4.322425
4.340225
4.347625
4.35975
4.369225
4.373275
4.37465
4.376775
4.376925
4.3794
4.384225
4.3965
4.443225
4.46135
4.482375
4.4891
4.5258
4.569175
4.600325
4.6023
4.606925
4.6145
4.6152
4.61695
4.618725
4.619225
4.63205
4.641325
4.646325
4.666175
4.66735
4.674
4.675975
4.68225
4.683875
4.68515
4.692025
4.69855
4.7011
4.731125
4.73175
4.734575
4.742475
4.75605
4.7688
4.77785
4.785625
4.791325
4.800525
4.818125
4.85985
4.879775
4.88475
4.8883
4.907725
4.932375
4.9334
4.936525
4.9368
4.95965
4.9805
4.991775
4.996725
5.000125
5.00665
5.0105
5.0118
5.03315
5.03505
5.072775
5.091425
5.101725
5.117275
5.13295
5.18355
5.20025
5.206575
5.207175
5.208175
5.210525
5.2118
5.21375
5.22655
5.250175
5.2594
5.260975
5.2702
5.28005
5.33105
5.350225
5.356325
5.372375
5.3748
5.383175
5.388625
5.398925
5.446675
5.513975
5.516425
5.5178
5.522625
5.53245
5.5502
5.55545
5.55825
5.572075
5.58035
5.585725
5.615625
5.61575
5.622825
5.634725
5.63545
5.68195
5.68205
5.800175
5.8053
5.80545
5.80825
5.82775
5.8279
5.830475
5.8309
5.836075
5.84715
5.848725
5.849575
5.8919
5.90045
5.924375
5.93155
5.958775
5.983725
5.996125
5.996825
5.998125
5.998375
6.04155
6.0724
6.10655
6.1267
6.127975
6.130725
6.135975
6.14425
6.15175
6.17325
6.19165
6.201275
6.213225
6.2322
6.246575
6.247
6.272125
6.28545
6.3094
6.343075
6.36495
6.39345
6.4027
6.4158
6.42675
6.4272
6.436175
6.444725
6.446575
6.482775
6.505025
6.508
6.51185
6.5188
6.52
6.552875
6.582975
6.59435
6.628875
6.657275
6.70865
6.710275
6.71175
6.718075
6.71815
6.73085
6.7357
6.739725
6.7473
6.75115
6.7559
6.764625
6.7658
6.781125
6.790775
6.79345
6.8151
6.8169
6.822475
6.8323
6.83425
6.841075
6.84375
6.855425
6.858075
6.862075
6.8794
6.905025
6.9163
6.946525
6.958475
7.012625
7.0318
7.04355
7.06265
7.06365
7.066225
7.11755
7.136525
7.151275
7.167575
7.1736
7.21825
7.220175
7.2236
7.261825
7.31755
7.32065
7.338675
7.360575
7.366025
7.383175
7.4271
7.47425
7.4808
7.51665
7.5219
7.524
7.574375
7.579725
7.60475
7.60725
7.615
7.61625
7.6167
7.620875
7.624675
7.6299
7.6478
7.655375
7.659475
7.660525
7.660875
7.6879
7.69545
7.79355
7.799875
7.80745
7.809425
7.821775
7.857325
7.86285
7.91245
7.9153
7.920175
7.92985
7.932425
7.934275
7.94435
7.9454
7.947675
7.95565
7.96555
7.974925
7.976275
7.988375
7.997175
8.01325
8.01555
8.02175
8.031025
8.06615
8.083825
8.138025
8.145125
8.201
8.20155
8.2105
8.216475
8.2256
8.237775
8.238625
8.2425
8.253775
8.254275
8.260025
8.262225
8.263675
8.271075
8.271375
8.287
8.3028
8.3182
8.32305
8.3331
8.333375
8.35865
8.36485
8.40955
8.454
8.465925
8.476875
8.501225
8.50955
8.51055
8.5195
8.52645
8.535475
8.5433
8.573875
8.6093
8.61545
8.62285
8.626175
8.633375
8.639275
8.63995
8.66235
8.69345
8.73175
8.7647
8.808475
8.808975
8.8129
8.818225
8.827175
8.8272
8.82795
8.830125
8.83055
8.8338
8.835025
8.8377
8.84015
8.843325
8.8518
8.872775
8.8732
8.880225
8.88675
8.896725
8.899725
8.902625
8.91805
8.922325
8.926925
8.92875
8.937075
8.94155
8.95735
8.957925
8.99285
8.994525
9.066625
9.0692
9.07455
9.083175
706
