0.104325
0.11595
0.1212
0.12285
0.127925
0.1407
0.15825
0.15955
0.161425
0.165175
0.172075
0.17355
0.178925
0.199425
0.2035
0.2094
0.21135
0.215925
0.21785
0.2266
0.24035
0.245575
0.2664
0.27065
0.293025
0.35165
0.365
0.3696
0.371875
0.3722
0.4026
0.405325
0.41415
0.43745
0.44065
0.444825
0.452075
0.453725
0.456575
0.464125
0.480825
0.482
0.48525
0.50725
0.5074
0.510825
0.515325
0.518
0.5353
0.552625
0.57115
0.629025
0.63675
0.668975
0.71025
0.712825
0.71835
0.719075
0.722675
0.72655
0.726625
0.773175
0.806175
0.808425
0.8136
0.817825
0.820825
0.8253
0.825975
0.8414
0.843075
0.892425
0.9268
0.937425
1.00495
1.010325
1.0125
1.01625
1.031325
1.0347
1.03485
1.0389
1.0399
1.05095
1.06095
1.06915
1.071575
1.0867
1.0943
1.106475
1.10935
1.129425
1.129725
1.139425
1.141275
1.147875
1.184575
1.19245
1.21225
1.23045
1.242675
1.2571
1.302125
1.302625
1.308625
1.329475
1.33055
1.336075
1.34245
1.34805
1.363475
1.373325
1.37915
1.384
1.38635
1.388025
1.389875
1.39405
1.3978
1.40315
1.404225
1.41125
1.4144
1.42565
1.453325
1.456725
1.527825
1.549575
1.55475
1.58155
1.61075
1.61655
1.618425
1.6326
1.638225
1.64335
1.64935
1.654675
1.6637
1.679075
1.68725
1.690475
1.692575
1.697025
1.71885
1.727475
1.732275
1.74385
1.800975
1.802
1.816675
1.85295
1.8835
1.89755
1.9083
1.909275
1.9107
1.9129
1.92065
1.9236
1.93055
1.93955
1.948625
1.965975
1.972475
1.97955
1.980975
1.989125
1.994425
2.004025
2.005825
2.0148
2.015225
2.050925
2.079275
2.0861
2.13955
2.203175
2.2178
2.220525
2.241375
2.243125
2.253225
2.26065
2.271425
2.27665
2.27685
2.2799
2.2966
2.31325
2.313875
2.3282
2.33295
2.33495
2.341775
2.3568
2.362625
2.365475
2.3686
2.372225
2.384125
2.3988
2.408275
2.418925
2.466125
2.4811
2.500825
2.501325
2.5019
2.513975
2.51485
2.524125
2.535
2.5367
2.537875
2.5387
2.538925
2.541725
2.5623
2.56765
2.598925
2.630625
2.631375
2.63775
2.641525
2.647025
2.647275
2.6473
2.649325
2.6635
2.704425
2.7265
2.729275
2.732575
2.7332
2.783875
2.791525
2.8023
2.826825
2.8302
2.840375
2.84365
2.8499
2.862825
2.867875
2.86805
2.890575
2.898
2.910525
2.93425
2.9409
2.9806
2.98355
2.99695
2.998975
3.0236
3.106325
3.11045
3.112025
3.12125
3.152025
3.163775
3.1693
3.17635
3.177825
3.204275
3.217225
3.21775
3.2202
3.228675
3.24615
3.2482
3.250775
3.253925
3.257425
3.26505
3.2657
3.2673
3.29945
3.37455
3.3854
3.402275
3.404125
3.4048
3.413275
3.436625
3.437925
3.444625
3.452675
3.45325
3.460275
3.5338
3.53675
3.5593
3.564125
3.570975
3.582625
3.5903
3.61625
3.61925
3.6264
3.639925
3.70485
3.723125
3.730575
3.7359
3.738875
3.7528
3.78425
3.7849
3.790425
3.79455
3.797075
3.802275
3.82235
3.831825
3.8444
3.862225
3.866375
3.8721
3.877075
3.880525
3.8811
3.89285
3.90435
3.926325
3.955525
3.97205
3.982975
4.0088
4.010125
4.014425
4.02045
4.020525
4.02595
4.0295
4.047675
4.05005
4.0507
4.063325
4.0706
4.092225
4.095775
4.10995
4.11545
4.117475
4.13085
4.135475
4.14695
4.156325
4.1571
4.164575
4.17485
4.18135
4.18415
4.187075
4.2335
4.27405
4.29645
4.2989
4.31715
4.31875
4.338775
4.340025
4.345075
4.351475
4.3657
4.372175
4.3841
4.3846
4.3861
4.416725
4.45005
4.455675
4.457375
4.461875
4.526725
4.5313
4.557075
4.5676
4.6073
4.608075
4.614225
4.6166
4.6238
4.624475
4.624825
4.627875
4.639575
4.641625
4.642
4.6428
4.655575
4.659125
4.65955
4.674575
4.67955
4.682675
4.685775
4.692775
4.693825
4.71465
4.723525
4.72765
4.736225
4.737625
4.7478
4.786275
4.7898
4.7946
4.803575
4.806775
4.8142
4.814425
4.817275
4.83365
4.8523
4.873325
4.894375
4.900875
4.90215
4.904725
4.9049
4.90725
4.910725
4.91325
4.914025
4.9179
4.925275
4.932825
4.93565
4.93795
4.9383
4.954925
4.95935
4.966175
4.967525
4.9719
4.979425
4.983375
5.004425
5.006975
5.035525
5.041825
5.0445
5.048575
5.061775
5.06545
5.08765
5.1723
5.181825
5.1842
5.20845
5.209425
5.2167
5.217
5.2209
5.222525
5.23215
5.2374
5.239175
5.244775
5.250725
5.2562
5.257375
5.2604
5.278975
5.2862
5.314375
5.335775
5.3948
5.41185
5.430475
5.4465
5.447325
5.46565
5.488175
5.5144
5.5165
5.51975
5.52805
5.53
5.538125
5.539625
5.54345
5.54825
5.566975
5.594175
5.617025
5.6222
5.640025
5.64755
5.670925
5.6744
5.701425
5.709725
5.728525
5.7557
5.758925
5.776175
5.7944
5.803425
5.8101
5.8105
5.8151
5.8209
5.82265
5.8257
5.827475
5.83425
5.840025
5.8418
5.846425
5.8573
5.870025
5.870925
5.878675
5.88125
5.88605
5.89785
5.90455
5.906925
5.919225
5.928225
5.932075
5.9363
5.94705
5.95125
5.9705
5.986625
5.99845
6.004325
6.046775
6.1033
6.103725
6.110725
6.112625
6.1215
6.1245
6.143525
6.16075
6.16785
6.181025
6.185425
6.186975
6.19305
6.19955
6.208375
6.2169
6.2261
6.22845
6.250325
6.278725
6.2917
6.3022
6.30545
6.311625
6.316925
6.328275
6.35565
6.36255
6.3975
6.402025
6.40245
6.40595
6.421525
6.434025
6.45595
6.575875
6.57805
6.5974
6.653225
6.654375
6.680925
6.687325
6.6984
6.7075
6.713025
6.7159
6.724575
6.725
6.725675
6.73935
6.73995
6.744
6.744275
6.756225
6.76295
6.76395
6.781
6.7912
6.809675
6.81225
6.812375
6.816225
6.81755
6.820475
6.8242
6.841225
6.8426
6.856875
6.861975
6.871075
6.872775
6.8752
6.884
6.88685
6.886925
6.89965
6.905425
6.9282
6.9338
6.940125
6.97495
7.00125
7.005925
7.0218
7.02605
7.035875
7.061225
7.067675
7.067875
7.073
7.08605
7.094975
7.109475
7.1105
7.1181
7.13005
7.15155
7.160025
7.16115
7.18035
7.190725
7.19855
7.214825
7.226125
7.232925
7.256725
7.2689
7.3196
7.32305
7.32585
7.328625
7.3345
7.335225
7.336
7.3437
7.349825
7.366125
7.370875
7.390325
7.397675
7.410375
7.43475
7.457575
7.462175
7.47625
7.477125
7.48815
7.4952
7.543175
7.545525
7.6176
7.621625
7.6286
7.629075
7.629925
7.635725
7.6384
7.640275
7.6444
7.650625
7.654
7.657125
7.661525
7.671275
7.672175
7.676225
7.687725
7.719375
7.730275
7.740725
7.7564
7.783475
7.7899
7.80005
7.815075
7.8329
7.863925
7.864275
7.872575
7.90375
7.929075
7.931525
7.932175
7.9373
7.942275
7.9501
7.956575
7.958125
7.961325
7.96395
7.969325
7.971525
7.9718
7.99795
8.00265
8.00985
8.038125
8.04235
8.04415
8.04625
8.0506
8.057125
8.06515
8.093125
8.137225
8.152275
8.15235
8.171325
8.17515
8.185425
8.191975
8.204475
8.2099
8.240625
8.245975
8.26695
8.296925
8.3188
8.3203
8.321025
8.34055
8.342925
8.35105
8.356625
8.3629
8.364
8.370525
8.381225
8.436375
8.44695
8.450425
8.497175
8.51045
8.51245
8.528875
8.541825
8.552675
8.56
8.5605
8.56145
8.5712
8.5735
8.587375
8.605425
8.611375
8.6171
8.6317
8.654425
8.666075
8.72295
8.7441
8.791825
8.80195
8.803025
8.805175
8.812325
8.8126
8.813025
8.822575
8.825825
8.83075
8.830925
8.832
8.836025
8.885325
8.90225
8.91585
8.93235
8.93435
8.944975
8.98475
8.994275
9.01075
9.018175
9.03365
9.035825
9.044325
9.080375
9.0804
9.0806
793
