0.10125
0.10165
0.1227
0.1234
0.128475
0.134175
0.134475
0.14425
0.1559
0.16005
0.20655
0.250475
0.254775
0.25515
0.262775
0.2688
0.279175
0.33165
0.367025
0.37745
0.40875
0.420375
0.420425
0.4257
0.434425
0.436525
0.436725
0.448525
0.452325
0.4547
0.462
0.4763
0.48295
0.48555
0.5049
0.505925
0.5071
0.50825
0.5268
0.527
0.5431
0.551625
0.596
0.596975
0.6061
0.606325
0.6158
0.68955
0.6941
0.699625
0.7031
0.72685
0.73175
0.739025
0.76325
0.765825
0.77585
0.77705
0.784825
0.79385
0.8077
0.8147
0.827925
0.843275
0.856375
0.85875
0.860275
0.867225
0.900725
0.906025
0.92235
0.93625
1.0064
1.006775
1.022025
1.025625
1.0433
1.043825
1.0446
1.04845
1.05745
1.0606
1.079925
1.0992
1.106275
1.10845
1.1177
1.1273
1.12895
1.135675
1.13745
1.157875
1.162425
1.165
1.185075
1.186775
1.221225
1.26025
1.264925
1.310125
1.322275
1.332375
1.33325
1.3378
1.3379
1.340375
1.395825
1.4036
1.4382
1.47115
1.476375
1.4791
1.5138
1.517725
1.5392
1.54115
1.550675
1.569775
1.57815
1.587875
1.60595
1.606075
1.609125
1.613125
1.617325
1.6177
1.6196
1.6281
1.645875
1.649775
1.653375
1.659275
1.659625
1.662725
1.6645
1.68425
1.692825
1.696425
1.699175
1.711775
1.7243
1.733125
1.76745
1.808175
1.814675
1.900375
1.920425
1.926375
1.930775
1.94775
1.9597
1.96295
1.99565
1.999175
2.0064
2.0133
2.027175
2.0334
2.047575
2.051325
2.0583
2.065275
2.075525
2.0843
2.102425
2.105075
2.1084
2.178475
2.208725
2.223425
2.22525
2.241075
2.244825
2.246975
2.2514
2.267425
2.28105
2.2835
2.2954
2.333425
2.335225
2.335875
2.340325
2.3444
2.376125
2.3807
2.386075
2.3894
2.42535
2.502075
2.5035
2.5039
2.50515
2.508175
2.51005
2.5106
2.5109
2.521275
2.53645
2.536875
2.548675
2.57185
2.574375
2.574925
2.58065
2.600025
2.609975
2.644475
2.663225
2.667675
2.67475
2.67595
2.692975
2.704725
2.74295
2.753625
2.78215
2.80095
2.82065
2.827275
2.835075
2.8358
2.83645
2.844575
2.845575
2.84635
2.848075
2.8486
2.8728
2.874825
2.88605
2.886975
2.89565
2.902725
2.9141
2.934725
2.9547
2.9736
2.974925
2.98575
2.98835
2.9948
2.99745
3.0336
3.034175
3.0509
3.093225
3.10615
3.107825
3.113825
3.115825
3.1172
3.125325
3.128275
3.146175
3.1491
3.150575
3.166125
3.169
3.1853
3.19025
3.1962
3.1985
3.20635
3.22725
3.232175
3.235325
3.2357
3.249275
3.2957
3.312275
3.331725
3.407275
3.407575
3.4092
3.4226
3.425775
3.42805
3.43275
3.447775
3.449275
3.4498
3.476275
3.5029
3.503275
3.514525
3.529225
3.547175
3.56735
3.6226
3.6492
3.717375
3.719
3.72515
3.7313
3.7317
3.742875
3.765225
3.770375
3.774425
3.78335
3.79465
3.8143
3.823525
3.82745
3.83125
3.832675
3.842175
3.8449
3.84575
3.9177
3.936625
3.965125
3.98065
3.997775
4.008025
4.009975
4.010775
4.015275
4.018425
4.03295
4.0415
4.086575
4.08715
4.09105
4.092075
4.10205
4.108425
4.109325
4.1191
4.128375
4.13065
4.13785
4.1505
4.1585
4.185725
4.2075
4.215225
4.2643
4.267225
4.27
4.277925
4.31775
4.3188
4.32315
4.3321
4.3342
4.348825
4.360975
4.363625
4.3643
4.369575
4.3734
4.409175
4.413975
4.4286
4.4479
4.46055
4.469125
4.47255
4.493325
4.504925
4.5642
4.573975
4.59905
4.622675
4.62385
4.634625
4.6424
4.6459
4.646725
4.647625
4.64835
4.65055
4.65675
4.6604
4.67045
4.682675
4.68535
4.707125
4.709
4.72645
4.74495
4.749725
4.765925
4.80405
4.83985
4.8457
4.850925
4.85815
4.878225
4.900625
4.902675
4.906475
4.91135
4.9117
4.9122
4.917975
4.92025
4.922725
4.924575
4.9372
4.939
4.950025
4.95345
4.955225
4.964375
4.97365
4.975425
4.982925
4.98965
5.003575
5.0207
5.027925
5.067575
5.0714
5.08175
5.08335
5.089225
5.090725
5.091525
5.094
5.132925
5.1386
5.165525
5.1743
5.176475
5.20265
5.214475
5.216475
5.221875
5.22935
5.239975
5.245125
5.2479
5.250025
5.265925
5.2761
5.29155
5.3132
5.329125
5.346075
5.354125
5.3567
5.368325
5.3748
5.386525
5.43815
5.470925
5.480575
5.49305
5.5025
5.503525
5.5052
5.5053
5.505475
5.506075
5.5063
5.50635
5.5072
5.51655
5.527075
5.5328
5.535625
5.54565
5.56985
5.573525
5.592825
5.605975
5.60685
5.6074
5.611325
5.646225
5.66385
5.6768
5.687775
5.696525
5.721125
5.734575
5.7783
5.80135
5.804925
5.816025
5.83795
5.8417
5.844425
5.847725
5.857675
5.886625
5.887125
5.887625
5.8898
5.88995
5.900825
5.936675
5.9589
5.9625
5.9694
5.97965
5.99755
6.010025
6.010125
6.052725
6.1032
6.104425
6.12205
6.1317
6.13425
6.137925
6.1384
6.144975
6.157
6.16935
6.175575
6.184575
6.1946
6.2075
6.2096
6.213925
6.2267
6.23025
6.249325
6.25975
6.36135
6.38915
6.4052
6.41055
6.412425
6.413175
6.414025
6.416575
6.4179
6.420325
6.424125
6.428125
6.44715
6.453725
6.458175
6.46815
6.47625
6.49025
6.5057
6.506525
6.54425
6.553325
6.582725
6.609175
6.613125
6.613875
6.635075
6.646125
6.709175
6.711775
6.72055
6.721675
6.74205
6.760175
6.76055
6.761175
6.769125
6.78285
6.7863
6.7878
6.809825
6.84005
6.85505
6.860925
6.8664
6.8698
6.896775
6.910725
6.951175
6.9543
6.97415
7.01635
7.01815
7.02115
7.0231
7.02385
7.043875
7.05345
7.0576
7.059225
7.086275
7.091025
7.092275
7.094325
7.097
7.1211
7.131725
7.149325
7.1542
7.1713
7.212025
7.231975
7.2435
7.2915
7.3084
7.31285
7.323725
7.3258
7.3375
7.338575
7.339
7.339775
7.345075
7.3484
7.360675
7.375775
7.38015
7.39475
7.405875
7.40665
7.413675
7.46285
7.47615
7.476475
7.4968
7.5897
7.6108
7.612725
7.626975
7.62855
7.63195
7.6332
7.63705
7.63845
7.642875
7.6465
7.666525
7.6758
7.6922
7.716025
7.718425
7.736325
7.747375
7.749875
7.757275
7.758175
7.759725
7.78805
7.81325
7.82045
7.82445
7.82525
7.85325
7.896425
7.8967
7.90375
7.90545
7.905975
7.906075
7.9083
7.912575
7.915325
7.917725
7.930275
7.930375
7.930575
7.9556
7.97145
7.972125
7.973725
7.975025
7.97525
7.979125
8.00885
8.01705
8.020675
8.0325
8.05385
8.0779
8.106225
8.109675
8.144925
8.17675
8.19185
8.20085
8.2089
8.225775
8.22855
8.233525
8.243675
8.2757
8.27715
8.278825
8.285625
8.304475
8.34695
8.348825
8.357675
8.39285
8.400725
8.43345
8.4726
8.489625
8.507025
8.519025
8.524
8.5271
8.5364
8.5465
8.54665
8.555225
8.5764
8.58665
8.58785
8.59335
8.5954
8.61105
8.611575
8.656875
8.66165
8.6646
8.684225
8.701075
8.73605
8.74245
8.75675
8.8078
8.81115
8.811825
8.822175
8.827575
8.830775
8.833075
8.833375
8.836825
8.843775
8.85255
8.854925
8.865325
8.865975
8.889775
8.890725
8.891675
8.90405
8.926675
8.92765
8.93545
8.942375
8.944475
8.961425
8.9736
8.97695
8.976975
8.985175
8.989325
9.000775
9.007175
9.0074
9.0129
9.06525
9.0686
9.06925
755
