0.107675
0.1196
0.123975
0.1387
0.154925
0.15525
0.1577
0.181175
0.190625
0.212625
0.217725
0.220375
0.227
0.240675
0.251575
0.258025
0.267925
0.277775
0.30835
0.33885
0.35985
0.408275
0.41045
0.41055
0.412125
0.414275
0.418025
0.420875
0.44765
0.453875
0.467975
0.482225
0.5026
0.52345
0.5252
0.64605
0.65045
0.690375
0.7021
0.705325
0.712025
0.716175
0.7416
0.7517
0.75255
0.7616
0.766225
0.7804
0.78205
0.79185
0.80345
0.825125
0.842675
0.857775
0.86795
0.895925
0.90175
0.90825
0.93395
0.944175
0.95065
0.97005
1.0146
1.020675
1.029275
1.033575
1.044975
1.0518
1.05475
1.07035
1.07165
1.087875
1.091425
1.095
1.108025
1.11195
1.1206
1.1968
1.223875
1.240075
1.247875
1.26055
1.296125
1.3011
1.308525
1.3136
1.31475
1.31635
1.323625
1.32905
1.3345
1.3357
1.3486
1.3553
1.367725
1.3774
1.3922
1.398475
1.42355
1.43685
1.477275
1.481775
1.487475
1.524675
1.529475
1.530175
1.535
1.543425
1.56
1.561175
1.597175
1.607325
1.614725
1.616875
1.62425
1.633
1.662475
1.704625
1.708875
1.73315
1.7404
1.742275
1.7863
1.787125
1.790975
1.801375
1.802325
1.81745
1.846975
1.852875
1.86305
1.872325
1.908175
1.91155
1.913875
1.9165
1.917675
1.91785
1.92235
1.925475
1.9257
1.931975
1.9437
1.94665
1.9483
1.959325
1.960575
1.9648
1.965525
1.97735
1.9774
1.98725
2.036125
2.03755
2.055025
2.060975
2.0641
2.064525
2.06625
2.106725
2.113275
2.170675
2.171575
2.190275
2.213925
2.21465
2.215575
2.216625
2.2209
2.2265
2.25035
2.25305
2.260625
2.264025
2.2873
2.289425
2.316875
2.317775
2.32345
2.328225
2.330925
2.334375
2.34235
2.3477
2.350075
2.3585
2.361925
2.3814
2.38775
2.470625
2.484
2.5003
2.50945
2.52495
2.526875
2.52845
2.530325
2.542175
2.54795
2.5484
2.550925
2.560925
2.5625
2.56775
2.574975
2.586075
2.5979
2.602675
2.60855
2.6206
2.6219
2.622275
2.6556
2.65965
2.6663
2.6685
2.675125
2.68435
2.73505
2.752
2.753025
2.7576
2.767025
2.7687
2.805525
2.80755
2.810525
2.81245
2.827
2.831325
2.83315
2.846025
2.864325
2.8948
2.90325
2.906275
2.91235
2.918475
2.9328
2.9394
2.94025
2.9546
2.95475
2.967375
2.978775
2.98765
3.000375
3.002925
3.0136
3.0332
3.058975
3.07275
3.078325
3.0873
3.09105
3.1001
3.10245
3.107775
3.11105
3.11425
3.1371
3.1537
3.154
3.159325
3.164675
3.17045
3.172525
3.1814
3.183425
3.19695
3.197525
3.201275
3.20905
3.2096
3.2199
3.23005
3.25725
3.265125
3.2688
3.292475
3.293375
3.2936
3.2941
3.2949
3.31885
3.321075
3.3479
3.359275
3.37885
3.388925
3.4011
3.40445
3.404775
3.40635
3.411975
3.416675
3.4182
3.443025
3.44305
3.4686
3.48715
3.50055
3.503575
3.508
3.52545
3.5312
3.533575
3.57985
3.58025
3.584
3.596375
3.617225
3.659725
3.698975
3.70845
3.709875
3.710825
3.72125
3.728925
3.732575
3.7337
3.745925
3.751925
3.75285
3.752875
3.75855
3.78125
3.79045
3.801775
3.812175
3.823875
3.826625
3.83565
3.854325
3.87825
3.88535
3.889775
3.9069
3.9272
3.9337
3.935775
3.958225
3.965675
4.003125
4.017525
4.0206
4.0227
4.03425
4.04845
4.056075
4.060375
4.078825
4.096675
4.097175
4.104425
4.107575
4.109675
4.113125
4.11375
4.126075
4.126875
4.1282
4.134125
4.13785
4.146525
4.14825
4.151475
4.20955
4.211075
4.2659
4.278925
4.300625
4.30545
4.306575
4.311125
4.31735
4.31905
4.321075
4.3622
4.36655
4.3785
4.4102
4.448425
4.450125
4.457925
4.473625
4.478575
4.4889
4.509925
4.514025
4.54465
4.56765
4.6118
4.613775
4.621475
4.638925
4.66255
4.675
4.67835
4.692825
4.695925
4.701275
4.70405
4.705575
4.7258
4.72705
4.783425
4.78695
4.7874
4.797575
4.8119
4.837625
4.886725
4.9027
4.9136
4.928275
4.940075
4.94735
4.94875
4.9489
4.95515
4.955575
4.96505
4.973125
4.976925
4.9877
4.99385
5.006725
5.02625
5.062
5.069325
5.071325
5.07535
5.083225
5.086875
5.089875
5.155775
5.163475
5.165
5.20705
5.2072
5.207425
5.2142
5.2325
5.2334
5.2396
5.24115
5.247875
5.2523
5.253375
5.258875
5.262075
5.269825
5.273
5.2927
5.2967
5.3025
5.304425
5.3107
5.322325
5.322675
5.324225
5.330525
5.3314
5.337875
5.3463
5.3845
5.432875
5.4515
5.505975
5.512675
5.5194
5.531775
5.5434
5.5466
5.55215
5.552375
5.587375
5.594625
5.6039
5.6105
5.6152
5.63435
5.6365
5.642075
5.64955
5.651225
5.671925
5.702225
5.705025
5.763425
5.77415
5.7758
5.81395
5.8248
5.827525
5.833775
5.840275
5.84095
5.849575
5.853975
5.857375
5.882275
5.8823
5.9135
5.920375
5.923375
5.93205
5.9372
5.943
5.9585
5.968575
5.97785
5.99415
6.0206
6.036125
6.0443
6.074775
6.0789
6.106375
6.112675
6.119075
6.1225
6.136975
6.18095
6.18435
6.188125
6.197625
6.203275
6.2162
6.22275
6.23175
6.255925
6.26635
6.269225
6.2735
6.27825
6.2838
6.291275
6.347
6.350975
6.3865
6.419625
6.43835
6.4603
6.482925
6.4848
6.49745
6.5046
6.5131
6.516175
6.56305
6.564275
6.56865
6.5763
6.58345
6.590875
6.6205
6.621025
6.705775
6.713625
6.713875
6.7258
6.727525
6.729175
6.73375
6.74035
6.742875
6.750475
6.7546
6.77455
6.805975
6.834425
6.842825
6.8464
6.86675
6.8704
6.87425
6.911275
6.926225
6.93355
6.95045
6.96695
6.9933
7.00975
7.015825
7.01825
7.020875
7.022825
7.039925
7.05765
7.07935
7.086775
7.09665
7.097575
7.13335
7.168375
7.182225
7.18375
7.18775
7.19365
7.204875
7.2133
7.233125
7.2374
7.24555
7.259875
7.282825
7.307925
7.322275
7.3251
7.3333
7.3341
7.34675
7.35585
7.368775
7.37495
7.3787
7.381175
7.383575
7.387275
7.3975
7.40075
7.407
7.438125
7.4453
7.45035
7.457
7.47075
7.49145
7.51335
7.5262
7.5979
7.603075
7.60345
7.60425
7.613225
7.630175
7.6312
7.63295
7.636075
7.636325
7.6431
7.648675
7.6499
7.65145
7.6545
7.656225
7.66155
7.66665
7.668375
7.6733
7.6784
7.6834
7.6905
7.72
7.787875
7.795625
7.86005
7.863775
7.863825
7.8825
7.905975
7.90605
7.9075
7.92665
7.927475
7.948075
7.94885
7.9564
8.00525
8.01445
8.02665
8.0303
8.041875
8.0676
8.092
8.1492
8.20655
8.21025
8.219
8.221375
8.224175
8.229875
8.23605
8.2509
8.253575
8.258
8.260875
8.263425
8.2757
8.283675
8.284675
8.2873
8.29345
8.32425
8.333025
8.35355
8.380875
8.38575
8.493025
8.506025
8.51315
8.51475
8.535825
8.549225
8.557275
8.5795
8.58985
8.591425
8.593125
8.6061
8.616175
8.66185
8.66515
8.6865
8.69035
8.704425
8.708725
8.723625
8.7237
8.7437
8.744525
8.75945
8.774475
8.821325
8.8243
8.839925
8.856
8.86795
8.87935
8.884
8.894475
8.895325
8.8961
8.897075
8.9005
8.9113
8.9288
8.931825
8.933125
8.95925
8.97345
8.992225
9.061
9.08455
9.0946
9.096425
748
