0.1085
0.117975
0.12365
0.125625
0.13175
0.14115
0.1476
0.158925
0.161075
0.161875
0.165275
0.1666
0.1735
0.179475
0.19975
0.201225
0.22715
0.234775
0.254675
0.256875
0.261975
0.26625
0.2835
0.304825
0.338825
0.3515
0.365275
0.400525
0.409825
0.4306
0.43525
0.453075
0.45585
0.45615
0.456225
0.46
0.4601
0.46535
0.4806
0.4977
0.514625
0.517675
0.5196
0.537275
0.537525
0.548325
0.552875
0.556875
0.5674
0.573925
0.59775
0.60905
0.610625
0.61165
0.6141
0.669025
0.70705
0.730825
0.734875
0.737825
0.74775
0.7515
0.764325
0.772775
0.77315
0.777425
0.788075
0.79635
0.806025
0.81245
0.813825
0.814825
0.82375
0.8249
0.8389
0.8431
0.84545
0.850275
0.909525
0.913625
0.949
0.952
1.00005
1.003375
1.0131
1.02145
1.0228
1.02595
1.0297
1.033425
1.061375
1.06595
1.088825
1.09905
1.11885
1.133575
1.150325
1.1955
1.2008
1.29215
1.318275
1.328025
1.3302
1.33805
1.3554
1.37595
1.378225
1.3818
1.3829
1.38395
1.395275
1.3962
1.41135
1.43345
1.4359
1.457375
1.502875
1.51255
1.5573
1.590375
1.597775
1.620575
1.62115
1.62975
1.6366
1.650675
1.66975
1.6793
1.691175
1.697775
1.716125
1.724075
1.732775
1.7439
1.744375
1.7451
1.745125
1.74585
1.7461
1.770425
1.7844
1.7973
1.825725
1.827925
1.847
1.84985
1.857825
1.901675
1.9019
1.9054
1.918925
1.921025
1.921725
1.921775
1.9228
1.9245
1.935475
1.936825
1.94215
1.9606
1.962625
1.96615
1.971275
1.9824
1.986025
2.003025
2.0085
2.01315
2.016975
2.02245
2.0592
2.06035
2.067225
2.068675
2.076975
2.13455
2.20965
2.2225
2.23225
2.24205
2.247225
2.24885
2.2585
2.258675
2.259175
2.259625
2.2701
2.289025
2.2964
2.29745
2.29845
2.30915
2.311325
2.312775
2.3155
2.32335
2.32485
2.3251
2.336225
2.34705
2.34945
2.3616
2.36975
2.38995
2.396375
2.4
2.42085
2.4267
2.435625
2.4391
2.4438
2.44875
2.45415
2.460825
2.511775
2.513275
2.53915
2.54525
2.5581
2.5602
2.590825
2.592275
2.610875
2.6226
2.638475
2.6446
2.652
2.6605
2.66435
2.682125
2.715575
2.7291
2.789725
2.7909
2.79485
2.8021
2.803775
2.81755
2.8447
2.852875
2.85735
2.85955
2.8675
2.875125
2.880575
2.88975
2.8925
2.93265
2.952
2.9527
2.982475
2.9841
2.984475
3.014575
3.018075
3.024875
3.040925
3.04685
3.07495
3.10805
3.1086
3.109025
3.125825
3.127175
3.1287
3.131875
3.1524
3.155125
3.155575
3.16365
3.1697
3.176125
3.1988
3.233125
3.233425
3.2387
3.2457
3.2464
3.25635
3.287975
3.298225
3.30375
3.310675
3.318225
3.34325
3.37195
3.408875
3.41435
3.4176
3.418725
3.427275
3.43945
3.450725
3.464975
3.47905
3.479975
3.499075
3.49965
3.525125
3.52925
3.536525
3.619225
3.62145
3.655275
3.68345
3.69345
3.6994
3.704125
3.714175
3.724025
3.73275
3.74565
3.746025
3.763075
3.7714
3.775875
3.78445
3.7904
3.795475
3.79965
3.81405
3.82345
3.83355
3.858775
3.872625
3.8994
3.922475
3.935675
3.94455
3.944775
3.971075
3.98095
3.987375
4.007575
4.01215
4.015175
4.025375
4.025775
4.029175
4.036275
4.0387
4.043475
4.064875
4.0931
4.094575
4.095
4.10025
4.109775
4.125525
4.163225
4.167975
4.2145
4.24375
4.288625
4.3083
4.31115
4.31295
4.318075
4.3225
4.3242
4.3286
4.330025
4.335025
4.4013
4.417725
4.419575
4.448925
4.470325
4.479475
4.492025
4.505325
4.511075
4.55695
4.563925
4.6041
4.604925
4.6154
4.6295
4.634625
4.634775
4.636975
4.642925
4.659775
4.662425
4.667925
4.6687
4.672175
4.67925
4.6938
4.70125
4.710625
4.718075
4.72505
4.731775
4.73775
4.738925
4.750425
4.759775
4.7629
4.7706
4.7788
4.7857
4.86955
4.89115
4.900825
4.9065
4.9071
4.916575
4.919
4.931525
4.94685
4.947275
4.958025
4.9631
4.9641
4.96545
4.986775
5.00525
5.010375
5.050275
5.050475
5.06305
5.0634
5.065825
5.078075
5.078825
5.084375
5.092675
5.1088
5.1243
5.178175
5.1988
5.21815
5.245725
5.262225
5.265775
5.28005
5.289725
5.299175
5.314375
5.33605
5.349525
5.353225
5.388425
5.38845
5.38935
5.40005
5.40115
5.4513
5.468175
5.47065
5.49525
5.510775
5.510925
5.522675
5.536675
5.540275
5.541525
5.54445
5.5518
5.555675
5.565
5.572725
5.574425
5.58025
5.607275
5.61685
5.6772
5.690475
5.707225
5.715475
5.7156
5.716425
5.7628
5.775925
5.810775
5.81545
5.8222
5.82885
5.8292
5.855125
5.88115
5.88165
5.89375
5.89995
5.904225
5.9074
5.914825
5.920025
5.9499
5.9563
5.992125
5.995025
6.0025
6.0061
6.02325
6.0475
6.100375
6.102375
6.103075
6.10615
6.11545
6.120425
6.122075
6.1234
6.12415
6.12745
6.129275
6.134525
6.1371
6.13885
6.14745
6.169175
6.185225
6.1913
6.199825
6.21695
6.223875
6.22795
6.23115
6.258825
6.262825
6.2891
6.300725
6.323425
6.327475
6.332225
6.36115
6.3824
6.389325
6.40305
6.4258
6.430875
6.44025
6.44565
6.448675
6.45415
6.456875
6.4607
6.4991
6.506675
6.523175
6.532625
6.547325
6.56225
6.581575
6.581875
6.5867
6.5909
6.5972
6.6008
6.6084
6.612275
6.615675
6.61845
6.644225
6.67505
6.69655
6.705375
6.7073
6.70995
6.719025
6.721525
6.722775
6.723075
6.73125
6.733925
6.734075
6.734375
6.736775
6.7606
6.76545
6.768825
6.76895
6.775675
6.778875
6.796225
6.81755
6.8181
6.8273
6.8295
6.85665
6.862375
6.87385
6.876325
6.94605
6.961025
6.98085
6.992825
7.001675
7.00265
7.0177
7.02055
7.044
7.04605
7.050275
7.0583
7.0602
7.068325
7.068525
7.0768
7.07805
7.09455
7.1281
7.159575
7.1637
7.168425
7.168625
7.1858
7.20015
7.204925
7.2072
7.22325
7.283325
7.300675
7.32815
7.338475
7.3425
7.3446
7.344675
7.36825
7.38555
7.385875
7.402225
7.4264
7.432075
7.452575
7.456625
7.522275
7.5364
7.599375
7.628775
7.633225
7.644325
7.647725
7.64795
7.6556
7.65845
7.662425
7.67415
7.6742
7.676
7.6868
7.691425
7.704225
7.706075
7.710275
7.7185
7.724875
7.725
7.737525
7.743325
7.74565
7.749675
7.7569
7.76085
7.764825
7.80815
7.842225
7.8512
7.866225
7.873275
7.876425
7.895225
7.9019
7.904875
7.90515
7.906025
7.90605
7.9083
7.92325
7.92375
7.92385
7.930275
7.931275
7.9398
7.945025
7.9511
7.957775
7.97935
7.98435
7.9875
7.988525
7.9907
7.99075
8.007975
8.013025
8.02775
8.030375
8.0356
8.0606
8.0986
8.1042
8.1114
8.14025
8.1591
8.2017
8.20275
8.2034
8.204325
8.21325
8.2182
8.2271
8.228225
8.237875
8.250975
8.27435
8.275025
8.2755
8.2811
8.2953
8.308375
8.32125
8.330925
8.331025
8.355475
8.37055
8.3848
8.39555
8.412825
8.436925
8.4761
8.500475
8.502
8.506675
8.506925
8.50695
8.536075
8.54595
8.569525
8.5868
8.58795
8.592375
8.592875
8.619325
8.641875
8.6509
8.654475
8.659425
8.66705
8.688
8.68815
8.6907
8.720075
8.72385
8.751225
8.752475
8.7941
8.806025
8.817625
8.82285
8.82505
8.827075
8.833225
8.8379
8.84995
8.878675
8.88195
8.921225
8.924
8.958275
8.9674
8.99075
9.00755
9.037425
9.059675
9.078825
767
