0.10185
0.102825
0.106125
0.12025
0.120575
0.122125
0.123375
0.125475
0.128975
0.139675
0.1519
0.1627
0.187775
0.197125
0.20665
0.213475
0.2252
0.227625
0.23865
0.2407
0.254825
0.25635
0.314175
0.32235
0.328675
0.328925
0.32895
0.41695
0.420425
0.421225
0.4216
0.43755
0.439025
0.4448
0.452125
0.458225
0.45855
0.463825
0.46515
0.472
0.484525
0.49435
0.51165
0.534975
0.554
0.5617
0.59035
0.59695
0.599675
0.6014
0.603525
0.611075
0.6234
0.629275
0.6512
0.684075
0.69175
0.702875
0.7033
0.703425
0.706425
0.7085
0.7091
0.7151
0.72155
0.728775
0.730875
0.740925
0.74375
0.745175
0.76005
0.763825
0.783275
0.789375
0.8055
0.815775
0.8323
0.84815
0.851125
0.872475
0.91495
0.949825
0.9572
0.959525
0.960575
0.99625
1.000775
1.015025
1.02185
1.03025
1.0401
1.059825
1.06415
1.079825
1.09435
1.11485
1.1394
1.188975
1.1929
1.2419
1.245725
1.261875
1.262775
1.2742
1.275525
1.314375
1.317975
1.321975
1.330925
1.333175
1.3356
1.3525
1.357725
1.3634
1.366175
1.368575
1.370675
1.391725
1.393675
1.396025
1.4033
1.42435
1.42785
1.436475
1.43885
1.45505
1.460075
1.475025
1.49295
1.504225
1.51085
1.513175
1.517525
1.520125
1.52925
1.540525
1.54325
1.57355
1.589225
1.600175
1.614675
1.615375
1.619875
1.622975
1.625
1.634125
1.63455
1.670025
1.6811
1.69015
1.696375
1.729925
1.735075
1.744825
1.755725
1.77665
1.788225
1.8435
1.857075
1.8655
1.895025
1.906175
1.92315
1.927025
1.9341
1.94535
1.9476
2.006075
2.0077
2.009875
2.0188
2.02635
2.03695
2.038075
2.05535
2.068075
2.069175
2.0871
2.096325
2.096425
2.103675
2.10875
2.159075
2.2064
2.207825
2.218225
2.233225
2.236
2.24565
2.2463
2.260975
2.26555
2.26715
2.2816
2.2848
2.300575
2.3043
2.306375
2.315425
2.32895
2.334525
2.366
2.36845
2.397
2.437475
2.45245
2.47925
2.50285
2.519525
2.523275
2.524025
2.528525
2.534075
2.5554
2.563075
2.563625
2.578025
2.61085
2.6118
2.6326
2.634575
2.637775
2.6493
2.6622
2.698225
2.70335
2.706225
2.709775
2.74035
2.74925
2.776575
2.7948
2.8056
2.8241
2.824725
2.8305
2.841975
2.85715
2.861975
2.874475
2.896975
2.8994
2.9008
2.903125
2.90365
2.9106
2.91465
2.920425
2.935375
2.9426
2.952075
2.95695
2.969025
2.97575
2.980525
2.99615
3.010725
3.011575
3.0121
3.0126
3.0276
3.042975
3.115475
3.128225
3.128525
3.131775
3.14815
3.152275
3.155975
3.169425
3.1743
3.1774
3.211725
3.219575
3.231925
3.249175
3.2674
3.276025
3.3097
3.31175
3.336375
3.33655
3.374525
3.40195
3.4076
3.4169
3.420825
3.42975
3.43225
3.4374
3.4442
3.453175
3.456675
3.4738
3.48045
3.485175
3.488325
3.500525
3.5025
3.505775
3.507675
3.52285
3.532075
3.53235
3.545675
3.56385
3.573275
3.577525
3.6056
3.61555
3.62315
3.62595
3.649225
3.663525
3.667625
3.683025
3.684975
3.685725
3.73025
3.737775
3.7456
3.7655
3.774425
3.776675
3.78115
3.785425
3.80795
3.826275
3.8357
3.862825
3.86455
3.872075
3.889375
3.911825
3.91625
3.927775
3.928525
3.94055
3.94205
3.9554
3.97435
3.9883
4.0012
4.03065
4.035775
4.0412
4.0518
4.056075
4.057275
4.059575
4.08245
4.091675
4.09625
4.1046
4.11555
4.1358
4.1395
4.14825
4.15275
4.198225
4.2055
4.20975
4.2441
4.24575
4.26155
4.282925
4.291925
4.29255
4.302125
4.303325
4.306225
4.31085
4.31535
4.31965
4.32495
4.32545
4.3263
4.3335
4.335575
4.34055
4.355575
4.3582
4.361
4.37085
4.371725
4.3739
4.378275
4.3806
4.38265
4.388725
4.3916
4.397725
4.401925
4.4095
4.41105
4.41135
4.429825
4.4312
4.44515
4.452225
4.45315
4.458625
4.478325
4.486775
4.511575
4.52035
4.536975
4.564475
4.62925
4.6316
4.647975
4.651675
4.6694
4.68245
4.688075
4.694125
4.69795
4.713775
4.7138
4.71385
4.716075
4.7672
4.7787
4.802525
4.8156
4.8365
4.90725
4.9121
4.912875
4.913175
4.920875
4.92835
4.938425
4.951075
4.960675
4.98805
4.9903
4.991075
4.991175
4.9966
5.000375
5.012575
5.021875
5.02205
5.023975
5.0382
5.0427
5.062325
5.0985
5.099675
5.10305
5.13055
5.134125
5.14945
5.20125
5.202975
5.20555
5.2265
5.2331
5.237975
5.255625
5.26265
5.2671
5.267775
5.279375
5.28675
5.31065
5.331475
5.34035
5.348575
5.369775
5.4219
5.461
5.47085
5.4802
5.487325
5.50255
5.507175
5.510975
5.51585
5.51845
5.5204
5.5217
5.539275
5.53955
5.5397
5.546225
5.54805
5.555825
5.555875
5.556675
5.569725
5.576125
5.576425
5.5777
5.582125
5.583225
5.602825
5.603525
5.6149
5.6231
5.623525
5.631975
5.67005
5.6882
5.718225
5.72635
5.774875
5.8144
5.832175
5.886
5.88705
5.919725
5.9264
5.928825
5.940125
5.956075
5.958825
5.96955
5.974725
5.98695
5.989925
5.99575
6.010075
6.04115
6.046675
6.053325
6.05625
6.076475
6.112275
6.11735
6.128975
6.12915
6.135375
6.146975
6.147925
6.15105
6.163575
6.171175
6.175625
6.194525
6.199375
6.2002
6.202175
6.21905
6.283825
6.2906
6.327425
6.351275
6.351325
6.353025
6.37235
6.3966
6.406675
6.410725
6.417425
6.41775
6.421175
6.430575
6.4422
6.451375
6.457175
6.47005
6.4784
6.49415
6.508
6.516375
6.54175
6.5428
6.5481
6.608325
6.60855
6.616575
6.630775
6.6338
6.6853
6.723275
6.729675
6.7389
6.74735
6.7548
6.763925
6.7766
6.786375
6.80375
6.818725
6.840825
6.86845
6.90855
6.915575
6.94275
6.94445
6.95925
6.99085
7.0003
7.00425
7.004325
7.010925
7.024275
7.026475
7.0306
7.03155
7.0571
7.066
7.06925
7.07105
7.07655
7.0832
7.08635
7.088325
7.093375
7.096
7.103525
7.134375
7.14145
7.1424
7.158625
7.191125
7.22075
7.230425
7.232925
7.24285
7.247625
7.2486
7.2868
7.301875
7.31205
7.3418
7.349825
7.35005
7.35375
7.36215
7.403475
7.40605
7.419875
7.429325
7.4512
7.454875
7.4563
7.462475
7.491125
7.49585
7.497775
7.503825
7.51765
7.52075
7.607075
7.6122
7.61525
7.617525
7.634825
7.640375
7.661575
7.669275
7.6957
7.7122
7.7132
7.7141
7.72305
7.7266
7.7358
7.73965
7.74355
7.74545
7.7474
7.782625
7.800425
7.810725
7.831275
7.848625
7.848875
7.8935
7.8991
7.910225
7.9122
7.9127
7.9137
7.919375
7.925125
7.9339
7.9379
7.9428
7.943825
7.944575
7.950125
7.95595
7.9569
7.9591
8.01245
8.02755
8.049875
8.115175
8.134325
8.190725
8.1948
8.20055
8.20065
8.2105
8.213025
8.21375
8.2151
8.217675
8.2485
8.2584
8.268475
8.28405
8.316225
8.319025
8.323375
8.328925
8.3308
8.3418
8.3455
8.3505
8.38395
8.386975
8.388025
8.48215
8.48565
8.492375
8.5011
8.508025
8.51105
8.51245
8.51295
8.515925
8.518575
8.529025
8.53695
8.54575
8.563725
8.565125
8.5806
8.58305
8.59035
8.59205
8.593575
8.600775
8.61275
8.614025
8.642825
8.646675
8.659025
8.713325
8.724575
8.73355
8.741275
8.747425
8.78255
8.802975
8.807125
8.808375
8.813625
8.817925
8.818925
8.8254
8.8353
8.8378
8.84155
8.845075
8.854475
8.8549
8.85565
8.876275
8.8896
8.89045
8.891525
8.897975
8.903375
8.9203
9.01475
9.020675
9.03225
9.034625
9.048875
9.0516
9.05775
777
