0.041425
0.10165
0.10405
0.109425
0.11175
0.115225
0.124675
0.142975
0.146375
0.146575
0.1516
0.158575
0.1612
0.17945
0.185425
0.18965
0.1918
0.212425
0.222325
0.223975
0.2428
0.25255
0.252975
0.269425
0.277375
0.302225
0.34855
0.36925
0.415
0.43515
0.46615
0.4693
0.470175
0.49105
0.49455
0.496725
0.497325
0.500825
0.5061
0.51065
0.533625
0.55045
0.5514
0.556725
0.56855
0.57445
0.575775
0.62515
0.6422
0.650125
0.658375
0.6606
0.662275
0.67845
0.697575
0.70115
0.702
0.712875
0.713275
0.7319
0.73285
0.73765
0.74665
0.752425
0.76405
0.76635
0.769675
0.772875
0.77435
0.788325
0.78835
0.792975
0.8039
0.82675
0.831475
0.850075
0.8746
0.892675
0.91845
0.922075
0.95195
0.955525
0.973225
0.97395
0.9803
1.00955
1.014375
1.014725
1.019825
1.02035
1.03565
1.042825
1.046725
1.04985
1.051675
1.054925
1.05675
1.066825
1.069025
1.081075
1.0834
1.107725
1.1257
1.1274
1.1371
1.1438
1.145325
1.1459
1.152775
1.159775
1.162975
1.163375
1.164125
1.1693
1.17035
1.170675
1.17255
1.17675
1.1815
1.182475
1.19875
1.199025
1.218925
1.223225
1.224075
1.229275
1.26455
1.304375
1.310375
1.313975
1.316975
1.320675
1.329375
1.3304
1.334875
1.338625
1.340325
1.3466
1.36285
1.371775
1.378525
1.382725
1.38445
1.38705
1.38775
1.3891
1.3961
1.40225
1.418375
1.45075
1.452675
1.471875
1.479525
1.4997
1.501175
1.501825
1.503225
1.5195
1.528925
1.554625
1.55785
1.595175
1.608325
1.60875
1.60975
1.614125
1.62225
1.63885
1.64165
1.665425
1.67685
1.70415
1.7061
1.718
1.7227
1.731675
1.7643
1.7682
1.776675
1.77815
1.789625
1.842575
1.864275
1.8782
1.911275
1.913825
1.9151
1.918375
1.92405
1.925925
1.92935
1.934875
1.93565
1.935725
1.9362
1.9395
1.9435
1.94505
1.946525
1.9507
1.952925
1.9622
1.96785
1.967925
1.9811
1.98135
2.00075
2.008925
2.075475
2.08615
2.097675
2.1034
2.139
2.16795
2.20605
2.21355
2.214525
2.2166
2.23525
2.237125
2.242075
2.261475
2.279075
2.299
2.3138
2.31715
2.319575
2.326425
2.3268
2.3304
2.330775
2.338775
2.3391
2.347375
2.35525
2.36335
2.3728
2.3844
2.403125
2.435575
2.458825
2.472975
2.494475
2.5018
2.514325
2.5167
2.519725
2.5415
2.545075
2.56685
2.56985
2.5707
2.5801
2.5827
2.62485
2.645675
2.6481
2.677175
2.6848
2.71715
2.75565
2.805825
2.807625
2.81105
2.816425
2.817075
2.81855
2.821025
2.8288
2.83325
2.843
2.850125
2.852575
2.855975
2.8632
2.88515
2.894775
2.90205
2.919225
2.920275
2.953575
2.966125
2.966575
2.98605
2.990975
3.0134
3.023175
3.031175
3.044
3.045725
3.0464
3.067075
3.07005
3.07665
3.10005
3.101
3.101725
3.102425
3.114225
3.11655
3.11665
3.130325
3.135925
3.14305
3.1439
3.163525
3.167975
3.178225
3.1899
3.193825
3.21045
3.215425
3.2414
3.24545
3.276675
3.282975
3.285925
3.29335
3.29445
3.304375
3.323925
3.349975
3.3544
3.4015
3.406925
3.425325
3.426225
3.4272
3.42895
3.431475
3.432425
3.4367
3.446025
3.446225
3.46145
3.469025
3.47735
3.480375
3.487725
3.50545
3.51015
3.52765
3.543675
3.5463
3.564475
3.574925
3.576375
3.599625
3.615625
3.635925
3.649125
3.690025
3.71575
3.720875
3.722425
3.725775
3.73165
3.73905
3.7427
3.74505
3.7474
3.74995
3.753075
3.779125
3.7831
3.790625
3.811125
3.81555
3.822325
3.829175
3.837
3.844925
3.870675
3.87095
3.891325
3.89385
3.92145
3.97375
4.025925
4.03235
4.035175
4.043
4.0466
4.0571
4.067525
4.082675
4.0914
4.1181
4.126375
4.1281
4.135425
4.151575
4.197175
4.2177
4.2652
4.278175
4.30935
4.31315
4.337125
4.3523
4.35395
4.359
4.3608
4.36185
4.370175
4.37125
4.374925
4.386975
4.402925
4.445875
4.483625
4.50975
4.560475
4.602375
4.6113
4.61175
4.618375
4.618625
4.61955
4.62155
4.6395
4.64485
4.647425
4.647775
4.65025
4.65695
4.691225
4.70685
4.706975
4.710975
4.715975
4.72025
4.74725
4.750875
4.7612
4.80545
4.8254
4.8388
4.865225
4.876125
4.902275
4.906175
4.9119
4.915025
4.9204
4.924125
4.937275
4.942825
4.945475
4.954925
4.979475
4.985525
4.98615
4.995525
5.005975
5.011275
5.02055
5.05855
5.067825
5.074775
5.08715
5.10035
5.1124
5.130825
5.1354
5.166825
5.1717
5.18055
5.220225
5.22595
5.233225
5.237975
5.240225
5.247825
5.253575
5.2562
5.260125
5.2611
5.261975
5.2688
5.271775
5.27765
5.28985
5.30595
5.314175
5.314325
5.323
5.340275
5.343575
5.349575
5.358275
5.363025
5.3969
5.4694
5.492875
5.507
5.5083
5.50905
5.50925
5.512675
5.514025
5.515125
5.51645
5.51735
5.5289
5.5441
5.552525
5.56685
5.6019
5.6035
5.60785
5.610125
5.630975
5.6315
5.654425
5.663325
5.666975
5.67725
5.71595
5.71635
5.72935
5.752075
5.7749
5.8012
5.806175
5.82035
5.82145
5.8215
5.827075
5.83395
5.844525
5.848675
5.84995
5.851825
5.8572
5.86515
5.868775
5.87615
5.89395
5.922325
5.961675
5.97595
5.981425
5.9875
6.0509
6.05535
6.0846
6.1054
6.1103
6.135525
6.1379
6.1519
6.15285
6.155675
6.169725
6.1719
6.18295
6.1983
6.2063
6.216525
6.23315
6.23865
6.244075
6.253
6.300525
6.31295
6.3143
6.328175
6.374475
6.392975
6.395725
6.408925
6.4113
6.41945
6.419825
6.424425
6.4278
6.43105
6.43665
6.43845
6.44625
6.4529
6.47
6.473475
6.4741
6.478275
6.4813
6.483125
6.48785
6.491325
6.4985
6.508525
6.511725
6.512075
6.52215
6.5291
6.5327
6.542625
6.54635
6.550825
6.558625
6.560625
6.57535
6.590725
6.606625
6.615925
6.62975
6.64275
6.644125
6.6614
6.6871
6.68905
6.696075
6.702825
6.7037
6.709825
6.70985
6.720875
6.723625
6.737325
6.749675
6.751375
6.765225
6.7775
6.7812
6.781625
6.782025
6.7926
6.810375
6.826525
6.861075
6.8862
6.93
6.94275
6.960275
6.985675
7.006125
7.011625
7.011975
7.0276
7.029425
7.03675
7.0397
7.04195
7.0499
7.05325
7.056375
7.059875
7.062
7.063125
7.06315
7.092775
7.093425
7.109275
7.122275
7.13165
7.135475
7.146875
7.14945
7.150825
7.151675
7.170225
7.195875
7.247625
7.278
7.3047
7.3177
7.319525
7.333175
7.334425
7.3471
7.382625
7.389325
7.391375
7.4008
7.407975
7.419625
7.453725
7.45425
7.4546
7.4847
7.50235
7.522375
7.5249
7.53365
7.5555
7.559525
7.589975
7.603725
7.61065
7.6327
7.634825
7.63935
7.642725
7.64825
7.65155
7.67355
7.687475
7.689825
7.6986
7.7074
7.708875
7.718775
7.721625
7.734975
7.74255
7.7461
7.75115
7.75385
7.757075
7.772775
7.834425
7.836275
7.842175
7.853
7.865725
7.87725
7.9142
7.9198
7.921025
7.929
7.937
7.93945
7.941425
7.9555
7.95715
7.95985
7.9624
7.96605
7.98005
7.9951
8.0097
8.035175
8.05055
8.059175
8.06205
8.06275
8.0705
8.114475
8.166125
8.1753
8.177175
8.19925
8.200375
8.2004
8.203125
8.21015
8.2121
8.213075
8.2141
8.2267
8.264375
8.272675
8.277725
8.289125
8.30875
8.321325
8.327275
8.3304
8.3326
8.334375
8.33905
8.347975
8.384375
8.397325
8.404725
8.42605
8.447025
8.4663
8.471
8.49715
8.499025
8.502025
8.503425
8.509075
8.5147
8.5184
8.523275
8.551525
8.556875
8.573125
8.585375
8.59395
8.59795
8.59855
8.613925
8.61655
8.6281
8.6468
8.649275
8.672
8.68315
8.6898
8.733175
8.80525
8.8066
8.824675
8.832975
8.834575
8.840925
8.84215
8.843475
8.8493
8.85335
8.858475
8.86515
8.871225
8.88385
8.901425
8.90715
8.91265
8.917175
8.91805
8.918075
8.934
8.938425
8.95125
8.95925
8.961675
8.996075
9.007
9.02415
9.038275
9.066
9.09045
825
