0.101875
0.1035
0.11105
0.113175
0.1337
0.136325
0.1376
0.14525
0.147275
0.1526
0.155175
0.1556
0.175125
0.1861
0.194025
0.194675
0.201
0.206525
0.2225
0.2261
0.23645
0.240075
0.243075
0.244375
0.2445
0.256175
0.2576
0.27715
0.286825
0.3088
0.3122
0.399575
0.40565
0.4066
0.424
0.424175
0.427825
0.433475
0.437825
0.442175
0.44945
0.45195
0.4526
0.4553
0.479125
0.487725
0.492225
0.5012
0.514425
0.52575
0.526575
0.53975
0.549775
0.578725
0.59615
0.647925
0.660575
0.66985
0.6932
0.709725
0.71375
0.71445
0.71665
0.719675
0.7304
0.73615
0.768425
0.76855
0.780025
0.788975
0.791375
0.7916
0.79265
0.813025
0.82475
0.825525
0.826475
0.83925
0.840325
0.848425
0.854075
0.88175
0.88485
0.9152
0.925575
0.927275
0.944975
1.007025
1.010325
1.01585
1.02375
1.062625
1.0642
1.0841
1.0859
1.092075
1.096225
1.100625
1.122175
1.128775
1.1467
1.1483
1.160425
1.17145
1.172275
1.177575
1.188325
1.18865
1.20725
1.21745
1.307675
1.310225
1.312
1.328625
1.3319
1.33515
1.340275
1.341825
1.3436
1.348675
1.349525
1.3583
1.367275
1.368575
1.378825
1.387025
1.391075
1.408275
1.410925
1.421325
1.425175
1.4514
1.45355
1.466075
1.46795
1.474525
1.478425
1.4845
1.4979
1.50865
1.522675
1.53145
1.5549
1.564375
1.586325
1.600025
1.613075
1.61445
1.65
1.650225
1.65235
1.65355
1.65815
1.661875
1.6682
1.675275
1.685325
1.69025
1.695475
1.69755
1.73155
1.735875
1.743025
1.7693
1.769625
1.77215
1.7748
1.780875
1.788725
1.815475
1.84025
1.9072
1.913475
1.9344
1.944125
1.94555
1.961075
1.9629
1.964625
1.9863
2.011175
2.0159
2.01975
2.02295
2.039075
2.059375
2.0641
2.06535
2.104425
2.11
2.16795
2.201475
2.204525
2.218375
2.2266
2.226725
2.230025
2.232025
2.238325
2.2423
2.2614
2.264175
2.27515
2.2754
2.27565
2.279025
2.281325
2.288175
2.2888
2.297975
2.299225
2.332725
2.3361
2.342375
2.450175
2.451425
2.484675
2.489475
2.500625
2.504875
2.508425
2.515175
2.515725
2.521225
2.537225
2.53885
2.54455
2.54565
2.55405
2.560025
2.56705
2.572325
2.57645
2.58025
2.597375
2.61425
2.629975
2.653175
2.655875
2.7032
2.74255
2.751775
2.755
2.762275
2.802475
2.80765
2.82015
2.820225
2.8209
2.822425
2.838425
2.84035
2.8423
2.844425
2.8505
2.8521
2.863875
2.8663
2.868625
2.883275
2.885925
2.93215
2.956075
2.96285
2.981725
2.9863
3.000925
3.008325
3.03785
3.057325
3.058925
3.072
3.080975
3.088975
3.109275
3.110475
3.11655
3.129175
3.13415
3.14465
3.149425
3.1635
3.1668
3.184075
3.1919
3.1967
3.2182
3.233325
3.259475
3.27155
3.28405
3.286125
3.289475
3.30395
3.3073
3.3445
3.3873
3.401925
3.405425
3.4182
3.4235
3.425975
3.4392
3.441475
3.450875
3.4519
3.455825
3.468425
3.500725
3.508075
3.5085
3.511575
3.5125
3.521525
3.528925
3.531925
3.54485
3.54575
3.54645
3.54665
3.55175
3.55395
3.5589
3.567525
3.570325
3.594225
3.620125
3.6295
3.63035
3.646575
3.66415
3.665175
3.6697
3.706925
3.70985
3.712225
3.71705
3.7186
3.7221
3.7222
3.739025
3.739425
3.740925
3.74575
3.759075
3.759925
3.7854
3.787475
3.79
3.7953
3.8133
3.813675
3.816575
3.829625
3.843175
3.85035
3.857525
3.8776
3.885725
3.8902
3.905575
3.913475
3.997
4.009325
4.0159
4.0176
4.022425
4.02365
4.028
4.0309
4.031875
4.032225
4.051
4.0659
4.0783
4.084375
4.094875
4.12825
4.139225
4.1405
4.144975
4.160425
4.1706
4.178675
4.242475
4.2941
4.296775
4.303225
4.317825
4.321925
4.32915
4.33
4.330625
4.33335
4.338825
4.34035
4.3408
4.35205
4.353225
4.373375
4.389525
4.40075
4.406025
4.416825
4.417175
4.4375
4.446375
4.45495
4.4704
4.484025
4.489175
4.491725
4.502
4.51105
4.51495
4.535475
4.564975
4.574075
4.605775
4.608625
4.61915
4.629125
4.639675
4.64415
4.6532
4.6646
4.67135
4.682
4.68645
4.691925
4.693025
4.700625
4.769375
4.770475
4.803225
4.80795
4.81315
4.860775
4.861125
4.9084
4.921075
4.9431
4.94615
4.946475
4.94785
4.95155
4.9619
4.981325
5.0089
5.0341
5.0351
5.0669
5.127925
5.140375
5.200825
5.200875
5.2054
5.206125
5.2076
5.210375
5.21405
5.22205
5.226775
5.232225
5.242825
5.2464
5.247675
5.265275
5.2655
5.27545
5.282775
5.2852
5.300475
5.30825
5.3142
5.322075
5.339425
5.3503
5.35055
5.353275
5.354125
5.361875
5.370425
5.38575
5.38725
5.413225
5.440075
5.46315
5.489125
5.5012
5.508875
5.50925
5.518375
5.53935
5.54565
5.546775
5.556975
5.561175
5.566425
5.583425
5.584325
5.586725
5.5933
5.599725
5.601825
5.605625
5.61675
5.6267
5.628275
5.6309
5.63655
5.640375
5.718175
5.727225
5.74945
5.7762
5.78715
5.800375
5.80675
5.8085
5.8107
5.816675
5.8196
5.819825
5.8269
5.832175
5.83345
5.834975
5.8374
5.840425
5.846125
5.849925
5.8666
5.87365
5.8737
5.876675
5.877725
5.88835
5.88905
5.8996
5.9207
5.929725
5.9334
5.937925
5.942325
5.9433
5.9573
5.967575
5.9775
5.993225
6.0
6.004875
6.029525
6.030425
6.037075
6.085925
6.1046
6.1057
6.107825
6.10865
6.109175
6.11325
6.116075
6.120375
6.124725
6.1325
6.134225
6.136775
6.143375
6.1471
6.164525
6.189725
6.191425
6.193425
6.198525
6.20245
6.20915
6.20945
6.213775
6.225175
6.23
6.232625
6.26615
6.30945
6.318425
6.331875
6.33775
6.370075
6.3768
6.40115
6.401725
6.4187
6.453175
6.4583
6.460375
6.46695
6.472875
6.473475
6.4758
6.4783
6.487025
6.4927
6.523275
6.549175
6.61275
6.62245
6.62975
6.696125
6.6995
6.706575
6.7083
6.712025
6.712725
6.72375
6.7241
6.756125
6.776425
6.782775
6.78605
6.802475
6.82335
6.844875
6.84555
6.881675
6.88925
6.8915
6.91865
6.922325
6.923225
6.93375
6.94095
6.947475
7.006325
7.022175
7.024275
7.02545
7.026675
7.032225
7.035875
7.036775
7.059225
7.060175
7.062775
7.08155
7.1603
7.191
7.203325
7.20415
7.298625
7.30855
7.308575
7.31385
7.3232
7.323475
7.324025
7.3295
7.33875
7.3433
7.345125
7.364475
7.376275
7.384
7.386475
7.403875
7.41075
7.4231
7.43755
7.4402
7.4459
7.446675
7.4552
7.475475
7.484225
7.4889
7.4963
7.498825
7.499325
7.5398
7.55695
7.5763
7.601325
7.60255
7.605575
7.609225
7.612975
7.613025
7.628275
7.635775
7.6366
7.639075
7.6443
7.65225
7.654025
7.65905
7.661675
7.714275
7.7256
7.725725
7.747275
7.7661
7.77375
7.788125
7.813975
7.8293
7.83905
7.8536
7.884275
7.89765
7.902625
7.9107
7.911475
7.92085
7.92255
7.92335
7.926975
7.93545
7.94825
7.9483
7.949725
7.955675
7.9592
7.9677
7.996175
8.011075
8.015775
8.016
8.069725
8.095
8.1037
8.153225
8.16155
8.171575
8.181025
8.20555
8.2063
8.212425
8.21415
8.222
8.2261
8.226825
8.232075
8.2363
8.237775
8.2421
8.262875
8.28975
8.299875
8.31195
8.31485
8.326825
8.337675
8.338725
8.3742
8.39085
8.39735
8.41185
8.414075
8.4294
8.49055
8.5032
8.506775
8.514225
8.516175
8.51915
8.5294
8.53485
8.565425
8.5787
8.58685
8.598025
8.60765
8.611225
8.638475
8.67575
8.723275
8.815025
8.8186
8.82505
8.8282
8.864625
8.872375
8.884375
8.888475
8.89135
8.906025
8.90995
8.928475
8.97415
8.97965
9.007475
9.015575
9.0254
9.0263
9.027275
9.05055
9.05225
9.052275
797
