0.10015
0.1027
0.104275
0.11135
0.112
0.114725
0.11615
0.120675
0.1268
0.130225
0.1397
0.150025
0.189975
0.19035
0.19225
0.208925
0.212875
0.2201
0.223125
0.22665
0.251025
0.26315
0.268675
0.3274
0.33235
0.3609
0.3855
0.403
0.403125
0.4054
0.405825
0.40985
0.414625
0.431025
0.433425
0.43445
0.44085
0.4486
0.4772
0.486175
0.501
0.5135
0.5479
0.55465
0.562925
0.563
0.580625
0.5848
0.6143
0.644225
0.6487
0.69005
0.702675
0.703125
0.705075
0.7151
0.722525
0.723525
0.724175
0.72715
0.72795
0.74765
0.74805
0.7504
0.7782
0.819675
0.832525
0.8334
0.833975
0.8401
0.850825
0.879675
0.880175
0.886725
0.888525
0.89265
0.898375
0.90005
0.914175
0.94865
0.97915
0.982925
1.00075
1.007425
1.008575
1.0103
1.038675
1.05895
1.0625
1.065475
1.073875
1.08035
1.0806
1.09505
1.1011
1.119225
1.1223
1.122575
1.122625
1.140725
1.153
1.1708
1.187925
1.200425
1.2072
1.259175
1.271375
1.306325
1.30735
1.308175
1.324875
1.325775
1.328675
1.328825
1.34565
1.35265
1.3685
1.381
1.38565
1.4073
1.450725
1.458425
1.4648
1.476025
1.55595
1.57085
1.603175
1.6038
1.605975
1.61925
1.622
1.627
1.627525
1.640775
1.6602
1.66435
1.684375
1.68915
1.6915
1.70165
1.702425
1.719225
1.72115
1.72755
1.73845
1.751725
1.752225
1.7541
1.7939
1.795275
1.813375
1.81805
1.82065
1.828875
1.854825
1.888
1.896375
1.898075
1.9073
1.909475
1.910075
1.9129
1.919975
1.920575
1.924475
1.9245
1.9569
1.959475
1.960075
1.96155
1.962925
1.975025
1.9882
1.9914
2.00845
2.010125
2.0109
2.011
2.016325
2.039925
2.050875
2.0642
2.080525
2.10585
2.14175
2.181175
2.205325
2.2062
2.21785
2.2292
2.229875
2.23925
2.25255
2.26785
2.2731
2.2782
2.281825
2.283375
2.2991
2.307
2.313675
2.32175
2.345825
2.368075
2.376725
2.390575
2.404575
2.416675
2.43825
2.46695
2.467125
2.491625
2.495
2.4964
2.51065
2.5111
2.51425
2.52445
2.528
2.536225
2.56145
2.56555
2.57255
2.578725
2.594025
2.59745
2.6146
2.63015
2.652225
2.654925
2.6672
2.678925
2.683925
2.68845
2.72425
2.72465
2.72545
2.756275
2.799575
2.80025
2.806225
2.8111
2.81735
2.818125
2.83145
2.85965
2.864125
2.86525
2.8669
2.87965
2.8911
2.906925
2.912225
2.917475
2.921875
2.931475
2.95695
2.962925
2.989375
2.991125
2.995975
3.01945
3.0249
3.03005
3.059725
3.067375
3.074825
3.07605
3.1046
3.106175
3.116625
3.135
3.136225
3.1441
3.161575
3.1682
3.176325
3.204625
3.20685
3.24025
3.258175
3.287175
3.3022
3.3037
3.338875
3.348575
3.3529
3.377475
3.394525
3.41155
3.420975
3.424175
3.427075
3.46815
3.470475
3.474025
3.47725
3.50365
3.57985
3.647325
3.664475
3.70535
3.70665
3.7089
3.726575
3.7271
3.732625
3.736325
3.74425
3.7454
3.7496
3.751575
3.754
3.761875
3.76635
3.775575
3.7761
3.77725
3.79515
3.7976
3.8029
3.81955
3.8202
3.82345
3.82615
3.848675
3.885175
4.002775
4.002875
4.0085
4.017025
4.04065
4.045675
4.0557
4.0608
4.0618
4.076
4.08915
4.11195
4.1136
4.1322
4.144475
4.1664
4.1796
4.1858
4.187225
4.22285
4.2255
4.2397
4.262425
4.301175
4.303175
4.3186
4.321375
4.334325
4.336675
4.355775
4.361175
4.370375
4.372925
4.384825
4.3896
4.411175
4.4149
4.428625
4.461375
4.47465
4.483125
4.51065
4.519
4.5408
4.5665
4.6206
4.622325
4.630425
4.630825
4.631875
4.640525
4.641475
4.642375
4.647975
4.657575
4.678175
4.6798
4.69125
4.692125
4.704625
4.71535
4.719775
4.7281
4.743275
4.768025
4.80215
4.8133
4.8286
4.831525
4.837825
4.852175
4.8782
4.912975
4.918325
4.91945
4.925025
4.946025
4.9474
4.956775
4.96795
4.9708
4.97985
4.986075
4.99655
5.029975
5.0306
5.034975
5.043475
5.046425
5.046775
5.06215
5.090175
5.2016
5.2036
5.2038
5.204425
5.21705
5.21815
5.220675
5.229275
5.235675
5.236675
5.238975
5.2574
5.260775
5.26105
5.271525
5.280575
5.284725
5.289875
5.294275
5.314775
5.324375
5.3273
5.376225
5.377275
5.4244
5.46645
5.5022
5.5181
5.53265
5.5498
5.55145
5.565175
5.56825
5.582175
5.586375
5.588825
5.58925
5.5898
5.608
5.652025
5.7009
5.709825
5.76135
5.800375
5.802775
5.806925
5.83005
5.8321
5.832825
5.8386
5.8607
5.876725
5.88245
5.89075
5.892575
5.905575
5.90965
5.914225
5.9201
5.9203
5.92155
5.955
5.983175
5.99045
5.99185
6.014625
6.11055
6.1241
6.125675
6.13335
6.133625
6.138675
6.161375
6.1885
6.1946
6.196875
6.2089
6.228875
6.238125
6.261825
6.26655
6.27875
6.285625
6.315875
6.361125
6.37605
6.381675
6.394925
6.431725
6.4476
6.455125
6.460725
6.461175
6.464975
6.4668
6.469725
6.4766
6.4824
6.48785
6.4896
6.493275
6.50015
6.5077
6.511225
6.515825
6.518425
6.5205
6.53525
6.5556
6.558875
6.56975
6.57495
6.58485
6.58555
6.598125
6.59985
6.6044
6.626475
6.628125
6.62835
6.657625
6.7044
6.706625
6.708175
6.7112
6.72415
6.74135
6.75215
6.773575
6.812975
6.8229
6.82585
6.830275
6.83175
6.8422
6.86095
6.885225
6.88855
6.8911
6.892975
6.894775
6.901875
7.003475
7.009125
7.023125
7.0241
7.02625
7.0286
7.029675
7.032125
7.0339
7.041275
7.0418
7.059175
7.06715
7.07215
7.074825
7.0812
7.089825
7.092975
7.112675
7.1138
7.1367
7.138375
7.148125
7.173275
7.1763
7.180125
7.192725
7.195875
7.19855
7.204075
7.23
7.231125
7.243575
7.2865
7.302475
7.30425
7.307525
7.31065
7.328475
7.33245
7.3371
7.3459
7.35125
7.359
7.378
7.384825
7.3875
7.3961
7.402025
7.4138
7.420825
7.421425
7.43115
7.440325
7.446875
7.46635
7.468725
7.470125
7.471725
7.477975
7.48055
7.4814
7.48365
7.496075
7.583775
7.58995
7.5929
7.6073
7.622525
7.62565
7.6312
7.638525
7.641725
7.6423
7.64455
7.6536
7.660575
7.661025
7.6644
7.679125
7.6797
7.704175
7.705425
7.70545
7.70585
7.71315
7.7181
7.75235
7.755475
7.755775
7.758925
7.826225
7.83795
7.8458
7.8833
7.884775
7.904225
7.90795
7.91185
7.916975
7.91965
7.920825
7.9336
7.934025
7.93505
7.9352
7.936775
7.938525
7.9389
7.9512
7.951725
7.953875
7.957325
7.976675
7.984675
7.988425
7.9909
8.00095
8.0061
8.01445
8.015475
8.0208
8.024475
8.0279
8.056725
8.082375
8.164075
8.1815
8.201875
8.20645
8.206975
8.2085
8.216925
8.23505
8.237375
8.24285
8.255625
8.262725
8.2765
8.2942
8.2959
8.30625
8.3159
8.3304
8.331625
8.3351
8.38965
8.399425
8.42255
8.464875
8.47075
8.49295
8.501775
8.505
8.55
8.55345
8.564175
8.572175
8.615075
8.621525
8.621875
8.622775
8.62525
8.629
8.64205
8.680775
8.696475
8.70705
8.724675
8.74605
8.815325
8.816675
8.8299
8.831075
8.8536
8.859775
8.86755
8.8712
8.87735
8.894775
8.8968
8.900325
8.91095
8.93555
8.942
8.949225
8.9574
8.957425
8.961225
9.015175
9.016575
9.036525
9.03995
9.046225
9.08965
756
