0.10375
0.10475
0.1069
0.109
0.1153
0.116775
0.122475
0.1365
0.143475
0.147175
0.152425
0.1822
0.1925
0.19335
0.19385
0.194825
0.195475
0.21915
0.22305
0.228325
0.241575
0.245925
0.24795
0.251475
0.281975
0.312325
0.32335
0.341825
0.409525
0.41475
0.435375
0.467775
0.47235
0.4796
0.480175
0.48275
0.484775
0.48855
0.4952
0.49995
0.501575
0.52835
0.570575
0.580075
0.61645
0.631425
0.63725
0.6946
0.697475
0.704875
0.7061
0.714925
0.71585
0.739975
0.7531
0.7578
0.7589
0.760125
0.76025
0.77285
0.776125
0.782275
0.7835
0.79185
0.79525
0.81225
0.816425
0.818525
0.83295
0.844975
0.881675
0.882075
0.88335
0.897025
0.919925
1.026675
1.04555
1.047225
1.0498
1.05395
1.059075
1.064825
1.065125
1.078375
1.0878
1.09315
1.118975
1.127675
1.154425
1.16945
1.182975
1.1844
1.2058
1.2372
1.2391
1.250175
1.308525
1.314925
1.31765
1.328825
1.33735
1.347125
1.350725
1.35795
1.374725
1.381175
1.397475
1.4205
1.425125
1.42835
1.454275
1.454475
1.4719
1.480825
1.5254
1.5484
1.555175
1.563825
1.564075
1.574825
1.60075
1.60285
1.6094
1.61645
1.639925
1.641525
1.643225
1.646775
1.650675
1.659725
1.6763
1.680025
1.682
1.689825
1.6904
1.71385
1.727825
1.736525
1.750725
1.76085
1.783075
1.791725
1.798125
1.821875
1.842175
1.84365
1.876775
1.878725
1.9085
1.91255
1.914175
1.9149
1.9182
1.920675
1.94295
1.9622
1.9694
1.971925
1.972925
1.97295
1.9753
1.98925
1.9964
2.008275
2.01595
2.0168
2.017275
2.032325
2.0353
2.0374
2.046325
2.058025
2.074625
2.08095
2.100425
2.147575
2.168325
2.210675
2.2135
2.22215
2.225875
2.22705
2.2289
2.231875
2.237475
2.2434
2.244775
2.247275
2.2572
2.25965
2.2635
2.2639
2.273325
2.278675
2.284525
2.2911
2.3048
2.315375
2.32075
2.3316
2.3454
2.352225
2.35745
2.383675
2.4098
2.413875
2.44115
2.472325
2.4729
2.49915
2.5011
2.5202
2.5213
2.527625
2.527825
2.5425
2.544525
2.55525
2.560725
2.561175
2.568275
2.586675
2.6059
2.61485
2.61865
2.6298
2.6396
2.641775
2.66665
2.685675
2.689625
2.7034
2.7249
2.751575
2.762375
2.8065
2.812575
2.81775
2.821475
2.823475
2.828025
2.831475
2.837175
2.8382
2.838925
2.84485
2.860525
2.86055
2.8774
2.8877
2.8894
2.916925
2.92605
2.93165
2.9694
2.974375
2.977075
2.988425
3.0011
3.011275
3.01205
3.023625
3.032925
3.05705
3.105875
3.1076
3.10865
3.1145
3.14925
3.233825
3.258425
3.26085
3.2814
3.290575
3.30025
3.3411
3.3588
3.380725
3.405225
3.40695
3.407725
3.410125
3.4207
3.435175
3.439225
3.454725
3.488225
3.51695
3.524325
3.56395
3.5803
3.588
3.604325
3.61535
3.630925
3.6887
3.70615
3.70775
3.712
3.7146
3.715725
3.718975
3.73355
3.735475
3.7497
3.763925
3.7682
3.7731
3.802
3.8276
3.83325
3.8356
3.8434
3.853425
3.854775
3.85595
3.861625
3.864875
3.886375
3.925625
4.02805
4.031275
4.0323
4.03675
4.050575
4.0508
4.051875
4.0567
4.0666
4.10165
4.1116
4.1526
4.1826
4.1968
4.197525
4.20495
4.2066
4.211
4.2128
4.214075
4.219425
4.2222
4.2236
4.22375
4.2249
4.2253
4.24195
4.28345
4.2925
4.30355
4.31095
4.315475
4.32775
4.341175
4.35135
4.35615
4.360075
4.363975
4.364625
4.36725
4.36825
4.368875
4.3708
4.381125
4.385225
4.3871
4.389625
4.4064
4.409125
4.411675
4.42045
4.456475
4.469625
4.48095
4.483575
4.4877
4.523
4.5249
4.5341
4.57625
4.5943
4.60245
4.6081
4.61025
4.620025
4.6232
4.637175
4.64145
4.65545
4.66025
4.6707
4.670825
4.684925
4.686275
4.71515
4.72815
4.73055
4.748675
4.751225
4.7735
4.776225
4.837225
4.87535
4.901075
4.9106
4.927525
4.92995
4.93315
4.93325
4.96165
4.970975
4.9798
4.980575
4.981225
5.007875
5.02465
5.116025
5.144525
5.1719
5.211125
5.214075
5.216225
5.2469
5.250725
5.253075
5.2608
5.262675
5.269925
5.280225
5.300775
5.333775
5.35085
5.354275
5.3578
5.3583
5.3775
5.389925
5.395925
5.4008
5.40985
5.41935
5.47495
5.479525
5.500525
5.500625
5.501725
5.512775
5.522025
5.52235
5.535675
5.5453
5.561625
5.56745
5.56915
5.586125
5.6073
5.60875
5.610825
5.660375
5.660575
5.678325
5.687925
5.69035
5.694275
5.69475
5.71705
5.719875
5.73275
5.73555
5.751075
5.7517
5.760375
5.760975
5.8288
5.829575
5.8373
5.842625
5.866525
5.8797
5.898175
5.905525
5.926175
5.948175
5.9551
5.96265
5.987925
6.0081
6.012675
6.041925
6.04795
6.051375
6.053225
6.057275
6.085175
6.104325
6.104775
6.1163
6.1186
6.1245
6.12625
6.134275
6.1381
6.146175
6.14665
6.14695
6.15815
6.180875
6.185075
6.190025
6.191225
6.1955
6.198125
6.204675
6.207875
6.2091
6.225825
6.229775
6.236125
6.254025
6.255
6.257975
6.2726
6.287775
6.3028
6.335575
6.404275
6.413
6.4184
6.427325
6.429025
6.430825
6.43205
6.438575
6.441375
6.44205
6.4421
6.451525
6.4628
6.468425
6.4702
6.47185
6.51225
6.521175
6.5372
6.587675
6.616175
6.6401
6.65485
6.66375
6.7103
6.7307
6.737025
6.73845
6.7385
6.753025
6.757275
6.7603
6.7652
6.77275
6.77625
6.776725
6.79645
6.8008
6.802175
6.813875
6.83505
6.8955
6.91455
6.92065
6.9318
6.945575
6.9477
6.95895
6.961325
7.017075
7.024825
7.028675
7.035625
7.0402
7.054525
7.05575
7.059025
7.059675
7.07235
7.080825
7.1006
7.10365
7.110725
7.11095
7.112025
7.13735
7.167225
7.17305
7.182975
7.214575
7.22305
7.2479
7.302325
7.30455
7.30805
7.32005
7.32295
7.326
7.3346
7.3447
7.350725
7.358025
7.37415
7.38135
7.3877
7.38995
7.39235
7.397775
7.40085
7.4232
7.43055
7.44115
7.5207
7.546575
7.56385
7.605975
7.62495
7.626825
7.6303
7.63385
7.63475
7.638625
7.6437
7.661325
7.68435
7.72285
7.733625
7.772025
7.788125
7.794675
7.796775
7.801425
7.806375
7.81345
7.818675
7.820075
7.8677
7.898725
7.90235
7.903575
7.906525
7.93335
7.934725
7.95265
7.955825
7.96845
7.983125
8.026625
8.0276
8.04015
8.0516
8.051875
8.056425
8.05925
8.068425
8.118775
8.120525
8.132775
8.147675
8.154475
8.15925
8.179975
8.181275
8.183375
8.200575
8.202125
8.217
8.227075
8.2387
8.247225
8.26125
8.265225
8.27825
8.3224
8.3429
8.343875
8.37545
8.3974
8.397575
8.400075
8.413275
8.4302
8.436975
8.482425
8.4984
8.509475
8.509625
8.510325
8.512775
8.5214
8.533675
8.5349
8.5382
8.555775
8.56535
8.579675
8.590125
8.605975
8.612775
8.618375
8.6395
8.643375
8.649625
8.668875
8.6921
8.698675
8.7023
8.705975
8.71085
8.711675
8.723175
8.7623
8.7636
8.80225
8.803625
8.815025
8.816425
8.819125
8.827575
8.82815
8.8312
8.83145
8.848275
8.848325
8.8707
8.87075
8.9004
8.91095
8.9197
8.92055
8.923075
8.93715
8.9483
8.95735
8.9658
8.991025
9.0278
9.031675
9.032675
9.076375
9.07865
746
