0.05125
0.11265
0.122575
0.12285
0.127725
0.14945
0.175525
0.182925
0.183825
0.19535
0.2074
0.2169
0.247275
0.253775
0.26005
0.29925
0.304725
0.3064
0.329625
0.3367
0.3964
0.403075
0.40715
0.4123
0.415275
0.418
0.422825
0.45105
0.457625
0.47795
0.484925
0.487275
0.490175
0.502975
0.508225
0.509575
0.51205
0.54435
0.581775
0.583575
0.701425
0.7059
0.7127
0.714625
0.720675
0.72245
0.723625
0.7286
0.73575
0.739975
0.748875
0.75735
0.76385
0.800925
0.803425
0.81255
0.828275
0.828825
0.837025
0.856625
0.858275
0.868825
0.8937
0.927775
0.960925
1.004475
1.00865
1.02605
1.030325
1.036125
1.055625
1.0765
1.0858
1.090075
1.10055
1.105875
1.138375
1.139575
1.1438
1.16515
1.16865
1.216875
1.2635
1.30625
1.339375
1.342525
1.366625
1.382925
1.3885
1.39175
1.393475
1.40975
1.4131
1.51805
1.540325
1.590425
1.60125
1.6067
1.61325
1.614975
1.621925
1.657925
1.672825
1.675525
1.6979
1.700075
1.7003
1.7073
1.722575
1.7334
1.74725
1.758975
1.764625
1.778375
1.79955
1.800325
1.8082
1.8143
1.8331
1.83915
1.8447
1.845625
1.865275
1.86935
1.904175
1.913125
1.9164
1.917825
1.92285
1.9311
1.931725
1.988125
1.991125
2.00555
2.0098
2.012025
2.04055
2.0452
2.173375
2.180525
2.186925
2.188325
2.193525
2.20885
2.2145
2.216025
2.21955
2.225975
2.226675
2.22715
2.227725
2.262925
2.2788
2.285075
2.2853
2.2854
2.29315
2.31065
2.3121
2.31465
2.324575
2.3309
2.336425
2.367525
2.4103
2.445
2.460575
2.465525
2.469225
2.509125
2.514825
2.517625
2.5202
2.524775
2.526925
2.542525
2.54295
2.54755
2.55855
2.563875
2.56455
2.569275
2.588
2.592425
2.602775
2.62375
2.623825
2.6436
2.64555
2.650975
2.667675
2.668575
2.685075
2.70155
2.717025
2.7306
2.762325
2.765725
2.79145
2.8002
2.8036
2.811675
2.81315
2.824275
2.8293
2.841925
2.84935
2.84945
2.852225
2.868675
2.87585
2.8784
2.88735
2.902775
2.912975
2.914675
2.926025
2.93555
2.941075
2.951325
2.95905
3.0091
3.015725
3.0188
3.033025
3.047125
3.072175
3.0826
3.0987
3.104325
3.107825
3.126525
3.148875
3.166025
3.168975
3.173125
3.179725
3.18255
3.18395
3.184175
3.19335
3.19555
3.202525
3.21935
3.2197
3.220125
3.227775
3.2393
3.2432
3.2889
3.290625
3.295875
3.321225
3.321775
3.32615
3.3503
3.374475
3.40035
3.400875
3.40805
3.410275
3.4198
3.421275
3.425975
3.429375
3.4297
3.433325
3.439675
3.44065
3.44635
3.459575
3.461525
3.46295
3.46825
3.49125
3.495425
3.50125
3.516475
3.536825
3.550625
3.561875
3.570475
3.5909
3.604175
3.620175
3.639125
3.6551
3.6796
3.680875
3.703925
3.715225
3.7179
3.727325
3.732975
3.7395
3.7538
3.7595
3.761875
3.765425
3.779325
3.7856
3.80465
3.82155
3.823875
3.8522
3.853675
3.892875
3.893375
3.912175
3.91715
3.9254
3.93855
3.949975
3.95865
4.004975
4.0143
4.0239
4.026325
4.0287
4.03015
4.03795
4.046725
4.05695
4.080825
4.0855
4.088525
4.114475
4.114875
4.12155
4.1276
4.207775
4.2417
4.257425
4.276325
4.287825
4.303375
4.321425
4.322175
4.323025
4.326175
4.3283
4.329475
4.3397
4.341175
4.343375
4.350475
4.364775
4.399475
4.402
4.40415
4.405
4.4062
4.408075
4.423325
4.442875
4.44565
4.4608
4.482875
4.50795
4.536925
4.558625
4.5638
4.572075
4.599175
4.601075
4.601275
4.603075
4.604425
4.605275
4.61825
4.61925
4.62055
4.6313
4.645075
4.6453
4.655675
4.66575
4.67425
4.6838
4.6893
4.699575
4.70495
4.7351
4.74765
4.760325
4.801325
4.815325
4.839175
4.8821
4.90515
4.906625
4.912175
4.920325
4.920925
4.921575
4.925925
4.927775
4.934225
4.95035
4.9512
4.952425
4.9527
4.9558
4.9767
4.981275
4.984425
4.9942
5.002875
5.02225
5.0677
5.101425
5.195175
5.20515
5.2108
5.2126
5.2129
5.2381
5.2425
5.2435
5.250775
5.273325
5.27345
5.2829
5.284575
5.2859
5.29025
5.29245
5.292975
5.306025
5.311975
5.3139
5.31435
5.3447
5.390225
5.39355
5.41375
5.451775
5.47305
5.48075
5.497225
5.50265
5.502875
5.514425
5.5258
5.526375
5.53095
5.534375
5.536
5.536075
5.538675
5.544275
5.552825
5.556525
5.562825
5.5725
5.573625
5.584575
5.58655
5.614375
5.617925
5.61905
5.628175
5.673675
5.67625
5.6946
5.7078
5.71345
5.73195
5.733175
5.73435
5.797
5.808675
5.8175
5.821425
5.822325
5.82395
5.824825
5.8273
5.83195
5.852225
5.85415
5.8568
5.857725
5.87275
5.8817
5.882375
5.891475
5.899225
5.901275
5.901975
5.9117
5.914625
5.920775
5.922025
5.922975
5.926475
5.936975
5.938775
5.951325
5.9515
5.962775
5.9744
5.9869
5.9877
5.99775
6.02795
6.044275
6.0456
6.11535
6.1288
6.133325
6.1409
6.141825
6.146
6.154425
6.1645
6.168575
6.170675
6.170825
6.182525
6.184425
6.216675
6.28245
6.29395
6.301775
6.3048
6.3112
6.3123
6.313575
6.328975
6.331575
6.33625
6.362675
6.370975
6.376025
6.379075
6.3992
6.415625
6.419125
6.43035
6.432675
6.43345
6.4394
6.4396
6.440275
6.440975
6.442425
6.44375
6.445575
6.454075
6.460525
6.467775
6.4756
6.476925
6.483325
6.4983
6.5697
6.585675
6.5883
6.6444
6.667
6.70055
6.70905
6.709575
6.7197
6.72035
6.721875
6.729125
6.732175
6.76975
6.781725
6.81475
6.82275
6.8443
6.868875
6.875025
6.890225
6.89265
6.907525
6.91465
6.931725
6.949725
6.95785
6.985025
6.987575
7.001525
7.0073
7.033875
7.0375
7.047
7.05155
7.052475
7.058275
7.08735
7.117275
7.119825
7.123775
7.128
7.13155
7.134025
7.15075
7.15485
7.21015
7.216375
7.288925
7.296575
7.302625
7.3116
7.31305
7.3244
7.331775
7.3355
7.349825
7.35255
7.3537
7.360575
7.3617
7.364275
7.37765
7.3783
7.38465
7.401675
7.402175
7.404075
7.40535
7.41655
7.419725
7.464075
7.465775
7.50425
7.5053
7.541025
7.55655
7.566675
7.60165
7.607975
7.618925
7.6239
7.624975
7.628675
7.63895
7.6688
7.668975
7.673975
7.6931
7.7063
7.713075
7.73325
7.734575
7.73665
7.742625
7.75285
7.7872
7.790225
7.79335
7.817125
7.833
7.835675
7.84445
7.8508
7.857675
7.9022
7.905125
7.9128
7.92175
7.9218
7.92735
7.9303
7.939225
7.946975
7.9777
7.9928
7.9992
8.009675
8.013
8.018525
8.021775
8.027325
8.0682
8.0697
8.072025
8.07525
8.0886
8.10825
8.1213
8.12275
8.209575
8.211775
8.2168
8.22935
8.2332
8.234625
8.24365
8.2522
8.268875
8.2843
8.32655
8.329975
8.331325
8.3459
8.36025
8.3629
8.37965
8.380825
8.397825
8.402325
8.415975
8.428525
8.4311
8.432825
8.4385
8.4402
8.446925
8.498925
8.5003
8.501875
8.513225
8.5159
8.5271
8.55265
8.56795
8.572725
8.601875
8.619875
8.620575
8.62155
8.639625
8.644875
8.647975
8.6509
8.6587
8.658775
8.690525
8.693675
8.75545
8.76505
8.773725
8.8079
8.823325
8.82535
8.825825
8.84965
8.855225
8.856825
8.862475
8.864
8.865425
8.86645
8.876175
8.9078
8.914925
8.9203
8.926475
8.930825
8.947925
8.949175
8.9646
8.9687
8.9697
8.97945
9.04365
9.047375
9.0696
9.089725
764
