0.1028
0.10405
0.108625
0.134325
0.140175
0.15735
0.1666
0.2124
0.21355
0.228225
0.23325
0.233875
0.28335
0.28635
0.313825
0.31515
0.337775
0.35615
0.3592
0.39155
0.4063
0.4121
0.42125
0.4237
0.42995
0.432425
0.44765
0.44845
0.454175
0.457525
0.466525
0.4672
0.467675
0.473075
0.477875
0.49655
0.49805
0.50525
0.50695
0.5168
0.51925
0.55055
0.5619
0.565675
0.571725
0.601275
0.6173
0.653875
0.672325
0.706225
0.712525
0.72215
0.73475
0.747675
0.7569
0.779125
0.80265
0.80835
0.814875
0.8261
0.829075
0.878025
0.88235
0.8905
0.8928
0.9464
1.006975
1.0116
1.0129
1.019825
1.0256
1.04055
1.044225
1.0533
1.05335
1.0575
1.0676
1.06785
1.0819
1.084975
1.08975
1.093925
1.1023
1.12205
1.1238
1.138825
1.1397
1.15155
1.188825
1.18985
1.217525
1.2889
1.298875
1.31385
1.3185
1.324475
1.336675
1.341225
1.342575
1.342825
1.34565
1.35535
1.3663
1.3857
1.393175
1.3941
1.395
1.395225
1.414475
1.422
1.422225
1.441575
1.449375
1.451675
1.4842
1.49195
1.5249
1.5347
1.613
1.61435
1.620875
1.62475
1.626875
1.62875
1.6346
1.650625
1.6513
1.65545
1.6693
1.694425
1.69745
1.704375
1.71265
1.7317
1.731775
1.73915
1.75195
1.753625
1.763625
1.786575
1.79525
1.80295
1.82845
1.8372
1.847725
1.8498
1.881
1.894075
1.9004
1.907175
1.90775
1.912125
1.916525
1.917975
1.9226
1.928
1.93465
1.934875
1.934975
1.9419
1.95225
1.954525
1.9566
1.96225
1.9825
1.983675
1.985
1.987225
1.9911
2.00005
2.0134
2.016825
2.03185
2.056075
2.074575
2.085375
2.13805
2.158375
2.1707
2.19055
2.2091
2.21585
2.2258
2.2366
2.23715
2.2376
2.243925
2.2507
2.260675
2.314175
2.32075
2.321475
2.3259
2.365675
2.36885
2.3701
2.376475
2.43055
2.435175
2.448725
2.47225
2.4771
2.4894
2.491325
2.50535
2.511325
2.512925
2.51365
2.547775
2.5487
2.556625
2.565075
2.572225
2.5748
2.5808
2.5812
2.600875
2.6046
2.60495
2.614475
2.619175
2.62265
2.637775
2.67335
2.706675
2.758775
2.790475
2.801
2.8021
2.80445
2.80455
2.820475
2.821025
2.83655
2.844075
2.8517
2.85665
2.86175
2.88525
2.900575
2.901075
2.9296
2.933025
2.9409
2.96255
2.970875
2.978725
2.99225
2.997125
3.00675
3.015
3.0425
3.0447
3.0615
3.102875
3.1029
3.1044
3.111925
3.115625
3.12705
3.131975
3.1408
3.143975
3.14595
3.158375
3.171225
3.181625
3.18175
3.19315
3.2041
3.228175
3.231
3.255425
3.260425
3.26815
3.2806
3.2823
3.310525
3.3177
3.33105
3.351925
3.37445
3.4034
3.403525
3.404175
3.405325
3.412225
3.417025
3.4249
3.436125
3.437375
3.4379
3.45155
3.461075
3.46125
3.467175
3.468475
3.4709
3.489425
3.49135
3.495825
3.50695
3.5074
3.5094
3.51695
3.517025
3.52465
3.553275
3.586125
3.600925
3.608075
3.6177
3.6193
3.681725
3.704175
3.70595
3.710425
3.713625
3.715125
3.715775
3.7262
3.728575
3.730575
3.735575
3.749725
3.75035
3.755575
3.758
3.7617
3.762825
3.762975
3.766525
3.785175
3.7858
3.7876
3.790475
3.79625
3.816425
3.82145
3.824825
3.83065
3.83595
3.8381
3.84025
3.847275
3.8679
3.8914
3.899025
3.915625
3.9254
3.927075
3.950425
3.95125
3.9817
3.99115
4.000575
4.00165
4.0068
4.014275
4.041375
4.047625
4.052575
4.05815
4.05925
4.072925
4.0766
4.077325
4.0829
4.088325
4.088675
4.0914
4.09365
4.094925
4.09795
4.098325
4.14145
4.1498
4.27535
4.294175
4.300175
4.301125
4.3088
4.31725
4.3213
4.322875
4.3257
4.326425
4.331675
4.343475
4.356925
4.361425
4.366325
4.384425
4.390775
4.39275
4.393075
4.40915
4.412075
4.42275
4.4231
4.441225
4.46315
4.46545
4.481
4.486575
4.48965
4.492925
4.5207
4.535875
4.558475
4.56745
4.59995
4.605675
4.612275
4.613625
4.615125
4.622075
4.63255
4.638475
4.6389
4.649775
4.659875
4.6643
4.668625
4.67825
4.68005
4.68155
4.69925
4.707725
4.72595
4.729125
4.7311
4.756325
4.758275
4.764925
4.77425
4.8023
4.817625
4.82875
4.845375
4.848025
4.851775
4.86255
4.8683
4.9109
4.93235
4.953825
4.9578
4.9587
4.975825
4.979075
4.989125
4.99675
5.00315
5.02405
5.028775
5.043325
5.04495
5.0546
5.103425
5.10415
5.111025
5.113475
5.126375
5.1318
5.1651
5.184675
5.203825
5.212175
5.224225
5.22855
5.229025
5.235525
5.2365
5.250425
5.2528
5.25665
5.2698
5.27365
5.3065
5.30795
5.3559
5.399125
5.40585
5.41085
5.450075
5.4891
5.49215
5.49915
5.50275
5.503925
5.507075
5.5103
5.521625
5.5222
5.523675
5.5257
5.53295
5.5374
5.5456
5.5457
5.553225
5.5566
5.5677
5.569925
5.58725
5.59105
5.5943
5.598025
5.6039
5.617975
5.62105
5.62135
5.6416
5.64845
5.651725
5.695025
5.703675
5.7272
5.7643
5.767225
5.797825
5.799675
5.80035
5.808225
5.810125
5.813575
5.8261
5.827525
5.8321
5.832975
5.842075
5.847
5.8494
5.85805
5.88445
5.890075
5.891375
5.89795
5.9006
5.91665
5.931875
5.935125
5.954125
5.9625
5.970775
5.9748
5.97615
5.982825
6.01405
6.038125
6.039275
6.10635
6.1071
6.108975
6.121225
6.12845
6.142825
6.15565
6.172375
6.178375
6.18065
6.187975
6.22315
6.225575
6.23555
6.243075
6.26265
6.270625
6.276675
6.287375
6.300175
6.32395
6.352175
6.3635
6.37635
6.400225
6.40105
6.4096
6.41585
6.4171
6.4174
6.417775
6.424675
6.425375
6.457025
6.476025
6.48215
6.49125
6.5122
6.526325
6.531275
6.53695
6.55365
6.56515
6.5687
6.5878
6.644125
6.6475
6.657075
6.706625
6.710675
6.724575
6.736925
6.74595
6.753575
6.764725
6.76805
6.781475
6.781825
6.788325
6.790275
6.806075
6.81075
6.822075
6.831025
6.8333
6.848225
6.874175
6.884075
6.95585
6.978825
7.007725
7.012975
7.0169
7.0246
7.02805
7.035125
7.0439
7.0445
7.06135
7.07435
7.0874
7.08885
7.111675
7.114625
7.117275
7.12255
7.130925
7.134
7.136725
7.140725
7.168075
7.177175
7.19975
7.2007
7.219275
7.286025
7.290275
7.309275
7.31675
7.326875
7.3337
7.33475
7.344125
7.34445
7.35385
7.38025
7.389325
7.39285
7.4022
7.41625
7.443375
7.44405
7.44995
7.4532
7.45325
7.477525
7.48555
7.491275
7.546975
7.55545
7.560075
7.560975
7.574925
7.5851
7.60205
7.606475
7.6112
7.624075
7.625825
7.627925
7.629475
7.642175
7.64455
7.65725
7.6597
7.662325
7.6814
7.686025
7.686825
7.690725
7.708225
7.715675
7.72275
7.72995
7.73335
7.750325
7.7541
7.7582
7.765875
7.813075
7.849425
7.860425
7.867125
7.8986
7.903375
7.912575
7.920725
7.923325
7.930475
7.9379
7.942325
7.949075
7.950475
7.956775
7.96485
7.9946
8.011
8.026225
8.036
8.04605
8.04945
8.050225
8.05425
8.058725
8.0642
8.105975
8.1244
8.13035
8.1859
8.20175
8.209725
8.2144
8.2259
8.2269
8.227425
8.2377
8.2429
8.254125
8.272575
8.27815
8.31115
8.318
8.345025
8.35395
8.360075
8.375775
8.387225
8.399275
8.407025
8.417325
8.422625
8.42355
8.48915
8.501025
8.5069
8.5075
8.5289
8.530975
8.53105
8.53735
8.541
8.549025
8.563075
8.565125
8.5703
8.5769
8.577825
8.5783
8.58385
8.5846
8.589325
8.598425
8.600775
8.614975
8.616375
8.62415
8.6426
8.65025
8.706575
8.809075
8.8138
8.81525
8.829625
8.836
8.84435
8.84615
8.8531
8.856125
8.858025
8.886075
8.8872
8.890575
8.904375
8.9073
8.9282
8.92985
8.9481
8.959175
8.9642
8.976825
8.99405
9.02155
9.02945
9.046575
9.05435
9.0932
808
