0.11215
0.112725
0.11475
0.12335
0.124075
0.12595
0.128875
0.13145
0.132225
0.1338
0.1347
0.13985
0.14515
0.1457
0.14675
0.15065
0.1574
0.179225
0.19565
0.213025
0.2297
0.23265
0.234725
0.255
0.256825
0.26325
0.26425
0.2777
0.288725
0.29005
0.318225
0.3636
0.39205
0.41305
0.42575
0.42755
0.429575
0.44295
0.45555
0.465875
0.47575
0.478925
0.48165
0.493625
0.501075
0.5135
0.51395
0.515875
0.51655
0.5216
0.532375
0.5389
0.567525
0.5723
0.6131
0.641475
0.643025
0.654575
0.68925
0.69975
0.709625
0.71785
0.72335
0.72615
0.7269
0.7287
0.733525
0.753675
0.7765
0.789225
0.789925
0.79725
0.80895
0.831375
0.832625
0.868175
0.8785
0.890575
0.92905
0.95185
0.969775
0.98015
0.9822
1.009325
1.0101
1.011175
1.0113
1.020375
1.058475
1.059175
1.0601
1.06385
1.06645
1.067675
1.0697
1.101375
1.11415
1.14455
1.144975
1.145825
1.149425
1.175825
1.191975
1.192675
1.203425
1.214425
1.217
1.2368
1.264675
1.2774
1.28695
1.2911
1.313075
1.31945
1.3199
1.325075
1.334
1.3489
1.35375
1.3632
1.37385
1.38235
1.383475
1.395375
1.398625
1.4029
1.4156
1.453625
1.4641
1.514425
1.51545
1.574375
1.605525
1.608325
1.608825
1.622925
1.624475
1.627925
1.634275
1.63655
1.63935
1.64295
1.649475
1.6529
1.654125
1.65705
1.65945
1.66265
1.667075
1.66905
1.67265
1.673875
1.70925
1.712075
1.72155
1.728175
1.74615
1.76245
1.768525
1.807725
1.849825
1.862925
1.871125
1.906325
1.9069
1.9104
1.937525
1.939575
1.945575
1.9496
1.951775
1.955325
1.968025
1.979675
2.004475
2.0177
2.021725
2.02335
2.0562
2.05765
2.06925
2.075225
2.11375
2.114325
2.141175
2.14625
2.165075
2.20495
2.2059
2.214875
2.21665
2.219825
2.2215
2.22295
2.226725
2.2281
2.235125
2.241075
2.24295
2.244475
2.245825
2.2582
2.278275
2.281425
2.285525
2.287575
2.29035
2.292
2.296575
2.311675
2.314075
2.3152
2.31865
2.33635
2.34365
2.36105
2.377225
2.415
2.418325
2.485825
2.5027
2.5053
2.5056
2.522525
2.5259
2.5321
2.537425
2.537675
2.540575
2.543925
2.551175
2.557875
2.5765
2.587075
2.598825
2.6094
2.6189
2.6578
2.6608
2.67095
2.688875
2.692025
2.701625
2.740475
2.7444
2.8011
2.8042
2.80475
2.81025
2.810625
2.8217
2.8264
2.826625
2.842325
2.84245
2.843125
2.8441
2.853625
2.87315
2.8763
2.8893
2.889875
2.909075
2.91395
2.9344
2.937
2.94665
2.97115
3.013975
3.033525
3.046525
3.0557
3.056975
3.07485
3.08805
3.088575
3.108275
3.115875
3.1249
3.13915
3.140475
3.1488
3.16055
3.162675
3.169825
3.17475
3.1799
3.1812
3.192775
3.19295
3.1954
3.200175
3.218125
3.229225
3.248625
3.28585
3.297225
3.30305
3.328125
3.357175
3.365825
3.379625
3.3972
3.40165
3.40515
3.40945
3.409875
3.424325
3.430125
3.434325
3.435825
3.4387
3.4443
3.459525
3.459725
3.4599
3.471375
3.480225
3.498975
3.502225
3.50695
3.521375
3.522525
3.52635
3.530225
3.533275
3.5597
3.5633
3.564675
3.56635
3.581975
3.588475
3.59375
3.614925
3.6316
3.66525
3.6971
3.7085
3.7089
3.709375
3.7168
3.72175
3.72575
3.7284
3.729275
3.73015
3.74025
3.740825
3.7465
3.749
3.75155
3.75565
3.755925
3.75715
3.77505
3.776025
3.78155
3.80765
3.812025
3.8155
3.817075
3.8223
3.832575
3.835825
3.852025
3.86565
3.8733
3.880025
3.884375
3.905075
3.912425
3.937225
3.955025
3.960075
3.96245
3.9644
3.97425
3.985325
3.995975
4.0153
4.015525
4.01785
4.01795
4.01825
4.020625
4.024975
4.02565
4.02645
4.02695
4.0353
4.047925
4.065775
4.082175
4.090775
4.0985
4.109075
4.127425
4.132625
4.133275
4.134325
4.16095
4.165925
4.1741
4.1867
4.192375
4.19575
4.2632
4.3121
4.32765
4.329925
4.330575
4.3321
4.333525
4.340625
4.342875
4.34655
4.358625
4.3778
4.38465
4.3854
4.399675
4.412725
4.431375
4.4359
4.4379
4.4394
4.441225
4.4437
4.464675
4.4647
4.47345
4.4916
4.508925
4.557
4.585575
4.60855
4.624825
4.628575
4.63965
4.646075
4.647125
4.65655
4.695125
4.70685
4.71375
4.72155
4.721725
4.7428
4.76365
4.763975
4.776175
4.789875
4.816125
4.81795
4.834375
4.835225
4.858575
4.859525
4.868675
4.90445
4.905225
4.90705
4.914975
4.925625
4.9292
4.932275
4.937725
4.9526
4.95365
4.95575
4.968525
4.969825
4.9843
4.9946
5.00755
5.02835
5.031025
5.050875
5.072825
5.08255
5.0943
5.100425
5.10665
5.1754
5.176925
5.18665
5.1907
5.2136
5.228575
5.2434
5.25225
5.259325
5.261075
5.261475
5.261925
5.2691
5.27795
5.2937
5.299725
5.3012
5.301375
5.30225
5.304325
5.338975
5.344275
5.349925
5.3527
5.35635
5.366725
5.384275
5.417375
5.425775
5.446725
5.472
5.48925
5.504025
5.5058
5.515875
5.52325
5.536575
5.560975
5.564725
5.5666
5.5751
5.6011
5.604775
5.608275
5.615025
5.6278
5.642
5.658425
5.6705
5.680425
5.717875
5.724075
5.7251
5.75265
5.757275
5.760475
5.808725
5.8105
5.814275
5.815375
5.834025
5.85745
5.8732
5.88055
5.8858
5.916125
5.9287
5.94885
5.953075
5.9606
5.96785
5.97095
5.97755
5.983775
5.986675
6.00905
6.021225
6.025475
6.03625
6.03945
6.0583
6.0833
6.1034
6.110275
6.122725
6.130625
6.13485
6.151725
6.154525
6.161875
6.1806
6.190725
6.2026
6.21205
6.213225
6.2214
6.22715
6.238625
6.247025
6.2514
6.253525
6.2801
6.281875
6.290925
6.297225
6.298
6.312675
6.3152
6.33235
6.3393
6.365025
6.394375
6.40345
6.404925
6.411275
6.424475
6.428675
6.43
6.444975
6.44945
6.4512
6.451275
6.4602
6.473975
6.49975
6.505275
6.51445
6.52765
6.543925
6.548125
6.5625
6.566475
6.5723
6.6099
6.66685
6.68455
6.700025
6.705025
6.71525
6.7176
6.72025
6.721775
6.727475
6.729275
6.7334
6.7372
6.764175
6.76425
6.766925
6.79545
6.79985
6.80605
6.80965
6.80985
6.812125
6.818875
6.831325
6.839375
6.84375
6.85905
6.864025
6.88255
6.927775
6.929575
7.00045
7.001425
7.00255
7.01495
7.01975
7.030775
7.03085
7.031275
7.03225
7.04035
7.0652
7.06745
7.078075
7.0788
7.081875
7.0835
7.09145
7.108125
7.115275
7.136775
7.138175
7.1421
7.14875
7.15145
7.1727
7.17825
7.178675
7.178975
7.187525
7.1891
7.1982
7.211275
7.228325
7.246775
7.2577
7.272625
7.2736
7.291175
7.301325
7.30165
7.302425
7.30535
7.30935
7.311025
7.31715
7.317225
7.32225
7.33215
7.343125
7.355175
7.35905
7.36825
7.3805
7.3871
7.3964
7.40825
7.4104
7.43525
7.4406
7.441475
7.45695
7.490525
7.508375
7.533875
7.6018
7.602225
7.60675
7.607625
7.618775
7.6288
7.6369
7.6402
7.648975
7.65385
7.65585
7.655975
7.667025
7.6779
7.6833
7.684875
7.68535
7.69175
7.692275
7.6999
7.701175
7.711775
7.71885
7.720625
7.72485
7.76495
7.769675
7.7984
7.814125
7.816525
7.82765
7.84745
7.899975
7.9058
7.90755
7.918425
7.919525
7.9278
7.93065
7.93365
7.938575
7.941025
7.959825
7.96155
7.97185
8.005125
8.040025
8.047625
8.088375
8.1051
8.10865
8.1398
8.14245
8.151825
8.21085
8.2186
8.223975
8.23065
8.25385
8.255625
8.2938
8.299
8.3149
8.348775
8.37095
8.374425
8.3916
8.392475
8.397125
8.40605
8.40695
8.413375
8.450125
8.473275
8.497125
8.514925
8.52055
8.52115
8.521925
8.528075
8.53395
8.53955
8.55935
8.568
8.585675
8.590275
8.59195
8.59715
8.609425
8.6149
8.62335
8.633375
8.640075
8.6457
8.666625
8.6761
8.679
8.682875
8.741975
8.761475
8.76315
8.7708
8.780025
8.795075
8.8006
8.802675
8.8069
8.809
8.8122
8.819125
8.825575
8.826575
8.828175
8.829025
8.831925
8.8353
8.839225
8.853275
8.85915
8.866075
8.8686
8.882275
8.8835
8.884375
8.8844
8.88615
8.9046
8.9155
8.93285
8.94675
8.9521
8.9603
8.9669
8.975025
8.976
8.98855
9.014575
9.0385
9.03955
9.04045
9.0454
9.050175
9.06215
9.0909
855
