0.117525
0.14885
0.15105
0.15585
0.157775
0.1766
0.19105
0.196075
0.212025
0.2186
0.228425
0.32045
0.322925
0.340425
0.344975
0.34965
0.355925
0.401725
0.412
0.419825
0.42175
0.424525
0.4246
0.42975
0.43655
0.44245
0.4447
0.44715
0.448325
0.4637
0.464275
0.469675
0.4805
0.4868
0.489275
0.4986
0.501475
0.502475
0.5071
0.513025
0.5145
0.52015
0.522425
0.524225
0.555775
0.5676
0.577425
0.582175
0.582825
0.6215
0.704575
0.704625
0.71005
0.71495
0.71565
0.7168
0.721675
0.735525
0.742175
0.743275
0.7558
0.757475
0.780325
0.79465
0.79555
0.807725
0.820025
0.8331
0.8707
0.872425
0.8836
0.88795
0.888075
0.8904
0.8942
0.90625
0.948225
0.962025
0.9665
0.97205
0.982125
0.9945
1.00175
1.005125
1.006075
1.018
1.0195
1.026225
1.0282
1.036575
1.03735
1.046125
1.05205
1.05665
1.0594
1.0693
1.079025
1.080925
1.103075
1.11255
1.11325
1.114625
1.125425
1.165275
1.186125
1.192475
1.1928
1.193125
1.21115
1.221575
1.234725
1.239225
1.300425
1.33745
1.340925
1.35145
1.363075
1.3944
1.398225
1.4043
1.408875
1.410725
1.454725
1.458175
1.464325
1.47515
1.50105
1.5295
1.536125
1.543475
1.564325
1.570325
1.5744
1.57815
1.60505
1.609825
1.61565
1.618925
1.62335
1.63
1.63265
1.63725
1.64865
1.6552
1.65565
1.6589
1.6668
1.679425
1.691725
1.694175
1.6943
1.700525
1.7061
1.711575
1.7272
1.730825
1.7323
1.7623
1.763025
1.778025
1.796375
1.797925
1.8349
1.845575
1.87495
1.902075
1.9123
1.91355
1.919775
1.921325
1.927625
1.97135
1.975
1.981075
1.999725
2.005225
2.006625
2.007075
2.0115
2.016625
2.016825
2.03115
2.03305
2.0353
2.045125
2.046825
2.05505
2.080175
2.080275
2.086075
2.097525
2.144825
2.180625
2.200025
2.2077
2.211275
2.217225
2.2334
2.2412
2.241675
2.25145
2.26245
2.274475
2.275925
2.3154
2.317625
2.3186
2.338875
2.338975
2.34455
2.348125
2.3814
2.436825
2.4491
2.45185
2.5023
2.50945
2.5234
2.5309
2.535075
2.541775
2.54415
2.54765
2.547825
2.549075
2.558025
2.56865
2.569575
2.5716
2.59705
2.5983
2.6076
2.610025
2.6189
2.61935
2.685325
2.686775
2.6884
2.70195
2.708225
2.715075
2.728725
2.80045
2.800725
2.801875
2.803075
2.803725
2.80475
2.8094
2.8128
2.81625
2.822475
2.824075
2.825525
2.8604
2.863675
2.877325
2.87775
2.88845
2.89355
2.91285
2.925175
2.9789
2.987075
3.020575
3.04335
3.0675
3.091375
3.09555
3.10145
3.10415
3.106325
3.1071
3.108575
3.1112
3.111525
3.126275
3.130425
3.1309
3.132325
3.133375
3.140375
3.143225
3.14735
3.163175
3.17025
3.202975
3.2487
3.259
3.26595
3.279675
3.30515
3.38405
3.41215
3.414925
3.42325
3.4318
3.4357
3.43655
3.452725
3.453
3.453075
3.453175
3.45935
3.4816
3.487
3.488875
3.495625
3.498125
3.50145
3.531275
3.542525
3.5477
3.550425
3.59065
3.605075
3.628875
3.6503
3.65765
3.663575
3.7035
3.716675
3.718575
3.7229
3.7261
3.74025
3.7404
3.751
3.768075
3.77385
3.8078
3.816
3.839025
3.855325
3.85925
3.873075
3.884975
3.89435
3.925625
3.9356
3.95005
3.955825
4.002725
4.006575
4.007
4.00845
4.0089
4.03645
4.036875
4.040125
4.0528
4.10165
4.1215
4.1297
4.13855
4.1406
4.146725
4.1496
4.150325
4.1508
4.15315
4.1873
4.194
4.19415
4.1987
4.2287
4.259225
4.262275
4.2871
4.302225
4.30405
4.308375
4.327325
4.327725
4.330775
4.39125
4.434
4.443725
4.447025
4.46325
4.473125
4.49325
4.5402
4.58865
4.600025
4.600125
4.61045
4.626125
4.632
4.632375
4.6341
4.6406
4.647
4.67455
4.676825
4.677375
4.694775
4.711425
4.713025
4.728725
4.735875
4.742075
4.746225
4.751225
4.757025
4.7845
4.788425
4.791925
4.803175
4.833475
4.859175
4.881925
4.884575
4.8851
4.88685
4.889975
4.890825
4.90085
4.90125
4.915325
4.94785
4.95385
4.958475
4.960125
4.98235
5.004475
5.02515
5.04415
5.048475
5.051675
5.06255
5.06645
5.0699
5.0855
5.091275
5.1004
5.117375
5.1175
5.12685
5.2029
5.204375
5.20835
5.218475
5.226825
5.227675
5.234675
5.244625
5.246625
5.25585
5.25595
5.265225
5.267175
5.27315
5.2766
5.27935
5.297325
5.3043
5.30755
5.3113
5.3323
5.3357
5.3608
5.362875
5.3646
5.39495
5.406325
5.422175
5.51885
5.527525
5.537975
5.55075
5.551925
5.555575
5.556275
5.5564
5.559675
5.560725
5.56185
5.578825
5.591625
5.592825
5.59805
5.612325
5.620125
5.6243
5.62595
5.636075
5.643125
5.661575
5.664925
5.669325
5.684725
5.693525
5.704525
5.7204
5.7417
5.759625
5.78355
5.798875
5.80365
5.80585
5.8169
5.823575
5.826325
5.832125
5.8335
5.834525
5.839675
5.843575
5.846625
5.848
5.855475
5.8641
5.866725
5.8947
5.894875
5.90155
5.92175
5.9246
5.93615
5.948125
5.95895
5.974425
5.977825
5.997875
6.0065
6.01525
6.020975
6.0348
6.064975
6.10605
6.11465
6.1216
6.12695
6.127625
6.1293
6.133725
6.15115
6.1691
6.1867
6.188725
6.203175
6.2237
6.228025
6.242575
6.2772
6.296625
6.298375
6.303225
6.30745
6.333375
6.352725
6.3676
6.411825
6.4174
6.448575
6.4508
6.477
6.483275
6.494075
6.49935
6.52675
6.5409
6.57125
6.573375
6.590125
6.605075
6.646425
6.680625
6.7003
6.704275
6.7103
6.711725
6.711875
6.7161
6.717275
6.719325
6.7379
6.738125
6.741675
6.74465
6.76005
6.7633
6.76825
6.786025
6.78675
6.7877
6.796225
6.797575
6.797725
6.800525
6.824275
6.8292
6.83385
6.8418
6.8463
6.8672
6.872
6.878725
6.88635
6.889975
6.896425
6.898825
6.902925
6.93215
6.93795
6.942225
6.9783
6.98245
6.9926
7.007675
7.009925
7.012175
7.02175
7.028425
7.03595
7.072625
7.074225
7.077425
7.0849
7.085925
7.090125
7.120275
7.128875
7.135575
7.136525
7.16975
7.178425
7.1983
7.20505
7.231
7.27415
7.287375
7.3053
7.31195
7.312
7.313775
7.318825
7.3239
7.33215
7.3341
7.3476
7.3514
7.3537
7.35445
7.356725
7.363375
7.3724
7.390075
7.39345
7.4341
7.473975
7.48795
7.495025
7.500575
7.53165
7.587625
7.60945
7.615125
7.616175
7.621175
7.625875
7.648075
7.654625
7.65885
7.6641
7.664825
7.665075
7.675525
7.682275
7.684825
7.69705
7.718575
7.726125
7.731875
7.7346
7.77995
7.8222
7.8364
7.888225
7.9
7.924275
7.925375
7.931875
7.96325
7.96535
7.972575
7.985075
7.9859
8.018075
8.0184
8.038025
8.088675
8.0912
8.099575
8.1086
8.160825
8.1973
8.20385
8.211025
8.253
8.258225
8.2588
8.26385
8.2703
8.2709
8.2808
8.2915
8.30045
8.3094
8.320375
8.321675
8.33315
8.4028
8.415425
8.420775
8.423125
8.4394
8.450025
8.4669
8.493275
8.497225
8.499225
8.501525
8.50345
8.5096
8.51615
8.562175
8.576875
8.590825
8.6352
8.64315
8.662575
8.6751
8.700225
8.7027
8.7235
8.757125
8.76415
8.7734
8.77645
8.77745
8.77855
8.782775
8.80395
8.820925
8.84325
8.863425
8.8889
8.914325
8.9177
8.9238
8.9279
8.93355
8.9359
8.97935
8.989875
9.0354
9.046725
9.050225
9.06815
9.071125
762
