0.100875
0.111075
0.1206
0.122875
0.123425
0.127
0.18765
0.192625
0.2001
0.207225
0.207625
0.219
0.2223
0.224625
0.2311
0.2838
0.32305
0.32555
0.328525
0.339575
0.346325
0.3864
0.4035
0.4175
0.41755
0.418675
0.430125
0.43695
0.449525
0.455975
0.46185
0.467325
0.467375
0.4759
0.477725
0.48355
0.495275
0.5071
0.508625
0.5169
0.517375
0.52885
0.550125
0.5637
0.5781
0.6282
0.67445
0.701
0.704825
0.714175
0.727275
0.727425
0.7306
0.73115
0.73345
0.7429
0.7488
0.7494
0.77105
0.77475
0.77735
0.782
0.783575
0.7957
0.801925
0.8173
0.82665
0.8285
0.840325
0.849675
0.884475
0.88545
0.960225
0.980625
0.9904
0.992575
0.99945
1.012525
1.01565
1.033
1.0347
1.036025
1.03735
1.046
1.071175
1.08235
1.089325
1.126125
1.13225
1.1337
1.145725
1.148675
1.150475
1.15255
1.1603
1.18445
1.211625
1.257125
1.2872
1.3235
1.329175
1.32925
1.335
1.34455
1.3477
1.362475
1.379475
1.3874
1.400375
1.409975
1.4376
1.446675
1.452675
1.453775
1.4567
1.480725
1.501325
1.5061
1.5381
1.5545
1.60815
1.61015
1.617975
1.6182
1.627675
1.635425
1.6453
1.649025
1.656475
1.661725
1.661825
1.6692
1.6757
1.676275
1.682475
1.683525
1.6984
1.700725
1.718575
1.71945
1.721825
1.740325
1.7478
1.756
1.783475
1.78655
1.7876
1.793675
1.804325
1.811825
1.81405
1.828775
1.84135
1.85765
1.9024
1.9056
1.915025
1.931275
1.93425
1.946575
1.9619
1.9625
1.96995
2.000975
2.02445
2.029525
2.044
2.0528
2.094725
2.1086
2.145175
2.1519
2.175675
2.200975
2.223875
2.23095
2.242
2.2481
2.2593
2.260225
2.2682
2.269075
2.27485
2.28435
2.284525
2.29115
2.2953
2.296175
2.296375
2.301125
2.301525
2.34395
2.37015
2.3794
2.383675
2.412925
2.4168
2.43945
2.46545
2.47725
2.505025
2.505575
2.518025
2.520925
2.530325
2.5325
2.5413
2.553325
2.5672
2.568675
2.571675
2.5738
2.618875
2.637525
2.660275
2.6648
2.667175
2.692225
2.700175
2.725575
2.739975
2.747875
2.79105
2.8149
2.8202
2.820825
2.823275
2.8272
2.83715
2.84515
2.852825
2.875875
2.902575
2.922725
2.947925
2.97935
2.993925
2.9997
3.01815
3.027225
3.0588
3.064975
3.072575
3.0947
3.097875
3.10685
3.1173
3.1197
3.1207
3.1418
3.151375
3.154075
3.1656
3.16615
3.1683
3.170875
3.17525
3.20755
3.218925
3.224225
3.229275
3.242825
3.247325
3.25575
3.289675
3.3045
3.35475
3.382275
3.4113
3.41165
3.424925
3.428575
3.431175
3.43585
3.454575
3.474425
3.475675
3.487175
3.488875
3.49085
3.5042
3.505575
3.507025
3.5304
3.53795
3.55575
3.55605
3.563225
3.59715
3.6072
3.621725
3.637425
3.6392
3.691375
3.6954
3.700175
3.700675
3.7076
3.710825
3.713975
3.71835
3.719375
3.726825
3.7338
3.751025
3.7588
3.774675
3.802075
3.8046
3.807925
3.81195
3.818025
3.8213
3.832125
3.8429
3.854025
3.8624
3.892125
3.8948
3.922275
3.9242
3.947375
3.962
3.9636
3.998
4.00365
4.00385
4.004
4.004175
4.0135
4.01485
4.016525
4.018975
4.021425
4.02295
4.03275
4.0345
4.0481
4.051375
4.057075
4.062775
4.1393
4.14305
4.14875
4.1972
4.197775
4.199325
4.219675
4.2219
4.22285
4.25815
4.2644
4.27875
4.305275
4.314575
4.3169
4.31895
4.3331
4.3363
4.337175
4.36325
4.3837
4.384325
4.39125
4.39975
4.40555
4.41595
4.42475
4.434025
4.460825
4.480625
4.509475
4.539225
4.545425
4.551825
4.56175
4.571
4.57605
4.5982
4.6148
4.617775
4.618575
4.619825
4.626475
4.62855
4.63845
4.64195
4.642225
4.651175
4.65795
4.66995
4.6713
4.674725
4.683575
4.6929
4.721425
4.728375
4.7324
4.769625
4.78455
4.821875
4.84315
4.86755
4.87645
4.887075
4.900875
4.902575
4.9078
4.93415
4.934675
4.939275
4.940125
4.9459
4.950725
4.96855
4.9736
4.976225
4.981525
4.98195
4.9837
4.9961
4.996375
5.0173
5.026725
5.034525
5.042625
5.0431
5.08205
5.103375
5.11655
5.1542
5.1559
5.16235
5.201625
5.2073
5.207375
5.226525
5.2316
5.2355
5.246325
5.24665
5.25275
5.2637
5.2671
5.27185
5.3044
5.317825
5.3179
5.329325
5.34685
5.363925
5.365925
5.3704
5.374225
5.38575
5.3874
5.4007
5.4191
5.43025
5.43045
5.461675
5.4692
5.4877
5.501725
5.51145
5.5127
5.51435
5.5166
5.5191
5.5205
5.522225
5.5282
5.53475
5.5367
5.5382
5.5447
5.55005
5.551
5.556825
5.562875
5.5634
5.574225
5.5768
5.585525
5.5968
5.5975
5.603575
5.6239
5.654075
5.6646
5.6727
5.68595
5.690775
5.6974
5.7147
5.7273
5.7846
5.808525
5.81265
5.812725
5.814325
5.8211
5.824775
5.82865
5.8349
5.838225
5.8421
5.851275
5.8566
5.865875
5.866375
5.870725
5.872075
5.87635
5.877
5.87935
5.88235
5.89115
5.90755
5.9141
5.92945
5.944375
6.0011
6.01495
6.020825
6.02225
6.04155
6.077775
6.10295
6.120825
6.139
6.143775
6.1444
6.169675
6.172075
6.172325
6.185
6.189025
6.18995
6.19965
6.21325
6.214325
6.2175
6.22465
6.231375
6.27125
6.28085
6.285425
6.29385
6.295925
6.3037
6.311525
6.3258
6.331625
6.3336
6.415225
6.4217
6.423825
6.430925
6.4371
6.43715
6.465625
6.4962
6.510625
6.513125
6.515525
6.534475
6.53535
6.539175
6.5466
6.54865
6.55165
6.5535
6.555275
6.56545
6.569425
6.5773
6.583625
6.6055
6.64805
6.649575
6.67605
6.6769
6.703175
6.711475
6.712125
6.72235
6.74335
6.74415
6.754725
6.754925
6.7615
6.7655
6.772325
6.772725
6.7931
6.808275
6.828
6.835225
6.842975
6.846825
6.85235
6.85265
6.8537
6.85935
6.864375
6.883425
6.929475
6.950975
6.96875
6.991225
7.000075
7.005675
7.006325
7.00635
7.0078
7.0086
7.00915
7.0095
7.018075
7.029075
7.030875
7.071425
7.07405
7.098125
7.129575
7.134225
7.213275
7.22655
7.228075
7.239175
7.2506
7.260875
7.2676
7.28575
7.290575
7.30105
7.307375
7.30795
7.3084
7.31055
7.312025
7.3173
7.328
7.337575
7.344275
7.35725
7.359675
7.369575
7.369675
7.375
7.3765
7.40915
7.4305
7.4471
7.450725
7.47265
7.4895
7.5008
7.5082
7.5282
7.579125
7.59225
7.6109
7.612
7.61435
7.6227
7.636925
7.644625
7.670175
7.67575
7.681625
7.6969
7.709425
7.715
7.722875
7.7301
7.731775
7.73575
7.7454
7.76115
7.765225
7.771175
7.781975
7.82185
7.84735
7.8603
7.907375
7.91035
7.91855
7.92025
7.9287
7.93925
7.94235
7.943375
7.952775
8.029725
8.031725
8.03475
8.0676
8.1025
8.11675
8.122925
8.136125
8.16705
8.177425
8.196375
8.21615
8.223825
8.232125
8.25235
8.25525
8.256375
8.265225
8.268425
8.311975
8.34285
8.397875
8.40075
8.409425
8.426375
8.473875
8.48755
8.50305
8.509575
8.5207
8.524975
8.529325
8.544875
8.5493
8.553075
8.592125
8.599825
8.616425
8.662375
8.664825
8.668575
8.672325
8.68035
8.735775
8.736675
8.74565
8.7622
8.7721
8.794
8.799
8.799075
8.810375
8.818975
8.820525
8.82565
8.82955
8.829775
8.8308
8.848975
8.8558
8.8724
8.900175
8.903325
8.9043
8.924975
8.927
8.938425
8.9575
8.9581
8.960975
8.970925
9.0985
768
