0.112625
0.1225
0.151925
0.153375
0.1609
0.1633
0.164675
0.17435
0.199975
0.2046
0.20935
0.2133
0.2156
0.22625
0.255525
0.2564
0.25645
0.260925
0.294325
0.302025
0.30555
0.311575
0.32515
0.32575
0.3352
0.3601
0.41075
0.41385
0.415025
0.4172
0.423975
0.43455
0.43485
0.4415
0.4516
0.4542
0.465525
0.466075
0.4786
0.478975
0.48455
0.49265
0.49275
0.5079
0.517675
0.528475
0.535725
0.54605
0.55005
0.55485
0.571625
0.584725
0.6017
0.61445
0.626925
0.64555
0.689925
0.690975
0.7015
0.701625
0.70655
0.715525
0.716975
0.720575
0.724125
0.73075
0.734575
0.73975
0.74265
0.7467
0.74965
0.7557
0.767
0.7759
0.787825
0.79465
0.79665
0.805725
0.844725
0.861575
0.866075
0.872925
0.88375
0.94035
0.9466
0.95425
0.95765
0.9626
0.97235
1.001
1.0034
1.003825
1.00465
1.005075
1.005325
1.013625
1.015
1.01545
1.017375
1.0201
1.020575
1.02605
1.037625
1.0392
1.0404
1.0539
1.062175
1.100975
1.132
1.146925
1.1523
1.182825
1.186425
1.214775
1.22395
1.230075
1.252525
1.286975
1.31135
1.3175
1.323575
1.333425
1.3487
1.350025
1.3647
1.37895
1.4018
1.409525
1.410275
1.416725
1.426875
1.43105
1.43425
1.4585
1.474775
1.47775
1.51375
1.558425
1.568125
1.580425
1.586675
1.593575
1.59835
1.6102
1.615125
1.6168
1.65225
1.6536
1.655675
1.675825
1.702175
1.703275
1.7462
1.751475
1.75515
1.759525
1.813
1.81695
1.81935
1.8505
1.893425
1.90055
1.9035
1.906125
1.92155
1.925875
1.93
1.9404
1.942875
1.949825
1.959125
1.9697
1.992375
1.992525
2.035975
2.05425
2.06105
2.097025
2.107625
2.10845
2.1249
2.148975
2.204425
2.215375
2.22275
2.22535
2.228525
2.238025
2.238225
2.23915
2.2421
2.2431
2.24915
2.251075
2.256575
2.26055
2.270925
2.27235
2.2888
2.295175
2.29775
2.3151
2.321525
2.32425
2.32485
2.3509
2.3542
2.3598
2.363975
2.390525
2.393125
2.40175
2.416475
2.427675
2.4652
2.47265
2.4916
2.51305
2.5149
2.5186
2.5241
2.529125
2.5345
2.54105
2.5549
2.5712
2.577125
2.59195
2.609425
2.614725
2.615275
2.62805
2.6495
2.696175
2.71915
2.7216
2.74795
2.796925
2.79865
2.8028
2.80445
2.8054
2.814225
2.816025
2.82625
2.83075
2.834725
2.85305
2.856225
2.874275
2.893625
2.9295
2.9373
2.94235
2.95995
2.986775
3.014375
3.048125
3.057775
3.09095
3.097625
3.101875
3.10495
3.1272
3.128075
3.129875
3.1431
3.158775
3.161925
3.162075
3.176525
3.191925
3.211
3.239925
3.2456
3.2532
3.2552
3.2558
3.261125
3.2662
3.27245
3.2829
3.2949
3.31005
3.3255
3.3266
3.3271
3.335275
3.335475
3.36845
3.40155
3.404725
3.41155
3.4262
3.4263
3.436675
3.445325
3.449275
3.44955
3.452675
3.465775
3.484925
3.521275
3.52995
3.5366
3.610325
3.617725
3.655825
3.69335
3.7018
3.708675
3.722125
3.723725
3.726375
3.72655
3.730675
3.7395
3.750475
3.752475
3.754675
3.771275
3.7777
3.785025
3.797775
3.79835
3.802225
3.81055
3.82855
3.8357
3.888775
3.919625
3.94085
3.973825
3.975575
3.98415
4.001175
4.004675
4.00705
4.01315
4.015925
4.02415
4.047125
4.059425
4.076325
4.07665
4.0814
4.0819
4.0824
4.087425
4.091925
4.092425
4.1013
4.106325
4.10865
4.12435
4.126775
4.131675
4.137125
4.17285
4.20505
4.205325
4.21495
4.22935
4.232225
4.25425
4.270675
4.2748
4.3057
4.3084
4.326525
4.3373
4.33855
4.3449
4.3547
4.372425
4.37255
4.391225
4.393375
4.3964
4.4015
4.40575
4.410625
4.42185
4.4698
4.470225
4.47025
4.4827
4.4985
4.5027
4.560475
4.563975
4.56605
4.605475
4.632075
4.633325
4.63375
4.634825
4.645
4.648
4.6574
4.666175
4.66815
4.6797
4.68595
4.690925
4.75635
4.758925
4.770325
4.79755
4.813825
4.8444
4.8854
4.901525
4.90235
4.909375
4.91335
4.9186
4.925775
4.929
4.93
4.935625
4.94
4.9647
4.969225
4.98705
4.994925
5.016175
5.057775
5.07505
5.087925
5.16215
5.201025
5.20225
5.206725
5.20905
5.210675
5.211775
5.221325
5.2269
5.230625
5.2315
5.233775
5.2408
5.2422
5.2483
5.26315
5.279975
5.2804
5.302375
5.305275
5.305575
5.35465
5.3597
5.368825
5.38925
5.3917
5.429975
5.430325
5.48735
5.5016
5.506075
5.5251
5.5295
5.54075
5.571075
5.598825
5.6052
5.614625
5.614975
5.639225
5.64435
5.64855
5.6492
5.669425
5.6883
5.722575
5.7253
5.744175
5.7591
5.761325
5.801525
5.804725
5.82565
5.831275
5.85655
5.863225
5.865575
5.8694
5.871625
5.873725
5.875425
5.900375
5.9142
5.955825
5.9844
5.99265
6.00465
6.00575
6.0597
6.08165
6.10695
6.113025
6.12275
6.131975
6.1331
6.1391
6.142275
6.144025
6.163275
6.1651
6.17035
6.1744
6.183725
6.20835
6.2116
6.223675
6.25965
6.27085
6.2895
6.33315
6.344175
6.3806
6.38095
6.38505
6.3911
6.39705
6.4022
6.40305
6.409375
6.41865
6.427375
6.4287
6.42945
6.429725
6.430875
6.45345
6.4571
6.4597
6.4616
6.466075
6.476425
6.481375
6.483025
6.49325
6.507325
6.512825
6.53645
6.54915
6.5514
6.586825
6.627975
6.646175
6.647625
6.6585
6.701025
6.703425
6.703975
6.706175
6.713
6.713225
6.7136
6.7246
6.730325
6.7355
6.737675
6.738425
6.755975
6.75965
6.766525
6.772175
6.788975
6.79295
6.806475
6.810075
6.81585
6.82615
6.83705
6.8683
6.87565
6.8898
6.889975
6.90445
6.94265
6.957075
6.95995
6.9811
6.981575
7.007025
7.00745
7.00765
7.011775
7.021025
7.0308
7.040975
7.048525
7.05385
7.060875
7.061675
7.0726
7.101875
7.105975
7.115575
7.138675
7.158175
7.1585
7.1663
7.172975
7.20395
7.212
7.245325
7.2882
7.30385
7.3041
7.30785
7.3271
7.352675
7.36025
7.361
7.375375
7.37775
7.3997
7.412125
7.418725
7.453125
7.4649
7.472325
7.473225
7.48765
7.4991
7.499975
7.51775
7.562525
7.577725
7.605725
7.6159
7.622475
7.625825
7.641425
7.642925
7.64625
7.65075
7.6514
7.651725
7.6543
7.656825
7.6801
7.6808
7.6845
7.697775
7.705
7.706525
7.71345
7.731375
7.748025
7.790925
7.815475
7.8504
7.86265
7.900725
7.902125
7.9034
7.9066
7.90755
7.91325
7.925975
7.937075
7.979175
8.0007
8.015075
8.017825
8.022225
8.025525
8.02815
8.031575
8.0316
8.034075
8.04905
8.086475
8.092525
8.0954
8.096225
8.101075
8.102675
8.110675
8.17555
8.200225
8.204575
8.205275
8.210675
8.2117
8.213625
8.2252
8.226125
8.231125
8.232475
8.235425
8.253075
8.270625
8.27515
8.278375
8.2879
8.300325
8.3081
8.3217
8.32175
8.3233
8.32695
8.335125
8.3358
8.3396
8.3633
8.369175
8.384775
8.39115
8.392575
8.39855
8.417725
8.50975
8.530575
8.537325
8.54125
8.5431
8.55315
8.5792
8.589275
8.59
8.592975
8.629525
8.6387
8.650525
8.660575
8.667125
8.671225
8.68905
8.691975
8.7102
8.726275
8.7522
8.771525
8.77705
8.80245
8.807075
8.81145
8.812575
8.8138
8.849925
8.856425
8.85745
8.88215
8.888775
8.892125
8.89295
8.931175
8.939775
8.96535
8.9998
9.00165
9.008675
9.0256
9.036725
9.046075
761
