0.102025
0.107025
0.11335
0.1146
0.116975
0.1218
0.127475
0.127525
0.131125
0.13135
0.13145
0.1416
0.144525
0.146325
0.1467
0.148675
0.15695
0.157675
0.1583
0.176425
0.183925
0.20715
0.21095
0.233025
0.233075
0.2462
0.25365
0.28935
0.293525
0.3221
0.3285
0.336875
0.353775
0.3874
0.403475
0.413975
0.4187
0.4197
0.42005
0.42855
0.435825
0.4415
0.450975
0.457725
0.46605
0.468275
0.46835
0.48095
0.48655
0.488975
0.495175
0.49765
0.51485
0.5418
0.557325
0.56595
0.587
0.5872
0.6263
0.66335
0.6924
0.71065
0.7181
0.725225
0.732125
0.746775
0.75605
0.760275
0.780575
0.78385
0.79
0.793875
0.795425
0.8027
0.82275
0.8267
0.8801
0.89215
0.8943
0.897175
0.9004
0.917775
0.92205
0.960575
0.968325
0.972025
1.002075
1.00475
1.024075
1.0277
1.049675
1.0576
1.072925
1.079525
1.0857
1.0883
1.089675
1.091825
1.0937
1.0967
1.102675
1.103975
1.1376
1.1848
1.190075
1.193625
1.203725
1.2371
1.238775
1.24045
1.301475
1.30465
1.3159
1.3168
1.318225
1.3243
1.330325
1.330625
1.3384
1.342425
1.3442
1.3567
1.364075
1.383825
1.388575
1.395
1.39945
1.419175
1.42635
1.43445
1.4389
1.449025
1.52385
1.544775
1.5727
1.599775
1.60245
1.620275
1.63155
1.644775
1.6464
1.66165
1.67025
1.68275
1.704875
1.735175
1.75965
1.762975
1.76525
1.80735
1.826875
1.871825
1.9129
1.917825
1.94335
1.950075
1.95155
1.9529
1.971575
1.976025
1.9774
1.983875
1.9872
1.9923
1.99725
2.00575
2.021625
2.027175
2.0384
2.06415
2.070025
2.07335
2.09715
2.1141
2.1198
2.120925
2.156925
2.19065
2.205475
2.221225
2.226575
2.22835
2.23855
2.2523
2.26435
2.2665
2.271575
2.27475
2.295575
2.299025
2.3007
2.319825
2.32055
2.34885
2.43345
2.438525
2.4488
2.506575
2.50935
2.549425
2.5565
2.560775
2.56225
2.5699
2.57535
2.5789
2.581925
2.591825
2.602025
2.61
2.614
2.62615
2.6352
2.638775
2.63955
2.64185
2.68615
2.732825
2.734275
2.746175
2.763
2.811325
2.814925
2.824075
2.828125
2.8553
2.87195
2.90285
2.913825
2.921175
2.926375
2.928825
2.9479
2.957825
2.958125
3.0121
3.044275
3.045425
3.060875
3.1047
3.105625
3.1061
3.109475
3.111325
3.120625
3.12245
3.12565
3.129
3.135925
3.137375
3.148225
3.150875
3.1514
3.163725
3.166175
3.180825
3.180875
3.190625
3.190975
3.19375
3.21195
3.212275
3.21265
3.216825
3.2353
3.24095
3.241425
3.242075
3.255225
3.26115
3.281125
3.28255
3.316575
3.328675
3.332875
3.35015
3.386825
3.405575
3.405625
3.41445
3.432275
3.447875
3.46535
3.47255
3.4783
3.4858
3.4882
3.4885
3.492625
3.535025
3.54725
3.548575
3.554875
3.5847
3.5885
3.610225
3.621925
3.6475
3.7037
3.7052
3.720725
3.7341
3.737325
3.74315
3.75415
3.75575
3.75985
3.7646
3.767425
3.787175
3.7898
3.80015
3.805875
3.806475
3.81765
3.81775
3.84435
3.845425
3.850625
3.86285
3.868425
3.88075
3.8909
3.90185
3.9365
3.95095
3.962675
4.010775
4.015375
4.0206
4.032575
4.041775
4.0436
4.055425
4.062625
4.0724
4.076775
4.07965
4.08375
4.0951
4.1147
4.1518
4.169125
4.170125
4.18535
4.18605
4.1864
4.198225
4.206375
4.20695
4.209825
4.248875
4.2699
4.312225
4.321975
4.32565
4.342575
4.35295
4.3565
4.361625
4.365375
4.370325
4.372975
4.4035
4.412425
4.427875
4.427975
4.4322
4.4604
4.462875
4.48595
4.49265
4.508725
4.51795
4.538575
4.566125
4.56965
4.592275
4.60065
4.601475
4.604725
4.61085
4.614925
4.6347
4.6366
4.639375
4.6528
4.66085
4.6656
4.67585
4.67645
4.6782
4.68315
4.694425
4.701225
4.712325
4.717125
4.7183
4.735125
4.77445
4.77515
4.7958
4.796825
4.7982
4.826625
4.847725
4.87315
4.87955
4.8999
4.9049
4.905625
4.9063
4.92375
4.940725
4.95555
4.963375
4.966375
4.971625
4.974075
4.9773
4.986875
4.987925
5.006025
5.0211
5.03625
5.066825
5.0687
5.07115
5.087375
5.09875
5.102075
5.10215
5.111525
5.187175
5.213325
5.21965
5.230125
5.23175
5.231875
5.23425
5.23555
5.24735
5.253525
5.2702
5.272425
5.279125
5.2839
5.29445
5.3113
5.3179
5.3439
5.3484
5.387375
5.3983
5.4019
5.41045
5.417575
5.418575
5.4353
5.4674
5.50415
5.50675
5.514125
5.516025
5.52725
5.52745
5.53095
5.536275
5.536875
5.5468
5.548425
5.5667
5.5692
5.5726
5.579625
5.58075
5.5813
5.59325
5.60015
5.64465
5.695
5.700775
5.730575
5.736725
5.744275
5.75665
5.7898
5.793025
5.804975
5.8136
5.819225
5.83785
5.84255
5.858275
5.862675
5.87515
5.879875
5.884125
5.891225
5.89585
5.8982
5.898825
5.9097
5.924425
5.936025
5.9415
5.952475
5.975125
5.977425
5.980975
6.0026
6.015625
6.016675
6.03
6.030575
6.031175
6.0647
6.069075
6.085025
6.1051
6.110475
6.11125
6.114025
6.116575
6.1205
6.154075
6.1582
6.16065
6.161225
6.180525
6.1861
6.193925
6.200725
6.2136
6.2148
6.2265
6.2287
6.235525
6.240125
6.247075
6.274425
6.284925
6.301575
6.326425
6.32675
6.328225
6.3361
6.342675
6.34655
6.372325
6.378975
6.390775
6.402225
6.406625
6.4207
6.439425
6.4516
6.453925
6.466125
6.4668
6.4724
6.50535
6.510025
6.521325
6.52495
6.5282
6.554925
6.637625
6.6437
6.651825
6.658225
6.6584
6.703125
6.73045
6.74475
6.7491
6.7522
6.753825
6.764825
6.769325
6.769875
6.772725
6.7827
6.807275
6.8128
6.819225
6.833525
6.835475
6.8479
6.906475
6.913725
6.92285
6.927575
6.936825
6.9432
7.001025
7.00195
7.008625
7.014925
7.017675
7.034025
7.05185
7.056575
7.05825
7.0594
7.06425
7.077725
7.08755
7.103325
7.116125
7.14555
7.17345
7.184
7.1945
7.2142
7.24635
7.277975
7.281525
7.3008
7.302425
7.3098
7.3117
7.31565
7.334975
7.342775
7.3513
7.35295
7.357675
7.386475
7.393125
7.401425
7.4094
7.417125
7.418075
7.420125
7.420325
7.42225
7.42295
7.448575
7.461025
7.47035
7.5791
7.60545
7.6101
7.61305
7.61645
7.634125
7.6359
7.639075
7.63985
7.6399
7.64795
7.6507
7.6536
7.662475
7.66255
7.6983
7.702075
7.7085
7.7106
7.713375
7.723525
7.726175
7.730775
7.7345
7.756925
7.76055
7.78705
7.793425
7.8083
7.825675
7.83165
7.889425
7.905375
7.916625
7.917775
7.92005
7.923375
7.92595
7.9316
7.934625
7.93675
7.948075
7.9485
7.949675
7.9521
7.957075
7.978075
7.986175
7.986475
7.996575
8.006625
8.013725
8.0138
8.027075
8.02945
8.037575
8.055725
8.061125
8.083225
8.122475
8.1288
8.1488
8.18535
8.202425
8.204925
8.2057
8.250825
8.255275
8.258975
8.260975
8.27165
8.28825
8.288325
8.30285
8.30455
8.30525
8.3061
8.3082
8.3093
8.31775
8.3209
8.33685
8.35825
8.365725
8.391525
8.41485
8.416575
8.442075
8.50155
8.5183
8.518875
8.52195
8.5229
8.532475
8.5326
8.56435
8.576475
8.5799
8.60815
8.6126
8.6302
8.661375
8.673
8.715475
8.723025
8.7493
8.750625
8.760475
8.776425
8.792975
8.800275
8.81425
8.820475
8.828775
8.829175
8.83565
8.838125
8.84005
8.883175
8.888425
8.89025
8.9024
8.94025
8.9677
8.968125
9.005875
9.02955
9.030475
9.0538
9.075175
9.08745
772
