0.101025
0.10265
0.105675
0.112975
0.115125
0.11595
0.116725
0.1176
0.1225
0.127575
0.13165
0.133225
0.14945
0.168625
0.17045
0.190575
0.192975
0.20705
0.209175
0.217275
0.219375
0.22355
0.227
0.234
0.2462
0.2507
0.25335
0.258525
0.28085
0.283875
0.3029
0.34225
0.388375
0.406925
0.408475
0.410075
0.4138
0.416775
0.42045
0.4205
0.43905
0.44675
0.4492
0.451375
0.452925
0.454125
0.468475
0.471
0.4801
0.483225
0.49195
0.494875
0.501975
0.5209
0.5253
0.54095
0.545575
0.561075
0.566
0.574825
0.5968
0.60005
0.619225
0.701125
0.707425
0.715025
0.7165
0.7191
0.721025
0.72835
0.734675
0.761425
0.7705
0.78755
0.796775
0.797575
0.800925
0.813025
0.8413
0.8757
0.888675
0.8946
0.8956
0.932625
0.9372
0.953125
0.9618
0.976125
0.9975
1.014475
1.0157
1.025175
1.037625
1.041375
1.04705
1.053075
1.054125
1.06875
1.07805
1.0819
1.086325
1.088425
1.142375
1.14815
1.1544
1.16915
1.180175
1.219725
1.2276
1.243675
1.24995
1.25035
1.261125
1.276775
1.292975
1.30055
1.303975
1.305025
1.31615
1.316975
1.34115
1.34665
1.37355
1.379675
1.380025
1.388475
1.401375
1.40515
1.4365
1.441825
1.4884
1.49505
1.5045
1.508975
1.5242
1.536925
1.54
1.54365
1.55445
1.596
1.597975
1.600725
1.601425
1.6039
1.605075
1.6225
1.623925
1.624775
1.646325
1.6529
1.653725
1.665525
1.7083
1.7159
1.720275
1.7845
1.78675
1.7933
1.88915
1.900875
1.9016
1.901875
1.906375
1.9073
1.915725
1.919
1.9306
1.931375
1.93285
1.9377
1.945625
1.9477
1.9693
1.972625
2.002925
2.0182
2.02145
2.032825
2.0379
2.059125
2.091175
2.115975
2.13105
2.1899
2.196325
2.2
2.2014
2.204025
2.2233
2.22545
2.2259
2.229425
2.264125
2.2681
2.28515
2.290675
2.29595
2.3026
2.307075
2.33495
2.3613
2.390375
2.4097
2.41255
2.415875
2.444525
2.4654
2.5045
2.510875
2.51835
2.520825
2.532175
2.5339
2.535675
2.540475
2.559875
2.5607
2.572
2.572725
2.5823
2.58455
2.59365
2.5941
2.603575
2.6102
2.61415
2.61725
2.6463
2.651425
2.654775
2.69465
2.713475
2.767825
2.78535
2.79405
2.80345
2.8097
2.831075
2.835775
2.85605
2.87755
2.881
2.8944
2.8955
2.8977
2.9024
2.913275
2.95805
2.9639
2.97165
2.98635
2.9949
2.998475
3.000025
3.047825
3.075475
3.0757
3.07785
3.1033
3.105775
3.12155
3.12465
3.12575
3.139875
3.142325
3.157275
3.17605
3.180075
3.202275
3.20765
3.217675
3.230725
3.237575
3.26935
3.291475
3.300075
3.3789
3.40405
3.410925
3.424375
3.426725
3.4293
3.4345
3.43795
3.44115
3.457325
3.473325
3.478875
3.481525
3.494525
3.52975
3.53275
3.557575
3.56365
3.5654
3.577475
3.57915
3.60835
3.62665
3.638125
3.642325
3.665975
3.667675
3.6733
3.7101
3.711
3.713525
3.71395
3.71815
3.71895
3.721875
3.731325
3.7348
3.7395
3.746425
3.770675
3.774925
3.782225
3.786475
3.79295
3.794
3.794625
3.796125
3.79765
3.797975
3.798125
3.80445
3.828575
3.851725
3.86465
3.898625
3.910525
3.9106
3.932375
3.940775
3.956875
3.9688
3.9819
3.9962
4.00125
4.00675
4.007225
4.010375
4.0123
4.0158
4.0359
4.04365
4.0524
4.07575
4.07705
4.092
4.12345
4.1346
4.135075
4.14345
4.145525
4.145575
4.169225
4.178275
4.181775
4.190725
4.20095
4.2133
4.263225
4.305875
4.3066
4.317175
4.325575
4.327125
4.334275
4.3734
4.386425
4.387725
4.401525
4.417925
4.429575
4.443025
4.444575
4.47055
4.4736
4.48155
4.494175
4.51205
4.5138
4.565425
4.5657
4.57145
4.578925
4.625425
4.63095
4.64145
4.644825
4.65355
4.6584
4.662025
4.666
4.683925
4.6914
4.72195
4.72285
4.734275
4.75635
4.7917
4.8162
4.86655
4.87075
4.8763
4.890075
4.90005
4.901975
4.906425
4.91475
4.91835
4.920875
4.93385
4.937075
4.943825
4.957
4.963
4.971
4.978875
4.994125
5.0004
5.002225
5.0029
5.010925
5.02935
5.0441
5.05695
5.06315
5.1511
5.17385
5.18115
5.188325
5.200325
5.202625
5.205475
5.214525
5.217225
5.224025
5.22585
5.226425
5.2271
5.228725
5.234
5.2667
5.267675
5.27305
5.293375
5.3008
5.307825
5.348225
5.370125
5.378125
5.39055
5.391875
5.41145
5.41705
5.43355
5.467
5.4967
5.500775
5.503025
5.520375
5.5392
5.549175
5.553175
5.560625
5.561
5.563425
5.586275
5.59385
5.60225
5.61695
5.63085
5.645025
5.651425
5.6614
5.661525
5.697925
5.720875
5.741225
5.741475
5.801625
5.8024
5.803075
5.8088
5.813375
5.82425
5.825975
5.84625
5.84895
5.850625
5.869925
5.8706
5.8736
5.879625
5.8811
5.882425
5.9036
5.91
5.914
5.9294
5.934075
5.936825
5.938925
5.94005
5.9523
5.976925
6.03405
6.035425
6.0406
6.0599
6.06755
6.1055
6.108925
6.1418
6.144325
6.1447
6.1534
6.157325
6.165575
6.166525
6.168875
6.179025
6.185825
6.18615
6.189225
6.191475
6.2289
6.22905
6.24365
6.25325
6.254775
6.272825
6.319175
6.352275
6.3833
6.383975
6.4001
6.401925
6.424725
6.427425
6.4305
6.43085
6.446575
6.4503
6.49295
6.507675
6.51635
6.518425
6.5212
6.53595
6.536725
6.542025
6.558975
6.56335
6.5642
6.565075
6.571025
6.58045
6.603275
6.608175
6.6482
6.695225
6.70075
6.70795
6.717575
6.7199
6.719975
6.721175
6.72135
6.736875
6.7407
6.741625
6.744175
6.74925
6.75505
6.761675
6.788525
6.79815
6.799025
6.8024
6.8054
6.813625
6.815625
6.822125
6.83855
6.854525
6.927325
6.92835
6.939375
6.940375
6.942375
6.97555
6.9877
6.9971
7.00085
7.016175
7.0193
7.0353
7.04125
7.0503
7.050775
7.07145
7.072075
7.084425
7.1169
7.121375
7.122375
7.12645
7.13185
7.1446
7.1592
7.161375
7.181225
7.199675
7.202425
7.205625
7.20565
7.228975
7.266425
7.297175
7.3035
7.310975
7.333175
7.3332
7.369325
7.37695
7.38855
7.399275
7.417725
7.41825
7.42435
7.435425
7.4517
7.4621
7.46545
7.4786
7.484775
7.511025
7.5254
7.5416
7.575225
7.59095
7.596975
7.602875
7.620575
7.639725
7.640625
7.651525
7.685975
7.687325
7.70435
7.709775
7.7121
7.72485
7.72905
7.7385
7.738975
7.751525
7.777175
7.82465
7.826575
7.83665
7.8591
7.8742
7.9016
7.906175
7.909225
7.914975
7.919925
7.924525
7.926825
7.937975
7.954625
7.970575
7.97445
7.974875
7.980225
8.0162
8.036625
8.038525
8.05545
8.088725
8.091375
8.1006
8.102875
8.1817
8.195975
8.203525
8.204675
8.2196
8.220275
8.221675
8.2269
8.22755
8.232475
8.254475
8.25695
8.258525
8.27565
8.284425
8.2865
8.292675
8.297025
8.304625
8.31005
8.310125
8.31575
8.3209
8.326425
8.347775
8.36415
8.3653
8.425775
8.42585
8.430575
8.43545
8.4439
8.490925
8.5009
8.5028
8.50705
8.519675
8.52405
8.52785
8.532675
8.53825
8.553275
8.55465
8.55605
8.5614
8.583325
8.589275
8.597025
8.604025
8.608425
8.6129
8.614025
8.61695
8.630225
8.64245
8.675525
8.6926
8.6957
8.697425
8.75075
8.800625
8.80095
8.815675
8.8157
8.8182
8.828325
8.8409
8.8542
8.8602
8.867425
8.884575
8.885325
8.89
8.892575
8.89335
8.899775
8.91685
8.929675
8.96235
8.990675
9.006225
9.051425
770
