0.10625
0.10795
0.114525
0.117975
0.120125
0.1276
0.13535
0.1431
0.146825
0.147075
0.159975
0.17695
0.1975
0.2007
0.2085
0.208825
0.22735
0.227875
0.252475
0.266875
0.291175
0.29955
0.30095
0.30595
0.31175
0.3149
0.364
0.3649
0.3785
0.379075
0.394075
0.409375
0.41015
0.412575
0.4148
0.418375
0.45915
0.46085
0.471725
0.49105
0.5002
0.5095
0.516575
0.5331
0.538675
0.5493
0.5541
0.58125
0.584725
0.586725
0.60185
0.61345
0.619075
0.63935
0.6636
0.665775
0.702925
0.7049
0.710825
0.715275
0.72435
0.7244
0.725475
0.73335
0.735225
0.7428
0.750325
0.755925
0.76845
0.770875
0.7769
0.78105
0.78425
0.786775
0.7974
0.798325
0.800625
0.8253
0.8566
0.8619
0.8703
0.89355
0.8949
0.935125
0.943875
0.96005
0.987425
1.0037
1.003975
1.005
1.01135
1.0129
1.016275
1.01755
1.023325
1.039575
1.044425
1.054425
1.055625
1.065225
1.074725
1.0779
1.07795
1.082175
1.1005
1.11885
1.1327
1.14905
1.176975
1.197575
1.217275
1.2204
1.2661
1.3034
1.306925
1.310825
1.313625
1.31915
1.3213
1.3301
1.334225
1.346625
1.348225
1.353725
1.356325
1.357075
1.376
1.38085
1.38515
1.4066
1.40875
1.418275
1.421375
1.447825
1.469775
1.498575
1.5291
1.582825
1.600075
1.60575
1.611925
1.61645
1.6182
1.619825
1.621275
1.621975
1.622325
1.624425
1.627175
1.632625
1.636075
1.64475
1.646275
1.656925
1.669425
1.66965
1.6717
1.6887
1.692775
1.7072
1.70925
1.711625
1.7183
1.722525
1.7244
1.724425
1.729
1.7894
1.78955
1.833225
1.83865
1.841825
1.8553
1.8942
1.90485
1.912275
1.9184
1.9189
1.9227
1.929725
1.93055
1.9352
1.938625
1.94095
1.9412
1.947025
1.9501
1.951625
1.9584
1.965925
1.974125
1.97625
1.98735
1.99505
2.00955
2.01615
2.0168
2.06135
2.06655
2.0741
2.079675
2.080675
2.0918
2.1094
2.135475
2.1554
2.166775
2.207725
2.2088
2.2089
2.2276
2.240775
2.2444
2.250825
2.2524
2.253925
2.261875
2.269975
2.2711
2.283475
2.299225
2.312725
2.33295
2.360775
2.36405
2.379625
2.39015
2.407
2.40775
2.415375
2.455675
2.4677
2.50165
2.504225
2.505675
2.5237
2.537675
2.548425
2.550625
2.5573
2.57915
2.584125
2.5854
2.590375
2.5992
2.601425
2.60405
2.6146
2.628925
2.6369
2.68495
2.715825
2.732425
2.736925
2.7862
2.801575
2.80305
2.803225
2.803825
2.823625
2.8261
2.82865
2.83155
2.8343
2.84045
2.841425
2.8434
2.84935
2.8495
2.850575
2.85595
2.86095
2.874
2.895325
2.897475
2.918
2.9384
2.951375
2.97195
2.97845
2.978475
3.00255
3.006475
3.014125
3.0155
3.04745
3.048975
3.05175
3.05835
3.0627
3.065525
3.0661
3.1076
3.11415
3.138425
3.146425
3.147925
3.172025
3.17955
3.186275
3.1936
3.260475
3.305075
3.328775
3.3838
3.385625
3.40205
3.416325
3.422
3.42875
3.43185
3.4422
3.4486
3.464375
3.498425
3.50925
3.5191
3.522225
3.5431
3.5524
3.56065
3.581075
3.63105
3.632375
3.6571
3.715025
3.721525
3.7295
3.729575
3.7431
3.7489
3.7494
3.754825
3.75855
3.766575
3.782375
3.787225
3.80325
3.80575
3.81045
3.815975
3.845225
3.848975
3.859775
3.880125
3.88705
3.889525
3.9171
3.931925
3.95375
3.99475
4.0028
4.003375
4.013175
4.01695
4.01935
4.02405
4.035775
4.035925
4.05255
4.0665
4.066775
4.0679
4.10835
4.114075
4.119975
4.12685
4.1513
4.166525
4.1848
4.193525
4.221075
4.301575
4.30175
4.3103
4.314075
4.3144
4.3145
4.32165
4.33315
4.3338
4.33855
4.35055
4.365725
4.3954
4.4159
4.4182
4.467275
4.6086
4.61065
4.6173
4.62105
4.623875
4.65205
4.660075
4.66285
4.682475
4.697225
4.697575
4.699875
4.71025
4.71565
4.7235
4.744925
4.765775
4.7669
4.769425
4.7759
4.78755
4.8153
4.8268
4.898825
4.91025
4.91685
4.929675
4.9353
4.938725
4.940075
4.9573
4.9635
5.0301
5.03025
5.080975
5.111725
5.115675
5.1203
5.135675
5.18275
5.1951
5.196825
5.202
5.209325
5.210425
5.2128
5.22375
5.225025
5.23405
5.2344
5.236875
5.237825
5.2399
5.24545
5.248075
5.293525
5.30725
5.346225
5.35685
5.360175
5.371475
5.3854
5.392625
5.396275
5.4862
5.4864
5.503075
5.50445
5.515975
5.52565
5.527
5.5301
5.543675
5.560125
5.562925
5.566
5.5672
5.57355
5.58515
5.58795
5.591775
5.599475
5.60185
5.602175
5.60405
5.612075
5.62135
5.62325
5.6571
5.657975
5.67105
5.69525
5.711675
5.713725
5.73205
5.74965
5.754925
5.7853
5.801025
5.8019
5.804475
5.808375
5.810525
5.81465
5.821375
5.826175
5.82635
5.833925
5.838875
5.84085
5.847925
5.862825
5.8759
5.8861
5.888375
5.907725
5.919625
5.94065
5.94505
5.990875
6.005325
6.00645
6.0164
6.036725
6.043325
6.056925
6.062
6.08445
6.0859
6.087375
6.112925
6.1143
6.114775
6.115175
6.116175
6.132925
6.135275
6.139825
6.14405
6.1519
6.164025
6.181675
6.182975
6.2189
6.224175
6.2445
6.256525
6.2602
6.26295
6.266775
6.28075
6.328325
6.35955
6.4038
6.40975
6.410475
6.416775
6.42255
6.427575
6.433
6.4337
6.44215
6.44315
6.450525
6.4518
6.45365
6.46045
6.46455
6.485275
6.4862
6.49515
6.54725
6.584675
6.608825
6.620275
6.622975
6.629575
6.634075
6.6406
6.68915
6.7093
6.7188
6.7254
6.72825
6.734875
6.753775
6.7667
6.770275
6.771475
6.772025
6.772775
6.780675
6.78105
6.78335
6.790775
6.806
6.8162
6.824375
6.839925
6.841275
6.8472
6.853475
6.8542
6.85765
6.87545
6.8758
6.908925
6.913475
6.922475
6.9275
6.943675
6.96225
6.966125
7.001025
7.0017
7.001875
7.007075
7.01945
7.019775
7.02015
7.02035
7.0358
7.04115
7.0462
7.055475
7.06315
7.06375
7.076125
7.088325
7.092875
7.09835
7.099825
7.102475
7.116775
7.121675
7.14995
7.152925
7.1638
7.16765
7.171725
7.19135
7.240875
7.248125
7.264275
7.265325
7.285775
7.289925
7.30035
7.302775
7.3114
7.3409
7.340975
7.345625
7.345825
7.36585
7.368
7.3863
7.389025
7.393425
7.402625
7.406075
7.41565
7.4224
7.42825
7.43235
7.440325
7.442475
7.445675
7.453625
7.45395
7.46795
7.474
7.482375
7.484825
7.49725
7.529175
7.536475
7.55095
7.572525
7.577975
7.5876
7.607625
7.61155
7.61315
7.6138
7.6195
7.622075
7.641325
7.64165
7.64215
7.65285
7.673925
7.688725
7.69805
7.7405
7.7447
7.74825
7.7483
7.7505
7.785
7.785075
7.7959
7.803775
7.8098
7.9012
7.90175
7.904625
7.912075
7.919925
7.940025
7.946875
7.94925
7.9714
7.97315
7.9785
7.9846
7.9951
7.99655
7.9995
8.004025
8.004625
8.0108
8.022725
8.024425
8.027775
8.0441
8.067625
8.070075
8.098225
8.174075
8.192525
8.197925
8.2048
8.21085
8.2116
8.21285
8.22085
8.221
8.23615
8.23995
8.244875
8.2482
8.252225
8.258075
8.2729
8.27355
8.2958
8.3318
8.344675
8.3977
8.425425
8.4389
8.46805
8.482675
8.49915
8.4994
8.507675
8.51485
8.537325
8.5412
8.542025
8.549875
8.570425
8.576625
8.58335
8.595375
8.59995
8.61835
8.64105
8.643075
8.645075
8.654475
8.6771
8.689225
8.69905
8.705975
8.709125
8.712025
8.71475
8.738225
8.7707
8.822425
8.823
8.82875
8.8301
8.831175
8.83445
8.844775
8.848775
8.850825
8.85525
8.8567
8.85705
8.86065
8.86985
8.871175
8.8887
8.900725
8.91545
8.917225
8.929975
8.94055
8.94365
8.9516
8.951875
8.965225
8.978925
8.983175
8.998125
9.027
9.04375
9.053875
9.06695
801
