0.100475
0.101375
0.102575
0.11145
0.116
0.11755
0.12015
0.120525
0.121825
0.135325
0.141925
0.1508
0.156575
0.159975
0.16305
0.163275
0.169925
0.175275
0.222425
0.229875
0.2591
0.27
0.288575
0.2924
0.299125
0.32325
0.328675
0.33095
0.371225
0.403875
0.409475
0.4206
0.42285
0.425175
0.42575
0.458125
0.4624
0.46595
0.46715
0.482725
0.5093
0.509825
0.52445
0.53465
0.535625
0.541375
0.552975
0.5657
0.576175
0.63045
0.660875
0.6852
0.707675
0.7101
0.71095
0.712775
0.713525
0.71405
0.7319
0.7456
0.74975
0.7547
0.757475
0.773325
0.7834
0.788875
0.7916
0.794675
0.796725
0.807575
0.8106
0.816125
0.818025
0.82885
0.830425
0.831925
0.85085
0.870375
0.9289
0.94165
0.9473
0.968825
1.0017
1.004
1.0089
1.009225
1.010275
1.014875
1.01715
1.024525
1.03735
1.042225
1.0876
1.0915
1.100925
1.1231
1.141175
1.151225
1.1806
1.2138
1.260825
1.27795
1.297425
1.3034
1.313125
1.313625
1.320825
1.32215
1.3256
1.33035
1.338025
1.34315
1.35915
1.36755
1.375075
1.391525
1.39495
1.407675
1.408925
1.413125
1.4476
1.453
1.460875
1.4634
1.4653
1.4713
1.497575
1.535675
1.554825
1.608875
1.612075
1.61505
1.62115
1.624125
1.62435
1.627325
1.62895
1.642975
1.645975
1.654825
1.659
1.65945
1.6595
1.66075
1.66235
1.716875
1.726425
1.72745
1.75705
1.7577
1.775625
1.798125
1.8351
1.836575
1.870025
1.90005
1.90215
1.907075
1.942425
1.946025
1.955675
1.9613
1.964625
1.969775
1.985525
1.9887
1.98915
1.9911
1.9982
2.007225
2.00955
2.00985
2.0357
2.047475
2.048125
2.054275
2.074425
2.089425
2.09425
2.0954
2.1169
2.12395
2.155175
2.18105
2.182575
2.186475
2.190725
2.208825
2.208975
2.2112
2.219775
2.236275
2.2472
2.2492
2.258625
2.2697
2.277075
2.289675
2.2931
2.300275
2.31095
2.3112
2.325225
2.32725
2.3403
2.38565
2.38835
2.401925
2.419725
2.429825
2.43115
2.4776
2.48585
2.492775
2.496425
2.51125
2.523125
2.523825
2.526275
2.527025
2.528025
2.535775
2.5358
2.55165
2.555425
2.57095
2.571625
2.573675
2.575325
2.576125
2.589625
2.5957
2.599725
2.632375
2.6324
2.681125
2.684475
2.687975
2.7142
2.750925
2.753275
2.75795
2.78275
2.803425
2.809725
2.822075
2.824575
2.8262
2.829625
2.842275
2.843925
2.847
2.859725
2.867375
2.879675
2.8877
2.904725
2.92385
2.946425
2.959675
2.9646
2.971875
2.980175
2.98575
3.0005
3.053675
3.105875
3.11795
3.13235
3.1324
3.13895
3.14445
3.14665
3.148175
3.15075
3.160975
3.165325
3.174425
3.180275
3.2034
3.204625
3.2151
3.217775
3.253
3.2643
3.266825
3.279175
3.2854
3.311425
3.314375
3.31475
3.326925
3.368075
3.383475
3.4167
3.4456
3.446775
3.4474
3.459725
3.462125
3.46225
3.466775
3.479925
3.48195
3.48255
3.488425
3.499875
3.502575
3.508975
3.515925
3.540375
3.5518
3.5533
3.5767
3.604825
3.619775
3.633225
3.641825
3.6694
3.6927
3.7268
3.7337
3.741275
3.741925
3.743425
3.74595
3.75595
3.76535
3.771675
3.782475
3.82715
3.836825
3.840775
3.8442
3.8762
3.8849
3.885875
3.887775
3.900525
3.9273
3.9399
3.959775
4.0017
4.009
4.013125
4.0147
4.017325
4.021475
4.027675
4.036925
4.040725
4.048125
4.0547
4.0625
4.080025
4.087075
4.0969
4.097425
4.1122
4.112925
4.116575
4.127325
4.16385
4.163925
4.177175
4.19055
4.193625
4.20255
4.26205
4.270225
4.271575
4.292775
4.303375
4.3052
4.30695
4.31125
4.315175
4.329675
4.34085
4.346325
4.351575
4.361275
4.3669
4.3699
4.375525
4.38235
4.389475
4.397025
4.39875
4.402125
4.40615
4.4133
4.416625
4.41795
4.424675
4.428775
4.43795
4.461375
4.469475
4.482
4.5004
4.51425
4.522125
4.524225
4.5283
4.590075
4.60495
4.60545
4.60605
4.60635
4.6101
4.613675
4.623925
4.627675
4.648
4.648125
4.653225
4.6626
4.6699
4.687425
4.68775
4.6932
4.69865
4.7223
4.7307
4.7353
4.737925
4.739575
4.745525
4.75075
4.763725
4.7774
4.779675
4.803475
4.83535
4.842675
4.875425
4.880075
4.883975
4.901475
4.9027
4.907525
4.914325
4.92435
4.9268
4.932475
4.935375
4.9386
4.944875
4.948
4.952025
4.9703
4.974575
4.9752
4.983725
4.990775
4.991675
4.99215
5.000925
5.003825
5.008725
5.014125
5.01425
5.017275
5.0218
5.034225
5.0901
5.0949
5.100925
5.12265
5.12375
5.12675
5.1324
5.13615
5.20135
5.209125
5.2118
5.21365
5.219875
5.2203
5.2267
5.2276
5.23345
5.2369
5.2423
5.247975
5.248325
5.251125
5.260875
5.2708
5.30705
5.308875
5.317475
5.325525
5.33125
5.331525
5.340875
5.393975
5.40115
5.4015
5.405575
5.42285
5.423725
5.458725
5.5031
5.52775
5.53555
5.56005
5.561425
5.563525
5.5651
5.57065
5.58335
5.588675
5.592675
5.6097
5.61025
5.62345
5.626375
5.629925
5.671875
5.672925
5.683325
5.73795
5.767275
5.773825
5.803975
5.804825
5.806175
5.831625
5.8321
5.8325
5.833375
5.8362
5.858325
5.86025
5.86675
5.868775
5.875425
5.883125
5.89115
5.89555
5.906725
5.922
5.92715
5.929525
5.934
5.939075
5.9453
5.975775
6.02285
6.046525
6.04725
6.07695
6.10695
6.10915
6.110525
6.134425
6.137275
6.15045
6.16155
6.169775
6.187125
6.1874
6.194325
6.195175
6.198625
6.2142
6.225125
6.22975
6.231575
6.23845
6.2865
6.301175
6.30665
6.33865
6.35105
6.3814
6.404825
6.409475
6.4248
6.42535
6.43195
6.437725
6.441175
6.442475
6.44485
6.448875
6.46145
6.467725
6.47835
6.4904
6.5111
6.515475
6.52005
6.527275
6.5288
6.53115
6.57205
6.57905
6.584475
6.60945
6.611725
6.6208
6.63785
6.649425
6.6545
6.665
6.709725
6.7127
6.72445
6.72595
6.726975
6.748425
6.7654
6.767625
6.76935
6.769375
6.772075
6.7732
6.779275
6.7889
6.82385
6.83635
6.922025
6.924625
6.994125
7.002525
7.00275
7.008625
7.0094
7.010725
7.01285
7.036875
7.047
7.05085
7.0602
7.06495
7.07065
7.07875
7.08605
7.088975
7.092975
7.099825
7.099875
7.106225
7.111125
7.115775
7.11745
7.119275
7.1373
7.17215
7.177225
7.187975
7.2078
7.20875
7.264725
7.29455
7.307825
7.3105
7.3179
7.3231
7.325175
7.345525
7.35495
7.37195
7.372425
7.3932
7.4067
7.429625
7.4376
7.438675
7.43935
7.440675
7.44295
7.448
7.448175
7.464125
7.484975
7.485425
7.502925
7.5066
7.52615
7.5351
7.542175
7.5471
7.577425
7.579375
7.61855
7.621075
7.6263
7.62895
7.6511
7.655625
7.668675
7.67765
7.701575
7.70355
7.7157
7.716675
7.71905
7.721875
7.724275
7.735425
7.754675
7.767425
7.789
7.80215
7.8072
7.807975
7.82915
7.849075
7.8811
7.902525
7.903975
7.91175
7.920875
7.926225
7.936025
7.9392
7.93955
7.9466
7.948225
7.948975
7.95685
7.97355
7.976475
7.98
8.00605
8.009425
8.016175
8.021375
8.0254
8.036275
8.04125
8.046325
8.07755
8.0787
8.089
8.090025
8.090525
8.126925
8.1616
8.175675
8.18865
8.202425
8.20845
8.214475
8.2156
8.222625
8.22295
8.22305
8.22325
8.224075
8.227625
8.236175
8.2443
8.2469
8.2531
8.268725
8.28385
8.29015
8.29485
8.31525
8.318625
8.3309
8.34425
8.3569
8.37365
8.387825
8.4131
8.46455
8.4996
8.5057
8.506125
8.514375
8.518925
8.520575
8.525775
8.52775
8.538
8.538525
8.541225
8.5619
8.577275
8.581475
8.588275
8.5958
8.6074
8.625225
8.64005
8.673625
8.687575
8.69335
8.7183
8.720625
8.777925
8.803
8.80855
8.83755
8.838025
8.84775
8.8539
8.8625
8.8771
8.8798
8.8967
8.9299
8.939925
8.978725
8.980675
8.999525
9.01435
9.025125
9.071575
9.09245
816
