0.100325
0.10255
0.108575
0.109825
0.1302
0.13315
0.142875
0.14645
0.14655
0.1626
0.16665
0.168725
0.174225
0.175375
0.182575
0.18935
0.1907
0.203025
0.211825
0.21255
0.225675
0.233225
0.235
0.2558
0.2579
0.258675
0.3874
0.404025
0.40495
0.405525
0.406275
0.418025
0.435075
0.43895
0.4465
0.44905
0.4508
0.46955
0.480775
0.484925
0.48565
0.487075
0.509225
0.51285
0.521525
0.5416
0.56175
0.5731
0.587225
0.643025
0.701475
0.7096
0.70995
0.717925
0.7187
0.723875
0.7258
0.742975
0.749675
0.797875
0.839075
0.850325
0.852325
0.874075
0.876475
0.883225
0.937175
0.9385
0.94615
0.9728
0.98175
1.00305
1.006575
1.026875
1.0274
1.0287
1.044225
1.046425
1.052625
1.07285
1.083025
1.083175
1.0916
1.111425
1.119975
1.12625
1.14405
1.168775
1.184025
1.1916
1.26915
1.2837
1.30195
1.304575
1.305275
1.31475
1.3225
1.3489
1.35615
1.35765
1.3601
1.3922
1.395975
1.397325
1.40705
1.416075
1.4183
1.455975
1.460175
1.472925
1.475275
1.49485
1.502325
1.518175
1.553225
1.56415
1.57055
1.578125
1.5845
1.594325
1.60125
1.6037
1.6061
1.608425
1.6231
1.623975
1.624225
1.63075
1.63405
1.63755
1.639425
1.6539
1.654225
1.67475
1.6873
1.693875
1.6942
1.70285
1.71145
1.72085
1.750025
1.754625
1.763675
1.78325
1.79965
1.898175
1.90505
1.911325
1.915625
1.9164
1.924425
1.929925
1.932725
1.96505
1.975675
1.99625
1.9964
2.0108
2.017375
2.018525
2.019175
2.023275
2.0353
2.059325
2.063075
2.100975
2.15385
2.156175
2.206825
2.2102
2.220775
2.2332
2.24265
2.247275
2.2533
2.266425
2.282425
2.2964
2.305925
2.337275
2.351325
2.36595
2.378975
2.3917
2.40545
2.41595
2.494975
2.504375
2.5097
2.5147
2.545525
2.565275
2.598025
2.598925
2.6096
2.620775
2.630575
2.630675
2.6326
2.657225
2.685875
2.711425
2.7283
2.7328
2.735075
2.78495
2.7941
2.806975
2.82475
2.8354
2.84045
2.855325
2.86
2.86705
2.867075
2.870075
2.870125
2.894575
2.8978
2.916925
2.91815
2.92865
2.946575
2.94785
2.9605
3.012875
3.02745
3.037
3.04705
3.048225
3.12545
3.132325
3.134225
3.1394
3.156325
3.15795
3.1759
3.1818
3.193525
3.198775
3.215875
3.225975
3.2296
3.236225
3.252275
3.254
3.254425
3.2681
3.289575
3.295125
3.332225
3.363775
3.371175
3.387825
3.400075
3.401175
3.427775
3.428025
3.43635
3.438525
3.4445
3.456475
3.46575
3.466475
3.49795
3.49835
3.499225
3.5011
3.503775
3.514975
3.5422
3.5581
3.57085
3.613025
3.613725
3.62385
3.706775
3.71205
3.71635
3.7203
3.733325
3.733375
3.74455
3.753025
3.764125
3.76745
3.77
3.773575
3.778
3.780725
3.791075
3.7944
3.823175
3.838675
3.855675
3.87425
3.8832
3.89495
3.901375
3.914175
3.914275
3.972375
3.9875
3.9878
3.997375
4.0124
4.017625
4.02015
4.02215
4.02385
4.024325
4.0246
4.032525
4.040525
4.042675
4.089
4.091125
4.109225
4.12055
4.121825
4.13075
4.13925
4.1542
4.1547
4.1829
4.187975
4.190125
4.25015
4.25585
4.2938
4.305025
4.3175
4.32375
4.336125
4.339275
4.342325
4.349275
4.374625
4.380125
4.399975
4.43565
4.440025
4.458325
4.459525
4.463175
4.46615
4.4743
4.48725
4.494975
4.5192
4.524775
4.52915
4.539
4.54505
4.601925
4.615425
4.626175
4.627675
4.628125
4.633075
4.637275
4.65405
4.659525
4.664325
4.67385
4.67745
4.69835
4.69925
4.702325
4.7054
4.717375
4.7314
4.734025
4.7357
4.743625
4.751575
4.7663
4.771475
4.80175
4.824425
4.827075
4.893325
4.90265
4.907075
4.910825
4.91745
4.92075
4.921175
4.92445
4.93065
4.94825
4.9574
4.961
4.993225
4.993475
5.002
5.00935
5.009625
5.0144
5.0155
5.020425
5.030975
5.033725
5.034725
5.04535
5.098675
5.10295
5.107575
5.1119
5.12185
5.16485
5.16625
5.20485
5.2065
5.21325
5.214075
5.2147
5.26225
5.262275
5.270025
5.270975
5.274325
5.2781
5.285725
5.288275
5.299875
5.32095
5.328975
5.343925
5.365125
5.367875
5.4033
5.40445
5.41255
5.4157
5.4259
5.43725
5.45555
5.50735
5.51165
5.51555
5.5182
5.544675
5.5497
5.575675
5.577675
5.588925
5.589775
5.5936
5.60575
5.61
5.61335
5.619075
5.6599
5.663075
5.671925
5.686375
5.693475
5.7057
5.719575
5.728375
5.7432
5.757775
5.81245
5.816975
5.82935
5.830875
5.834175
5.84125
5.851175
5.86135
5.863925
5.8773
5.877675
5.883275
5.890375
5.89755
5.93035
5.937725
5.9428
5.94465
5.980825
5.986625
5.988175
6.0114
6.02145
6.03065
6.042875
6.058975
6.0775
6.090075
6.09935
6.104825
6.105375
6.113125
6.12125
6.126775
6.129625
6.129675
6.13675
6.154975
6.157675
6.16105
6.1688
6.174175
6.179825
6.1946
6.195
6.204975
6.211
6.215675
6.228525
6.231625
6.242
6.263175
6.3054
6.317475
6.3235
6.357075
6.4012
6.406825
6.4115
6.41785
6.42725
6.438475
6.456175
6.459775
6.469025
6.4723
6.47855
6.500425
6.5532
6.559425
6.5616
6.5664
6.573375
6.577825
6.657275
6.664825
6.669075
6.6949
6.699375
6.70495
6.7085
6.7116
6.71485
6.71895
6.724875
6.72615
6.727
6.728525
6.738925
6.7568
6.7626
6.77795
6.7982
6.7996
6.822725
6.849925
6.85145
6.852125
6.930625
6.945275
6.967225
6.99715
7.00695
7.009975
7.016675
7.020525
7.0313
7.037825
7.044325
7.044425
7.0452
7.061025
7.0617
7.0677
7.0729
7.086675
7.10565
7.11985
7.1273
7.1333
7.1337
7.1363
7.1509
7.17045
7.174475
7.203075
7.207975
7.217825
7.303425
7.31405
7.314275
7.318325
7.325675
7.3292
7.3328
7.336075
7.35325
7.3631
7.3674
7.370025
7.400425
7.443325
7.45855
7.4598
7.4645
7.46835
7.548
7.5583
7.600925
7.602475
7.606225
7.607425
7.612025
7.617125
7.6173
7.6209
7.621375
7.627425
7.6384
7.661875
7.71725
7.721225
7.72645
7.740125
7.759725
7.865075
7.868975
7.914075
7.917175
7.9191
7.920025
7.9227
7.927175
7.94845
7.953075
7.964675
7.980125
7.9901
8.00245
8.04065
8.04885
8.06395
8.092325
8.09705
8.10195
8.1056
8.121575
8.128875
8.146425
8.167575
8.1812
8.207725
8.2176
8.220825
8.22305
8.22885
8.232025
8.2496
8.26685
8.274575
8.291625
8.321625
8.325725
8.332575
8.33805
8.357425
8.37355
8.388275
8.39615
8.412775
8.421325
8.472775
8.476175
8.486175
8.49615
8.5007
8.50525
8.5217
8.534275
8.5399
8.5414
8.548475
8.564325
8.57005
8.61425
8.632
8.633375
8.641575
8.644175
8.64565
8.65265
8.693025
8.6943
8.730375
8.751075
8.8169
8.823025
8.8298
8.8481
8.850925
8.852775
8.8726
8.9076
8.9225
8.92435
8.966125
8.9693
8.985025
9.009125
9.01075
9.01675
9.049525
9.0619
9.0729
9.083325
718
