0.103625
0.1205
0.121175
0.12135
0.1253
0.126
0.139475
0.14565
0.1483
0.153775
0.154325
0.15815
0.166375
0.17245
0.188775
0.1971
0.199325
0.21645
0.2177
0.2313
0.256525
0.257725
0.269675
0.329975
0.359675
0.365575
0.37695
0.39375
0.412425
0.412525
0.421425
0.423025
0.426675
0.43835
0.44185
0.449725
0.471475
0.479775
0.48445
0.496275
0.497875
0.50015
0.5045
0.51615
0.519125
0.553725
0.55915
0.56045
0.56245
0.574875
0.6011
0.623175
0.648025
0.66885
0.668875
0.7161
0.7201
0.72035
0.721625
0.7285
0.7294
0.732675
0.74245
0.74335
0.77475
0.783425
0.783675
0.788975
0.798825
0.801575
0.805525
0.810125
0.8358
0.842025
0.853575
0.8931
0.893175
0.899025
0.939975
0.95425
0.994725
0.998475
1.001
1.0155
1.0163
1.0329
1.04185
1.048975
1.05735
1.062075
1.076075
1.090575
1.094
1.1238
1.12715
1.162075
1.1746
1.179175
1.19925
1.209925
1.2177
1.22125
1.224175
1.24425
1.262775
1.278125
1.278575
1.29
1.298575
1.307875
1.326025
1.3307
1.335275
1.33715
1.343975
1.3528
1.353
1.36295
1.36405
1.37115
1.378075
1.406575
1.41375
1.414425
1.41445
1.428075
1.431775
1.43445
1.440725
1.47045
1.501225
1.50285
1.53405
1.5756
1.60425
1.612675
1.617275
1.61945
1.627525
1.634625
1.6458
1.65185
1.658175
1.66015
1.66485
1.675675
1.67895
1.6801
1.7036
1.70405
1.71325
1.770575
1.779475
1.7989
1.80565
1.806025
1.808675
1.8185
1.8328
1.83415
1.83975
1.884125
1.916
1.91865
1.920125
1.9355
1.954575
1.95535
1.965875
1.986775
2.001825
2.029075
2.0375
2.055475
2.110175
2.112275
2.11325
2.12795
2.16665
2.202125
2.21265
2.214925
2.220375
2.22535
2.22615
2.23
2.235225
2.2369
2.26545
2.2709
2.3132
2.330225
2.350375
2.366475
2.3803
2.45625
2.469325
2.472575
2.4746
2.496275
2.506375
2.51015
2.513525
2.51645
2.51675
2.516975
2.5243
2.5273
2.528175
2.5313
2.5385
2.5485
2.555425
2.559975
2.581125
2.587075
2.594175
2.61085
2.611975
2.61225
2.6214
2.626675
2.630625
2.634675
2.64105
2.644925
2.647625
2.65185
2.653725
2.659075
2.665575
2.6774
2.684475
2.685775
2.6865
2.703875
2.710775
2.711875
2.74845
2.77215
2.8072
2.811225
2.8141
2.81485
2.819875
2.820225
2.826075
2.828975
2.8368
2.838675
2.8426
2.845525
2.846175
2.8525
2.859375
2.865525
2.86625
2.882925
2.889
2.891075
2.89805
2.8995
2.90325
2.913275
2.9187
2.92935
2.9313
2.94255
2.95935
2.9618
2.9641
3.021275
3.029525
3.09405
3.099975
3.10605
3.108625
3.111825
3.117825
3.117925
3.125975
3.13675
3.156275
3.1615
3.17595
3.185675
3.211
3.214725
3.217325
3.221575
3.2314
3.236
3.2436
3.25225
3.2529
3.277775
3.31405
3.352325
3.35715
3.4054
3.410875
3.427925
3.432
3.4441
3.446975
3.45845
3.4603
3.47965
3.491275
3.501575
3.519975
3.549125
3.57885
3.602125
3.625775
3.62685
3.637325
3.689725
3.694175
3.702975
3.7061
3.71705
3.724825
3.72985
3.749925
3.7501
3.754925
3.766775
3.7728
3.7748
3.790325
3.80075
3.80365
3.81485
3.830525
3.8354
3.8518
3.86585
3.86625
3.951825
4.00845
4.011625
4.046225
4.0464
4.049225
4.050825
4.053125
4.138775
4.1416
4.162375
4.19735
4.2081
4.210325
4.21525
4.226
4.226325
4.26055
4.295025
4.30785
4.307875
4.313825
4.324675
4.3344
4.342875
4.355275
4.35785
4.3641
4.3645
4.372975
4.374125
4.374525
4.374875
4.377325
4.380675
4.387725
4.392925
4.400175
4.40755
4.416025
4.44205
4.4424
4.4625
4.5215
4.52385
4.542625
4.563325
4.574525
4.6052
4.605525
4.607125
4.607775
4.616125
4.616525
4.62215
4.624475
4.625725
4.63335
4.639925
4.640175
4.6423
4.65745
4.672225
4.6829
4.6868
4.706375
4.70645
4.7116
4.7128
4.730825
4.74935
4.7534
4.7693
4.769775
4.775425
4.78285
4.79775
4.799025
4.809675
4.8505
4.874075
4.903925
4.9049
4.914175
4.9308
4.93085
4.936125
4.938625
4.9404
4.94525
4.95015
4.971275
4.979725
4.988425
5.007425
5.014675
5.036825
5.0397
5.065625
5.09105
5.094375
5.110925
5.126475
5.133025
5.137575
5.159425
5.16925
5.169975
5.211225
5.221375
5.233325
5.233525
5.239725
5.241175
5.255
5.258375
5.2606
5.2694
5.28
5.2944
5.32845
5.37365
5.396975
5.48375
5.50305
5.51245
5.51865
5.53815
5.53975
5.539925
5.5413
5.54395
5.548375
5.55145
5.56505
5.5864
5.586775
5.58705
5.604225
5.604425
5.609675
5.623875
5.634375
5.64805
5.65815
5.67735
5.679425
5.69355
5.705325
5.76235
5.7711
5.80045
5.81055
5.8126
5.821325
5.824075
5.83355
5.837725
5.8402
5.851925
5.853475
5.864875
5.868575
5.874825
5.87645
5.879125
5.882525
5.88785
5.92485
5.926325
5.931225
5.974775
6.045025
6.103875
6.107325
6.1102
6.1138
6.122275
6.1289
6.13375
6.145025
6.148325
6.151925
6.1574
6.17645
6.181075
6.1943
6.19695
6.206225
6.2129
6.228225
6.241975
6.261525
6.28415
6.2842
6.2878
6.3289
6.3303
6.33155
6.33715
6.35895
6.361925
6.3693
6.4016
6.404025
6.416425
6.41995
6.42115
6.427825
6.43255
6.433225
6.442925
6.444975
6.45595
6.4604
6.472
6.4802
6.4868
6.50545
6.5072
6.519575
6.52
6.5669
6.5738
6.585375
6.594125
6.619675
6.647525
6.65985
6.666525
6.670425
6.67205
6.679475
6.7116
6.717875
6.720075
6.7257
6.732975
6.7358
6.736575
6.741875
6.7424
6.7498
6.7531
6.767575
6.769275
6.7704
6.773275
6.790425
6.8013
6.811975
6.816475
6.824525
6.840475
6.852925
6.858875
6.8615
6.865675
6.86805
6.880075
6.884075
6.88525
6.88935
6.898825
6.911375
6.93355
6.946375
6.95795
7.0113
7.022125
7.034575
7.03625
7.036975
7.04145
7.0612
7.062625
7.064425
7.072175
7.073075
7.07645
7.077525
7.07845
7.08095
7.0858
7.101375
7.1189
7.135525
7.15975
7.166275
7.1731
7.1835
7.19345
7.21855
7.29395
7.30985
7.312275
7.320625
7.3219
7.328975
7.349475
7.36065
7.376725
7.3824
7.4075
7.4268
7.429925
7.436175
7.460125
7.469
7.47475
7.4989
7.51635
7.525275
7.58075
7.58575
7.601075
7.603325
7.6052
7.612825
7.615325
7.63215
7.64575
7.6463
7.659375
7.664975
7.687075
7.694525
7.6947
7.7037
7.713025
7.7356
7.748925
7.75915
7.762975
7.76655
7.8085
7.84295
7.85315
7.859675
7.87185
7.874625
7.89815
7.907875
7.912975
7.919975
7.92565
7.94105
7.942975
7.944225
7.948875
7.95165
7.955075
7.958675
7.96735
7.984875
7.992975
8.0139
8.0183
8.028925
8.040875
8.04315
8.0537
8.054475
8.06675
8.07625
8.09755
8.111625
8.1232
8.128575
8.129125
8.143525
8.1556
8.17935
8.17945
8.18405
8.200925
8.203825
8.21185
8.216
8.21635
8.2258
8.234225
8.2468
8.253625
8.268175
8.279275
8.288925
8.294225
8.29465
8.297675
8.35505
8.355875
8.35615
8.35935
8.365425
8.38515
8.404225
8.456025
8.46565
8.50975
8.511775
8.5271
8.531275
8.538975
8.547425
8.54885
8.561025
8.56375
8.567025
8.56755
8.578925
8.593175
8.61555
8.62395
8.63365
8.68945
8.695925
8.700475
8.70095
8.7173
8.7499
8.75265
8.755175
8.786175
8.791825
8.801025
8.801875
8.802075
8.80575
8.80755
8.813875
8.817
8.817675
8.81895
8.821675
8.82175
8.8277
8.831175
8.840625
8.841825
8.8576
8.86575
8.872275
8.873375
8.87985
8.900175
8.91715
8.9212
8.94885
8.966525
8.995675
8.9996
9.019925
9.0257
9.03095
9.056225
9.069825
9.095
9.099525
9.099775
799
