0.00585
0.100075
0.105
0.105075
0.112425
0.117525
0.121525
0.125
0.1353
0.1524
0.17555
0.186575
0.194075
0.216125
0.221225
0.226175
0.2266
0.2352
0.2375
0.24565
0.247475
0.25265
0.2638
0.272425
0.274475
0.2874
0.304125
0.32205
0.3308
0.355675
0.390625
0.4026
0.404275
0.409275
0.43795
0.44535
0.454475
0.47085
0.4783
0.482275
0.4939
0.50925
0.51595
0.52655
0.53375
0.5384
0.5393
0.5402
0.56025
0.58395
0.589275
0.614025
0.63515
0.63675
0.641025
0.6434
0.65375
0.6804
0.7021
0.702875
0.703525
0.704075
0.70455
0.71425
0.71675
0.72115
0.72325
0.730075
0.732525
0.73755
0.7444
0.744575
0.745325
0.745975
0.749475
0.76755
0.770875
0.77335
0.821675
0.9219
0.9261
0.932625
0.93345
0.9465
0.964825
1.006025
1.009625
1.019
1.01985
1.038575
1.0442
1.0449
1.04715
1.0549
1.058575
1.059775
1.0857
1.09215
1.09925
1.101475
1.1054
1.107075
1.112625
1.112825
1.11525
1.1155
1.13715
1.145575
1.173375
1.1824
1.1899
1.22735
1.248325
1.265975
1.288425
1.310625
1.312
1.325925
1.3364
1.344975
1.3505
1.3514
1.35935
1.36005
1.3632
1.37675
1.386575
1.3915
1.392675
1.40515
1.423725
1.468125
1.471
1.482375
1.506925
1.511825
1.52305
1.526675
1.550375
1.610975
1.6153
1.61585
1.638825
1.64485
1.65215
1.652525
1.669025
1.711075
1.711525
1.72985
1.752225
1.7703
1.85425
1.881275
1.896675
1.907025
1.91205
1.912875
1.9171
1.924175
1.9382
1.945125
1.957875
1.9594
1.965725
1.96745
1.9952
2.014225
2.0205
2.059925
2.0621
2.11275
2.177825
2.1834
2.2058
2.228875
2.2341
2.23745
2.23865
2.24305
2.246875
2.249725
2.258375
2.300625
2.303975
2.309025
2.327725
2.3384
2.345725
2.348775
2.371425
2.4294
2.4398
2.4574
2.49575
2.5024
2.505825
2.509275
2.510475
2.512425
2.512775
2.52545
2.53075
2.5522
2.552975
2.566425
2.566575
2.5735
2.59335
2.6014
2.60565
2.608125
2.611175
2.6225
2.62275
2.6525
2.6846
2.704975
2.714075
2.726825
2.735275
2.74855
2.803825
2.813125
2.826175
2.82705
2.82735
2.839475
2.844775
2.846625
2.84885
2.862075
2.884075
2.88885
2.8978
2.905275
2.90665
2.921375
2.92665
2.988
3.019775
3.03165
3.0419
3.0655
3.074325
3.085975
3.1119
3.12295
3.1493
3.150225
3.154325
3.15435
3.16135
3.16575
3.171025
3.1733
3.18555
3.18855
3.19235
3.195175
3.216225
3.21815
3.22015
3.22195
3.22745
3.251075
3.251575
3.2549
3.258725
3.26145
3.2702
3.32385
3.3585
3.3898
3.392225
3.4082
3.420325
3.42385
3.427625
3.43315
3.438725
3.441925
3.455525
3.460425
3.463225
3.4676
3.467925
3.4743
3.482525
3.498625
3.50395
3.511125
3.51355
3.51505
3.517075
3.547625
3.5518
3.566675
3.593275
3.618275
3.618625
3.628975
3.63355
3.659125
3.672325
3.68845
3.691825
3.70005
3.7003
3.701825
3.7154
3.72465
3.730175
3.765275
3.767175
3.770575
3.77215
3.77675
3.777175
3.78625
3.79915
3.803025
3.80355
3.804875
3.8278
3.82965
3.844875
3.8641
3.86515
3.8653
3.871975
3.87325
3.87835
3.89555
3.90445
3.99455
4.025575
4.0263
4.02715
4.036375
4.041725
4.04605
4.05305
4.066
4.0681
4.0802
4.0903
4.0978
4.114475
4.139475
4.145475
4.162175
4.1921
4.20195
4.210175
4.234425
4.2364
4.24085
4.263725
4.30195
4.303025
4.305475
4.30795
4.31165
4.3183
4.32475
4.33505
4.3497
4.353875
4.35435
4.429625
4.432725
4.444175
4.479975
4.480825
4.490775
4.52345
4.526375
4.556875
4.57665
4.578875
4.6033
4.61955
4.61965
4.633775
4.6345
4.645725
4.647575
4.64925
4.661675
4.662975
4.666875
4.6698
4.678175
4.72105
4.739625
4.7411
4.763975
4.769075
4.782875
4.808875
4.809425
4.81595
4.817375
4.827275
4.82855
4.8437
4.8482
4.8757
4.88695
4.904275
4.905275
4.90755
4.9114
4.91205
4.92375
4.92395
4.9245
4.92725
4.934525
4.941775
4.94555
4.94935
4.9532
4.968775
4.9735
4.97855
4.9842
4.99275
4.99785
4.998975
5.019
5.02135
5.024325
5.025875
5.036625
5.037075
5.0526
5.079475
5.09075
5.108575
5.131175
5.163925
5.19845
5.213725
5.219775
5.2243
5.23155
5.235625
5.26815
5.2721
5.2979
5.308125
5.308975
5.317475
5.3349
5.3479
5.37705
5.379275
5.42315
5.4371
5.438125
5.4441
5.449375
5.458775
5.4763
5.500975
5.5097
5.512375
5.515525
5.525
5.5295
5.531875
5.536625
5.536775
5.54335
5.553575
5.555775
5.566325
5.586275
5.592375
5.59715
5.602575
5.623725
5.6299
5.641625
5.647025
5.664725
5.6774
5.690775
5.697875
5.781725
5.78865
5.8007
5.808225
5.815375
5.8365
5.836525
5.83725
5.869975
5.877625
5.879475
5.892975
5.907275
5.92595
5.926375
5.941025
5.947625
5.965225
5.970225
6.01235
6.01835
6.0274
6.047425
6.057275
6.1028
6.114275
6.119025
6.11955
6.120075
6.120925
6.1344
6.1484
6.163125
6.172225
6.174275
6.17545
6.179475
6.179975
6.1819
6.18655
6.208425
6.20995
6.237825
6.25625
6.260775
6.2609
6.26345
6.280825
6.297325
6.33035
6.3517
6.365125
6.3928
6.409775
6.4113
6.4145
6.419875
6.420025
6.430175
6.440275
6.449475
6.449975
6.450225
6.452775
6.4634
6.46805
6.48795
6.502125
6.51055
6.538925
6.55335
6.6305
6.648175
6.655375
6.7107
6.7124
6.72315
6.7232
6.72525
6.72565
6.7294
6.7354
6.73735
6.74755
6.76185
6.775475
6.776675
6.779
6.782675
6.790175
6.800175
6.80735
6.8106
6.811025
6.824825
6.8283
6.8316
6.832375
6.8364
6.8406
6.842075
6.89945
6.910225
6.9241
6.94195
7.007225
7.01275
7.01735
7.022375
7.030575
7.0318
7.03365
7.036225
7.040075
7.047475
7.0491
7.0584
7.062675
7.077575
7.079075
7.081475
7.095275
7.098675
7.1185
7.1296
7.13695
7.1425
7.1434
7.146
7.16055
7.168025
7.173275
7.18115
7.231575
7.2406
7.24105
7.242525
7.245975
7.250225
7.272875
7.2927
7.303475
7.309275
7.324675
7.327425
7.32915
7.346725
7.3663
7.369675
7.37345
7.392525
7.402825
7.4276
7.438375
7.444025
7.45895
7.46085
7.487525
7.495725
7.540075
7.5512
7.56865
7.576725
7.60315
7.61005
7.6156
7.618425
7.620925
7.6266
7.6367
7.637275
7.6613
7.66485
7.677
7.6799
7.707
7.70945
7.724775
7.7314
7.732275
7.75155
7.7935
7.808075
7.8674
7.876475
7.900925
7.904725
7.90975
7.914125
7.91665
7.9248
7.9293
7.930625
7.933575
7.94345
7.9553
7.96585
7.969975
7.9889
8.0272
8.064475
8.07175
8.085825
8.0859
8.103075
8.10505
8.1676
8.20325
8.220425
8.223425
8.253575
8.263375
8.2795
8.282575
8.298825
8.300175
8.315425
8.3255
8.330875
8.335575
8.341675
8.371325
8.381025
8.3868
8.3913
8.39345
8.39465
8.414075
8.4485
8.4547
8.483175
8.516875
8.519375
8.52235
8.538225
8.54075
8.542575
8.5512
8.558325
8.5664
8.6217
8.632425
8.644075
8.6837
8.698425
8.7026
8.711725
8.723675
8.805425
8.8078
8.80855
8.809425
8.820325
8.828075
8.852125
8.861225
8.863475
8.880075
8.88085
8.881
8.884425
8.88535
8.8977
8.899025
8.899675
8.902575
8.906125
8.906625
8.91435
8.917825
8.922775
8.9283
8.945975
9.034175
9.03425
9.05155
9.074375
768
