0.109125
0.11485
0.11795
0.129425
0.133475
0.135625
0.14875
0.15275
0.15955
0.159675
0.178175
0.1804
0.181175
0.20445
0.208475
0.2196
0.238925
0.2652
0.265675
0.271225
0.287775
0.291075
0.334
0.362475
0.39325
0.408625
0.4188
0.420825
0.4229
0.431025
0.431675
0.434225
0.44925
0.45075
0.456125
0.457625
0.4632
0.480225
0.48445
0.4884
0.497075
0.5006
0.536125
0.54245
0.5781
0.583125
0.5959
0.6058
0.606475
0.6784
0.70605
0.7095
0.709725
0.711975
0.722125
0.727225
0.728325
0.73075
0.73335
0.735475
0.746525
0.752675
0.7529
0.759375
0.762925
0.767325
0.7687
0.7751
0.78905
0.8018
0.816375
0.822325
0.824875
0.83045
0.86245
0.875575
0.892675
0.92975
0.951275
0.9645
1.004875
1.013575
1.02135
1.0363
1.0393
1.05575
1.0795
1.106225
1.109775
1.110625
1.113325
1.13825
1.145175
1.151825
1.188925
1.190575
1.209875
1.240325
1.268725
1.28745
1.30165
1.30555
1.317725
1.329825
1.335
1.3473
1.3487
1.354075
1.35565
1.360675
1.36115
1.364825
1.367225
1.39
1.404275
1.411525
1.4169
1.422725
1.426575
1.431925
1.444575
1.450725
1.4725
1.47255
1.473975
1.476475
1.488175
1.542825
1.556775
1.5576
1.601775
1.60345
1.608475
1.6116
1.611875
1.61195
1.61325
1.6257
1.626975
1.630725
1.63235
1.63405
1.6408
1.6499
1.65525
1.66375
1.669925
1.672875
1.67705
1.691275
1.6966
1.7063
1.71135
1.727175
1.76445
1.77525
1.786025
1.826125
1.82695
1.870375
1.900575
1.9022
1.9078
1.909575
1.9107
1.9111
1.926975
1.96105
1.963825
1.9649
1.984375
1.999825
2.0067
2.009375
2.0159
2.01895
2.03245
2.037675
2.06795
2.090975
2.11615
2.126825
2.2012
2.201875
2.20295
2.20445
2.2124
2.2199
2.2269
2.23065
2.243525
2.251025
2.253425
2.25525
2.270075
2.2721
2.28395
2.303225
2.305825
2.3575
2.381525
2.397975
2.406725
2.413525
2.417575
2.459225
2.46945
2.478475
2.484125
2.488875
2.497
2.502425
2.503175
2.50925
2.509525
2.51005
2.510275
2.5138
2.51735
2.522875
2.523725
2.537975
2.54485
2.5575
2.56575
2.5874
2.59255
2.5954
2.6021
2.6074
2.614725
2.633125
2.64205
2.649575
2.66105
2.664175
2.679825
2.691575
2.6962
2.707375
2.72215
2.73665
2.767625
2.77115
2.7717
2.78225
2.785525
2.790025
2.7928
2.80015
2.8154
2.8182
2.8256
2.83605
2.863725
2.865525
2.86935
2.877025
2.87885
2.88365
2.8923
2.8947
2.9072
2.913125
2.913775
2.915475
2.92785
2.9313
2.94475
2.953525
2.969475
2.98645
3.027425
3.0325
3.037025
3.103625
3.1047
3.109275
3.116675
3.1252
3.12745
3.1388
3.150375
3.158425
3.174225
3.1868
3.1901
3.21255
3.220925
3.231175
3.23555
3.2553
3.260075
3.31065
3.379175
3.39155
3.400325
3.40115
3.4176
3.42165
3.43015
3.4323
3.43435
3.4344
3.439375
3.446675
3.448975
3.4493
3.469
3.469825
3.486875
3.49065
3.4984
3.505575
3.522025
3.52965
3.53325
3.551775
3.556975
3.563675
3.574575
3.58245
3.58865
3.598925
3.62505
3.629025
3.63435
3.63725
3.658825
3.688425
3.710025
3.71405
3.7153
3.7175
3.719875
3.724075
3.727575
3.729
3.730625
3.7319
3.749575
3.759175
3.772725
3.798225
3.7989
3.812575
3.81785
3.8184
3.8191
3.8211
3.848325
3.858075
3.878525
3.90105
3.908375
3.921025
3.94785
3.991175
4.018
4.018375
4.018875
4.025025
4.0304
4.032175
4.036075
4.03745
4.0406
4.04105
4.0414
4.0538
4.0542
4.059775
4.062925
4.064125
4.06705
4.0796
4.084575
4.090875
4.0927
4.10125
4.116925
4.117275
4.130925
4.13405
4.145925
4.149775
4.158225
4.1595
4.19115
4.205475
4.2534
4.288075
4.30575
4.30945
4.320725
4.338
4.3387
4.341775
4.346875
4.352175
4.39525
4.40175
4.418375
4.425925
4.426275
4.428125
4.452175
4.480525
4.484575
4.5001
4.526625
4.5977
4.607325
4.60935
4.631925
4.633575
4.6541
4.657325
4.669825
4.6752
4.682025
4.701725
4.703275
4.71585
4.718925
4.720675
4.7256
4.72795
4.75
4.771975
4.774325
4.8183
4.84985
4.856575
4.8764
4.88615
4.905225
4.914825
4.917175
4.9293
4.940425
4.95005
4.954925
5.0123
5.02435
5.0582
5.062025
5.106575
5.115925
5.1709
5.171
5.183675
5.215275
5.219975
5.226675
5.227925
5.239625
5.24
5.248825
5.253325
5.2693
5.28235
5.2872
5.3025
5.302575
5.314125
5.316525
5.33435
5.34855
5.368625
5.375375
5.398825
5.416725
5.427725
5.445325
5.454625
5.455575
5.467675
5.4807
5.50035
5.500425
5.514525
5.52235
5.52665
5.5473
5.552675
5.5548
5.557175
5.558725
5.5639
5.564075
5.585375
5.5912
5.5931
5.596675
5.5971
5.61495
5.684325
5.6937
5.69875
5.705325
5.708825
5.72145
5.74545
5.774875
5.7752
5.79615
5.815525
5.82415
5.829675
5.840725
5.842
5.86155
5.88175
5.8913
5.929
5.931175
5.93455
5.937225
5.947325
5.9488
5.950925
5.958125
5.95885
5.97505
5.97905
5.98425
6.007425
6.0229
6.0253
6.056825
6.069475
6.0934
6.1051
6.1115
6.11655
6.128475
6.1292
6.135325
6.13745
6.144675
6.1488
6.153725
6.15535
6.166775
6.166975
6.17615
6.17965
6.192175
6.200375
6.203575
6.213725
6.218225
6.226475
6.290175
6.298825
6.378475
6.40455
6.415675
6.4193
6.423825
6.423925
6.425125
6.42825
6.4537
6.469425
6.47785
6.490475
6.4956
6.5077
6.57295
6.5763
6.57745
6.59515
6.5987
6.5994
6.622675
6.70115
6.70565
6.7106
6.7239
6.732525
6.7515
6.7585
6.759325
6.762225
6.7675
6.77055
6.7733
6.7882
6.7964
6.804325
6.80765
6.81275
6.81785
6.820825
6.825575
6.8897
6.8908
6.90785
6.9152
6.917725
6.931625
6.99235
7.0025
7.01305
7.01455
7.0159
7.024725
7.02475
7.034275
7.0389
7.049675
7.050125
7.0572
7.06255
7.07855
7.084375
7.09575
7.102675
7.1338
7.15025
7.15425
7.16815
7.1689
7.17085
7.20055
7.20135
7.206825
7.228375
7.23715
7.240925
7.3026
7.3041
7.3119
7.317325
7.321425
7.3346
7.36465
7.377275
7.37955
7.390225
7.4365
7.438675
7.45585
7.464075
7.470175
7.499
7.54085
7.54755
7.5483
7.56105
7.581875
7.586225
7.602875
7.6077
7.612175
7.6219
7.630825
7.639325
7.640225
7.640675
7.648725
7.6492
7.6592
7.66395
7.6662
7.68265
7.70615
7.825425
7.875125
7.884375
7.8904
7.89075
7.893675
7.91005
7.910125
7.932225
7.9381
7.95705
7.958625
7.962125
7.963625
7.969125
7.981925
7.986025
7.992875
7.996175
8.0018
8.00305
8.0042
8.0182
8.01985
8.020875
8.032
8.07595
8.08085
8.0846
8.087425
8.093775
8.112725
8.215
8.215275
8.220825
8.222
8.2575
8.261125
8.2647
8.267275
8.27835
8.279625
8.28905
8.29205
8.32795
8.33045
8.340225
8.359875
8.373
8.432475
8.43825
8.45125
8.4774
8.504075
8.508475
8.50935
8.5095
8.51385
8.5194
8.52055
8.525325
8.52535
8.5319
8.5335
8.534375
8.5372
8.540825
8.5583
8.564525
8.577125
8.579025
8.592975
8.602375
8.61165
8.624725
8.6571
8.6778
8.70745
8.71035
8.712425
8.7178
8.7194
8.7272
8.7405
8.803675
8.805675
8.806625
8.81475
8.81675
8.8216
8.82705
8.829025
8.832425
8.8373
8.85085
8.8585
8.862175
8.88665
8.8965
8.90855
8.908875
8.91175
8.9289
8.932475
8.93575
8.942625
8.9571
8.95905
8.9658
8.986075
8.9923
9.0044
9.0252
9.0489
9.0659
784
