0.02145
0.104475
0.106875
0.112825
0.11305
0.114225
0.11485
0.1155
0.121175
0.122
0.129175
0.1311
0.13625
0.136275
0.13885
0.152825
0.153875
0.15415
0.154425
0.15655
0.1622
0.167975
0.1784
0.179225
0.183425
0.185225
0.18795
0.19255
0.1945
0.206775
0.21705
0.21975
0.22445
0.229825
0.25435
0.27485
0.2866
0.387275
0.3962
0.40155
0.40225
0.408025
0.40825
0.4188
0.4219
0.422975
0.423275
0.43025
0.43105
0.4388
0.44055
0.468125
0.471075
0.477425
0.479
0.486575
0.49005
0.49375
0.501725
0.5161
0.53405
0.554325
0.555125
0.556075
0.55715
0.5756
0.59195
0.607575
0.66355
0.7023
0.702775
0.706275
0.716475
0.720375
0.720675
0.732825
0.73435
0.734775
0.748525
0.754525
0.776
0.7794
0.79435
0.7976
0.82535
0.829525
0.830725
0.834175
0.843925
0.859225
0.866325
0.870275
0.88755
0.8922
0.91135
0.916725
0.929525
0.937575
0.95385
0.963175
0.993
1.007925
1.008275
1.011175
1.0138
1.015575
1.017325
1.0187
1.02095
1.021125
1.025525
1.034675
1.0551
1.0581
1.05945
1.069225
1.08215
1.084925
1.09485
1.10275
1.108525
1.11605
1.116825
1.11845
1.1416
1.197125
1.2059
1.213025
1.221125
1.243
1.27365
1.277625
1.287475
1.300775
1.324225
1.3276
1.386375
1.39795
1.4165
1.431075
1.43295
1.446775
1.44765
1.5545
1.557025
1.560625
1.60235
1.605775
1.608
1.611975
1.62055
1.6279
1.629125
1.637275
1.6407
1.68685
1.68905
1.69035
1.698475
1.70305
1.718825
1.73565
1.816275
1.8282
1.8491
1.85465
1.8975
1.903125
1.903825
1.903875
1.90605
1.924725
1.94765
1.9494
1.9744
1.9746
1.977475
1.99575
1.9982
2.0316
2.04215
2.04565
2.084575
2.101475
2.135575
2.164325
2.17085
2.200275
2.201
2.2058
2.2063
2.206375
2.207475
2.2273
2.237625
2.24155
2.25885
2.272875
2.280425
2.319325
2.327275
2.333125
2.34285
2.352725
2.35845
2.372125
2.38005
2.38065
2.383275
2.41515
2.428625
2.433375
2.443525
2.45145
2.45755
2.50615
2.507475
2.511525
2.514
2.515875
2.54715
2.549075
2.551475
2.556225
2.556925
2.562075
2.573
2.585725
2.5864
2.60845
2.60975
2.62535
2.643275
2.647675
2.654375
2.6637
2.66695
2.6839
2.761275
2.769025
2.815575
2.82005
2.8205
2.8261
2.828625
2.836125
2.84285
2.87135
2.87925
2.88155
2.88365
2.88395
2.88815
2.915625
2.9165
2.937925
2.9605
2.984425
2.9981
3.00715
3.0164
3.0183
3.04385
3.055175
3.081875
3.086675
3.0923
3.10075
3.107875
3.10965
3.11925
3.123275
3.12455
3.143575
3.147075
3.16065
3.176475
3.1784
3.182225
3.193375
3.23445
3.276
3.28835
3.3058
3.313725
3.3245
3.351
3.35765
3.400325
3.404825
3.4068
3.4288
3.432475
3.44375
3.4785
3.480575
3.494
3.5
3.506775
3.524825
3.5357
3.544575
3.550625
3.57885
3.583925
3.58695
3.60565
3.632975
3.641625
3.6623
3.668575
3.690175
3.702625
3.70725
3.7073
3.711175
3.72555
3.7275
3.755975
3.75735
3.7748
3.780575
3.79405
3.8055
3.806675
3.808325
3.81995
3.820775
3.8248
3.831625
3.83375
3.852025
3.878825
3.91675
3.94475
3.963175
3.98825
4.0025
4.0044
4.008025
4.00945
4.01345
4.013575
4.019525
4.0263
4.0284
4.03105
4.033675
4.041475
4.044375
4.0456
4.0528
4.07465
4.08715
4.131875
4.13525
4.194625
4.19695
4.27465
4.2831
4.30015
4.3041
4.31495
4.325425
4.337
4.348025
4.3491
4.34965
4.356125
4.3649
4.365625
4.37195
4.3808
4.3851
4.41335
4.4155
4.468325
4.47895
4.49825
4.50785
4.5113
4.51335
4.532475
4.545025
4.557525
4.57895
4.59845
4.60565
4.60795
4.60995
4.61075
4.620775
4.623375
4.6438
4.648375
4.700525
4.704475
4.709325
4.71655
4.718575
4.71945
4.726775
4.73105
4.733975
4.735875
4.7549
4.757675
4.757875
4.79215
4.811325
4.8426
4.862225
4.868575
4.87665
4.888225
4.90545
4.9073
4.90875
4.918925
4.9276
4.9404
4.94965
4.956375
4.957475
4.959875
4.96205
4.996075
5.0035
5.004
5.009475
5.01145
5.02485
5.030025
5.05355
5.0652
5.0692
5.0853
5.098775
5.119525
5.1357
5.14865
5.155775
5.201075
5.2055
5.209075
5.223375
5.224975
5.23325
5.233875
5.241875
5.245075
5.2545
5.2695
5.271375
5.275175
5.286275
5.30605
5.307275
5.311525
5.31345
5.319625
5.327025
5.33295
5.3342
5.337775
5.340325
5.3604
5.4123
5.41685
5.4305
5.437525
5.440675
5.50425
5.50505
5.517775
5.520825
5.531375
5.538575
5.54815
5.55995
5.566875
5.573175
5.57785
5.580975
5.591525
5.599275
5.5996
5.629075
5.6382
5.66465
5.67245
5.680575
5.68935
5.70475
5.717275
5.7256
5.7415
5.749225
5.754975
5.803175
5.8171
5.820325
5.834475
5.84105
5.84735
5.8626
5.869725
5.87445
5.87615
5.8792
5.898225
5.8986
5.9106
5.918275
5.932475
5.948275
5.959275
5.97605
5.976225
5.9856
5.987175
6.0321
6.037025
6.041075
6.0443
6.057075
6.085725
6.090825
6.10805
6.11715
6.122425
6.138175
6.145625
6.150475
6.15135
6.152825
6.157725
6.160625
6.174225
6.175425
6.176675
6.179175
6.179675
6.200525
6.2138
6.21995
6.22015
6.2266
6.2321
6.2403
6.295775
6.300625
6.30665
6.3188
6.33215
6.36055
6.38045
6.38585
6.400125
6.401625
6.403025
6.405875
6.414425
6.426175
6.426375
6.42795
6.429025
6.437675
6.438825
6.445575
6.4598
6.4663
6.46685
6.488825
6.506125
6.510425
6.515125
6.526525
6.528225
6.53265
6.5862
6.586475
6.592075
6.59785
6.6003
6.604125
6.6134
6.617375
6.624275
6.650475
6.660675
6.703125
6.7075
6.71075
6.71415
6.716525
6.726025
6.72705
6.7334
6.733475
6.73415
6.740225
6.740675
6.7468
6.75685
6.7763
6.79865
6.810975
6.816825
6.817975
6.82575
6.826775
6.8306
6.83245
6.835875
6.838
6.841875
6.857125
6.864475
6.986175
7.009475
7.016025
7.0331
7.038925
7.05285
7.061475
7.06645
7.067775
7.072625
7.0811
7.086375
7.1143
7.116025
7.1316
7.1422
7.143275
7.24115
7.257425
7.287225
7.301075
7.301525
7.314975
7.31975
7.3273
7.3441
7.35935
7.363425
7.365075
7.3828
7.399725
7.4017
7.403
7.405525
7.410675
7.4224
7.430625
7.436325
7.467475
7.515625
7.532675
7.56875
7.59195
7.602925
7.60595
7.606675
7.609775
7.615275
7.616125
7.629725
7.630875
7.6326
7.63505
7.6357
7.64705
7.64935
7.650075
7.65035
7.65415
7.660325
7.66775
7.67015
7.6738
7.67845
7.70455
7.7096
7.724275
7.7267
7.738925
7.74985
7.771
7.806625
7.832625
7.89445
7.90635
7.918675
7.9215
7.924725
7.9286
7.93085
7.949675
7.96005
7.976775
8.014175
8.0232
8.043625
8.053575
8.055475
8.056525
8.059125
8.065175
8.070625
8.10445
8.119325
8.1223
8.125075
8.133275
8.14465
8.148
8.160175
8.162925
8.198525
8.206725
8.209
8.2095
8.21015
8.211
8.227775
8.2371
8.252575
8.252925
8.253575
8.26135
8.261425
8.2683
8.2689
8.2784
8.298025
8.305925
8.315075
8.317425
8.365925
8.366225
8.368525
8.4188
8.422225
8.432375
8.446425
8.4562
8.47285
8.5126
8.513625
8.5243
8.525375
8.52765
8.534675
8.5359
8.54175
8.5421
8.548275
8.55085
8.57195
8.587
8.589975
8.591075
8.6117
8.61605
8.6383
8.64575
8.664525
8.684775
8.704725
8.716425
8.741
8.76025
8.774825
8.79305
8.805225
8.8212
8.82365
8.827175
8.8306
8.853125
8.865625
8.867975
8.911
8.914675
8.915825
8.9424
8.9635
8.96555
8.96675
8.96705
8.9683
8.979025
8.9881
8.994925
8.994975
9.0038
9.0091
9.01215
800
