0.1017
0.1021
0.1322
0.14165
0.157075
0.160725
0.163675
0.173825
0.1765
0.1828
0.20125
0.218
0.2268
0.243675
0.253975
0.2552
0.2562
0.26575
0.265925
0.269625
0.272025
0.283325
0.318775
0.33095
0.342675
0.403125
0.407525
0.41065
0.41495
0.41775
0.426075
0.428925
0.451625
0.479025
0.48345
0.49095
0.49645
0.507725
0.5127
0.524975
0.531525
0.53445
0.5516
0.559925
0.584425
0.5896
0.60645
0.620225
0.6679
0.6969
0.700825
0.70625
0.70725
0.708475
0.71395
0.72135
0.7227
0.72605
0.72845
0.748725
0.750675
0.75425
0.755725
0.762575
0.768125
0.775675
0.778975
0.7899
0.798925
0.800675
0.810375
0.82345
0.832075
0.85475
0.859675
0.861525
0.862925
0.865
0.879175
0.891925
0.91355
0.921725
0.926475
0.934475
1.00035
1.00195
1.003525
1.0068
1.013575
1.019925
1.02015
1.034475
1.046475
1.047225
1.05275
1.053075
1.06925
1.0713
1.079825
1.081225
1.099525
1.13295
1.1418
1.176625
1.181975
1.1954
1.2417
1.260275
1.266075
1.27955
1.286725
1.312375
1.3134
1.315775
1.3222
1.32495
1.3252
1.327675
1.33405
1.337125
1.338425
1.340125
1.342075
1.343175
1.34335
1.345325
1.353525
1.35925
1.36395
1.3723
1.375525
1.377325
1.381175
1.381275
1.384125
1.387525
1.39085
1.4011
1.4319
1.434625
1.458425
1.4716
1.5437
1.555225
1.602425
1.6036
1.6053
1.614325
1.61695
1.635
1.635075
1.638475
1.6434
1.64935
1.651725
1.6523
1.655675
1.6647
1.67415
1.67705
1.691675
1.69775
1.704875
1.7348
1.740925
1.747625
1.748675
1.752525
1.772125
1.82555
1.8532
1.891
1.91435
1.931375
1.933025
1.94295
1.95205
1.953825
1.955675
1.956425
1.95975
1.9635
1.97345
1.975025
1.977075
1.985975
1.987525
1.998675
2.019425
2.04505
2.046175
2.054
2.05885
2.08715
2.1383
2.20005
2.206425
2.212625
2.215925
2.227925
2.2367
2.238225
2.244275
2.259925
2.266175
2.2754
2.292475
2.293925
2.295575
2.2984
2.3171
2.334325
2.342425
2.35645
2.356675
2.36045
2.3725
2.37665
2.41
2.412975
2.41675
2.4168
2.429375
2.43805
2.43875
2.459675
2.486625
2.494125
2.500375
2.50325
2.51215
2.5144
2.528575
2.5474
2.55525
2.570425
2.5736
2.5775
2.58055
2.598225
2.611475
2.615775
2.625025
2.634825
2.67425
2.674375
2.683475
2.738025
2.75275
2.760375
2.804575
2.819225
2.833075
2.852
2.8542
2.857625
2.860425
2.86515
2.8666
2.8703
2.871925
2.877825
2.88075
2.881675
2.911575
2.962025
2.98375
2.9889
3.00785
3.0224
3.074375
3.07775
3.08345
3.090725
3.10545
3.1154
3.127475
3.132775
3.134125
3.1375
3.146375
3.157275
3.16305
3.1709
3.18795
3.19525
3.196875
3.19735
3.20835
3.225525
3.229475
3.234325
3.2388
3.28605
3.315125
3.366025
3.372025
3.4053
3.41215
3.4141
3.415225
3.416525
3.4189
3.430975
3.43165
3.434875
3.43825
3.440375
3.44305
3.447925
3.453225
3.462475
3.523775
3.5443
3.567875
3.572825
3.611725
3.61245
3.6144
3.618
3.6498
3.663075
3.70845
3.7102
3.724325
3.72655
3.754875
3.7563
3.77105
3.77595
3.79045
3.800625
3.81175
3.81255
3.818475
3.81895
3.83245
3.835
3.83635
3.838225
3.859925
3.870025
3.906875
3.93965
3.94905
3.95765
4.007525
4.013925
4.015725
4.03205
4.033025
4.047125
4.0475
4.04885
4.056
4.095625
4.1143
4.115875
4.1179
4.11995
4.128425
4.132975
4.160475
4.18745
4.300975
4.3046
4.3068
4.3146
4.331625
4.33235
4.351275
4.3605
4.360725
4.3707
4.372175
4.379425
4.381425
4.38275
4.404425
4.41105
4.421275
4.424225
4.4586
4.46045
4.4924
4.50705
4.5407
4.54145
4.58045
4.58915
4.6055
4.6097
4.615925
4.617125
4.631275
4.644775
4.646425
4.64755
4.65765
4.6592
4.672725
4.67795
4.68335
4.684325
4.685225
4.697225
4.703175
4.71445
4.721275
4.747125
4.7562
4.76365
4.77395
4.794675
4.808725
4.825175
4.878425
4.905875
4.907025
4.907475
4.90965
4.918775
4.923225
4.94335
4.95755
4.960625
4.970075
4.9807
4.98645
4.99235
5.028175
5.030775
5.0309
5.0625
5.064725
5.069725
5.080475
5.086275
5.08665
5.0912
5.1003
5.1186
5.15715
5.205975
5.206275
5.208375
5.2147
5.21835
5.221725
5.223275
5.2296
5.23275
5.2342
5.238175
5.24015
5.248325
5.26155
5.266275
5.2882
5.29555
5.307375
5.329125
5.343275
5.375225
5.382025
5.432
5.44915
5.508
5.518025
5.526
5.526775
5.5288
5.53235
5.534875
5.53965
5.54385
5.546225
5.56595
5.577075
5.57715
5.5802
5.5817
5.598675
5.606725
5.619675
5.625325
5.62725
5.6307
5.635875
5.63825
5.63925
5.651575
5.6563
5.657275
5.6588
5.675675
5.690725
5.72705
5.758725
5.772
5.78175
5.785275
5.8032
5.8046
5.8084
5.814375
5.815175
5.832375
5.858225
5.8781
5.8792
5.887675
5.90995
5.9296
5.933175
5.93525
5.9428
5.94285
5.949275
5.95395
5.96295
5.979925
5.983775
5.996375
6.01555
6.022575
6.065975
6.0723
6.0822
6.09175
6.1003
6.111025
6.121725
6.12465
6.1287
6.1407
6.14205
6.143225
6.157775
6.16915
6.1698
6.173675
6.174425
6.174675
6.17595
6.178825
6.196275
6.2122
6.21285
6.235575
6.2385
6.2459
6.278
6.299025
6.31745
6.35115
6.388325
6.4
6.4091
6.4511
6.458475
6.4652
6.467375
6.4806
6.5047
6.5156
6.515725
6.53065
6.530675
6.5519
6.555
6.555225
6.560475
6.581425
6.60035
6.617375
6.630025
6.636475
6.6923
6.704575
6.704625
6.718825
6.723225
6.73135
6.74335
6.7489
6.75135
6.757875
6.763625
6.7645
6.777
6.78305
6.79275
6.79655
6.81335
6.83875
6.85755
6.874125
6.8801
6.89015
6.946225
6.94985
6.995575
7.0018
7.009925
7.018775
7.02655
7.0314
7.031425
7.031625
7.049575
7.0506
7.0522
7.07
7.075625
7.082425
7.084475
7.08715
7.099575
7.101975
7.109125
7.1135
7.140725
7.14485
7.147525
7.14895
7.154025
7.156
7.174775
7.180875
7.18175
7.18695
7.19305
7.2065
7.224475
7.22625
7.29045
7.29805
7.3097
7.31
7.315675
7.318875
7.329075
7.33035
7.331
7.3441
7.35235
7.3575
7.36515
7.39145
7.403075
7.4044
7.405625
7.4144
7.42495
7.44395
7.45405
7.45595
7.497425
7.543575
7.5493
7.559525
7.565
7.574725
7.6014
7.60225
7.60605
7.626525
7.64215
7.645475
7.6522
7.652575
7.6686
7.68135
7.68585
7.6883
7.722575
7.72775
7.735125
7.749725
7.75485
7.7649
7.780475
7.7844
7.787875
7.79465
7.79865
7.799775
7.90635
7.90865
7.9137
7.914575
7.91935
7.920475
7.9354
7.953925
7.95565
7.964575
7.972075
7.981025
7.987825
7.9879
7.99325
8.01625
8.023025
8.0284
8.032525
8.035825
8.05665
8.0647
8.0696
8.081475
8.084575
8.087875
8.091775
8.141325
8.173625
8.20285
8.21975
8.226175
8.23225
8.251625
8.251725
8.26325
8.265525
8.291575
8.31075
8.320025
8.341775
8.3617
8.365625
8.380225
8.38375
8.395575
8.436825
8.437275
8.477775
8.505
8.505575
8.50915
8.5192
8.526875
8.527625
8.5419
8.548725
8.576975
8.579775
8.5867
8.59055
8.596125
8.613025
8.64595
8.650625
8.65205
8.65555
8.660225
8.676625
8.685975
8.686
8.7729
8.796
8.802325
8.8043
8.808325
8.81515
8.817775
8.820075
8.8325
8.8597
8.862125
8.8641
8.864225
8.87045
8.888575
8.90585
8.915125
8.9207
8.932775
8.947475
8.950475
8.952575
9.000325
9.01305
9.02475
9.0442
9.0472
9.068325
9.092875
788
