0.100675
0.1035
0.109625
0.129425
0.132775
0.14285
0.15145
0.156075
0.1636
0.1639
0.18545
0.195925
0.196
0.200175
0.21045
0.2178
0.242625
0.24285
0.24325
0.244625
0.297525
0.30485
0.310725
0.31895
0.35815
0.376125
0.40205
0.408975
0.42845
0.42925
0.434525
0.45115
0.46235
0.4637
0.48335
0.50765
0.509575
0.5189
0.52585
0.532875
0.545175
0.5493
0.57185
0.58175
0.592325
0.6119
0.62455
0.673175
0.705725
0.710575
0.712175
0.7124
0.71615
0.718675
0.7197
0.720575
0.7243
0.726775
0.732275
0.735175
0.741225
0.751925
0.781125
0.7949
0.7998
0.800675
0.82215
0.823575
0.838225
0.86655
0.8671
0.90425
0.919225
0.9333
0.951225
1.011675
1.012375
1.01625
1.024525
1.043225
1.04505
1.048625
1.052025
1.0553
1.064425
1.0686
1.070525
1.07135
1.07335
1.0867
1.08715
1.087625
1.0944
1.10155
1.10715
1.12265
1.13635
1.14665
1.175125
1.1861
1.2099
1.2596
1.262625
1.271575
1.30295
1.303325
1.307525
1.3098
1.3101
1.316925
1.321575
1.322725
1.326925
1.342375
1.343575
1.34515
1.347375
1.348125
1.349225
1.351525
1.359775
1.377425
1.421825
1.42475
1.429
1.447325
1.457325
1.46
1.460025
1.48125
1.523575
1.524975
1.549175
1.564
1.587475
1.592275
1.6015
1.612525
1.61655
1.61765
1.621875
1.631225
1.636325
1.6679
1.673625
1.675775
1.67905
1.703275
1.712525
1.71505
1.717925
1.7361
1.7389
1.759875
1.764425
1.7736
1.7825
1.7885
1.8039
1.80405
1.8161
1.829425
1.844125
1.846375
1.8503
1.855675
1.8579
1.8793
1.895375
1.89845
1.902
1.9092
1.920825
1.9367
1.952875
1.957675
1.961375
1.98945
1.9993
2.01
2.0128
2.013025
2.0268
2.03155
2.03495
2.0354
2.03605
2.04375
2.050775
2.094175
2.13235
2.1357
2.163825
2.217925
2.226
2.2335
2.239675
2.25445
2.26995
2.270725
2.29025
2.3045
2.31515
2.333375
2.334025
2.357075
2.371375
2.405925
2.424225
2.4259
2.4335
2.473775
2.5108
2.532925
2.53545
2.544525
2.54475
2.5576
2.5578
2.58435
2.58825
2.594575
2.596925
2.603325
2.62965
2.63025
2.6378
2.66485
2.6673
2.692625
2.694625
2.705775
2.711075
2.73705
2.751375
2.75775
2.81055
2.824175
2.8262
2.8271
2.8296
2.832
2.861975
2.868725
2.87395
2.874675
2.87495
2.87505
2.879
2.88865
2.8938
2.896525
2.90405
2.917375
2.917425
2.924475
2.934375
2.94255
2.973075
2.9817
2.9858
3.00885
3.050575
3.051875
3.057425
3.07525
3.111775
3.116875
3.124325
3.13415
3.137825
3.139875
3.157025
3.158
3.160375
3.17095
3.17595
3.187525
3.195725
3.204325
3.236025
3.303275
3.313375
3.335675
3.352
3.36755
3.369225
3.383425
3.400775
3.407575
3.43115
3.4433
3.445925
3.44735
3.456825
3.458525
3.4796
3.48755
3.51565
3.524725
3.5733
3.575
3.582775
3.58415
3.6054
3.63615
3.6425
3.64895
3.65235
3.70025
3.700475
3.711125
3.7148
3.74195
3.755575
3.77175
3.774925
3.783875
3.79125
3.7919
3.804125
3.8099
3.815025
3.82175
3.82365
3.82445
3.8283
3.833125
3.8367
3.84315
3.850575
3.905575
3.9075
3.910125
3.91575
3.953925
4.002575
4.00635
4.010725
4.011725
4.020675
4.027075
4.065225
4.079725
4.08595
4.091075
4.0996
4.1029
4.1095
4.1144
4.1151
4.122575
4.163575
4.177175
4.1776
4.191225
4.203125
4.213825
4.220575
4.235175
4.24775
4.260575
4.268775
4.28245
4.303875
4.316475
4.316575
4.3208
4.33335
4.33865
4.345275
4.347775
4.3513
4.352475
4.3685
4.382825
4.4034
4.405925
4.408825
4.43725
4.438325
4.4421
4.4573
4.470325
4.476625
4.490025
4.514475
4.544175
4.54955
4.554275
4.601475
4.60325
4.603525
4.606725
4.614025
4.615325
4.6264
4.631825
4.6375
4.637725
4.640775
4.644375
4.65035
4.6596
4.667425
4.66995
4.6726
4.6807
4.728325
4.739475
4.741875
4.75695
4.7613
4.7761
4.8028
4.80455
4.81265
4.839525
4.86025
4.90535
4.914975
4.916875
4.9235
4.9256
4.93005
4.934375
4.93485
4.948775
4.9495
4.9505
4.95075
4.950775
4.962275
4.96235
4.97205
4.9873
5.010375
5.032025
5.039175
5.0404
5.0425
5.0431
5.043225
5.048725
5.051525
5.073075
5.0997
5.1035
5.147325
5.1809
5.20205
5.209675
5.218125
5.2189
5.229125
5.2336
5.2367
5.24025
5.263375
5.26735
5.273225
5.27695
5.28805
5.313675
5.3152
5.32185
5.34035
5.363875
5.389125
5.407325
5.4261
5.434425
5.4645
5.472525
5.5024
5.50435
5.50675
5.53165
5.531925
5.540125
5.544525
5.546075
5.5467
5.5558
5.556325
5.559175
5.569425
5.57485
5.576775
5.594825
5.603425
5.614325
5.618475
5.622875
5.627025
5.63325
5.65305
5.68065
5.6828
5.6844
5.69525
5.746825
5.7809
5.81005
5.812575
5.8174
5.822475
5.831475
5.835825
5.843525
5.85705
5.858025
5.877725
5.88545
5.889975
5.89335
5.931275
5.95135
5.98525
5.986275
5.994125
5.996425
6.048975
6.06995
6.100825
6.10205
6.109825
6.1153
6.12495
6.13915
6.153075
6.159525
6.160525
6.160675
6.16535
6.17665
6.1826
6.183125
6.1901
6.208625
6.2158
6.2225
6.2243
6.2468
6.249275
6.2647
6.269275
6.281825
6.311975
6.326875
6.388025
6.415875
6.42355
6.4319
6.432975
6.4347
6.43515
6.45335
6.45585
6.461825
6.4753
6.4857
6.487525
6.530625
6.54115
6.550375
6.559575
6.5612
6.5795
6.579825
6.588775
6.5893
6.5923
6.60045
6.606175
6.638425
6.704475
6.7204
6.72175
6.73115
6.7492
6.75395
6.75535
6.75625
6.76445
6.765225
6.80575
6.81175
6.843425
6.864025
6.878075
6.88985
6.950475
6.989625
7.00835
7.00945
7.014525
7.0217
7.028225
7.0312
7.04825
7.04875
7.0557
7.0581
7.07295
7.102525
7.107825
7.121925
7.1262
7.129025
7.14495
7.148375
7.151775
7.15615
7.19935
7.2407
7.245075
7.256075
7.327
7.33835
7.3405
7.34325
7.361575
7.3651
7.36865
7.378525
7.38825
7.389425
7.404875
7.418625
7.42325
7.4493
7.492075
7.495175
7.5112
7.5354
7.540225
7.550175
7.57965
7.61085
7.612625
7.621175
7.625575
7.62745
7.6322
7.6345
7.638325
7.6393
7.7142
7.722
7.724125
7.72465
7.73825
7.743775
7.75
7.75365
7.769925
7.775475
7.777175
7.791975
7.810075
7.813475
7.81365
7.821825
7.8221
7.8726
7.909875
7.912625
7.9132
7.927325
7.94045
7.959825
7.982275
8.0171
8.034
8.035325
8.052925
8.0611
8.06235
8.0704
8.075625
8.08335
8.11185
8.11325
8.163475
8.200125
8.204675
8.2048
8.20955
8.211425
8.225825
8.226775
8.22995
8.23315
8.238575
8.239275
8.24835
8.25475
8.257175
8.25935
8.2709
8.271975
8.28705
8.2905
8.314
8.32545
8.353325
8.3576
8.359525
8.35965
8.39385
8.395725
8.398375
8.41355
8.4274
8.4316
8.43385
8.498475
8.502575
8.514
8.51815
8.5198
8.519825
8.520325
8.5353
8.5371
8.5397
8.544875
8.549525
8.559975
8.56285
8.57695
8.585375
8.5889
8.609825
8.65525
8.677275
8.6795
8.748675
8.769575
8.7763
8.777125
8.805925
8.8162
8.8196
8.8197
8.82485
8.84715
8.84775
8.847925
8.849375
8.85155
8.858875
8.86035
8.870475
8.915825
8.9316
8.942875
8.944
8.948125
8.950275
8.967125
8.9716
8.9943
8.99775
9.02085
9.0847
767
