0.100275
0.10285
0.115425
0.11865
0.1204
0.121
0.124975
0.12595
0.1439
0.14415
0.144425
0.171925
0.179725
0.18735
0.20685
0.2173
0.221075
0.236
0.26565
0.26625
0.27505
0.285775
0.3007
0.30875
0.31235
0.32745
0.3425
0.344975
0.3587
0.359675
0.390825
0.406775
0.41275
0.416225
0.419375
0.42
0.436475
0.439425
0.444175
0.44655
0.448475
0.4543
0.459575
0.4724
0.47445
0.4857
0.4942
0.5094
0.50945
0.510225
0.5187
0.5237
0.527325
0.530975
0.534625
0.559975
0.59905
0.6275
0.6771
0.71565
0.722675
0.733925
0.73935
0.746225
0.766125
0.771525
0.779725
0.78765
0.79915
0.801125
0.856975
0.861
0.87745
0.8955
0.90185
0.974125
1.000675
1.007725
1.0119
1.017475
1.030275
1.032175
1.041
1.042175
1.044925
1.048725
1.05435
1.06665
1.0699
1.081825
1.111
1.111975
1.14005
1.143625
1.1565
1.16085
1.162475
1.162925
1.196025
1.2004
1.201275
1.20665
1.245
1.256125
1.264675
1.28205
1.282175
1.296125
1.308275
1.30925
1.309425
1.31365
1.31515
1.344375
1.349075
1.349975
1.362775
1.3681
1.37
1.37135
1.38165
1.413375
1.424975
1.42735
1.43135
1.4333
1.436775
1.4529
1.506675
1.5155
1.51625
1.51935
1.5411
1.559575
1.5924
1.607325
1.60765
1.6165
1.619275
1.6251
1.6268
1.631525
1.64955
1.66405
1.67175
1.672425
1.678375
1.6936
1.696225
1.703925
1.712075
1.72315
1.723275
1.727425
1.743375
1.7435
1.754225
1.77585
1.80535
1.8098
1.81855
1.82895
1.834075
1.835575
1.8587
1.86155
1.8707
1.901975
1.913625
1.917775
1.92085
1.92745
1.93365
1.936825
1.942775
1.9606
1.96325
1.96335
1.967625
1.972625
1.974325
1.9892
2.01205
2.027575
2.031575
2.04345
2.0442
2.04955
2.061925
2.0752
2.07795
2.078675
2.090525
2.11235
2.1309
2.13405
2.18035
2.1978
2.210175
2.210375
2.212025
2.216275
2.220975
2.234975
2.23535
2.235675
2.239825
2.241875
2.24295
2.244275
2.246275
2.24635
2.24735
2.264125
2.2644
2.26915
2.269825
2.270575
2.285375
2.28995
2.2991
2.31175
2.342625
2.343
2.350425
2.376375
2.384625
2.391675
2.394075
2.39825
2.40335
2.4575
2.46345
2.468725
2.46995
2.474075
2.480075
2.49465
2.496825
2.522525
2.525775
2.54045
2.540775
2.54475
2.55265
2.553825
2.55555
2.561425
2.566225
2.5861
2.591
2.60515
2.606
2.612125
2.623375
2.62965
2.631975
2.634175
2.637725
2.644525
2.6525
2.680025
2.694
2.696025
2.696125
2.727675
2.8127
2.822375
2.8262
2.830475
2.841
2.845925
2.848375
2.8586
2.858675
2.86045
2.87735
2.883425
2.883875
2.88735
2.893275
2.8989
2.90825
2.915225
2.91655
2.94025
2.961325
2.96715
2.9811
2.981625
3.10565
3.10655
3.106875
3.110925
3.12295
3.12345
3.136025
3.139425
3.147075
3.151375
3.19225
3.1961
3.20405
3.205925
3.209175
3.2099
3.216225
3.2287
3.23745
3.245175
3.24955
3.27345
3.2949
3.3035
3.31695
3.318325
3.337075
3.38875
3.4009
3.401425
3.40465
3.40875
3.40885
3.41205
3.424925
3.433825
3.470275
3.4789
3.4842
3.485
3.48605
3.502025
3.50625
3.5143
3.51675
3.52695
3.5383
3.569
3.574225
3.5868
3.589425
3.59285
3.5998
3.60055
3.649025
3.65155
3.685125
3.700125
3.706625
3.7078
3.716
3.72975
3.729825
3.73355
3.746825
3.762075
3.762425
3.767675
3.7721
3.7764
3.78935
3.8055
3.836925
3.844125
3.844375
3.8502
3.850375
3.8546
3.879375
3.89925
3.9227
3.939925
3.9567
3.971875
3.974125
3.978525
3.982425
3.990575
4.0048
4.010025
4.0218
4.027475
4.028675
4.034375
4.05475
4.07795
4.08495
4.096075
4.09695
4.110725
4.123075
4.15775
4.20825
4.213725
4.218425
4.24075
4.244875
4.2456
4.246925
4.289125
4.2997
4.30455
4.309425
4.311775
4.3401
4.348175
4.3534
4.356675
4.359525
4.3613
4.365425
4.376475
4.37995
4.383975
4.386525
4.418025
4.445975
4.45455
4.469075
4.4825
4.49065
4.4953
4.506825
4.510575
4.51775
4.61485
4.617725
4.62105
4.627425
4.64195
4.6519
4.654325
4.671925
4.679025
4.701975
4.731875
4.734175
4.763625
4.76655
4.766675
4.7954
4.800975
4.819725
4.886875
4.9022
4.9029
4.9101
4.917375
4.918875
4.934075
4.93965
4.9449
4.947
4.949675
4.9521
4.956125
4.956675
4.957925
4.962425
4.975575
4.979725
4.98555
4.985875
4.989025
5.003775
5.00855
5.027825
5.05395
5.060525
5.064675
5.0986
5.10495
5.106325
5.109325
5.125325
5.1308
5.138425
5.14055
5.187425
5.20585
5.2104
5.218125
5.220375
5.225825
5.23325
5.241675
5.2439
5.2457
5.262475
5.265425
5.26605
5.2735
5.287325
5.293
5.295425
5.30005
5.3154
5.3166
5.319775
5.344525
5.3457
5.348475
5.3637
5.365425
5.376125
5.390925
5.392725
5.409225
5.446375
5.46745
5.4851
5.500225
5.522775
5.5253
5.5309
5.531775
5.5329
5.539175
5.540875
5.541925
5.548075
5.551775
5.595025
5.605625
5.608825
5.659275
5.741575
5.78945
5.804125
5.812075
5.820475
5.8309
5.831225
5.8321
5.849325
5.850175
5.853875
5.85655
5.885625
5.906575
5.951175
5.9619
5.997
6.0077
6.0109
6.010975
6.015025
6.0552
6.078025
6.07865
6.091225
6.108125
6.1399
6.141875
6.147525
6.1521
6.162775
6.169175
6.196375
6.199225
6.216575
6.263475
6.26525
6.26615
6.280375
6.282725
6.28735
6.28795
6.288975
6.347175
6.35445
6.402675
6.4065
6.407175
6.416825
6.4172
6.423875
6.426325
6.427425
6.428925
6.446525
6.45125
6.4738
6.47835
6.4849
6.51
6.51625
6.5379
6.53955
6.5478
6.549875
6.5558
6.5592
6.559475
6.5625
6.57365
6.575675
6.605
6.619225
6.65235
6.7045
6.70755
6.70865
6.70985
6.72285
6.7231
6.734375
6.74595
6.748075
6.75185
6.759225
6.767975
6.775425
6.784475
6.792025
6.79385
6.796625
6.8117
6.81835
6.82025
6.8457
6.858625
6.87415
6.890875
6.963575
6.9673
7.043025
7.05495
7.071275
7.072925
7.073275
7.075675
7.07645
7.0766
7.079675
7.095725
7.1023
7.139875
7.149275
7.17175
7.21695
7.23355
7.238075
7.261075
7.265325
7.26915
7.274375
7.2795
7.301975
7.302075
7.311725
7.316375
7.323725
7.325875
7.3263
7.333
7.339025
7.345775
7.358375
7.360275
7.36075
7.3628
7.38075
7.395025
7.409775
7.42475
7.440475
7.4515
7.48265
7.5132
7.53205
7.545325
7.57035
7.584725
7.602625
7.6151
7.617
7.6196
7.6239
7.635825
7.64205
7.64745
7.66205
7.666025
7.67035
7.698925
7.724525
7.72995
7.73945
7.74085
7.750525
7.7713
7.7847
7.812825
7.83245
7.851575
7.894525
7.909875
7.9138
7.919775
7.9275
7.9348
7.939875
7.9402
7.9423
7.950125
7.950925
7.955925
7.9565
7.9598
7.9602
7.963
7.974975
7.98825
7.99795
7.998275
8.00045
8.0062
8.05475
8.092525
8.098375
8.14165
8.160575
8.170075
8.18945
8.214175
8.22625
8.231
8.234625
8.248175
8.250375
8.25355
8.26185
8.263325
8.281425
8.30035
8.302875
8.304425
8.304525
8.31755
8.317625
8.32345
8.32855
8.336925
8.343875
8.351175
8.3636
8.364025
8.425025
8.425075
8.458675
8.459
8.466875
8.484625
8.5027
8.50295
8.5037
8.5074
8.507775
8.51475
8.51705
8.51915
8.51935
8.5253
8.527125
8.52855
8.5356
8.54405
8.5485
8.55305
8.58265
8.59055
8.601925
8.619225
8.622125
8.6306
8.632925
8.64165
8.6479
8.6483
8.6484
8.6529
8.6534
8.729675
8.7848
8.784925
8.80115
8.80125
8.808
8.809025
8.826175
8.8304
8.8316
8.838775
8.8424
8.843925
8.846475
8.850425
8.85415
8.85695
8.86345
8.87205
8.8797
8.882775
8.89015
8.902975
8.903
8.91065
8.9283
8.9413
8.954325
8.9648
8.99215
9.0028
9.024375
9.0874
816
