0.10115
0.1032
0.118325
0.1197
0.1199
0.1416
0.14205
0.15115
0.1532
0.15515
0.15705
0.1603
0.160575
0.174075
0.175825
0.197225
0.1979
0.204825
0.2277
0.265925
0.2747
0.28095
0.40195
0.4022
0.407275
0.408825
0.411225
0.425575
0.42585
0.430475
0.431625
0.44055
0.443125
0.449275
0.452775
0.47
0.47115
0.492925
0.50545
0.532425
0.548275
0.559625
0.579175
0.6093
0.6151
0.6204
0.6279
0.652475
0.699925
0.708325
0.70975
0.71145
0.715775
0.718525
0.7345
0.7439
0.746975
0.75615
0.761825
0.7911
0.80505
0.82905
0.835075
0.841225
0.85285
0.903075
0.91725
0.9375
0.938425
0.943225
0.944225
0.9677
0.971175
0.98565
1.000275
1.0034
1.005125
1.032175
1.037625
1.06135
1.06315
1.07855
1.07905
1.08475
1.101975
1.1021
1.102675
1.1052
1.107125
1.114575
1.116225
1.12625
1.172575
1.17825
1.18125
1.1905
1.20865
1.237525
1.266925
1.293725
1.30065
1.3009
1.303175
1.312575
1.3126
1.314475
1.327675
1.329825
1.331075
1.33125
1.334325
1.334375
1.3367
1.342775
1.34455
1.3752
1.392325
1.4066
1.4105
1.4222
1.476025
1.518475
1.519525
1.5222
1.52935
1.5581
1.59065
1.614225
1.61575
1.6203
1.626075
1.64125
1.6476
1.6562
1.659025
1.661125
1.66275
1.6679
1.6698
1.6826
1.68875
1.689975
1.7268
1.743425
1.747925
1.7482
1.7532
1.8371
1.8448
1.848725
1.88715
1.900825
1.903925
1.906775
1.9079
1.922675
1.923275
1.92645
1.941375
1.980825
1.989225
1.99775
2.0066
2.017575
2.0238
2.029775
2.032625
2.036025
2.039925
2.0477
2.04925
2.0495
2.06695
2.07895
2.0827
2.13105
2.134425
2.14365
2.16215
2.18475
2.188675
2.217625
2.221
2.2227
2.226325
2.23655
2.246125
2.251975
2.252975
2.27735
2.2823
2.283825
2.28975
2.2946
2.294975
2.308225
2.313525
2.314875
2.32025
2.331225
2.3437
2.37715
2.37855
2.38505
2.38875
2.391625
2.42185
2.4234
2.43105
2.458025
2.501275
2.502175
2.50435
2.5154
2.51865
2.5268
2.532375
2.5365
2.54335
2.5449
2.54705
2.556975
2.5885
2.5935
2.617475
2.6423
2.6451
2.6454
2.646075
2.680025
2.6896
2.715725
2.7372
2.74235
2.7524
2.759525
2.7607
2.781925
2.7837
2.806975
2.813975
2.814275
2.83215
2.838
2.83885
2.839375
2.8455
2.87665
2.879725
2.87995
2.882375
2.88355
2.89705
2.9104
2.9241
2.92995
2.9466
2.9612
2.99645
2.996575
3.00065
3.020775
3.044575
3.096725
3.103225
3.11985
3.123525
3.148375
3.169175
3.17365
3.189
3.19205
3.1998
3.211625
3.22725
3.243075
3.24695
3.250325
3.25945
3.271875
3.281525
3.2879
3.29065
3.3306
3.358
3.37555
3.383175
3.38445
3.403125
3.407725
3.4113
3.412025
3.433075
3.437375
3.438125
3.43915
3.449125
3.463425
3.47035
3.4724
3.48155
3.482425
3.484625
3.493475
3.49905
3.51115
3.51185
3.522075
3.52355
3.523825
3.52925
3.5335
3.54285
3.560675
3.5639
3.601775
3.61255
3.661275
3.671625
3.671875
3.7202
3.72175
3.72355
3.73275
3.735475
3.7381
3.7576
3.7599
3.776975
3.782675
3.7836
3.793
3.796225
3.797775
3.80225
3.8076
3.8118
3.826825
3.849475
3.855525
3.85835
3.86175
3.86465
3.868625
3.925575
3.938125
3.966025
3.995075
4.001825
4.005575
4.01245
4.020075
4.0248
4.030475
4.045775
4.0464
4.048225
4.060675
4.080525
4.09335
4.10305
4.10375
4.149675
4.153675
4.17455
4.20055
4.205875
4.21865
4.24705
4.274425
4.27535
4.275475
4.30715
4.3226
4.330275
4.333
4.336025
4.362525
4.372025
4.379975
4.394325
4.3978
4.40445
4.407825
4.434775
4.46325
4.480575
4.51465
4.515375
4.520775
4.5214
4.541125
4.54595
4.554925
4.555425
4.582925
4.587725
4.605875
4.610175
4.6173
4.630525
4.64435
4.649325
4.6505
4.6537
4.660575
4.676575
4.687175
4.705
4.72875
4.73105
4.7332
4.73655
4.738775
4.7423
4.7824
4.784975
4.7911
4.81275
4.855375
4.85845
4.90755
4.908375
4.9113
4.913525
4.92025
4.93155
4.932375
4.945275
4.945425
4.948175
4.9584
4.961675
4.96665
4.971175
4.97455
4.98355
4.99045
4.997475
5.00025
5.02045
5.0278
5.035625
5.06005
5.0652
5.0666
5.070325
5.113825
5.1165
5.118775
5.1451
5.167925
5.1824
5.206025
5.20625
5.207875
5.20985
5.21045
5.212875
5.2197
5.2271
5.229675
5.2344
5.236
5.259425
5.2805
5.31135
5.322525
5.337075
5.35
5.392375
5.40605
5.41615
5.4336
5.440325
5.4419
5.464825
5.472325
5.49875
5.50155
5.502275
5.50565
5.51275
5.5269
5.52875
5.529275
5.5444
5.557175
5.557575
5.565675
5.581575
5.598925
5.601375
5.606875
5.6359
5.6437
5.657025
5.660225
5.6673
5.672225
5.679925
5.6829
5.68865
5.690425
5.7189
5.7244
5.725675
5.72665
5.7296
5.74455
5.7706
5.776625
5.79215
5.803225
5.806
5.810675
5.813775
5.8329
5.835025
5.85245
5.856425
5.8762
5.876225
5.89275
5.89315
5.90105
5.939125
5.979825
5.991975
5.998
6.03065
6.035775
6.040525
6.081525
6.0909
6.10125
6.107325
6.11015
6.11495
6.125825
6.128525
6.132875
6.14095
6.14155
6.142975
6.144225
6.169975
6.1797
6.183725
6.21065
6.22085
6.22875
6.2373
6.24505
6.263475
6.265975
6.29055
6.298775
6.3048
6.3103
6.3352
6.367775
6.36965
6.409325
6.412525
6.415075
6.424575
6.425925
6.4285
6.43045
6.4335
6.4414
6.4597
6.475725
6.477575
6.47775
6.491425
6.4979
6.508275
6.524875
6.532275
6.558825
6.613675
6.62385
6.63215
6.637325
6.650525
6.6587
6.663875
6.6641
6.7023
6.708225
6.71685
6.721
6.72285
6.723975
6.7257
6.72915
6.730875
6.7375
6.738475
6.739
6.7549
6.7574
6.7581
6.76265
6.777375
6.7777
6.777925
6.779925
6.85255
6.853375
6.86755
6.920725
6.924125
6.9322
6.95805
6.969225
6.9707
6.977925
7.001025
7.0154
7.015575
7.016225
7.018325
7.035875
7.0414
7.045925
7.04705
7.05385
7.058425
7.0647
7.07705
7.079475
7.084975
7.088275
7.08965
7.101825
7.1242
7.141775
7.157375
7.16145
7.165025
7.17265
7.2079
7.21165
7.234625
7.252125
7.25615
7.26965
7.303075
7.311325
7.3296
7.34325
7.358725
7.363025
7.36355
7.3652
7.37085
7.37175
7.375625
7.3782
7.4051
7.4073
7.41935
7.456125
7.490225
7.49835
7.53345
7.53805
7.541175
7.605125
7.60565
7.608325
7.62145
7.6342
7.6343
7.638925
7.645425
7.65195
7.655525
7.664475
7.665125
7.669025
7.671625
7.672425
7.6792
7.68795
7.69165
7.71265
7.717575
7.7345
7.788825
7.81475
7.821475
7.8411
7.8708
7.8792
7.9034
7.903875
7.920325
7.9222
7.922875
7.9277
7.932525
7.933
7.9377
7.94995
7.95215
7.97095
7.976125
7.981875
7.985975
7.99235
7.993125
7.9999
8.002325
8.01875
8.022175
8.0243
8.030125
8.078725
8.09825
8.173825
8.188725
8.207225
8.20855
8.2153
8.226575
8.234025
8.235125
8.237475
8.264575
8.27575
8.277825
8.289125
8.2984
8.3147
8.32035
8.3295
8.339325
8.34875
8.378775
8.38425
8.397775
8.401525
8.41175
8.415675
8.43295
8.437825
8.4565
8.474925
8.48765
8.492525
8.50735
8.510025
8.526325
8.533075
8.53635
8.541775
8.54415
8.561375
8.56725
8.571875
8.58225
8.638325
8.6461
8.6594
8.669225
8.6871
8.68765
8.699575
8.70125
8.704825
8.739225
8.74235
8.74365
8.77285
8.804525
8.810725
8.81245
8.81325
8.814325
8.81675
8.82185
8.829525
8.831175
8.836625
8.836925
8.838875
8.849675
8.862225
8.862275
8.863025
8.870275
8.874775
8.894425
8.896325
8.903025
8.93535
8.945225
8.9458
8.94685
8.95275
8.955625
8.9853
8.994375
9.065975
9.0928
809
