0.10605
0.116275
0.121475
0.1353
0.137575
0.141825
0.145375
0.15015
0.15395
0.18325
0.1957
0.19995
0.2104
0.215775
0.21905
0.221325
0.22345
0.231125
0.240675
0.245275
0.256775
0.259975
0.262125
0.26595
0.2829
0.28375
0.304975
0.32135
0.357825
0.392075
0.4051
0.41335
0.414875
0.422075
0.42575
0.4343
0.434625
0.43625
0.440275
0.4436
0.4447
0.447925
0.48475
0.4948
0.5034
0.508875
0.517525
0.520125
0.541525
0.54985
0.56025
0.5885
0.59025
0.594075
0.616325
0.625075
0.639025
0.65265
0.65515
0.68325
0.706775
0.722125
0.722875
0.7294
0.730975
0.746975
0.74785
0.751575
0.760625
0.772825
0.77545
0.777125
0.781375
0.793125
0.79935
0.80135
0.812875
0.83705
0.843625
0.875775
0.893025
0.8944
0.917925
0.931025
0.932625
0.959575
0.99925
1.004375
1.01415
1.028725
1.031875
1.034025
1.039575
1.059325
1.060225
1.0612
1.06245
1.069275
1.07615
1.11255
1.1185
1.119425
1.124875
1.15035
1.15175
1.1624
1.174575
1.17685
1.18035
1.199425
1.24285
1.25815
1.275
1.30575
1.309825
1.3103
1.32495
1.325
1.340875
1.3566
1.360875
1.362475
1.368525
1.4016
1.40795
1.40845
1.415325
1.440475
1.44605
1.4741
1.490375
1.512925
1.523075
1.5355
1.5367
1.54105
1.575775
1.6013
1.6214
1.6276
1.636275
1.658175
1.662325
1.669575
1.67005
1.682725
1.69165
1.7024
1.709525
1.71185
1.712375
1.717325
1.741825
1.7589
1.765275
1.7761
1.7801
1.79315
1.798825
1.857825
1.879325
1.880675
1.912975
1.919775
1.9201
1.9222
1.926225
1.933375
1.9507
1.953025
1.957325
1.9621
1.9776
1.9803
1.981325
1.984725
1.985025
1.9872
1.9922
1.9979
2.01675
2.03735
2.0406
2.04775
2.067575
2.082625
2.10255
2.10525
2.14215
2.1574
2.17085
2.203025
2.205125
2.235825
2.236675
2.237975
2.24675
2.2551
2.255525
2.256025
2.270525
2.278525
2.34075
2.355275
2.367075
2.37545
2.386975
2.3892
2.408075
2.433225
2.468225
2.480325
2.49945
2.50465
2.5168
2.517675
2.5357
2.5431
2.575475
2.5784
2.58315
2.586875
2.587325
2.59015
2.5921
2.60745
2.615575
2.621425
2.622125
2.63385
2.6351
2.638725
2.648025
2.661525
2.674
2.67445
2.675225
2.679525
2.6833
2.6863
2.70145
2.7166
2.75505
2.75875
2.766525
2.785225
2.800075
2.803325
2.8049
2.81325
2.81515
2.81935
2.829925
2.829975
2.830175
2.845
2.845425
2.846325
2.851775
2.85275
2.853875
2.8775
2.89315
2.895075
2.90395
2.905325
2.914175
2.937175
2.937875
2.9442
2.957275
2.9605
2.983975
2.994025
3.02455
3.033875
3.037125
3.046675
3.047875
3.063425
3.067525
3.068025
3.07495
3.07975
3.089
3.099025
3.11245
3.1125
3.1167
3.1266
3.1387
3.15015
3.163425
3.176475
3.17775
3.181725
3.194675
3.206225
3.20895
3.2157
3.221625
3.223475
3.258125
3.26145
3.306675
3.32335
3.355325
3.371975
3.3765
3.405425
3.41825
3.43185
3.445875
3.44765
3.452925
3.4609
3.46275
3.46905
3.4708
3.47395
3.4929
3.493575
3.505075
3.52615
3.552275
3.554925
3.582275
3.58425
3.616025
3.648975
3.6763
3.6919
3.7102
3.7148
3.716775
3.7218
3.75725
3.7612
3.766
3.7687
3.76925
3.779475
3.8
3.8014
3.851625
3.886275
3.9076
3.9309
3.9724
3.9798
4.000375
4.00755
4.019025
4.026025
4.0333
4.035
4.04515
4.05255
4.05455
4.05795
4.065
4.099175
4.108075
4.1102
4.1194
4.13345
4.1369
4.142525
4.174225
4.18465
4.186525
4.19095
4.194925
4.21365
4.231125
4.24715
4.2857
4.290975
4.302675
4.30785
4.3122
4.324275
4.356575
4.364425
4.367925
4.3946
4.401975
4.4056
4.4176
4.420575
4.44935
4.45225
4.454575
4.488225
4.505925
4.517825
4.53575
4.542875
4.56515
4.5761
4.5808
4.60745
4.63585
4.635875
4.63665
4.65935
4.66375
4.67275
4.67545
4.675575
4.762925
4.80935
4.83485
4.903
4.9262
4.94405
4.9498
4.954125
4.955725
4.969725
4.98725
5.004975
5.01075
5.011975
5.012325
5.03545
5.043275
5.05865
5.0599
5.07095
5.0746
5.080525
5.08135
5.0943
5.095275
5.0973
5.1202
5.124475
5.1263
5.129975
5.13375
5.141025
5.14575
5.200575
5.20475
5.221525
5.225525
5.228075
5.229775
5.246175
5.247725
5.294725
5.302275
5.323325
5.3627
5.363575
5.3664
5.434125
5.48055
5.4878
5.500175
5.507225
5.50925
5.51205
5.54545
5.54795
5.5536
5.562325
5.574175
5.5797
5.588525
5.58965
5.590325
5.59565
5.5975
5.61775
5.6325
5.6405
5.64285
5.65965
5.669875
5.6786
5.6856
5.72455
5.73395
5.7468
5.7526
5.756925
5.795925
5.802875
5.8128
5.820175
5.8216
5.8358
5.838325
5.842625
5.8477
5.861075
5.87185
5.87615
5.892375
5.902425
5.9132
5.91515
5.9202
5.92105
5.93025
5.931275
5.9491
5.965175
5.977025
5.978725
5.9861
6.01095
6.042
6.06125
6.093775
6.1005
6.10435
6.105575
6.110575
6.1268
6.136675
6.145825
6.152575
6.156175
6.166375
6.166525
6.17755
6.182825
6.18295
6.18775
6.189525
6.22505
6.225975
6.22925
6.2341
6.241075
6.244475
6.2492
6.258825
6.2744
6.28835
6.30955
6.31345
6.360675
6.3889
6.414575
6.41835
6.41905
6.4223
6.45515
6.465825
6.473225
6.487625
6.496025
6.5054
6.52785
6.536525
6.53795
6.54765
6.54835
6.5568
6.5771
6.5786
6.5819
6.5988
6.608625
6.66035
6.70155
6.702725
6.717775
6.720075
6.722325
6.726475
6.72985
6.73065
6.737225
6.738725
6.7404
6.755525
6.758025
6.77025
6.772675
6.851325
6.8517
6.8552
6.866425
6.8675
6.877075
6.8833
6.88615
6.894575
6.9239
6.9365
6.967575
7.00005
7.006525
7.01215
7.0163
7.020675
7.0248
7.02675
7.0302
7.0488
7.054825
7.063475
7.0809
7.093425
7.0959
7.100425
7.10785
7.1239
7.142
7.145225
7.1547
7.157175
7.1702
7.18685
7.231025
7.2371
7.288325
7.307875
7.309375
7.3146
7.31535
7.3184
7.3203
7.322625
7.323175
7.3364
7.337
7.363325
7.365875
7.382625
7.38345
7.3877
7.3909
7.405175
7.414225
7.41505
7.41945
7.4196
7.424075
7.43545
7.4786
7.4791
7.494775
7.49725
7.498125
7.53605
7.599975
7.60655
7.609675
7.612175
7.612925
7.613275
7.6181
7.6192
7.624525
7.630725
7.64445
7.6591
7.666125
7.6787
7.69335
7.693675
7.69575
7.704275
7.712075
7.712775
7.718975
7.72125
7.7425
7.7427
7.762675
7.7753
7.793475
7.7992
7.80175
7.80845
7.8148
7.84495
7.851475
7.859525
7.883975
7.8892
7.90795
7.923175
7.923425
7.926275
7.927925
7.9346
7.9373
7.9428
7.94735
7.967
7.970125
7.9784
8.001725
8.013425
8.0155
8.021375
8.0316
8.03195
8.042325
8.049625
8.086375
8.10385
8.10525
8.126375
8.203775
8.2059
8.216425
8.22675
8.2378
8.23965
8.25025
8.2732
8.27715
8.27925
8.299975
8.31285
8.3193
8.32305
8.329525
8.3408
8.35795
8.375525
8.39065
8.397
8.454125
8.50275
8.52855
8.531225
8.54725
8.55025
8.55245
8.556125
8.562475
8.566025
8.57555
8.5769
8.5922
8.598525
8.623475
8.6386
8.644525
8.6586
8.6893
8.6895
8.70515
8.728725
8.7819
8.80215
8.806
8.808175
8.810175
8.817875
8.82845
8.829725
8.8478
8.8642
8.8881
8.89415
8.90565
8.90665
8.90965
8.9127
8.941
8.950875
8.9528
8.953625
8.961425
8.97
8.9753
8.997925
9.014175
9.025725
9.034525
9.040675
781
