0.012025
0.100525
0.102675
0.10385
0.11995
0.12015
0.120475
0.12405
0.140725
0.1441
0.149
0.161475
0.162025
0.16215
0.16675
0.170525
0.17145
0.18535
0.1903
0.1928
0.19875
0.211
0.215025
0.217925
0.25475
0.255475
0.25865
0.258725
0.2633
0.27515
0.295875
0.299125
0.321025
0.329325
0.376475
0.39065
0.4012
0.4028
0.410325
0.421425
0.442775
0.44935
0.4508
0.4774
0.4909
0.4965
0.4981
0.50385
0.506125
0.516575
0.522225
0.5224
0.54985
0.55395
0.554175
0.565025
0.572425
0.581975
0.60035
0.606375
0.675725
0.67825
0.700375
0.7019
0.712925
0.713225
0.7184
0.7192
0.7204
0.722725
0.7318
0.732525
0.74995
0.773775
0.782625
0.78335
0.79175
0.79495
0.79985
0.803425
0.808475
0.80895
0.83175
0.8452
0.846325
0.8473
0.8519
0.860625
0.884375
0.8972
0.908975
0.94385
0.98895
0.98985
1.013125
1.013475
1.021725
1.039925
1.040725
1.041825
1.0427
1.045025
1.06185
1.074875
1.101225
1.11425
1.11535
1.117675
1.12175
1.154575
1.1578
1.15795
1.195225
1.1985
1.20855
1.2198
1.22385
1.281125
1.31285
1.313075
1.320225
1.327775
1.32815
1.340475
1.355075
1.406525
1.40975
1.41405
1.426125
1.429575
1.42995
1.4308
1.43165
1.4386
1.459025
1.459075
1.4644
1.48195
1.486925
1.4933
1.497875
1.565425
1.6137
1.61455
1.628575
1.63215
1.636925
1.637275
1.6405
1.642375
1.649425
1.657875
1.674775
1.67885
1.6811
1.688925
1.69315
1.701825
1.7023
1.70585
1.70635
1.728675
1.73565
1.7604
1.769575
1.769875
1.777825
1.782525
1.798
1.81675
1.81855
1.831925
1.85825
1.87465
1.903925
1.904525
1.912
1.9146
1.922925
1.929025
1.948325
1.9523
1.955625
1.970975
1.975325
1.9831
1.9994
2.000475
2.025325
2.039275
2.07075
2.07665
2.0777
2.091475
2.106575
2.107175
2.117775
2.118475
2.1218
2.1575
2.19125
2.20045
2.207925
2.208775
2.210325
2.21155
2.213475
2.224125
2.232125
2.239975
2.244625
2.252225
2.259825
2.2638
2.264275
2.279775
2.2892
2.2954
2.30555
2.3058
2.3084
2.308975
2.312275
2.319925
2.320025
2.3258
2.344025
2.351375
2.3549
2.3579
2.37165
2.379
2.387675
2.440275
2.4575
2.4657
2.472025
2.5259
2.531175
2.53385
2.5383
2.542675
2.54835
2.5577
2.561775
2.571725
2.5804
2.5888
2.5896
2.5902
2.608425
2.61865
2.6212
2.626875
2.639875
2.66225
2.68935
2.7266
2.763175
2.811725
2.8145
2.830225
2.839675
2.841125
2.84325
2.848075
2.855125
2.8695
2.875825
2.88945
2.905925
2.91415
2.914275
2.925025
2.9449
3.0126
3.01495
3.03665
3.038125
3.0464
3.06885
3.10255
3.102675
3.105325
3.110975
3.112025
3.116825
3.117875
3.1317
3.13285
3.1776
3.17835
3.179475
3.23575
3.261075
3.2633
3.27965
3.294175
3.296625
3.301
3.311375
3.317225
3.318475
3.331275
3.332
3.3513
3.378775
3.39745
3.413275
3.417925
3.418675
3.42205
3.422125
3.43405
3.444525
3.4469
3.451475
3.47155
3.49295
3.496125
3.499175
3.5045
3.511525
3.532125
3.549625
3.663825
3.680675
3.680875
3.703925
3.70595
3.708275
3.72265
3.730525
3.74345
3.748775
3.75545
3.786175
3.7869
3.796575
3.802575
3.837025
3.839275
3.86025
3.903125
3.903725
3.9396
3.94585
3.945875
3.9466
3.9671
3.96715
3.9739
3.99575
4.0041
4.011525
4.0208
4.02245
4.02345
4.04065
4.06445
4.065975
4.07655
4.099825
4.14595
4.16045
4.173425
4.176225
4.17925
4.195775
4.196075
4.21575
4.24385
4.305775
4.311025
4.312475
4.31325
4.329575
4.335425
4.339075
4.342025
4.34205
4.3488
4.358275
4.394475
4.41525
4.443
4.444975
4.45895
4.47565
4.476875
4.481075
4.548925
4.583725
4.596525
4.6105
4.611375
4.613475
4.61755
4.619775
4.627725
4.628525
4.6387
4.646225
4.650125
4.6513
4.65175
4.69915
4.733075
4.75135
4.753625
4.7576
4.761575
4.769325
4.8073
4.816325
4.867225
4.870075
4.871925
4.888925
4.9134
4.9367
4.939475
4.962825
4.9652
4.969075
4.986625
4.992625
5.012725
5.0175
5.019975
5.03225
5.116025
5.157675
5.159825
5.174475
5.204875
5.206825
5.215725
5.215825
5.2276
5.228475
5.2622
5.29085
5.3003
5.319475
5.35225
5.37505
5.440225
5.4428
5.453625
5.4728
5.487225
5.506175
5.506775
5.51115
5.522025
5.5236
5.548025
5.55255
5.554875
5.596975
5.600325
5.601
5.613675
5.6214
5.62355
5.635175
5.6456
5.663775
5.685225
5.7018
5.70455
5.76385
5.782475
5.804
5.8182
5.82025
5.823875
5.82485
5.833475
5.83415
5.84355
5.8478
5.850125
5.867225
5.8742
5.8828
5.88295
5.883575
5.886575
5.89015
5.90535
5.9087
5.92015
5.926125
5.930375
5.9314
5.9575
5.970725
5.972075
5.97295
5.989525
6.000125
6.023175
6.078275
6.115675
6.1229
6.136925
6.14105
6.145825
6.148025
6.1508
6.15175
6.161
6.1756
6.199025
6.19945
6.208575
6.22645
6.272925
6.289375
6.2993
6.3132
6.3224
6.337525
6.349125
6.35075
6.3869
6.4327
6.447075
6.452275
6.455175
6.4599
6.46525
6.467
6.47505
6.49285
6.501675
6.5045
6.5059
6.525775
6.528725
6.52925
6.53355
6.533675
6.56435
6.566925
6.604675
6.624625
6.644275
6.6548
6.6648
6.707725
6.7101
6.715275
6.736625
6.750975
6.75605
6.764525
6.770275
6.774875
6.796775
6.810275
6.836225
6.8398
6.85955
6.860625
6.874475
6.8843
6.892575
7.009325
7.013025
7.016025
7.019575
7.0212
7.02285
7.023175
7.025275
7.054075
7.0571
7.0934
7.126825
7.14395
7.167825
7.18545
7.1911
7.19515
7.213575
7.2328
7.240575
7.277625
7.292025
7.30445
7.308125
7.3094
7.311575
7.3142
7.320025
7.3224
7.32575
7.331275
7.336825
7.337425
7.35135
7.354325
7.357875
7.3728
7.373775
7.38835
7.40535
7.41445
7.415725
7.41705
7.432375
7.444
7.459775
7.518725
7.520175
7.52275
7.5261
7.542375
7.545775
7.5629
7.600175
7.6114
7.614875
7.61645
7.622975
7.6343
7.638875
7.640025
7.646875
7.6492
7.6558
7.66765
7.66955
7.671175
7.705125
7.706725
7.715225
7.7265
7.729375
7.73855
7.73925
7.739275
7.756375
7.758925
7.767575
7.771825
7.772575
7.788575
7.815975
7.8647
7.89425
7.903075
7.9147
7.917475
7.923325
7.925975
7.936225
7.948175
7.9488
7.95245
7.952525
7.956025
7.975
7.982225
7.9907
7.992725
8.001075
8.008675
8.0187
8.0421
8.046125
8.049225
8.052625
8.09305
8.09615
8.105025
8.114675
8.123025
8.13515
8.14535
8.2105
8.216375
8.2222
8.234075
8.23465
8.23575
8.238875
8.24235
8.25345
8.254325
8.257725
8.278525
8.278675
8.2823
8.3013
8.301475
8.32585
8.3355
8.345775
8.36265
8.378175
8.430775
8.4564
8.467825
8.4918
8.505875
8.50675
8.507025
8.509275
8.519225
8.545425
8.54555
8.549
8.594075
8.60005
8.609975
8.62445
8.64965
8.654375
8.663275
8.6696
8.69325
8.718025
8.73745
8.750975
8.811175
8.8149
8.822125
8.83615
8.847175
8.847975
8.8553
8.879425
8.879975
8.895075
8.901525
8.901825
8.90765
8.9124
8.920175
8.9286
8.931175
8.93255
8.9336
8.94
8.966925
8.980975
9.004475
9.053075
9.070775
9.0778
754
