0.048675
0.102625
0.10555
0.10595
0.111775
0.123825
0.125225
0.12705
0.138825
0.139725
0.166175
0.17595
0.178
0.1782
0.200025
0.2005
0.203375
0.204725
0.20645
0.21285
0.217825
0.219625
0.2285
0.23185
0.233575
0.2369
0.2706
0.287975
0.2895
0.352775
0.3673
0.38415
0.3858
0.388075
0.404175
0.43095
0.43385
0.458125
0.46335
0.4681
0.49995
0.503725
0.5116
0.5233
0.52605
0.526675
0.53005
0.541625
0.566025
0.604425
0.640575
0.70265
0.712575
0.713225
0.715925
0.72085
0.73255
0.7402
0.744775
0.748925
0.753225
0.75555
0.7645
0.77245
0.777475
0.788925
0.802325
0.802375
0.818275
0.898525
0.899175
0.938375
0.939
0.947575
0.951825
0.95655
0.9833
1.00265
1.005375
1.00785
1.010725
1.0142
1.02085
1.0213
1.0248
1.0392
1.053525
1.069475
1.085775
1.095675
1.1024
1.10375
1.1129
1.11325
1.129475
1.1313
1.136775
1.156925
1.158375
1.187175
1.2062
1.2154
1.235375
1.24185
1.2922
1.3021
1.315175
1.3181
1.32165
1.3275
1.33225
1.3349
1.33495
1.33765
1.361025
1.3718
1.373175
1.37905
1.403275
1.40405
1.4126
1.4144
1.415475
1.465175
1.476025
1.4837
1.495325
1.520625
1.54355
1.555025
1.555425
1.60405
1.608125
1.6199
1.623
1.6296
1.637225
1.638475
1.64705
1.6499
1.65135
1.6591
1.6633
1.669175
1.6782
1.6913
1.69985
1.702275
1.708675
1.7201
1.721925
1.72295
1.74325
1.765475
1.785175
1.799025
1.809875
1.83095
1.83925
1.862175
1.89435
1.904625
1.90855
1.908975
1.911925
1.92105
1.93385
1.938525
1.943825
1.95055
1.9547
1.9586
1.967025
1.972075
1.987375
1.989925
2.005525
2.01315
2.028
2.056925
2.0645
2.07355
2.08205
2.091475
2.100025
2.110475
2.110575
2.110725
2.129375
2.13115
2.137475
2.146525
2.15855
2.197225
2.2001
2.2205
2.227025
2.233225
2.249225
2.264525
2.273625
2.280075
2.28245
2.30875
2.312675
2.322975
2.335275
2.33545
2.337025
2.3416
2.346975
2.348875
2.349925
2.350025
2.357375
2.3951
2.4245
2.46405
2.48975
2.500225
2.50355
2.5061
2.51465
2.517825
2.5227
2.530625
2.531875
2.543925
2.562425
2.56365
2.56595
2.570825
2.572275
2.5731
2.5781
2.5851
2.596075
2.604775
2.606925
2.60795
2.615525
2.628175
2.6353
2.640625
2.641075
2.6585
2.659575
2.680475
2.69075
2.692925
2.732325
2.754375
2.7671
2.79945
2.800875
2.802775
2.8102
2.828275
2.83235
2.834
2.83975
2.858675
2.86005
2.8657
2.8898
2.92385
2.926825
2.965975
2.9679
2.976625
3.018
3.0831
3.086925
3.10935
3.11215
3.11415
3.123575
3.125375
3.137825
3.1514
3.15235
3.153375
3.158725
3.168925
3.1764
3.177675
3.183975
3.20435
3.22965
3.2483
3.27685
3.285975
3.343625
3.4008
3.400875
3.40865
3.426075
3.43295
3.437775
3.45585
3.461125
3.475675
3.47735
3.49035
3.49335
3.5114
3.522275
3.52325
3.5248
3.532875
3.542425
3.545325
3.57795
3.597475
3.613975
3.6252
3.6307
3.70195
3.701975
3.70265
3.70745
3.717575
3.7287
3.7292
3.73785
3.7389
3.742575
3.751675
3.7561
3.77525
3.78315
3.7937
3.79615
3.7963
3.806075
3.81845
3.82755
3.83495
3.837025
3.84135
3.8511
3.879
3.88885
3.924375
3.97115
3.976475
4.004875
4.01105
4.018325
4.020875
4.023075
4.027
4.0292
4.030575
4.0523
4.10065
4.107975
4.1136
4.118925
4.1318
4.135175
4.145025
4.178675
4.184675
4.200075
4.204325
4.208125
4.231075
4.245575
4.280325
4.337675
4.3389
4.3392
4.341
4.352825
4.3582
4.3633
4.378125
4.3872
4.389275
4.40595
4.452325
4.47435
4.495725
4.542775
4.54305
4.56945
4.573325
4.6066
4.613325
4.6155
4.6167
4.624425
4.62465
4.628675
4.630475
4.630975
4.637675
4.6418
4.672875
4.69535
4.6977
4.722725
4.73175
4.738575
4.75415
4.757275
4.760775
4.7748
4.78465
4.8084
4.817425
4.821475
4.844725
4.8736
4.89575
4.9006
4.910475
4.922075
4.9293
4.9329
4.93465
4.937675
4.94045
4.95735
4.960375
4.961125
4.9749
5.000325
5.003675
5.0067
5.01045
5.029225
5.029725
5.058825
5.06815
5.07735
5.1355
5.13675
5.13925
5.182475
5.20005
5.205175
5.21995
5.22395
5.254775
5.25855
5.29225
5.295225
5.316875
5.325525
5.33055
5.345975
5.356675
5.365925
5.405375
5.408925
5.412425
5.4421
5.4424
5.499975
5.500925
5.5039
5.50665
5.508825
5.5176
5.531525
5.538075
5.54115
5.553925
5.55575
5.55965
5.563925
5.56485
5.56775
5.572825
5.583225
5.587625
5.59835
5.60345
5.635075
5.638875
5.63915
5.65025
5.655125
5.66585
5.669225
5.676075
5.705875
5.70815
5.7095
5.7538
5.75735
5.771025
5.78065
5.792275
5.808825
5.812975
5.817575
5.834875
5.84455
5.848225
5.851425
5.8596
5.862375
5.867325
5.92085
5.92835
5.93005
5.95005
5.953875
5.961325
5.96755
5.97505
5.987375
6.01635
6.039875
6.05225
6.069575
6.10015
6.10715
6.116175
6.11935
6.121075
6.12455
6.14225
6.143675
6.146575
6.182025
6.182175
6.18885
6.19025
6.194
6.21495
6.216125
6.235325
6.237975
6.23905
6.245
6.250475
6.25915
6.26055
6.307175
6.309475
6.3425
6.343575
6.34865
6.386925
6.400775
6.404
6.404525
6.40655
6.4094
6.416375
6.418625
6.423025
6.438575
6.43985
6.441625
6.4442
6.4472
6.4513
6.4531
6.466075
6.47565
6.48505
6.491775
6.50155
6.5072
6.524275
6.5265
6.547425
6.54755
6.568575
6.573825
6.6376
6.63935
6.693275
6.703225
6.70395
6.70865
6.7154
6.71795
6.720425
6.72335
6.7264
6.7317
6.74535
6.74725
6.747275
6.75195
6.755175
6.776475
6.786075
6.786675
6.82185
6.832825
6.8341
6.8361
6.843275
6.843325
6.85305
6.859775
6.865575
6.9328
6.943225
6.950925
6.95135
6.9532
6.981
6.99665
7.00135
7.007825
7.00925
7.01765
7.019225
7.01965
7.02015
7.0208
7.0245
7.028475
7.03
7.030575
7.031475
7.03425
7.050475
7.0554
7.066725
7.073125
7.081275
7.106025
7.110025
7.112375
7.113675
7.1162
7.131025
7.141175
7.1719
7.172025
7.2284
7.229225
7.23275
7.28575
7.299725
7.301525
7.3022
7.314625
7.315075
7.321275
7.3221
7.33965
7.3398
7.341525
7.345575
7.347325
7.355675
7.36305
7.390825
7.399075
7.4011
7.405175
7.4176
7.421875
7.431075
7.437375
7.45635
7.47345
7.48495
7.497525
7.50515
7.530475
7.60145
7.61015
7.611925
7.615875
7.61615
7.61755
7.623925
7.62565
7.6498
7.650475
7.690325
7.691775
7.705475
7.70575
7.71985
7.745475
7.772
7.77335
7.809375
7.812
7.852275
7.857625
7.8751
7.888425
7.9318
7.94125
7.942425
7.944875
7.945875
7.951875
7.95325
7.95335
7.9678
7.97485
7.98815
7.989525
7.989625
7.998825
8.000775
8.015325
8.026275
8.028875
8.032575
8.0577
8.058025
8.066625
8.0855
8.08655
8.105075
8.114525
8.121
8.134675
8.143575
8.148325
8.2124
8.215175
8.227575
8.230875
8.234375
8.238475
8.239875
8.24065
8.247125
8.265425
8.27765
8.297825
8.311025
8.329925
8.34645
8.36505
8.368275
8.50445
8.507275
8.51595
8.520275
8.52255
8.5244
8.526075
8.5312
8.53145
8.5344
8.5379
8.537975
8.54025
8.54285
8.548875
8.5513
8.55435
8.561125
8.562275
8.5638
8.56925
8.591525
8.629
8.6505
8.653625
8.664225
8.674175
8.679825
8.68625
8.686525
8.6885
8.694725
8.717725
8.7184
8.74965
8.751625
8.7546
8.756175
8.78255
8.801275
8.80365
8.8164
8.81875
8.828725
8.833375
8.83465
8.835825
8.8553
8.87555
8.87835
8.887025
8.9183
8.924875
8.92705
8.9555
8.95915
9.020525
9.036325
9.045075
9.0771
9.09525
803
