0.10425
0.11185
0.12135
0.1364
0.137675
0.144625
0.166075
0.167275
0.1696
0.17145
0.187025
0.19465
0.20875
0.220325
0.247875
0.250775
0.251825
0.261175
0.271675
0.310825
0.33295
0.333975
0.375525
0.39105
0.400225
0.4072
0.408075
0.411
0.411125
0.416775
0.417725
0.428125
0.4324
0.438725
0.4389
0.439825
0.444675
0.44975
0.456175
0.458175
0.4592
0.46075
0.4753
0.509375
0.520525
0.524775
0.541575
0.5451
0.5494
0.5664
0.6019
0.652475
0.66255
0.7017
0.706875
0.70725
0.712725
0.7203
0.7329
0.7368
0.7392
0.76485
0.777525
0.7856
0.787725
0.792875
0.80845
0.8215
0.823575
0.853775
0.86065
0.8753
0.881325
0.8887
0.8903
0.9033
0.91875
0.954
0.9573
0.985925
1.000025
1.0009
1.0024
1.003175
1.00995
1.01055
1.0154
1.01615
1.03265
1.036825
1.039025
1.055525
1.071225
1.084
1.093225
1.104225
1.104525
1.11155
1.12295
1.15395
1.1559
1.161825
1.17055
1.18655
1.188025
1.20695
1.2096
1.21835
1.248925
1.276375
1.284725
1.30655
1.3187
1.325025
1.328425
1.344125
1.3485
1.351275
1.35255
1.353525
1.366825
1.374125
1.3922
1.395975
1.40255
1.413675
1.43245
1.434075
1.454825
1.46215
1.483375
1.4853
1.502825
1.51085
1.514575
1.56665
1.57535
1.5793
1.5819
1.58935
1.60995
1.6162
1.6268
1.627075
1.630175
1.63295
1.641075
1.64515
1.666
1.670275
1.673625
1.6805
1.687275
1.68995
1.692125
1.715625
1.716675
1.72155
1.725825
1.748475
1.7598
1.78545
1.788325
1.80575
1.822
1.853475
1.8548
1.91285
1.92145
1.922725
1.92995
1.933575
1.934875
1.93815
1.9517
1.97185
1.9861
1.991925
1.993275
2.004825
2.01115
2.05365
2.055325
2.055475
2.056375
2.060425
2.065525
2.114325
2.11635
2.156825
2.1574
2.177575
2.206025
2.224
2.229375
2.23185
2.233125
2.23565
2.2364
2.2368
2.24705
2.26
2.27325
2.27995
2.296925
2.31325
2.34285
2.379775
2.40755
2.439975
2.4477
2.448625
2.48125
2.51115
2.519
2.5245
2.5429
2.5529
2.5674
2.56805
2.575425
2.58745
2.595325
2.597025
2.602325
2.607775
2.611875
2.644625
2.660075
2.66225
2.683875
2.713525
2.71475
2.72415
2.724475
2.7742
2.8055
2.81375
2.814375
2.8159
2.83785
2.850125
2.8511
2.856675
2.866525
2.86885
2.8722
2.874425
2.8987
2.89945
2.90435
2.9046
2.91425
2.917575
2.92445
2.92745
2.937275
2.9449
2.9454
2.949325
2.95225
2.95765
2.97235
2.973075
2.983575
2.990575
3.044975
3.0826
3.092225
3.11035
3.11275
3.1305
3.13205
3.132875
3.1372
3.137325
3.152275
3.154875
3.1592
3.160925
3.166125
3.170425
3.17695
3.178525
3.17855
3.17955
3.181875
3.2009
3.21485
3.21635
3.217175
3.223325
3.22785
3.227875
3.22925
3.23195
3.244425
3.265275
3.2695
3.274825
3.279725
3.283975
3.287825
3.295275
3.3148
3.327775
3.3309
3.33275
3.3462
3.366125
3.367625
3.3805
3.396125
3.403575
3.411475
3.413
3.413775
3.43055
3.454425
3.464825
3.477525
3.48085
3.484875
3.49395
3.500125
3.511
3.53445
3.538875
3.540175
3.54545
3.556225
3.5632
3.5687
3.574525
3.586675
3.58745
3.601775
3.609825
3.617075
3.623925
3.6599
3.667225
3.6973
3.698525
3.702575
3.712225
3.713925
3.714425
3.7209
3.72135
3.729775
3.732525
3.747625
3.759625
3.767875
3.7814
3.782875
3.787125
3.790275
3.8168
3.8223
3.823675
3.8388
3.843075
3.8833
3.884675
3.8865
3.912175
3.912225
3.97025
3.9766
3.9922
4.00055
4.00225
4.00675
4.0196
4.0254
4.026625
4.03465
4.04395
4.0442
4.04965
4.05745
4.063525
4.100575
4.1055
4.11785
4.1362
4.136925
4.137625
4.179175
4.187575
4.21785
4.230125
4.236825
4.3007
4.30795
4.312425
4.321225
4.3229
4.336375
4.3513
4.357425
4.371125
4.37145
4.38535
4.400575
4.412025
4.441175
4.469725
4.4791
4.496575
4.5018
4.528075
4.539375
4.5565
4.590825
4.6203
4.6249
4.64065
4.6466
4.6564
4.6605
4.6811
4.6953
4.702875
4.706875
4.707875
4.7119
4.71795
4.763275
4.779875
4.791625
4.807475
4.814225
4.8372
4.882975
4.889125
4.900025
4.9074
4.9129
4.913125
4.91815
4.9341
4.9352
4.9382
4.93985
4.957425
4.96005
4.96325
4.9672
4.988975
4.99115
5.008975
5.048875
5.049
5.058575
5.087425
5.092225
5.108125
5.136975
5.13745
5.1812
5.191625
5.22035
5.224275
5.227575
5.2411
5.241675
5.251425
5.255875
5.26875
5.2718
5.275725
5.2831
5.29395
5.341
5.354225
5.358275
5.399125
5.4015
5.454475
5.5001
5.500925
5.510775
5.512925
5.5483
5.552275
5.554875
5.5578
5.566
5.574075
5.5784
5.6207
5.65785
5.688075
5.710375
5.81525
5.82035
5.823875
5.850725
5.854825
5.85725
5.869875
5.89475
5.897975
5.904
5.9071
5.9208
5.93115
5.956875
5.96125
5.972575
5.97425
6.006375
6.01945
6.0241
6.049625
6.051975
6.055725
6.062775
6.068275
6.116425
6.1174
6.12905
6.13375
6.141875
6.14845
6.167575
6.16775
6.1719
6.1993
6.199675
6.2014
6.2155
6.24005
6.2516
6.2638
6.265225
6.278225
6.30265
6.3046
6.311575
6.31895
6.346825
6.390375
6.418
6.442675
6.45655
6.4592
6.462
6.47615
6.47945
6.487625
6.513225
6.5152
6.5187
6.520725
6.52775
6.5342
6.55155
6.552125
6.56215
6.56805
6.60015
6.6029
6.611125
6.62355
6.6252
6.657
6.67525
6.6973
6.702875
6.71165
6.718425
6.7209
6.732775
6.744425
6.7538
6.784475
6.788725
6.819225
6.82545
6.8368
6.86365
6.864125
6.87455
6.877625
6.937325
6.9458
6.9754
7.00395
7.004975
7.00615
7.010625
7.013325
7.0178
7.01815
7.024875
7.03365
7.033675
7.040275
7.055325
7.0621
7.062875
7.0819
7.0847
7.09925
7.1019
7.103325
7.139975
7.147225
7.1618
7.1661
7.22385
7.235125
7.29715
7.304125
7.308925
7.3198
7.320075
7.335
7.345425
7.363025
7.365
7.367475
7.37005
7.375475
7.4098
7.42145
7.426975
7.436575
7.45585
7.5108
7.550975
7.5529
7.588125
7.60385
7.61345
7.615475
7.631625
7.647975
7.652
7.657425
7.657525
7.667625
7.6799
7.680325
7.682625
7.69145
7.702325
7.70465
7.7281
7.737175
7.764325
7.765675
7.7925
7.803025
7.8123
7.81355
7.823025
7.83825
7.850025
7.856225
7.869575
7.89485
7.91135
7.917725
7.92785
7.929275
7.9329
7.943025
7.9435
7.951175
7.9548
7.959375
7.965475
7.981775
7.98235
7.984475
8.0015
8.005625
8.006675
8.017825
8.0218
8.037275
8.03925
8.075975
8.114625
8.168475
8.1932
8.205425
8.2253
8.23835
8.24075
8.244775
8.257375
8.25875
8.26075
8.2881
8.2931
8.30545
8.3136
8.313875
8.339475
8.34725
8.350825
8.352575
8.3774
8.377425
8.42315
8.42805
8.499375
8.501675
8.505275
8.506325
8.516775
8.517325
8.522425
8.533525
8.549825
8.5518
8.57245
8.572475
8.577225
8.5774
8.58555
8.587825
8.592975
8.595875
8.615775
8.6392
8.6653
8.677525
8.6837
8.70545
8.723125
8.7898
8.7934
8.800775
8.8045
8.80885
8.80905
8.823875
8.826325
8.840375
8.842625
8.84405
8.847425
8.88025
8.8944
8.899825
8.906425
8.92285
8.973075
8.98175
8.983475
8.986125
9.01525
759
