0.10915
0.109175
0.11025
0.1119
0.112825
0.117625
0.13095
0.140225
0.1602
0.171975
0.1772
0.17955
0.180125
0.1996
0.2064
0.209925
0.219075
0.222375
0.22265
0.222825
0.230575
0.234675
0.24765
0.275075
0.2824
0.2867
0.302825
0.33025
0.3355
0.341975
0.371075
0.375475
0.382425
0.3942
0.40005
0.402325
0.408
0.419675
0.42465
0.430125
0.431975
0.43415
0.43975
0.44815
0.449175
0.466925
0.467375
0.46875
0.47085
0.4785
0.483425
0.4845
0.498725
0.55705
0.575775
0.5805
0.5926
0.60155
0.65845
0.6657
0.7065
0.712325
0.7127
0.7135
0.71465
0.7247
0.742625
0.7427
0.74395
0.749925
0.7527
0.7753
0.7766
0.780525
0.78625
0.79375
0.795175
0.80315
0.8035
0.815
0.825
0.835525
0.851425
0.86745
0.8774
0.9278
0.9444
0.946725
0.950925
0.95255
1.004875
1.00655
1.015875
1.016925
1.02605
1.031925
1.0639
1.070225
1.071425
1.085425
1.1146
1.125275
1.136675
1.152025
1.155375
1.186275
1.19155
1.195975
1.21335
1.213625
1.22285
1.228225
1.25175
1.261875
1.308325
1.31565
1.319775
1.320525
1.329925
1.331225
1.331925
1.334275
1.337925
1.341275
1.34565
1.3465
1.36015
1.361075
1.3676
1.36925
1.38155
1.383525
1.3913
1.3915
1.39575
1.4117
1.41455
1.43215
1.439275
1.44025
1.452075
1.4562
1.499575
1.49975
1.50425
1.52155
1.528375
1.564325
1.617525
1.620975
1.6226
1.62485
1.625425
1.6263
1.62645
1.636375
1.6458
1.654325
1.667175
1.674125
1.68725
1.6901
1.693025
1.698925
1.716875
1.7189
1.7198
1.72
1.739475
1.75795
1.759325
1.768675
1.794925
1.812725
1.82135
1.837425
1.851075
1.8682
1.8694
1.90415
1.90695
1.909625
1.910375
1.912075
1.921
1.9287
1.929475
1.93305
1.93815
1.949625
1.950875
1.9528
1.96045
1.96135
1.962425
1.973525
1.98155
1.983575
2.00665
2.021825
2.062025
2.063025
2.154075
2.15975
2.162375
2.17895
2.181225
2.20075
2.211375
2.23285
2.235425
2.2595
2.2688
2.27315
2.2757
2.28215
2.2948
2.30095
2.3117
2.31585
2.317875
2.323475
2.324825
2.3354
2.337575
2.34595
2.359725
2.3642
2.36745
2.411725
2.455675
2.50665
2.5077
2.512125
2.51725
2.5199
2.5209
2.5299
2.53295
2.542075
2.54825
2.5628
2.56775
2.5739
2.5784
2.586875
2.60735
2.615975
2.619125
2.623125
2.624
2.63605
2.637675
2.649425
2.6507
2.67525
2.7085
2.71315
2.7742
2.782375
2.8028
2.804425
2.804725
2.805825
2.80675
2.809425
2.818975
2.829925
2.845425
2.863575
2.868675
2.869175
2.8822
2.89665
2.90095
2.916325
2.9184
2.928775
2.9376
2.949625
2.9601
2.961325
2.97205
3.007
3.009225
3.01835
3.028875
3.079325
3.10095
3.103925
3.104775
3.105475
3.111525
3.111975
3.11475
3.116725
3.119
3.1198
3.120975
3.125475
3.1288
3.142725
3.144975
3.172525
3.179575
3.18085
3.1831
3.1858
3.189175
3.18945
3.193375
3.228275
3.2319
3.25695
3.257125
3.2641
3.290475
3.2924
3.295175
3.308125
3.31935
3.322025
3.32325
3.37315
3.40445
3.408475
3.413325
3.4323
3.44585
3.45345
3.45815
3.4596
3.471725
3.49575
3.5036
3.512525
3.51465
3.52725
3.542525
3.55415
3.56145
3.565
3.570525
3.582775
3.59605
3.60465
3.632925
3.641225
3.6546
3.6633
3.666725
3.683625
3.704025
3.710525
3.717925
3.731025
3.736775
3.7538
3.75745
3.762775
3.78425
3.788575
3.80965
3.815225
3.8259
3.84925
3.88995
3.9038
3.92025
3.952775
3.95825
4.000325
4.004175
4.00485
4.006
4.008125
4.010725
4.012175
4.021275
4.02315
4.028125
4.05025
4.051575
4.056625
4.058075
4.0612
4.062275
4.077475
4.078375
4.07945
4.108975
4.122325
4.1271
4.1328
4.1367
4.139225
4.161225
4.180425
4.206
4.208525
4.211625
4.2397
4.248825
4.251525
4.2534
4.271
4.2814
4.2835
4.29525
4.3049
4.311925
4.3322
4.34605
4.351425
4.3586
4.365075
4.3672
4.376
4.384375
4.397975
4.400725
4.40385
4.406
4.40805
4.408425
4.41175
4.424575
4.425975
4.431025
4.43805
4.44065
4.441775
4.447775
4.452125
4.4739
4.49845
4.520225
4.527675
4.5361
4.538025
4.54115
4.558375
4.563475
4.601675
4.6132
4.61685
4.64425
4.647375
4.650975
4.669475
4.673425
4.6808
4.68725
4.68855
4.691975
4.697525
4.713475
4.713925
4.7167
4.74065
4.768425
4.78655
4.790525
4.79425
4.8088
4.857675
4.881475
4.900275
4.90085
4.9043
4.906575
4.907125
4.91665
4.934975
4.938025
4.9382
4.94985
4.9915
4.9972
5.00255
5.027375
5.04915
5.05295
5.0605
5.062325
5.138625
5.2218
5.2299
5.232425
5.233675
5.2337
5.235
5.241125
5.247575
5.250875
5.253025
5.254775
5.2582
5.258875
5.259425
5.262875
5.2671
5.2718
5.274675
5.30365
5.305975
5.3066
5.308575
5.32185
5.34995
5.371075
5.380175
5.4001
5.404
5.4273
5.4914
5.502525
5.50705
5.5075
5.5082
5.510225
5.51025
5.51555
5.52375
5.53725
5.55355
5.55545
5.5614
5.570075
5.575775
5.5765
5.583175
5.60955
5.61675
5.624325
5.62535
5.6392
5.64375
5.66525
5.668325
5.7198
5.774825
5.7788
5.7984
5.8003
5.8051
5.807525
5.813125
5.821
5.832775
5.83885
5.842075
5.857225
5.862375
5.8748
5.8773
5.88345
5.895375
5.910125
5.91235
5.936125
5.964
5.98615
5.996625
6.005975
6.02155
6.02935
6.0757
6.1003
6.1063
6.11505
6.1261
6.126425
6.1274
6.136475
6.138275
6.13935
6.148625
6.16595
6.166
6.1681
6.17025
6.180975
6.201
6.210025
6.21135
6.253925
6.263975
6.289525
6.305975
6.311625
6.31345
6.3314
6.39675
6.400175
6.4156
6.415875
6.42745
6.429025
6.430625
6.431775
6.433475
6.434425
6.4362
6.440325
6.442625
6.444025
6.44465
6.45235
6.476275
6.515675
6.518975
6.52925
6.538325
6.547525
6.587375
6.5922
6.60275
6.619925
6.6311
6.6368
6.707
6.7096
6.720775
6.72525
6.727075
6.73475
6.779875
6.7877
6.7921
6.814775
6.82785
6.83365
6.8362
6.85605
6.859625
6.881425
6.8888
6.90125
6.90495
6.9599
7.002175
7.002325
7.01065
7.0191
7.025525
7.02895
7.036975
7.041625
7.047625
7.052125
7.059675
7.09325
7.097325
7.099525
7.1244
7.13215
7.15085
7.1671
7.16795
7.180025
7.1971
7.227975
7.228275
7.259075
7.261
7.283575
7.3126
7.31925
7.321875
7.32325
7.3268
7.3303
7.3478
7.35365
7.36895
7.369225
7.374775
7.41005
7.422175
7.432025
7.444825
7.445425
7.448825
7.458325
7.458475
7.46925
7.478575
7.489325
7.54585
7.57885
7.610325
7.6201
7.6211
7.6261
7.636975
7.649675
7.660675
7.664675
7.677375
7.700275
7.714825
7.7352
7.737275
7.743825
7.750425
7.763975
7.77995
7.790825
7.8047
7.813225
7.855825
7.911775
7.912775
7.918825
7.92215
7.9276
7.9289
7.93665
7.94365
7.944
7.95105
7.95355
7.955725
7.9702
7.983875
8.005775
8.014575
8.0357
8.03795
8.04575
8.050975
8.0654
8.067325
8.072525
8.074375
8.0792
8.119075
8.12775
8.1461
8.175525
8.186725
8.200275
8.207725
8.2246
8.234675
8.236975
8.248025
8.25495
8.269825
8.279
8.281025
8.28165
8.286925
8.29055
8.30885
8.3334
8.35075
8.3667
8.3696
8.369925
8.373575
8.375875
8.389075
8.395525
8.404825
8.431275
8.432825
8.43565
8.4412
8.465675
8.469425
8.483725
8.486625
8.5005
8.501775
8.5075
8.508175
8.5096
8.513275
8.518225
8.52345
8.52525
8.53075
8.530925
8.532725
8.54265
8.551825
8.553175
8.556575
8.557125
8.56775
8.5681
8.603075
8.6038
8.620775
8.653725
8.65495
8.6575
8.6694
8.6928
8.7246
8.72615
8.7554
8.776025
8.788275
8.8083
8.823675
8.832225
8.83425
8.83925
8.86195
8.86595
8.868125
8.8785
8.887875
8.91755
8.934825
8.94095
8.9471
8.956025
8.963525
8.9877
9.004175
9.0197
9.038425
9.046575
9.046775
9.076575
9.091175
830
