0.122475
0.137225
0.138
0.13865
0.15075
0.162675
0.163125
0.164325
0.180875
0.198075
0.199075
0.208825
0.231
0.25605
0.256775
0.259175
0.26345
0.27505
0.2833
0.312025
0.3332
0.3408
0.365525
0.37025
0.4104
0.4112
0.4176
0.41975
0.438275
0.441775
0.4436
0.4563
0.506175
0.506775
0.50935
0.51175
0.511825
0.51255
0.519825
0.52255
0.534525
0.537325
0.564925
0.6499
0.65735
0.7011
0.702375
0.7032
0.710875
0.711725
0.712075
0.719575
0.724075
0.726175
0.7286
0.754325
0.7558
0.75645
0.75965
0.76645
0.772825
0.797175
0.810975
0.812425
0.83975
0.8503
0.867825
0.874675
0.877925
0.883525
0.8985
0.9459
0.99325
1.000875
1.007125
1.00835
1.02955
1.04205
1.04405
1.048175
1.054825
1.0725
1.079175
1.0928
1.10295
1.1076
1.11065
1.11365
1.13795
1.139525
1.152225
1.1549
1.162875
1.1716
1.174375
1.19325
1.20245
1.22735
1.2789
1.3092
1.30995
1.311925
1.31265
1.33315
1.34605
1.357975
1.375275
1.37715
1.380275
1.38575
1.39505
1.396975
1.404475
1.40775
1.41595
1.4301
1.4414
1.45135
1.4628
1.4698
1.488775
1.493425
1.5171
1.5387
1.5417
1.6173
1.6407
1.6475
1.659025
1.67645
1.702225
1.720075
1.7457
1.7614
1.77935
1.8011
1.82265
1.826425
1.8627
1.8664
1.90045
1.9117
1.935575
1.941325
1.94965
1.954875
1.9879
1.998525
2.017375
2.019675
2.02415
2.024875
2.034925
2.035975
2.03895
2.041575
2.074875
2.082
2.091775
2.098175
2.154425
2.16335
2.2115
2.2179
2.2191
2.227125
2.232175
2.2342
2.24075
2.2461
2.2498
2.252225
2.254425
2.261625
2.27495
2.27765
2.278875
2.286675
2.2922
2.315075
2.31625
2.317925
2.327375
2.3316
2.361775
2.36415
2.372075
2.391475
2.398025
2.42055
2.431525
2.43375
2.4456
2.471475
2.47295
2.50155
2.50475
2.505275
2.505575
2.5205
2.523975
2.524525
2.52625
2.535075
2.5377
2.54125
2.542775
2.573625
2.57635
2.6048
2.605725
2.60975
2.6516
2.6718
2.67515
2.67885
2.711225
2.73175
2.733
2.7427
2.798225
2.817025
2.818475
2.821675
2.82275
2.83325
2.83745
2.83895
2.84535
2.881575
2.88515
2.917225
2.953325
2.956125
2.963425
2.963575
2.96825
2.97875
2.988475
2.990975
2.992
2.99365
3.0489
3.056225
3.063475
3.09035
3.0963
3.108325
3.111525
3.120775
3.1264
3.130525
3.134825
3.149125
3.169475
3.1762
3.177
3.192675
3.19915
3.20275
3.2254
3.22695
3.2286
3.233
3.240625
3.26095
3.290225
3.3359
3.338
3.351325
3.36365
3.364675
3.368275
3.368325
3.397125
3.405825
3.409625
3.40965
3.41835
3.41905
3.42005
3.425425
3.430175
3.432125
3.44885
3.4511
3.451975
3.45765
3.460525
3.4642
3.466875
3.469425
3.4722
3.493475
3.504075
3.512525
3.526825
3.5276
3.53125
3.534725
3.53495
3.555075
3.555125
3.563625
3.623175
3.623725
3.65135
3.6629
3.709575
3.70965
3.727725
3.731575
3.736775
3.7461
3.749275
3.758075
3.794475
3.80315
3.8173
3.826475
3.8376
3.8498
3.87195
3.87585
3.87895
3.93925
3.956925
3.95945
4.0022
4.005975
4.007325
4.015125
4.02715
4.062925
4.06565
4.07985
4.086675
4.102575
4.1111
4.146825
4.150825
4.1512
4.1558
4.160075
4.162575
4.176875
4.182
4.1966
4.21825
4.22565
4.22575
4.229
4.300525
4.300725
4.30485
4.307625
4.31735
4.32755
4.331225
4.34115
4.349475
4.3514
4.3541
4.35455
4.3663
4.373075
4.383475
4.385675
4.3901
4.404925
4.408725
4.42375
4.424325
4.4764
4.47905
4.5025
4.521975
4.571425
4.601175
4.61205
4.612525
4.612625
4.61615
4.634275
4.6357
4.641875
4.65295
4.65945
4.6614
4.67225
4.673425
4.694925
4.69535
4.69875
4.7038
4.71045
4.716825
4.72355
4.747575
4.784925
4.81315
4.825575
4.8539
4.854225
4.869925
4.873
4.904925
4.907275
4.913025
4.91395
4.9183
4.930725
4.9433
4.94545
4.9564
4.963475
4.990425
4.995775
5.000925
5.00305
5.0114
5.016725
5.0247
5.024725
5.03265
5.13075
5.147525
5.151825
5.200925
5.2028
5.209575
5.21345
5.216675
5.23015
5.235875
5.240275
5.241975
5.248
5.25005
5.25235
5.275825
5.277925
5.286125
5.288875
5.289025
5.2987
5.32445
5.3274
5.338325
5.355075
5.35785
5.3781
5.383075
5.386425
5.38715
5.406425
5.420475
5.445275
5.4567
5.500625
5.50265
5.507925
5.51455
5.518425
5.52055
5.542475
5.5477
5.54865
5.568725
5.571
5.594075
5.606125
5.61815
5.619925
5.622675
5.6276
5.64315
5.652475
5.69945
5.705975
5.7544
5.757925
5.80045
5.804675
5.806575
5.828575
5.830725
5.833
5.841975
5.852725
5.86095
5.876125
5.882375
5.907675
5.91065
5.944725
5.9537
5.961975
5.995175
5.99555
6.018225
6.039925
6.04715
6.05785
6.070775
6.076475
6.0834
6.107425
6.115325
6.11715
6.126725
6.126825
6.127425
6.1473
6.1566
6.1569
6.1716
6.182875
6.201925
6.203225
6.211175
6.217475
6.219225
6.230575
6.23095
6.2343
6.2411
6.251125
6.258825
6.262625
6.265825
6.27435
6.28405
6.28775
6.312525
6.327575
6.341225
6.3748
6.380625
6.3865
6.396975
6.399025
6.410175
6.4193
6.420575
6.422075
6.423075
6.42315
6.424825
6.42725
6.433975
6.443025
6.4463
6.446975
6.465675
6.466475
6.475975
6.4778
6.4857
6.49015
6.49345
6.498675
6.5277
6.53685
6.549775
6.55275
6.56945
6.58015
6.583275
6.584725
6.632625
6.646575
6.6506
6.66185
6.686475
6.701875
6.718025
6.727225
6.73415
6.734925
6.737125
6.748225
6.755975
6.7562
6.76895
6.77275
6.7765
6.783275
6.78475
6.7855
6.78835
6.83395
6.835575
6.862025
6.883725
6.8848
6.895075
6.94885
6.9528
7.006075
7.015225
7.023625
7.0306
7.032325
7.032575
7.033925
7.056375
7.075775
7.08655
7.096925
7.101475
7.120225
7.128075
7.135125
7.13995
7.160175
7.16345
7.175675
7.180675
7.1896
7.19125
7.19765
7.21915
7.23015
7.26955
7.30095
7.31815
7.337375
7.337925
7.342075
7.345375
7.389325
7.409275
7.41455
7.451875
7.4662
7.511675
7.524825
7.5676
7.604975
7.607775
7.608925
7.614125
7.615575
7.621925
7.62555
7.6358
7.63585
7.656725
7.656825
7.6648
7.672025
7.673275
7.678575
7.6887
7.6911
7.700625
7.7052
7.7167
7.758675
7.75965
7.76145
7.782
7.793375
7.8033
7.806125
7.832175
7.900975
7.90335
7.904275
7.91925
7.92105
7.921925
7.926525
7.93465
7.9355
7.951575
7.9732
7.984025
7.99145
8.012
8.07705
8.0821
8.111075
8.138275
8.14655
8.17725
8.1778
8.183
8.203025
8.21515
8.226525
8.22785
8.2341
8.235975
8.237175
8.237925
8.239225
8.2501
8.264275
8.274975
8.276275
8.27635
8.307925
8.324875
8.326975
8.32965
8.3343
8.3376
8.34595
8.349325
8.38165
8.39395
8.4057
8.42925
8.471525
8.4847
8.501575
8.51295
8.5174
8.5193
8.521575
8.529025
8.531625
8.5502
8.554125
8.559925
8.56395
8.572
8.57965
8.580325
8.5848
8.5906
8.607325
8.6153
8.630725
8.6355
8.63995
8.6432
8.6457
8.653325
8.668625
8.689225
8.692525
8.7547
8.762125
8.762775
8.81095
8.811575
8.81595
8.8259
8.828125
8.828625
8.837025
8.837375
8.838575
8.8438
8.853375
8.85575
8.86275
8.863
8.866225
8.86665
8.870975
8.87275
8.88075
8.8993
8.904825
8.917625
8.93165
8.96135
8.9633
9.0348
9.049875
9.05035
9.0803
776
