0.101075
0.1038
0.10425
0.10625
0.11705
0.119625
0.12225
0.13025
0.131825
0.13225
0.138975
0.14125
0.1589
0.1649
0.167225
0.17255
0.19065
0.195325
0.19655
0.205925
0.209875
0.230575
0.23695
0.2465
0.253575
0.2561
0.2695
0.2741
0.275625
0.314375
0.33295
0.3391
0.348075
0.36325
0.403375
0.40675
0.40795
0.42315
0.424025
0.447475
0.469725
0.475475
0.48285
0.503075
0.514875
0.51595
0.519175
0.531975
0.53465
0.54385
0.544125
0.5797
0.582675
0.6095
0.629375
0.63895
0.68935
0.701575
0.7022
0.7028
0.703725
0.717075
0.723725
0.7329
0.738425
0.746875
0.749375
0.75065
0.764625
0.7718
0.77185
0.775075
0.797025
0.80035
0.80045
0.8263
0.835375
0.836225
0.84085
0.847275
0.86455
0.961275
0.9668
0.979925
0.9934
1.002
1.00655
1.0091
1.011825
1.015175
1.022075
1.022225
1.0266
1.02985
1.04205
1.04615
1.051675
1.0644
1.077525
1.1456
1.160625
1.2088
1.2505
1.25495
1.284175
1.29495
1.305475
1.31865
1.31885
1.328
1.32845
1.34485
1.350075
1.3587
1.363175
1.384775
1.385025
1.410475
1.411475
1.41325
1.41595
1.41725
1.420025
1.42405
1.4321
1.4376
1.4442
1.45515
1.460075
1.494225
1.51225
1.555175
1.560025
1.5823
1.5957
1.608875
1.609175
1.611
1.611325
1.630975
1.648625
1.6523
1.655
1.679125
1.679375
1.687725
1.702025
1.70215
1.7122
1.7144
1.72055
1.72675
1.734075
1.73535
1.735775
1.7435
1.78095
1.7887
1.793225
1.79615
1.80425
1.8075
1.8114
1.8208
1.86305
1.8836
1.89285
1.9064
1.908075
1.9123
1.914925
1.915925
1.917125
1.919275
1.920125
1.93185
1.95495
1.96525
1.966
1.967225
1.9977
1.998
1.998625
2.002025
2.003425
2.01755
2.156725
2.199925
2.201225
2.209775
2.221325
2.229075
2.23705
2.25585
2.2634
2.265375
2.269575
2.27115
2.281075
2.300975
2.3175
2.326075
2.33825
2.343
2.353725
2.360325
2.36395
2.371475
2.373525
2.382075
2.40425
2.41035
2.4495
2.462925
2.47195
2.50865
2.520175
2.522225
2.54095
2.5414
2.5479
2.56335
2.563925
2.567
2.56815
2.569625
2.57145
2.572425
2.602175
2.6172
2.61915
2.671425
2.684725
2.69665
2.69845
2.70445
2.7054
2.70675
2.709625
2.7118
2.729675
2.74065
2.7726
2.789
2.80715
2.8092
2.810575
2.819275
2.827825
2.830375
2.831475
2.833575
2.834
2.8385
2.844425
2.848075
2.849925
2.85355
2.854425
2.8661
2.90015
2.90165
2.9245
2.94525
2.95175
2.9964
2.997725
3.02285
3.023075
3.03375
3.0581
3.08005
3.103825
3.106225
3.1203
3.17205
3.172625
3.18115
3.18475
3.185225
3.1913
3.19155
3.196125
3.1976
3.212325
3.2163
3.23195
3.252975
3.277775
3.303225
3.303975
3.30465
3.316875
3.31765
3.3268
3.344175
3.375975
3.379825
3.39775
3.40695
3.4184
3.4238
3.44695
3.4757
3.49025
3.503525
3.50405
3.51655
3.5239
3.53105
3.537075
3.553225
3.554725
3.5673
3.57445
3.581125
3.5962
3.60275
3.632175
3.63285
3.65925
3.6593
3.675325
3.7072
3.71755
3.71895
3.723275
3.72575
3.73735
3.7489
3.762425
3.789875
3.80135
3.80295
3.8087
3.80875
3.81365
3.82665
3.864675
3.8686
3.889975
3.8914
3.8953
3.90275
3.904525
3.918175
3.938675
3.95065
4.000525
4.003875
4.009
4.0166
4.0212
4.02615
4.026825
4.039725
4.054875
4.061075
4.06715
4.08795
4.093375
4.094775
4.098025
4.118325
4.132825
4.18645
4.1909
4.209425
4.219775
4.225475
4.240325
4.24725
4.2546
4.27185
4.32325
4.323275
4.3251
4.3288
4.335875
4.3408
4.3564
4.359125
4.363675
4.3662
4.388025
4.414825
4.425525
4.455025
4.456225
4.467725
4.516025
4.59285
4.602625
4.604875
4.6082
4.610975
4.61935
4.6277
4.63165
4.6464
4.6842
4.687825
4.700875
4.70545
4.75095
4.753975
4.773575
4.776525
4.781775
4.7993
4.806225
4.820925
4.8298
4.8627
4.8654
4.89755
4.902875
4.911325
4.913175
4.920275
4.92205
4.9239
4.9278
4.932
4.937225
4.9592
4.9615
4.9651
4.9671
4.969325
4.991425
4.999775
5.00365
5.0111
5.01515
5.02575
5.03565
5.05525
5.09425
5.110075
5.1332
5.154125
5.162725
5.17785
5.1805
5.21005
5.218125
5.2189
5.2302
5.23205
5.242625
5.259275
5.2618
5.2662
5.3036
5.3391
5.379075
5.39165
5.40285
5.406725
5.411125
5.4125
5.434675
5.43965
5.4512
5.46805
5.514675
5.52885
5.531975
5.536075
5.544875
5.56965
5.574675
5.5803
5.584325
5.5923
5.5981
5.60215
5.60375
5.6203
5.621125
5.62185
5.6609
5.66615
5.685125
5.686425
5.7261
5.730075
5.738025
5.74485
5.7979
5.802375
5.80415
5.81085
5.8124
5.813425
5.8149
5.817025
5.81725
5.830175
5.835975
5.8568
5.872075
5.885925
5.889925
5.922975
5.928325
5.9511
5.9752
5.9766
5.989425
6.039425
6.0477
6.07655
6.08175
6.101375
6.111425
6.11215
6.114275
6.1155
6.1197
6.1257
6.12675
6.13015
6.133325
6.145125
6.1482
6.15005
6.158575
6.16335
6.1696
6.1832
6.19885
6.200625
6.204725
6.216225
6.22335
6.241825
6.247325
6.2584
6.2782
6.2949
6.3097
6.3264
6.34895
6.351825
6.3534
6.36575
6.40485
6.40875
6.411675
6.425775
6.43625
6.43665
6.45705
6.468975
6.491525
6.495925
6.496875
6.49945
6.509375
6.511025
6.545
6.5495
6.5533
6.5671
6.5764
6.5921
6.64025
6.6925
6.710125
6.710325
6.710675
6.716875
6.72035
6.7236
6.7274
6.729775
6.739375
6.73955
6.7397
6.778625
6.77965
6.79485
6.80155
6.807925
6.81205
6.81485
6.82665
6.84065
6.843525
6.865675
6.893675
6.91075
6.9226
6.9476
6.96285
6.9644
6.97195
6.9883
6.99865
7.005225
7.00765
7.01
7.01425
7.01525
7.01965
7.021575
7.031425
7.061525
7.063375
7.064275
7.078575
7.126325
7.132925
7.1448
7.1555
7.194225
7.23125
7.23205
7.241875
7.246875
7.304825
7.308475
7.3123
7.31285
7.31415
7.3172
7.33055
7.347025
7.360375
7.365975
7.368375
7.3695
7.386975
7.3879
7.415425
7.419975
7.43245
7.435
7.438
7.44325
7.44615
7.4537
7.462825
7.49095
7.4918
7.530325
7.538175
7.54285
7.55055
7.607575
7.6082
7.628525
7.634325
7.6593
7.661725
7.692175
7.703775
7.738925
7.74215
7.7514
7.755975
7.7601
7.78245
7.828425
7.856225
7.9229
7.933175
7.93685
7.941925
7.95755
7.96195
7.964725
7.967325
7.9707
7.9776
7.97775
7.9861
7.9923
7.994925
8.0054
8.02145
8.022775
8.052425
8.077125
8.080475
8.08635
8.100575
8.112775
8.120175
8.13155
8.137975
8.159675
8.159925
8.1609
8.1806
8.20195
8.20605
8.22
8.222075
8.222375
8.22995
8.23165
8.23245
8.2335
8.239525
8.243025
8.25035
8.25305
8.257825
8.27095
8.271675
8.27515
8.289525
8.32185
8.332
8.33545
8.3374
8.337475
8.34315
8.348925
8.3623
8.40355
8.415175
8.42585
8.508025
8.5082
8.511025
8.521075
8.5211
8.5223
8.527025
8.53255
8.5418
8.54695
8.5623
8.56485
8.572825
8.577225
8.591125
8.594275
8.607825
8.641575
8.6627
8.665175
8.6663
8.6737
8.6746
8.717575
8.730275
8.73135
8.744125
8.746875
8.7524
8.75415
8.76475
8.80505
8.806825
8.807775
8.8179
8.8284
8.83435
8.843
8.845925
8.84835
8.854875
8.856
8.857025
8.891075
8.894725
8.90545
8.91
8.918725
8.918975
8.9214
8.933725
8.942375
8.9556
8.95865
8.9596
8.987875
9.0055
9.027125
9.0457
9.05095
9.068175
9.0903
788
