0.100425
0.104125
0.106925
0.10815
0.1267
0.127
0.1271
0.14445
0.153825
0.16575
0.165975
0.226075
0.228575
0.232275
0.2347
0.2479
0.259975
0.277175
0.3027
0.31125
0.3275
0.338
0.348525
0.400675
0.440875
0.441175
0.44795
0.4737
0.473825
0.496275
0.522625
0.531225
0.5316
0.544325
0.5617
0.565775
0.614975
0.61765
0.632925
0.717925
0.7281
0.7354
0.735725
0.7359
0.74445
0.752025
0.7552
0.760675
0.7623
0.781375
0.78885
0.79555
0.8028
0.80345
0.822025
0.82355
0.835475
0.846875
0.8715
0.87385
0.885625
0.9351
0.94445
0.952125
0.992775
1.002075
1.003875
1.009325
1.0155
1.028925
1.0311
1.04755
1.057375
1.0626
1.06275
1.0675
1.0725
1.087125
1.0963
1.098975
1.128675
1.145775
1.153675
1.170775
1.177425
1.182625
1.2084
1.208425
1.21415
1.2319
1.246775
1.25005
1.254925
1.255875
1.274525
1.30235
1.306525
1.307475
1.312675
1.322475
1.33195
1.33595
1.349475
1.35275
1.355925
1.362675
1.36795
1.372075
1.3729
1.374775
1.376825
1.379925
1.392125
1.398625
1.404375
1.40925
1.42165
1.478875
1.4852
1.488725
1.51245
1.5204
1.58845
1.60095
1.6104
1.615675
1.63665
1.641275
1.642325
1.6443
1.645675
1.649525
1.651475
1.65895
1.688175
1.689575
1.71755
1.73105
1.744975
1.750425
1.755575
1.758725
1.766425
1.76835
1.773825
1.787525
1.82715
1.84825
1.854775
1.859425
1.90455
1.918975
1.924675
1.9251
1.938225
1.9399
1.9404
1.964625
1.96725
1.976925
1.97945
1.9807
2.002975
2.00485
2.0147
2.02985
2.0301
2.086175
2.08745
2.100275
2.109825
2.1511
2.2042
2.207525
2.207925
2.21405
2.228675
2.229625
2.2351
2.23745
2.2381
2.240075
2.2544
2.283275
2.285225
2.2896
2.29115
2.293275
2.295625
2.31415
2.317425
2.318825
2.32435
2.326
2.350725
2.3723
2.378925
2.3881
2.40595
2.40805
2.4531
2.454275
2.472575
2.474825
2.4776
2.47855
2.507125
2.516475
2.517625
2.520025
2.52205
2.5433
2.555075
2.57895
2.583025
2.586025
2.6156
2.616
2.619775
2.64205
2.644525
2.6613
2.66505
2.68025
2.699875
2.71525
2.74635
2.7709
2.789475
2.791925
2.808225
2.817375
2.8196
2.83065
2.834125
2.8409
2.846475
2.856625
2.859
2.8694
2.88415
2.9242
2.92825
2.93015
2.931975
2.9338
2.94395
2.9543
2.9549
2.955925
2.965925
2.98855
2.990775
3.011075
3.02145
3.0545
3.05915
3.101225
3.102475
3.1138
3.1208
3.122075
3.128325
3.13375
3.15635
3.157775
3.166825
3.169875
3.177225
3.1864
3.197475
3.2108
3.2238
3.227825
3.263075
3.263375
3.271425
3.287825
3.2895
3.3004
3.31325
3.31745
3.331525
3.3475
3.35645
3.3806
3.4083
3.41905
3.424725
3.4434
3.4542
3.4581
3.472725
3.485425
3.489225
3.489925
3.515525
3.51845
3.525075
3.53065
3.5394
3.549325
3.5528
3.554
3.5942
3.5967
3.6074
3.608975
3.611275
3.6174
3.6261
3.7015
3.7068
3.712075
3.71645
3.720775
3.72115
3.7243
3.7282
3.734125
3.745875
3.750775
3.7527
3.7576
3.771325
3.790525
3.791775
3.794825
3.80755
3.83535
3.85375
3.869625
3.894475
3.90565
3.941725
3.9687
4.004175
4.010575
4.01625
4.0196
4.01975
4.0235
4.02355
4.023675
4.031575
4.04075
4.048175
4.0517
4.092375
4.10785
4.108675
4.10995
4.11365
4.129525
4.132
4.168175
4.16985
4.1812
4.20185
4.21415
4.22805
4.2868
4.301
4.302025
4.302625
4.303325
4.315875
4.31705
4.324425
4.3258
4.329125
4.33135
4.3318
4.337975
4.342775
4.3469
4.36075
4.382725
4.388375
4.3981
4.39965
4.4146
4.4383
4.4589
4.4794
4.48175
4.486525
4.49965
4.5023
4.535325
4.54475
4.547
4.5895
4.589925
4.601025
4.610375
4.617575
4.622075
4.62555
4.627625
4.635575
4.63755
4.639175
4.6456
4.647275
4.649225
4.654625
4.65845
4.658775
4.66605
4.666725
4.675975
4.67785
4.696075
4.718325
4.719025
4.73125
4.73615
4.73785
4.751025
4.762675
4.7768
4.78285
4.803725
4.868625
4.90285
4.904025
4.90805
4.9148
4.917725
4.923125
4.9241
4.924975
4.960025
4.98185
4.989725
4.993325
5.00685
5.00865
5.03885
5.0486
5.0656
5.097025
5.104
5.105325
5.113
5.122
5.125375
5.1346
5.1614
5.20465
5.2055
5.209475
5.21455
5.232175
5.235325
5.23875
5.2431
5.247525
5.286325
5.292175
5.29835
5.3071
5.3087
5.32375
5.3286
5.3305
5.330825
5.332225
5.3397
5.374775
5.3794
5.4041
5.44265
5.470025
5.502275
5.5104
5.5185
5.521625
5.523875
5.53345
5.5526
5.564025
5.57355
5.58415
5.589875
5.595475
5.608225
5.619375
5.62565
5.63095
5.6526
5.652875
5.653525
5.666075
5.671075
5.69695
5.7233
5.7697
5.802525
5.81415
5.81945
5.828175
5.82985
5.831925
5.833425
5.8379
5.83795
5.838275
5.8423
5.84255
5.84485
5.8631
5.9004
5.90765
5.922725
5.9256
5.92865
5.94225
5.942525
5.9509
5.9606
5.9631
5.9885
6.0064
6.014525
6.02225
6.026525
6.03895
6.063875
6.098325
6.103375
6.106025
6.10635
6.108275
6.11095
6.1117
6.112925
6.1178
6.117975
6.1285
6.13245
6.135675
6.1401
6.146525
6.150025
6.168775
6.176125
6.1782
6.1876
6.1881
6.1992
6.240025
6.247475
6.2479
6.261775
6.272325
6.275125
6.311875
6.31335
6.31745
6.3197
6.330725
6.335475
6.339725
6.412075
6.412825
6.419325
6.42385
6.428525
6.4291
6.433475
6.43435
6.44075
6.4424
6.454775
6.4658
6.471675
6.489475
6.491625
6.503325
6.526525
6.53005
6.534125
6.56145
6.5736
6.58175
6.621725
6.639325
6.64155
6.652125
6.65915
6.7051
6.709
6.709375
6.713025
6.743725
6.745025
6.745175
6.74525
6.750575
6.7582
6.7851
6.788925
6.792575
6.7938
6.804375
6.80965
6.810975
6.825925
6.83215
6.83855
6.850925
6.89295
6.902225
6.90565
6.907675
6.9102
6.9144
6.9628
6.965975
6.97205
6.9766
7.0233
7.029025
7.033125
7.0397
7.049825
7.062575
7.07725
7.0787
7.0798
7.1292
7.1445
7.156
7.182275
7.218375
7.229
7.26565
7.29565
7.301875
7.30625
7.320925
7.324125
7.339825
7.344075
7.3543
7.361925
7.37485
7.376175
7.386425
7.38715
7.38885
7.3917
7.40945
7.424425
7.426275
7.4403
7.46365
7.4732
7.57685
7.5886
7.597225
7.6044
7.607575
7.6116
7.61535
7.616525
7.630525
7.632625
7.632825
7.6437
7.6492
7.652025
7.654775
7.6593
7.671725
7.6944
7.69555
7.699625
7.719275
7.7237
7.726775
7.73675
7.7899
7.8044
7.81225
7.82945
7.848425
7.85845
7.9016
7.90275
7.903025
7.937475
7.937975
7.93905
7.947525
7.947875
7.95225
7.954825
7.977075
7.980975
7.991825
7.9969
7.997775
7.9997
8.00775
8.01215
8.017125
8.021075
8.021725
8.028225
8.04735
8.05105
8.0589
8.0618
8.062625
8.082275
8.101825
8.1066
8.110425
8.11995
8.133025
8.155675
8.168075
8.200325
8.204975
8.206225
8.209375
8.20975
8.217975
8.2181
8.2283
8.2293
8.23635
8.2615
8.269325
8.27715
8.28165
8.288225
8.298
8.298375
8.2985
8.311475
8.334
8.334225
8.3471
8.3545
8.356875
8.360775
8.372725
8.390225
8.390475
8.393075
8.395075
8.406375
8.429725
8.43425
8.44775
8.4791
8.4848
8.5025
8.5097
8.509975
8.512875
8.5216
8.525
8.53325
8.54495
8.5519
8.554375
8.568425
8.574175
8.574475
8.579025
8.5925
8.59845
8.59875
8.630625
8.64385
8.660075
8.7474
8.754
8.7548
8.801675
8.807
8.812425
8.814925
8.816575
8.823275
8.835925
8.83775
8.83915
8.84095
8.844325
8.856325
8.88055
8.9181
8.99185
9.010975
9.020975
801
