0.0056
0.1022
0.103375
0.107975
0.1177
0.11805
0.118425
0.120625
0.13415
0.134525
0.138125
0.139375
0.142625
0.1743
0.17695
0.18605
0.1868
0.1919
0.215475
0.24175
0.244275
0.247775
0.25135
0.255825
0.3269
0.3444
0.347475
0.36575
0.374475
0.375575
0.405925
0.406375
0.40915
0.4182
0.420325
0.42245
0.428625
0.43375
0.4442
0.458575
0.467825
0.484125
0.489
0.489675
0.521875
0.526
0.5283
0.529375
0.5313
0.5667
0.5706
0.5925
0.6079
0.622625
0.642325
0.666975
0.66845
0.6717
0.68875
0.689825
0.70385
0.7131
0.721675
0.72935
0.7298
0.73155
0.733025
0.747025
0.747125
0.7507
0.75275
0.763425
0.771975
0.7782
0.809675
0.8144
0.816325
0.838825
0.88245
0.89245
0.9001
0.9123
0.917
0.9326
0.9391
0.950175
0.996975
1.002475
1.01045
1.016275
1.0346
1.036975
1.04735
1.05035
1.06575
1.07915
1.094925
1.12185
1.131125
1.137825
1.144625
1.148
1.1701
1.197125
1.2108
1.228075
1.2385
1.24015
1.2417
1.28785
1.297625
1.299075
1.308
1.309225
1.310125
1.311725
1.317875
1.322125
1.32815
1.34895
1.353125
1.353275
1.36895
1.379275
1.39955
1.401
1.401675
1.40305
1.431975
1.469225
1.47395
1.502825
1.51225
1.527375
1.566125
1.572025
1.57575
1.605325
1.6076
1.630675
1.637325
1.6428
1.645325
1.646975
1.649125
1.650675
1.6671
1.687675
1.6995
1.7093
1.71505
1.738775
1.760775
1.771175
1.791025
1.812475
1.818075
1.828025
1.8347
1.84715
1.874975
1.900675
1.90105
1.914425
1.9176
1.922275
1.925075
1.92765
1.935675
1.945925
1.950375
1.959675
1.962275
1.976825
2.0129
2.030675
2.048475
2.07225
2.093625
2.107075
2.11115
2.12095
2.1487
2.149575
2.169925
2.207325
2.207875
2.21175
2.220825
2.230325
2.232025
2.236275
2.2381
2.241775
2.243025
2.2437
2.2495
2.2529
2.253775
2.2584
2.261475
2.266275
2.2719
2.276875
2.28295
2.29605
2.310975
2.316525
2.338875
2.342175
2.355
2.39025
2.4005
2.4044
2.406825
2.4511
2.46635
2.525075
2.5328
2.532825
2.535075
2.535375
2.5447
2.5466
2.564375
2.56725
2.572625
2.576675
2.58135
2.590975
2.5926
2.594075
2.6019
2.630775
2.6309
2.638875
2.65185
2.662975
2.66385
2.6732
2.684425
2.686675
2.705525
2.709
2.7148
2.716975
2.71765
2.729575
2.739225
2.752
2.7537
2.7896
2.80445
2.804475
2.8059
2.80965
2.81695
2.8177
2.8188
2.823075
2.8324
2.8353
2.84115
2.843475
2.84495
2.847925
2.860525
2.86295
2.863975
2.86575
2.871175
2.8722
2.8818
2.89995
2.921175
2.936275
2.9384
2.942875
2.94305
2.943925
2.980525
2.99685
3.038375
3.04165
3.105675
3.1068
3.108125
3.112475
3.1129
3.1193
3.129375
3.129625
3.14235
3.145525
3.1605
3.161425
3.169125
3.169675
3.172725
3.18185
3.19305
3.195375
3.197225
3.207375
3.225625
3.236125
3.248175
3.248825
3.271475
3.27735
3.309275
3.3495
3.360875
3.387525
3.419925
3.434825
3.44235
3.44755
3.453775
3.4744
3.477175
3.49415
3.498575
3.5003
3.51455
3.5249
3.541175
3.544625
3.57015
3.60425
3.60655
3.702175
3.7043
3.707325
3.722125
3.7252
3.7362
3.74375
3.7472
3.7575
3.761775
3.7711
3.795625
3.8053
3.831175
3.83435
3.84455
3.856075
3.911825
3.934375
3.986325
3.993225
4.00215
4.0178
4.0277
4.0362
4.040625
4.0421
4.049225
4.052
4.0567
4.07015
4.0724
4.074575
4.075625
4.08015
4.092425
4.096125
4.1064
4.136475
4.1775
4.193
4.195875
4.19685
4.225425
4.22925
4.237425
4.2451
4.2738
4.2852
4.294875
4.298025
4.305975
4.307075
4.30765
4.309875
4.310025
4.32285
4.3287
4.32965
4.3403
4.341325
4.351175
4.352325
4.355925
4.3565
4.3703
4.37815
4.388025
4.38985
4.39685
4.397675
4.41515
4.435275
4.450875
4.4595
4.463625
4.466225
4.50055
4.5153
4.5368
4.564325
4.5976
4.6091
4.614225
4.617025
4.642525
4.65255
4.663775
4.6715
4.679325
4.711025
4.712375
4.71335
4.721225
4.722525
4.723275
4.75255
4.770675
4.8047
4.8124
4.817075
4.8187
4.82855
4.8338
4.854675
4.8637
4.904625
4.9106
4.924225
4.9394
4.94225
4.9534
4.953575
4.9724
4.99545
4.9981
4.99895
5.0014
5.020475
5.030575
5.0331
5.0571
5.076275
5.094425
5.1052
5.109975
5.119825
5.1419
5.149
5.1729
5.190975
5.197325
5.201375
5.2025
5.2105
5.217275
5.217775
5.23165
5.2354
5.23565
5.23625
5.254375
5.25795
5.27755
5.28295
5.285075
5.291175
5.297275
5.308075
5.3081
5.31115
5.327325
5.353525
5.370375
5.371025
5.39135
5.391925
5.40025
5.417475
5.417575
5.440225
5.46605
5.46645
5.469
5.489525
5.509425
5.534225
5.546575
5.54945
5.55635
5.556775
5.56115
5.565075
5.56755
5.57115
5.586875
5.5914
5.593625
5.636075
5.6546
5.672475
5.673625
5.7275
5.757775
5.759425
5.765275
5.76655
5.833975
5.83445
5.86355
5.86635
5.894375
5.915075
5.916025
5.916575
5.9227
5.958675
6.051075
6.10505
6.1448
6.14525
6.147175
6.17855
6.191
6.204225
6.214725
6.221225
6.224725
6.237325
6.24165
6.25385
6.255575
6.28685
6.28965
6.3153
6.323725
6.35625
6.411975
6.41455
6.45465
6.456125
6.46455
6.46535
6.46675
6.475025
6.487775
6.49025
6.496175
6.50885
6.509475
6.51415
6.526375
6.528275
6.540575
6.5642
6.570675
6.573225
6.619275
6.66525
6.697075
6.699975
6.7006
6.710925
6.7129
6.7164
6.718575
6.7194
6.727225
6.732475
6.745075
6.746075
6.7495
6.750325
6.7741
6.7753
6.776375
6.818525
6.833975
6.850475
6.869275
6.87995
6.88065
6.883675
6.8927
6.9463
7.003325
7.006075
7.0214
7.0223
7.025875
7.029825
7.03315
7.037
7.0463
7.053275
7.058
7.060375
7.064375
7.064675
7.06655
7.078275
7.10055
7.108225
7.10955
7.124875
7.1324
7.1444
7.17885
7.210775
7.226875
7.24375
7.273775
7.2752
7.282575
7.28685
7.2995
7.305125
7.31735
7.3229
7.3383
7.346475
7.369625
7.37155
7.396725
7.439925
7.453825
7.485225
7.491625
7.493975
7.49795
7.515325
7.518575
7.519675
7.54155
7.5465
7.566
7.5793
7.585075
7.598
7.602775
7.6037
7.614175
7.616425
7.632125
7.637675
7.64935
7.653925
7.6815
7.687725
7.69225
7.73165
7.748875
7.7535
7.765175
7.770425
7.776125
7.78295
7.802525
7.807
7.807675
7.848325
7.870925
7.8718
7.883775
7.9052
7.90755
7.911075
7.91295
7.94245
7.944425
7.950875
7.9609
7.980675
7.9874
7.99195
8.000025
8.001
8.043475
8.049075
8.0565
8.0576
8.085
8.085025
8.086825
8.117075
8.15005
8.15275
8.179225
8.2004
8.219375
8.23025
8.235775
8.23615
8.237375
8.243075
8.245725
8.25205
8.25395
8.25515
8.255225
8.2673
8.27865
8.280775
8.3118
8.34255
8.360775
8.45725
8.4782
8.503675
8.504475
8.5074
8.515975
8.520125
8.520725
8.523725
8.5274
8.542625
8.54495
8.564775
8.5655
8.575375
8.581825
8.5902
8.591425
8.593275
8.5948
8.604625
8.6474
8.653225
8.653825
8.6644
8.6854
8.69365
8.70965
8.723375
8.7822
8.8051
8.8163
8.82805
8.832425
8.834475
8.84145
8.866925
8.87045
8.88785
8.92215
8.929475
8.94205
8.949925
8.99595
9.004325
9.008625
9.0105
9.025925
9.034275
9.03645
767
