0.107125
0.112175
0.1123
0.11635
0.118575
0.12355
0.149375
0.153825
0.154775
0.15565
0.16
0.1611
0.1667
0.16825
0.16935
0.197475
0.2383
0.2513
0.266725
0.276325
0.297275
0.29795
0.32655
0.3366
0.338675
0.377525
0.4016
0.406975
0.415375
0.4162
0.42815
0.4387
0.446175
0.446275
0.44995
0.455075
0.46565
0.46875
0.47135
0.49475
0.50185
0.502725
0.53545
0.5568
0.560175
0.56345
0.588875
0.71575
0.71605
0.719625
0.72495
0.7263
0.737275
0.740025
0.7442
0.74635
0.748875
0.75125
0.75325
0.76065
0.764625
0.77215
0.778725
0.790775
0.81205
0.822175
0.8554
0.86725
0.873525
0.927225
0.93685
0.960975
0.978675
1.03165
1.0336
1.03515
1.04545
1.04895
1.0537
1.058325
1.059475
1.059925
1.0656
1.066425
1.0674
1.078225
1.084675
1.105275
1.1102
1.11505
1.115925
1.1519
1.168075
1.171675
1.17995
1.1821
1.187675
1.191975
1.21275
1.225075
1.22925
1.279775
1.3093
1.31295
1.33085
1.33385
1.3459
1.346775
1.35935
1.366675
1.371625
1.37585
1.40515
1.40595
1.412775
1.417775
1.454975
1.47255
1.488075
1.489075
1.49285
1.4936
1.5007
1.521775
1.521875
1.54465
1.61045
1.614525
1.623025
1.623175
1.6238
1.6265
1.62895
1.6319
1.661875
1.682475
1.69395
1.700875
1.7244
1.736675
1.7576
1.75995
1.81515
1.8359
1.895725
1.9098
1.91085
1.926425
1.9307
1.941325
1.951425
1.96585
1.9687
1.970675
1.9785
1.984375
2.00635
2.00685
2.042
2.063725
2.07295
2.079125
2.0991
2.106425
2.1137
2.1158
2.139475
2.139725
2.145775
2.184
2.198125
2.199975
2.20505
2.20745
2.212325
2.213875
2.2142
2.2277
2.23215
2.235325
2.2446
2.262425
2.2692
2.272175
2.285975
2.29075
2.290925
2.3097
2.318475
2.350875
2.372225
2.38065
2.40615
2.427225
2.452475
2.4593
2.500825
2.5016
2.50235
2.50555
2.505675
2.508725
2.50905
2.511325
2.519625
2.5212
2.52205
2.522325
2.5238
2.525225
2.528575
2.5375
2.5632
2.56505
2.565525
2.573275
2.577925
2.5789
2.588325
2.58975
2.60205
2.60405
2.61555
2.624975
2.6287
2.637675
2.64015
2.6423
2.645825
2.6514
2.65955
2.659575
2.665475
2.67835
2.681425
2.683175
2.6855
2.685675
2.692325
2.6969
2.707275
2.713275
2.7154
2.723375
2.752525
2.7967
2.80325
2.8387
2.844475
2.848225
2.8629
2.871175
2.87325
2.8775
2.885725
2.90075
2.9031
2.9155
2.916425
2.9234
2.926725
2.935875
2.94225
2.9426
2.9692
2.978225
3.01615
3.01675
3.019175
3.031025
3.03455
3.04745
3.083025
3.089925
3.09325
3.100975
3.102175
3.102925
3.108225
3.11425
3.11655
3.117775
3.118475
3.1218
3.160775
3.164875
3.168275
3.169525
3.175175
3.18595
3.19095
3.191225
3.206675
3.212025
3.219875
3.2234
3.22815
3.24695
3.25175
3.2525
3.2603
3.2684
3.2717
3.2896
3.30595
3.316
3.334775
3.3362
3.37725
3.38335
3.401025
3.407675
3.414475
3.4148
3.417125
3.42505
3.428375
3.457175
3.47365
3.4819
3.48505
3.5014
3.514475
3.5162
3.518325
3.523175
3.531075
3.538125
3.5504
3.5513
3.561975
3.569375
3.570925
3.574625
3.60605
3.6081
3.61385
3.615775
3.688275
3.69795
3.70485
3.713275
3.720275
3.73265
3.738025
3.7429
3.7463
3.747425
3.764175
3.7764
3.7904
3.791
3.8029
3.84705
3.8544
3.856825
3.861675
3.862075
3.90275
3.91005
3.9602
4.015575
4.019225
4.02005
4.021325
4.022975
4.024175
4.0367
4.0375
4.0396
4.040825
4.047925
4.0555
4.064
4.06545
4.070075
4.0704
4.07725
4.0802
4.08215
4.10675
4.1103
4.112725
4.11745
4.128075
4.152025
4.184
4.251175
4.29935
4.310525
4.3235
4.34295
4.3494
4.37
4.377425
4.3818
4.3888
4.3941
4.4202
4.430925
4.45055
4.450575
4.453275
4.47055
4.474725
4.48505
4.4954
4.54145
4.557025
4.577725
4.60255
4.622375
4.62615
4.631375
4.636825
4.6523
4.65265
4.6595
4.6662
4.677825
4.679725
4.684975
4.689975
4.7138
4.745225
4.770575
4.786375
4.793725
4.794925
4.794975
4.805125
4.831825
4.848375
4.89905
4.902825
4.904625
4.9058
4.908875
4.913425
4.915
4.92965
4.9313
4.9331
4.9428
4.9547
4.960975
4.964775
4.965325
4.9857
4.989525
4.990675
4.9909
4.9968
4.9972
5.012725
5.0145
5.0835
5.096175
5.097925
5.0986
5.1129
5.123175
5.12615
5.146475
5.147925
5.212775
5.214775
5.21695
5.218125
5.232925
5.233975
5.2363
5.239675
5.250925
5.25375
5.257075
5.25845
5.258975
5.269325
5.26975
5.27415
5.290825
5.2953
5.29625
5.3018
5.308575
5.311
5.314075
5.31795
5.3182
5.330825
5.33405
5.361525
5.3654
5.391525
5.3933
5.417175
5.4255
5.435775
5.440075
5.460375
5.468425
5.471675
5.5076
5.5087
5.50935
5.509875
5.51505
5.537975
5.546225
5.54885
5.5502
5.561875
5.571175
5.5743
5.5829
5.583125
5.594375
5.5974
5.63125
5.6326
5.643725
5.68005
5.69855
5.711575
5.725675
5.728
5.768925
5.8013
5.8075
5.8093
5.81065
5.81395
5.831875
5.83465
5.83995
5.8439
5.8508
5.85515
5.87785
5.8783
5.879025
5.89
5.89165
5.902875
5.914825
5.921775
5.923075
5.9249
5.945725
5.9614
6.037875
6.0804
6.101125
6.102675
6.1063
6.1088
6.11285
6.117925
6.1198
6.12565
6.1275
6.14095
6.1433
6.144125
6.1726
6.1815
6.1962
6.217725
6.236725
6.237375
6.239625
6.240125
6.26965
6.295525
6.297
6.3226
6.3292
6.338675
6.3556
6.364425
6.3705
6.373625
6.385525
6.4029
6.405975
6.40645
6.4081
6.40855
6.4266
6.427075
6.4298
6.456975
6.457375
6.458425
6.4831
6.505175
6.521475
6.524025
6.5445
6.559425
6.581725
6.6155
6.62765
6.639625
6.68525
6.688525
6.71575
6.7178
6.719725
6.72275
6.7248
6.72505
6.733925
6.7352
6.7353
6.75305
6.759675
6.774325
6.7808
6.80465
6.81865
6.821
6.822
6.871225
6.871275
6.881475
6.8826
6.887
6.88975
6.902475
6.92265
6.935425
7.0086
7.02225
7.028325
7.032575
7.032875
7.034025
7.04105
7.043675
7.04985
7.064825
7.070725
7.07605
7.07865
7.087525
7.093575
7.106325
7.1106
7.112025
7.1165
7.12925
7.1333
7.1416
7.14495
7.1462
7.15075
7.15835
7.165925
7.173375
7.1964
7.198425
7.200325
7.20115
7.2014
7.21885
7.235875
7.2372
7.23855
7.24765
7.2528
7.265825
7.278475
7.279225
7.3034
7.314975
7.32685
7.326925
7.329
7.344975
7.35365
7.35905
7.38165
7.3884
7.397675
7.411025
7.412175
7.417175
7.43095
7.43325
7.44905
7.4571
7.472625
7.5018
7.520525
7.522625
7.5257
7.617425
7.621625
7.645725
7.6488
7.661575
7.668275
7.675725
7.67675
7.683925
7.709
7.731725
7.73585
7.74525
7.75715
7.772525
7.84265
7.858575
7.903625
7.90475
7.919875
7.925725
7.927125
7.9386
7.9411
7.949125
7.95785
7.966275
7.976275
7.97795
7.9788
7.98335
8.0027
8.0194
8.021325
8.03715
8.03945
8.0418
8.043425
8.0523
8.052975
8.08805
8.105
8.169925
8.219125
8.2206
8.225725
8.227625
8.22955
8.24535
8.24795
8.25475
8.256175
8.262725
8.266
8.2678
8.270275
8.2792
8.291425
8.294875
8.29515
8.296475
8.30615
8.31775
8.367875
8.381925
8.49095
8.501525
8.5099
8.52185
8.529225
8.538925
8.54685
8.55095
8.566325
8.5685
8.58415
8.630375
8.64545
8.646
8.6536
8.6715
8.7133
8.723975
8.740375
8.7502
8.7537
8.759625
8.761675
8.763525
8.804975
8.8229
8.825225
8.825625
8.829775
8.8344
8.8348
8.84855
8.854725
8.858525
8.8807
8.890275
8.8958
8.905875
8.915525
8.916325
8.9276
8.943075
8.95175
8.96125
8.99925
9.01275
9.01395
9.019775
9.023625
9.084775
813
