0.1083
0.109275
0.1153
0.11555
0.12055
0.1226
0.1416
0.1449
0.14705
0.14825
0.156225
0.158275
0.16365
0.174725
0.1797
0.184875
0.18895
0.19875
0.200175
0.2078
0.2374
0.23955
0.259975
0.2687
0.280825
0.31045
0.36675
0.3722
0.37985
0.392425
0.392925
0.395625
0.4013
0.4048
0.40905
0.42655
0.427425
0.436675
0.450025
0.464625
0.48905
0.490225
0.4964
0.496425
0.5084
0.50995
0.54655
0.549275
0.57295
0.579025
0.592925
0.59425
0.61915
0.619275
0.621425
0.623775
0.65115
0.661275
0.66365
0.702475
0.716775
0.717625
0.729575
0.7346
0.7411
0.76915
0.77405
0.7741
0.78045
0.7915
0.79945
0.80055
0.81015
0.811075
0.828675
0.8319
0.837075
0.8505
0.860575
0.87365
0.8821
0.88355
0.920875
0.921925
0.94455
0.97395
1.00245
1.010175
1.01395
1.02205
1.032325
1.037225
1.0395
1.06085
1.0798
1.087525
1.092
1.092175
1.094425
1.10415
1.11085
1.1176
1.127725
1.14715
1.150125
1.150425
1.1783
1.196725
1.199275
1.2084
1.22705
1.235175
1.2881
1.300875
1.311
1.316025
1.33025
1.330525
1.340375
1.350075
1.350275
1.354075
1.355775
1.374525
1.378325
1.39255
1.405225
1.4278
1.440325
1.44775
1.468475
1.48285
1.489175
1.5051
1.512125
1.517475
1.554425
1.555725
1.564775
1.615325
1.629575
1.633425
1.6339
1.64955
1.655775
1.66105
1.66175
1.668
1.6694
1.671675
1.672825
1.674875
1.679325
1.687275
1.6947
1.702625
1.709075
1.72195
1.72275
1.731075
1.7387
1.744825
1.7519
1.75675
1.76
1.861025
1.90875
1.9103
1.92005
1.927225
1.934825
1.935925
1.937975
1.94395
1.955375
1.974075
1.97525
1.980675
1.981175
2.007775
2.00815
2.02105
2.023375
2.031475
2.06965
2.0998
2.1048
2.1618
2.1795
2.17955
2.20305
2.209775
2.2139
2.221975
2.22815
2.2397
2.24085
2.24155
2.249825
2.252475
2.25625
2.265675
2.269725
2.315225
2.31715
2.326875
2.336375
2.35805
2.388725
2.404425
2.405375
2.40805
2.412125
2.4273
2.430425
2.4324
2.434575
2.44025
2.455875
2.48415
2.491325
2.504975
2.51
2.51975
2.521425
2.525425
2.53995
2.5417
2.5479
2.56685
2.5707
2.580775
2.583425
2.5991
2.622975
2.62805
2.629725
2.6331
2.657225
2.664075
2.676325
2.69195
2.6937
2.7446
2.7952
2.8074
2.810025
2.8105
2.811025
2.813575
2.818925
2.81945
2.82315
2.826975
2.838625
2.842375
2.860275
2.883425
2.886
2.887425
2.903275
2.921375
2.926275
2.926375
2.931075
2.945375
3.004275
3.005225
3.00905
3.0142
3.01475
3.03745
3.039825
3.10105
3.1042
3.10775
3.109775
3.109925
3.11125
3.1153
3.118725
3.1196
3.16035
3.165075
3.17145
3.174
3.18095
3.1941
3.19425
3.1963
3.2097
3.209775
3.210825
3.213225
3.2168
3.219325
3.239275
3.2422
3.25875
3.28095
3.3368
3.363975
3.380775
3.399925
3.409575
3.4124
3.420875
3.425475
3.43125
3.437275
3.439275
3.45335
3.48825
3.49195
3.49265
3.49325
3.49705
3.509825
3.51175
3.5388
3.59745
3.633875
3.658775
3.65905
3.6684
3.67045
3.6895
3.698225
3.715075
3.716175
3.722525
3.75925
3.773525
3.78375
3.7984
3.80395
3.82305
3.8255
3.835475
3.83705
3.840675
3.8486
3.8493
3.854375
3.87285
3.9024
3.906575
3.93175
3.998875
4.0005
4.00535
4.030225
4.05045
4.05255
4.0577
4.067325
4.092225
4.093575
4.09605
4.102575
4.1065
4.12135
4.132575
4.13745
4.15115
4.156
4.158125
4.15915
4.196575
4.2193
4.237625
4.282325
4.29185
4.306025
4.311375
4.320825
4.32235
4.3277
4.330575
4.3339
4.34585
4.347825
4.3498
4.3646
4.36825
4.382925
4.402675
4.407825
4.408925
4.4173
4.4555
4.456225
4.51445
4.520375
4.529225
4.583175
4.605
4.60945
4.61335
4.614
4.6172
4.63205
4.660375
4.663475
4.68295
4.698825
4.72045
4.72125
4.72725
4.738175
4.73875
4.7475
4.749825
4.7519
4.75535
4.755775
4.767
4.76845
4.7865
4.7923
4.80395
4.8096
4.830475
4.858725
4.87
4.873275
4.8804
4.908225
4.912875
4.921625
4.927825
4.931375
4.93965
4.94815
4.951075
4.97215
4.98385
4.9921
4.99965
5.0023
5.0028
5.011125
5.028375
5.0341
5.0444
5.10075
5.111225
5.1242
5.137575
5.143975
5.17255
5.17695
5.195025
5.2013
5.20135
5.207
5.233975
5.2361
5.23695
5.24525
5.2536
5.25615
5.29415
5.29925
5.304425
5.314075
5.341025
5.3429
5.34475
5.364475
5.3726
5.3735
5.374975
5.3758
5.37925
5.392625
5.44375
5.45105
5.5007
5.501475
5.517675
5.5254
5.536475
5.54965
5.55555
5.56225
5.5627
5.582525
5.6022
5.609475
5.6237
5.6285
5.67795
5.71485
5.7293
5.766
5.773575
5.7867
5.790175
5.800925
5.80365
5.804475
5.80795
5.810375
5.810775
5.8131
5.8208
5.824875
5.847675
5.849975
5.853575
5.855975
5.86245
5.8632
5.863675
5.8804
5.9038
5.90925
5.9096
5.91805
5.925
5.925375
5.925825
5.928275
5.993125
6.011375
6.083525
6.084425
6.103075
6.104375
6.10575
6.1164
6.1197
6.134
6.1346
6.136125
6.144125
6.147525
6.15925
6.160125
6.166175
6.168775
6.191325
6.212275
6.235175
6.2528
6.252875
6.2552
6.27665
6.278375
6.31025
6.317825
6.327125
6.335975
6.38775
6.402125
6.4062
6.440475
6.449075
6.45335
6.464725
6.4648
6.468075
6.493275
6.495875
6.4972
6.499025
6.50485
6.5157
6.5323
6.5456
6.554375
6.55545
6.5565
6.566375
6.58215
6.590575
6.60595
6.610175
6.6368
6.6552
6.703075
6.70445
6.706425
6.711225
6.7371
6.73765
6.738025
6.7473
6.747675
6.7479
6.753525
6.76955
6.77555
6.7792
6.786025
6.7924
6.8005
6.82245
6.82375
6.826275
6.827575
6.8473
6.847375
6.86125
6.8688
6.875525
6.887875
6.89645
6.914275
6.928325
6.964725
7.00385
7.006625
7.03585
7.0439
7.052975
7.0701
7.088
7.090075
7.093925
7.119725
7.129275
7.130675
7.1333
7.140125
7.1537
7.1552
7.168175
7.17195
7.1736
7.1773
7.186325
7.199475
7.210925
7.220725
7.228625
7.2433
7.246375
7.2527
7.254525
7.256725
7.28975
7.2919
7.304275
7.30855
7.317875
7.320325
7.3371
7.34245
7.345175
7.348825
7.3492
7.357525
7.35825
7.38435
7.39075
7.39595
7.396475
7.400875
7.4134
7.449775
7.455925
7.475225
7.482925
7.486275
7.495675
7.535
7.55625
7.595475
7.59705
7.61575
7.61615
7.62705
7.628125
7.62965
7.642275
7.6423
7.646075
7.64695
7.672375
7.673025
7.683275
7.683475
7.70195
7.702825
7.71305
7.714375
7.71575
7.722375
7.7553
7.755775
7.7567
7.7654
7.774025
7.81715
7.818
7.821025
7.8332
7.85125
7.8563
7.8685
7.899075
7.904025
7.908175
7.908725
7.910525
7.911075
7.917925
7.918625
7.9334
7.941825
7.946175
7.956175
7.956375
7.961075
7.9634
7.968225
7.970275
7.983975
7.9865
7.9878
7.99855
8.010925
8.022025
8.027725
8.033675
8.049575
8.0539
8.074175
8.09705
8.097725
8.11185
8.185225
8.2005
8.200975
8.20225
8.205675
8.208075
8.210775
8.211975
8.21235
8.2125
8.21415
8.2198
8.223275
8.228
8.242475
8.2449
8.2605
8.2691
8.2693
8.271
8.272325
8.286475
8.2868
8.3057
8.308475
8.31235
8.3173
8.321725
8.327725
8.357925
8.402
8.41475
8.44155
8.50395
8.5128
8.519575
8.529425
8.530525
8.54635
8.54775
8.548175
8.564875
8.56735
8.5689
8.585825
8.586975
8.6154
8.620375
8.6327
8.636175
8.642175
8.6524
8.653375
8.656275
8.66285
8.67955
8.680425
8.68615
8.707875
8.7945
8.801625
8.83275
8.850825
8.85765
8.85945
8.86885
8.87455
8.88045
8.885375
8.92635
8.933825
8.934975
8.93735
9.038
9.04295
9.045925
9.050225
9.0535
9.06455
812
