0.017975
0.1021
0.110825
0.13505
0.1489
0.1554
0.155975
0.16215
0.16345
0.1708
0.2051
0.205825
0.206275
0.231
0.267925
0.26935
0.28135
0.28595
0.299175
0.30035
0.3135
0.330275
0.349575
0.3791
0.401425
0.40745
0.41435
0.418425
0.422175
0.433425
0.435325
0.44895
0.45115
0.463875
0.466775
0.49465
0.50655
0.553125
0.564425
0.577375
0.590975
0.592325
0.59555
0.623025
0.6484
0.650675
0.6794
0.6795
0.6822
0.690875
0.708925
0.714925
0.71595
0.716925
0.7176
0.727775
0.727825
0.72905
0.7418
0.75825
0.758675
0.7691
0.774275
0.775725
0.776525
0.782375
0.795175
0.801875
0.816425
0.8171
0.835875
0.842175
0.8596
0.866325
0.880175
0.884025
0.921775
0.938625
0.940175
0.96455
0.98025
1.01195
1.017875
1.022125
1.0379
1.082
1.083975
1.101425
1.10775
1.117725
1.1472
1.167375
1.172525
1.1921
1.2495
1.288375
1.293675
1.308525
1.317425
1.32015
1.3276
1.329525
1.335575
1.34625
1.361
1.373275
1.379525
1.388125
1.388875
1.399375
1.415275
1.4237
1.4252
1.4343
1.45635
1.45745
1.458575
1.463925
1.47125
1.485125
1.503375
1.5056
1.51845
1.5535
1.598925
1.61485
1.619225
1.63465
1.640675
1.64115
1.652725
1.659475
1.690275
1.692575
1.703775
1.716
1.71695
1.7284
1.77785
1.7894
1.79125
1.798775
1.81615
1.820275
1.8478
1.863025
1.902
1.93345
1.9335
1.93725
1.9437
1.94985
1.952625
1.97555
1.99295
2.011325
2.01995
2.033
2.073625
2.075225
2.09235
2.097325
2.157825
2.177725
2.2
2.209575
2.209625
2.2181
2.22
2.22355
2.2241
2.224925
2.232825
2.243775
2.243875
2.248675
2.24895
2.2559
2.263
2.26715
2.2736
2.2819
2.2839
2.29225
2.297675
2.299925
2.31205
2.328725
2.3401
2.346825
2.3587
2.36925
2.394525
2.412175
2.4146
2.421475
2.4502
2.46985
2.507875
2.510725
2.514975
2.525125
2.5317
2.53475
2.53785
2.54585
2.548875
2.550675
2.554325
2.571675
2.572875
2.578375
2.5792
2.580775
2.591375
2.613525
2.62045
2.6285
2.6297
2.664325
2.67775
2.690625
2.7056
2.7084
2.709225
2.7154
2.737775
2.738625
2.78605
2.803875
2.806725
2.806775
2.811725
2.81585
2.81835
2.819175
2.821775
2.8233
2.824225
2.8368
2.85115
2.8564
2.858525
2.8643
2.868575
2.871125
2.88725
2.891425
2.896875
2.918325
2.92185
2.927375
2.927625
2.93455
2.934675
2.952125
2.954775
2.967425
2.9817
2.994625
2.99765
3.02445
3.058775
3.07435
3.083
3.10385
3.1069
3.119825
3.12975
3.1321
3.1531
3.16735
3.179575
3.19025
3.210075
3.218325
3.2246
3.234175
3.239425
3.242475
3.247925
3.250425
3.27675
3.3046
3.32695
3.35115
3.3966
3.401225
3.407875
3.411525
3.421825
3.423925
3.427375
3.429675
3.43265
3.43925
3.446725
3.4492
3.449525
3.460225
3.4691
3.46915
3.470275
3.47485
3.476975
3.47985
3.4865
3.508475
3.51305
3.528775
3.531975
3.5781
3.579225
3.63195
3.639325
3.64135
3.67555
3.699975
3.706225
3.710075
3.7129
3.714625
3.7253
3.726875
3.7294
3.730475
3.7339
3.73855
3.747175
3.750775
3.75995
3.77685
3.82735
3.83715
3.843875
3.844675
3.88275
3.888675
3.893075
3.9464
3.96085
4.00525
4.0194
4.02395
4.024275
4.026275
4.0302
4.038775
4.03975
4.0407
4.04325
4.046
4.048975
4.057
4.06925
4.074775
4.08225
4.0832
4.091275
4.092925
4.102175
4.103375
4.13325
4.14
4.14015
4.147825
4.1494
4.16465
4.1807
4.18305
4.1929
4.211675
4.285875
4.301575
4.304
4.3078
4.342925
4.34795
4.382025
4.397575
4.401575
4.403625
4.403825
4.4054
4.413775
4.43405
4.439025
4.4416
4.447825
4.459675
4.461375
4.46665
4.467275
4.4961
4.578375
4.59285
4.600575
4.60745
4.617925
4.61885
4.62135
4.623375
4.624925
4.6296
4.6313
4.638825
4.64685
4.64805
4.64965
4.64995
4.65315
4.654275
4.65625
4.656625
4.659725
4.662425
4.670775
4.687375
4.690325
4.711675
4.714175
4.721725
4.72235
4.730275
4.751325
4.758375
4.75895
4.7684
4.786825
4.8018
4.8072
4.8099
4.83155
4.836425
4.8478
4.852275
4.875125
4.898325
4.906375
4.90725
4.9127
4.918675
4.9201
4.926775
4.93075
4.94115
4.97995
4.994925
5.027675
5.039925
5.05995
5.068825
5.076525
5.086975
5.093325
5.116625
5.132125
5.147875
5.19285
5.1931
5.198175
5.2111
5.211425
5.21285
5.215225
5.21575
5.21915
5.22205
5.2296
5.230925
5.231425
5.23555
5.237625
5.24975
5.252675
5.25725
5.274275
5.278575
5.315875
5.321775
5.335275
5.338125
5.339625
5.341025
5.379525
5.38925
5.390675
5.39935
5.4079
5.419825
5.423525
5.42955
5.442425
5.4877
5.5061
5.513425
5.5355
5.539275
5.540425
5.5668
5.575525
5.585625
5.589975
5.5904
5.599575
5.600625
5.60225
5.651275
5.657725
5.6596
5.678375
5.6785
5.692675
5.71405
5.71795
5.7907
5.797375
5.80815
5.81565
5.833425
5.8388
5.840425
5.842675
5.84725
5.866875
5.878475
5.88095
5.88515
5.89725
5.9024
5.915025
5.9366
5.94645
5.948725
5.957
5.96555
5.989125
6.057675
6.071125
6.113925
6.118
6.123425
6.132525
6.14915
6.1546
6.162275
6.16365
6.1904
6.2013
6.20145
6.207025
6.207225
6.23035
6.237925
6.24025
6.242075
6.242975
6.24505
6.252975
6.266625
6.2785
6.28105
6.28205
6.298725
6.303325
6.32615
6.329375
6.361925
6.37325
6.405975
6.410425
6.42865
6.428775
6.433275
6.4446
6.4472
6.453525
6.45735
6.459025
6.490125
6.491075
6.50685
6.511775
6.51405
6.5154
6.53555
6.542825
6.546825
6.598575
6.67335
6.705175
6.709975
6.710625
6.71125
6.71855
6.72225
6.724225
6.73245
6.750475
6.75845
6.7672
6.76955
6.786725
6.80665
6.813475
6.818725
6.844675
6.862725
6.871775
6.87815
6.888225
6.915875
6.922825
6.931425
6.94335
6.9445
6.95585
6.961675
6.989575
7.0001
7.003225
7.003775
7.00945
7.011075
7.031725
7.04215
7.047425
7.0538
7.063525
7.06505
7.0651
7.06715
7.06895
7.0892
7.0922
7.0987
7.1008
7.112225
7.11705
7.129925
7.144025
7.14675
7.156325
7.171775
7.2017
7.234
7.249925
7.272075
7.312575
7.31835
7.321925
7.3246
7.333775
7.334625
7.34465
7.353575
7.362575
7.3801
7.38075
7.392925
7.39845
7.3989
7.41615
7.453825
7.493025
7.523475
7.528725
7.590175
7.594725
7.606025
7.613875
7.616625
7.61895
7.6216
7.628575
7.63525
7.638875
7.652225
7.6524
7.65335
7.65465
7.668
7.670975
7.6956
7.701525
7.704075
7.71375
7.714325
7.72245
7.7362
7.740675
7.7514
7.758475
7.771875
7.7785
7.7999
7.85335
7.8728
7.903075
7.916125
7.9174
7.9186
7.925
7.93355
7.9346
7.939275
7.940325
7.949625
7.9542
7.956675
7.9723
7.974275
7.9793
7.9802
7.99215
8.003625
8.01185
8.014025
8.023975
8.024
8.065575
8.07375
8.115925
8.120525
8.140875
8.142625
8.156
8.166325
8.187875
8.204625
8.2047
8.2066
8.20765
8.230675
8.239325
8.248875
8.25605
8.258525
8.267875
8.295475
8.296425
8.3106
8.31725
8.32125
8.324325
8.335575
8.346025
8.358425
8.367775
8.39375
8.403775
8.405975
8.41335
8.42055
8.4345
8.4518
8.4675
8.510825
8.512375
8.513875
8.521325
8.523625
8.526175
8.5263
8.531825
8.54325
8.54365
8.562125
8.592975
8.599475
8.623675
8.6298
8.63915
8.653775
8.656475
8.6567
8.682775
8.69215
8.729475
8.7479
8.755075
8.764125
8.803875
8.804225
8.80835
8.8145
8.8169
8.81955
8.820425
8.82285
8.82795
8.83305
8.834725
8.848125
8.8521
8.85435
8.86395
8.87455
8.8753
8.8818
8.888225
8.88965
8.8988
8.899325
8.905125
8.91465
8.941925
8.9446
8.9726
8.976475
8.97735
8.9813
9.03975
9.0467
9.06345
9.0846
816
