0.1002
0.101475
0.10485
0.106725
0.10735
0.133075
0.14085
0.14555
0.1469
0.148975
0.149475
0.1684
0.172975
0.18345
0.186075
0.187575
0.204525
0.215
0.225875
0.229175
0.2594
0.29735
0.3557
0.36985
0.37185
0.415775
0.41875
0.42305
0.4257
0.434125
0.442575
0.4461
0.4494
0.452325
0.45875
0.467825
0.469025
0.469125
0.480875
0.4927
0.4943
0.5028
0.5038
0.51325
0.516675
0.60445
0.629025
0.63715
0.6511
0.6684
0.669
0.686275
0.698625
0.707475
0.708
0.70935
0.709725
0.71055
0.71695
0.728
0.73205
0.734825
0.73505
0.735875
0.740975
0.745625
0.767225
0.771425
0.779075
0.780475
0.7977
0.807275
0.819275
0.825325
0.82755
0.8342
0.83535
0.837225
0.842075
0.842575
0.8446
0.847075
0.8572
0.86685
0.89635
0.9058
0.93255
0.951025
1.005325
1.0087
1.015325
1.016975
1.0171
1.031525
1.0323
1.0462
1.0721
1.0726
1.0753
1.0938
1.099825
1.12165
1.12485
1.141875
1.16705
1.173775
1.2066
1.21355
1.225125
1.289225
1.302075
1.306475
1.319775
1.32015
1.33705
1.3415
1.343775
1.35725
1.358325
1.36925
1.380625
1.3834
1.384825
1.39445
1.397075
1.4079
1.40915
1.410125
1.41825
1.420475
1.4227
1.429575
1.430075
1.4451
1.448225
1.4535
1.454325
1.460575
1.52205
1.568575
1.6017
1.60725
1.61075
1.625825
1.633075
1.63715
1.643325
1.656375
1.68445
1.68515
1.689525
1.70445
1.72165
1.72925
1.7343
1.74195
1.753125
1.754675
1.762075
1.766525
1.76705
1.7734
1.780175
1.84425
1.88005
1.905025
1.9102
1.9133
1.9179
1.923075
1.932175
1.9373
1.95405
1.957575
1.967325
1.969
1.97625
1.992625
1.99285
2.0016
2.0036
2.026075
2.028525
2.042475
2.0444
2.11365
2.131375
2.1608
2.164675
2.176675
2.19845
2.2035
2.2075
2.2182
2.24275
2.251125
2.2516
2.254625
2.2551
2.255525
2.286275
2.29625
2.300875
2.315725
2.31655
2.336525
2.409825
2.411125
2.43195
2.439575
2.473275
2.5065
2.512125
2.5153
2.520975
2.522025
2.5226
2.54555
2.5495
2.55665
2.56995
2.584975
2.6188
2.63095
2.651375
2.6816
2.703875
2.70425
2.718375
2.73505
2.80215
2.802825
2.806475
2.809125
2.8145
2.824525
2.8403
2.85165
2.8576
2.87275
2.88105
2.8918
2.89485
2.8994
2.937625
2.97805
2.987575
3.013425
3.028925
3.032925
3.0439
3.075075
3.0827
3.105275
3.10615
3.110325
3.1108
3.14035
3.1406
3.146725
3.14845
3.16005
3.1625
3.166475
3.1668
3.1687
3.172625
3.1798
3.184525
3.18925
3.194425
3.19905
3.2041
3.20655
3.218675
3.230575
3.234075
3.23575
3.249275
3.2495
3.252275
3.274975
3.281175
3.300525
3.327925
3.33185
3.33415
3.371375
3.379075
3.4006
3.402075
3.414275
3.414875
3.416375
3.4193
3.422625
3.427525
3.44195
3.442475
3.454225
3.4813
3.4853
3.5047
3.53295
3.548625
3.5639
3.571575
3.58735
3.688
3.7025
3.70825
3.709325
3.715475
3.719475
3.728525
3.735725
3.7393
3.7432
3.7474
3.753525
3.763825
3.765325
3.7674
3.769425
3.792975
3.829875
3.8549
3.8656
3.882125
3.88935
3.899925
3.90975
3.91535
4.001075
4.01185
4.012725
4.015275
4.02705
4.0315
4.03265
4.033225
4.039675
4.047075
4.060175
4.065125
4.067575
4.075975
4.081075
4.081825
4.095775
4.100725
4.10925
4.110275
4.1103
4.130125
4.1316
4.1757
4.1808
4.18545
4.203
4.2325
4.240725
4.249825
4.249925
4.25115
4.253225
4.2668
4.295575
4.298225
4.303925
4.304225
4.30585
4.313125
4.332825
4.3353
4.3505
4.352025
4.35745
4.3882
4.3893
4.389475
4.40655
4.430975
4.431
4.43805
4.442275
4.476
4.48765
4.5107
4.5507
4.59295
4.61405
4.6167
4.619
4.61945
4.633275
4.634925
4.63745
4.64885
4.654525
4.65745
4.664775
4.689
4.692875
4.7006
4.712575
4.72065
4.72805
4.750775
4.75835
4.771125
4.79395
4.7992
4.80135
4.812275
4.887875
4.890575
4.908125
4.914825
4.939025
4.94115
4.94505
4.947425
4.970525
4.97225
4.97955
4.990325
5.00755
5.00915
5.0123
5.01265
5.0159
5.016
5.052575
5.062475
5.0864
5.091375
5.1105
5.12965
5.18775
5.200125
5.203475
5.2086
5.2159
5.216875
5.219875
5.220275
5.2229
5.236625
5.244775
5.2496
5.2567
5.260025
5.277025
5.286925
5.29165
5.2975
5.358425
5.368175
5.373425
5.391925
5.430475
5.433925
5.438575
5.4493
5.472175
5.500875
5.5074
5.51355
5.52005
5.5263
5.534675
5.537575
5.545075
5.569825
5.5826
5.590825
5.596875
5.626225
5.6291
5.682725
5.688375
5.740825
5.761175
5.800725
5.808075
5.813475
5.814625
5.82425
5.8253
5.83115
5.84835
5.8547
5.866075
5.875725
5.8916
5.892075
5.895125
5.8958
5.911625
5.9164
5.917025
5.929125
5.936225
5.93835
5.9604
5.96635
5.974825
6.00975
6.0113
6.044675
6.071225
6.07255
6.1063
6.127575
6.138675
6.139875
6.144275
6.14985
6.15915
6.16605
6.18495
6.19195
6.19615
6.20035
6.2037
6.205425
6.21405
6.2288
6.234975
6.268025
6.278875
6.284275
6.306275
6.338175
6.383625
6.401525
6.401725
6.4022
6.4037
6.40525
6.406425
6.4096
6.4139
6.4194
6.4447
6.4466
6.454825
6.4569
6.46035
6.4625
6.474825
6.476875
6.4886
6.49885
6.51995
6.539525
6.55485
6.55665
6.56615
6.57325
6.583975
6.612775
6.6362
6.65085
6.66425
6.666625
6.71905
6.727825
6.7346
6.7347
6.748925
6.75115
6.755425
6.763225
6.776125
6.782925
6.7906
6.818625
6.8196
6.8203
6.826
6.82705
6.84415
6.844525
6.8481
6.853175
6.8586
6.87165
6.878025
6.8842
6.8891
6.908575
6.9113
6.915275
7.0024
7.013425
7.03775
7.043575
7.047525
7.0524
7.08405
7.084325
7.089425
7.097575
7.1102
7.11675
7.117775
7.118725
7.120525
7.12145
7.126325
7.147575
7.165775
7.183975
7.19305
7.19505
7.202175
7.2323
7.240375
7.24265
7.3033
7.312325
7.3133
7.328075
7.33105
7.33545
7.337
7.337475
7.3383
7.34365
7.345175
7.34605
7.354575
7.380075
7.3837
7.391325
7.3967
7.4196
7.42905
7.4308
7.4364
7.444675
7.4515
7.45715
7.47145
7.48295
7.510325
7.548475
7.6113
7.6168
7.6175
7.62055
7.621225
7.6216
7.62735
7.633525
7.68305
7.6872
7.688875
7.703975
7.7735
7.7828
7.8095
7.82285
7.82625
7.82785
7.89605
7.909025
7.937125
7.938175
7.94125
7.942025
7.943175
7.9458
7.946825
7.94925
7.96855
7.9859
7.9935
8.007375
8.00935
8.012075
8.019925
8.030775
8.041225
8.042325
8.048625
8.06465
8.077375
8.111125
8.127075
8.1314
8.144975
8.17475
8.198225
8.201175
8.2015
8.204625
8.210175
8.210425
8.211425
8.214425
8.222875
8.2267
8.232725
8.252025
8.25515
8.261275
8.264175
8.2702
8.27465
8.284775
8.28575
8.3095
8.33075
8.350425
8.37665
8.3869
8.39255
8.406175
8.430225
8.440975
8.454775
8.482375
8.491825
8.500775
8.50685
8.508675
8.516625
8.532625
8.54195
8.5501
8.551425
8.572475
8.6058
8.609425
8.6264
8.627775
8.629225
8.637475
8.6438
8.6444
8.64985
8.65595
8.658325
8.66055
8.665275
8.739625
8.757425
8.810425
8.8126
8.833825
8.835675
8.8369
8.839075
8.848625
8.882675
8.886675
8.89315
8.901
8.9156
8.919425
8.93535
8.945575
8.965775
8.9921
9.00305
9.004475
9.01885
9.0197
9.029225
9.034475
9.045675
9.0657
9.080775
776
