0.11595
0.120225
0.121775
0.124025
0.128125
0.128275
0.130275
0.1386
0.154225
0.165125
0.165775
0.167
0.16765
0.22045
0.238075
0.25595
0.2853
0.287025
0.295075
0.312575
0.3274
0.331675
0.33665
0.339975
0.371225
0.391375
0.401475
0.4022
0.4041
0.4124
0.412825
0.418475
0.4527
0.45645
0.476
0.476425
0.484825
0.499425
0.5007
0.500875
0.504175
0.5076
0.508575
0.5435
0.54815
0.5541
0.581975
0.616825
0.618625
0.628225
0.707075
0.707525
0.71645
0.719225
0.719775
0.7369
0.7402
0.741425
0.742925
0.756375
0.7668
0.7834
0.78375
0.784125
0.792175
0.7955
0.80685
0.808775
0.821875
0.824875
0.825925
0.82865
0.83125
0.8361
0.841325
0.84415
0.8696
0.871575
0.87375
0.875375
0.879925
0.896975
0.902725
0.9082
0.94765
0.965075
0.9702
0.97975
1.003575
1.0213
1.029275
1.031775
1.033375
1.057975
1.060375
1.065075
1.067125
1.0799
1.0936
1.1024
1.107775
1.11025
1.130325
1.160875
1.169875
1.172225
1.17595
1.179425
1.1798
1.18275
1.221375
1.226925
1.232875
1.27195
1.3065
1.316375
1.31945
1.31975
1.320575
1.321275
1.324925
1.3343
1.33655
1.343875
1.346
1.362175
1.36225
1.378925
1.416
1.4164
1.426
1.4574
1.466025
1.4709
1.489375
1.510875
1.51165
1.5162
1.51935
1.532025
1.5544
1.590075
1.5901
1.605525
1.6065
1.614225
1.6299
1.631975
1.6473
1.648775
1.651175
1.66545
1.66735
1.66945
1.67755
1.69135
1.701225
1.704225
1.70545
1.713975
1.7254
1.737675
1.757775
1.773375
1.8159
1.85145
1.89625
1.90885
1.919225
1.92175
1.92565
1.932825
1.9351
1.938075
1.95485
1.9752
1.97555
1.9844
1.994075
2.00165
2.00275
2.0133
2.025425
2.036925
2.04285
2.071
2.07175
2.0731
2.080975
2.091175
2.099625
2.117025
2.1831
2.203575
2.2068
2.217225
2.217825
2.224925
2.226425
2.231425
2.239375
2.246575
2.2568
2.260175
2.266525
2.270475
2.29245
2.2929
2.293325
2.29445
2.3062
2.3231
2.32625
2.337825
2.3569
2.357875
2.3719
2.3782
2.399275
2.4192
2.424125
2.4344
2.442
2.474175
2.5044
2.507825
2.510925
2.512675
2.51555
2.517375
2.5221
2.525225
2.527975
2.530325
2.538925
2.546875
2.550225
2.5512
2.5525
2.559975
2.569425
2.582525
2.5826
2.585
2.589925
2.59885
2.607475
2.60785
2.608575
2.62995
2.632275
2.63435
2.636
2.639625
2.6446
2.6684
2.676675
2.678225
2.686275
2.7016
2.7116
2.733275
2.766975
2.7739
2.7957
2.8045
2.8088
2.809425
2.816675
2.8193
2.823625
2.8433
2.8684
2.86985
2.8837
2.89405
2.8944
2.903775
2.91925
2.9365
2.952575
2.9557
3.024675
3.02585
3.02915
3.032825
3.04165
3.047925
3.050775
3.059475
3.117725
3.1197
3.119725
3.1238
3.136125
3.141925
3.175975
3.196725
3.19975
3.21555
3.24435
3.277775
3.280975
3.28555
3.315725
3.32055
3.36625
3.37275
3.379
3.404675
3.421925
3.423325
3.433275
3.438625
3.4406
3.4574
3.462675
3.4683
3.482925
3.51355
3.51455
3.530125
3.547875
3.61355
3.65185
3.658975
3.66255
3.67095
3.67625
3.704075
3.71545
3.716425
3.718175
3.718675
3.7225
3.725825
3.72985
3.7402
3.753375
3.7587
3.766925
3.77445
3.78045
3.786475
3.788925
3.793925
3.801025
3.814325
3.8186
3.821875
3.826875
3.83715
3.837925
3.857775
3.862
3.90275
3.904675
3.918925
3.9324
3.94765
3.9512
4.007775
4.01255
4.015475
4.050075
4.055625
4.05895
4.062475
4.073325
4.080775
4.081975
4.09325
4.1028
4.10555
4.10625
4.110325
4.110425
4.11175
4.116825
4.139975
4.160725
4.167275
4.17645
4.1793
4.180175
4.184625
4.2056
4.210975
4.211325
4.21395
4.226125
4.297875
4.3004
4.3025
4.304925
4.30955
4.31255
4.323375
4.3314
4.3397
4.344775
4.353375
4.3681
4.392025
4.4035
4.4096
4.433525
4.436575
4.437925
4.468775
4.4893
4.5067
4.521925
4.537625
4.556775
4.57335
4.5756
4.600725
4.602975
4.60755
4.6083
4.614675
4.6152
4.617475
4.6201
4.62395
4.628275
4.63575
4.6358
4.63755
4.6378
4.662025
4.66395
4.668225
4.685775
4.686875
4.69255
4.6928
4.698175
4.704125
4.71975
4.7199
4.723625
4.727975
4.7325
4.739375
4.74775
4.762025
4.763025
4.800675
4.85105
4.9081
4.911325
4.916075
4.919175
4.927
4.928
4.930325
4.955725
4.976625
4.9859
4.995125
5.02325
5.035325
5.05245
5.0594
5.091125
5.09155
5.094975
5.127975
5.1923
5.203325
5.20485
5.20515
5.206
5.219175
5.22115
5.22185
5.2317
5.247975
5.257475
5.258225
5.262175
5.265775
5.302425
5.325225
5.348075
5.391075
5.418925
5.45315
5.455
5.478475
5.501775
5.50815
5.523825
5.52575
5.5308
5.549225
5.5505
5.566925
5.572025
5.58385
5.587375
5.5968
5.612175
5.618075
5.6223
5.63315
5.639625
5.641125
5.6644
5.687375
5.690725
5.690975
5.74055
5.743225
5.751525
5.80055
5.826075
5.8346
5.83835
5.843475
5.85065
5.861575
5.862125
5.8661
5.883825
5.89035
5.8969
5.9012
5.912625
5.917175
5.918875
5.9206
5.924775
5.9305
5.938725
5.93935
5.9418
5.948575
5.953325
5.956025
5.993625
6.0235
6.0443
6.045825
6.080775
6.1006
6.10205
6.1206
6.12545
6.130725
6.133425
6.134925
6.135775
6.1429
6.15635
6.157825
6.158325
6.199125
6.2009
6.20825
6.2155
6.218025
6.219825
6.251275
6.253725
6.2605
6.2613
6.2637
6.30955
6.37865
6.3934
6.4062
6.407825
6.417675
6.420625
6.421525
6.42605
6.441675
6.443
6.450675
6.4735
6.4752
6.47805
6.4924
6.504875
6.52795
6.5463
6.550125
6.559975
6.587625
6.60405
6.653525
6.677175
6.6846
6.713575
6.7177
6.7256
6.728275
6.732575
6.7402
6.7494
6.753925
6.756675
6.761125
6.765875
6.77345
6.779075
6.78275
6.783275
6.7919
6.798125
6.7983
6.801425
6.805025
6.8054
6.8184
6.82395
6.8253
6.83065
6.859925
6.860725
6.87785
6.883975
6.892125
6.89345
6.902475
6.906375
6.907675
6.9334
6.93865
6.96435
6.9776
6.9967
7.0222
7.022575
7.0312
7.0375
7.0408
7.042225
7.06445
7.06755
7.071025
7.0766
7.081025
7.09865
7.102275
7.1197
7.1219
7.12585
7.126275
7.127975
7.14245
7.142775
7.15625
7.179125
7.182425
7.184875
7.19005
7.208025
7.22915
7.231825
7.276275
7.27705
7.304775
7.3238
7.339725
7.37685
7.40315
7.435825
7.4801
7.506775
7.5299
7.5456
7.55
7.56295
7.563225
7.570575
7.58275
7.602075
7.617625
7.62225
7.62735
7.6517
7.6583
7.659675
7.6622
7.663875
7.668675
7.68385
7.6871
7.69275
7.693875
7.70335
7.705
7.735975
7.74115
7.78285
7.79565
7.7959
7.806125
7.835525
7.903725
7.912625
7.914275
7.922275
7.9279
7.930675
7.936125
7.9457
7.945725
7.955975
7.95685
7.983575
7.98715
7.989675
7.9927
8.01365
8.0151
8.015625
8.016075
8.02005
8.0232
8.0267
8.035075
8.0464
8.06545
8.090025
8.09375
8.099725
8.10875
8.1214
8.123475
8.138625
8.168625
8.198025
8.216475
8.223025
8.226525
8.22655
8.228925
8.229175
8.233725
8.234125
8.2417
8.246475
8.2488
8.2561
8.266125
8.26715
8.269725
8.277525
8.295925
8.297375
8.332375
8.33955
8.351975
8.399875
8.40215
8.424925
8.464225
8.479475
8.50105
8.5067
8.507525
8.50985
8.512125
8.514825
8.51745
8.51765
8.522675
8.526725
8.531225
8.542925
8.546175
8.556625
8.55695
8.562375
8.563025
8.56825
8.5756
8.593225
8.596575
8.603825
8.670575
8.68825
8.70575
8.72235
8.755175
8.7834
8.7837
8.8154
8.817975
8.81835
8.834825
8.8393
8.842075
8.880175
8.8898
8.9057
8.921375
8.9272
8.94595
8.949175
8.957725
8.967775
9.022025
9.03075
9.0398
9.0476
9.0534
9.063875
9.073775
9.079725
815
