0.100575
0.103125
0.11035
0.121175
0.125675
0.1375
0.1557
0.163
0.1726
0.1737
0.18945
0.223
0.240075
0.28775
0.288425
0.327925
0.330025
0.331175
0.377725
0.3969
0.4012
0.40505
0.405725
0.4099
0.4179
0.42265
0.4228
0.4291
0.4376
0.44795
0.46695
0.4705
0.471525
0.47515
0.48095
0.48975
0.49595
0.501475
0.51195
0.51275
0.535625
0.544925
0.545525
0.546275
0.55265
0.561325
0.5881
0.59365
0.601225
0.641825
0.665725
0.684875
0.6909
0.70095
0.708525
0.709725
0.709975
0.725875
0.736325
0.74415
0.7467
0.769675
0.78635
0.79955
0.808375
0.823325
0.824075
0.8345
0.85895
0.87415
0.9172
0.93555
0.972425
0.974475
1.001325
1.011725
1.01825
1.022775
1.023225
1.0351
1.041375
1.046875
1.05675
1.07545
1.077825
1.10295
1.106975
1.109425
1.133225
1.1434
1.144325
1.16185
1.21185
1.224625
1.22875
1.240475
1.263175
1.3135
1.313725
1.31435
1.344075
1.357775
1.3629
1.383975
1.39375
1.40985
1.4113
1.4245
1.432375
1.4494
1.46145
1.5177
1.5201
1.522975
1.5248
1.542975
1.58125
1.602475
1.607275
1.6125
1.61465
1.621425
1.6409
1.6423
1.6424
1.6429
1.64845
1.652425
1.65625
1.657825
1.6582
1.67175
1.680475
1.683325
1.6947
1.696025
1.703025
1.7036
1.707475
1.729525
1.744725
1.7491
1.7606
1.7763
1.82495
1.826925
1.8354
1.8528
1.858175
1.858625
1.87035
1.8854
1.903375
1.90445
1.9236
1.927075
1.930825
1.97155
1.9747
1.982
1.982925
1.990625
1.993375
2.010075
2.01995
2.027
2.02865
2.0356
2.036875
2.0704
2.077975
2.144675
2.162775
2.166575
2.200975
2.20335
2.2052
2.212475
2.219
2.221375
2.229125
2.236525
2.2598
2.260675
2.2689
2.274125
2.286225
2.316325
2.320525
2.3297
2.338575
2.363825
2.372125
2.38
2.38235
2.40675
2.416225
2.4469
2.454775
2.45605
2.481675
2.50985
2.511775
2.516625
2.5226
2.535275
2.554825
2.5583
2.565475
2.566725
2.57635
2.5787
2.5958
2.5974
2.616625
2.643725
2.651075
2.68125
2.69175
2.71685
2.732225
2.7489
2.753875
2.7629
2.764875
2.80385
2.823275
2.8307
2.845925
2.856275
2.867725
2.872325
2.87465
2.874975
2.893975
2.904225
2.9084
2.916725
2.9602
2.96275
2.968275
2.969325
2.993075
3.0059
3.024175
3.038925
3.103175
3.105125
3.1107
3.11445
3.1208
3.123875
3.137225
3.13765
3.140275
3.14035
3.1543
3.1549
3.157025
3.15755
3.163625
3.167625
3.177875
3.200725
3.207675
3.21445
3.2226
3.239875
3.240475
3.263275
3.271025
3.297975
3.29895
3.3461
3.405125
3.4173
3.419275
3.422975
3.432225
3.434375
3.43715
3.451425
3.454975
3.462125
3.462375
3.470575
3.498375
3.5095
3.524275
3.54005
3.5546
3.5606
3.56755
3.590275
3.62275
3.626925
3.638525
3.66995
3.70185
3.702425
3.703475
3.708175
3.7173
3.725625
3.7267
3.73155
3.737775
3.742125
3.751075
3.7548
3.78115
3.78875
3.810325
3.8191
3.8252
3.827675
3.838675
3.84265
3.8592
3.883725
3.885025
3.890025
3.89755
3.94075
4.001325
4.0235
4.0282
4.03375
4.038125
4.040775
4.044425
4.049175
4.05235
4.057425
4.059375
4.064425
4.07225
4.073275
4.073325
4.0826
4.0866
4.08745
4.11075
4.1435
4.163775
4.169875
4.18985
4.2054
4.233575
4.236925
4.2527
4.26845
4.3006
4.306475
4.308825
4.3101
4.312475
4.313425
4.3173
4.317375
4.32665
4.33765
4.34015
4.348775
4.3489
4.356275
4.364725
4.415225
4.440025
4.451825
4.45725
4.458325
4.4693
4.471075
4.517425
4.5225
4.554225
4.555125
4.58375
4.60305
4.630425
4.63205
4.635825
4.636075
4.639225
4.6415
4.65015
4.6556
4.671625
4.687725
4.691325
4.693875
4.708425
4.71675
4.724
4.726225
4.7512
4.7582
4.7645
4.7902
4.7912
4.79605
4.8326
4.84435
4.8514
4.8693
4.8695
4.870325
4.87125
4.8871
4.89695
4.925425
4.928525
4.9318
4.9426
4.95055
4.966925
5.05435
5.06055
5.081275
5.1305
5.140575
5.16
5.192175
5.207875
5.216075
5.22
5.222525
5.230525
5.24895
5.253325
5.25365
5.2866
5.307725
5.30985
5.336275
5.36325
5.376275
5.3975
5.415575
5.45905
5.5052
5.506825
5.506975
5.510475
5.511525
5.5143
5.524975
5.53605
5.557475
5.55865
5.55985
5.563825
5.5664
5.571125
5.575225
5.579025
5.5857
5.5883
5.595925
5.603025
5.603425
5.6118
5.618375
5.633625
5.663075
5.68675
5.691575
5.704175
5.708175
5.708975
5.711625
5.716175
5.717775
5.71915
5.741625
5.779
5.8208
5.82535
5.8284
5.82855
5.8323
5.8776
5.8942
5.895775
5.918075
5.918725
5.933675
5.937825
5.961375
5.966825
5.99625
6.00315
6.0076
6.056725
6.10045
6.1091
6.110675
6.113725
6.12365
6.133175
6.137075
6.13725
6.140925
6.14205
6.1466
6.150625
6.15375
6.159
6.165275
6.1683
6.18855
6.189725
6.206625
6.210775
6.234225
6.237625
6.247375
6.259925
6.2645
6.274325
6.294625
6.30245
6.304275
6.306375
6.324175
6.342225
6.35
6.4016
6.4123
6.42035
6.421825
6.425525
6.430675
6.43145
6.43675
6.4369
6.439675
6.467125
6.4744
6.477975
6.499075
6.5114
6.5304
6.564375
6.569475
6.57555
6.5757
6.5856
6.59265
6.5972
6.614
6.654
6.685375
6.702875
6.7032
6.705275
6.707275
6.712625
6.7129
6.713
6.717
6.71835
6.726625
6.7284
6.729475
6.730225
6.74095
6.743725
6.753775
6.768675
6.774875
6.78525
6.78985
6.825275
6.827825
6.88395
6.9035
6.90465
6.90665
6.9091
6.910725
6.92625
6.9602
6.973875
7.0203
7.03075
7.035475
7.03945
7.04425
7.045
7.057525
7.0691
7.072425
7.0777
7.0852
7.098625
7.113625
7.124875
7.14975
7.151725
7.1567
7.168175
7.1703
7.171575
7.1789
7.18185
7.1831
7.206775
7.249025
7.24965
7.271775
7.30405
7.311275
7.31915
7.34455
7.35145
7.353175
7.353625
7.3644
7.367425
7.36785
7.402025
7.410925
7.41115
7.431475
7.4342
7.435975
7.4645
7.4728
7.477375
7.497825
7.5338
7.56535
7.585775
7.5925
7.6024
7.606
7.614075
7.6146
7.617775
7.618225
7.6346
7.64035
7.64315
7.6434
7.65495
7.6596
7.66855
7.6865
7.693
7.720525
7.74255
7.7588
7.78215
7.80465
7.816125
7.83615
7.868675
7.904975
7.905125
7.9143
7.9241
7.9361
7.939825
7.94415
7.94655
7.951475
7.962825
7.97125
7.97185
7.984775
7.98785
7.995975
8.0151
8.024125
8.02525
8.03035
8.038875
8.045625
8.0698
8.073475
8.0972
8.10895
8.131
8.136375
8.138675
8.15015
8.15295
8.181075
8.218525
8.223125
8.22555
8.23825
8.25105
8.2579
8.2625
8.270475
8.277275
8.28095
8.29695
8.31
8.315175
8.31655
8.32715
8.346625
8.358475
8.369725
8.388825
8.40015
8.40225
8.406625
8.421875
8.4268
8.4779
8.492425
8.506925
8.51115
8.511175
8.525175
8.53115
8.54745
8.5481
8.552575
8.561375
8.562975
8.563925
8.57775
8.579075
8.585775
8.598175
8.599575
8.6058
8.6153
8.628925
8.653125
8.666475
8.730425
8.800575
8.82485
8.826325
8.834525
8.841075
8.84475
8.848025
8.850225
8.8606
8.868575
8.8851
8.8855
8.90595
8.9275
8.92785
8.928775
8.92985
8.936625
8.948775
8.964625
8.97695
9.014075
9.015
9.0516
9.069625
9.081975
9.0856
9.0875
9.098625
767
