0.12495
0.1275
0.129575
0.156675
0.161975
0.1714
0.179375
0.179825
0.193725
0.198775
0.215275
0.233
0.23735
0.252425
0.26195
0.284475
0.289975
0.299625
0.30765
0.312775
0.3546
0.388175
0.408325
0.408625
0.4088
0.413125
0.430375
0.441825
0.44835
0.44965
0.45645
0.468325
0.4853
0.485675
0.4984
0.5071
0.510875
0.521775
0.5432
0.544
0.5497
0.5629
0.5789
0.602925
0.63665
0.639175
0.6866
0.697025
0.71045
0.726075
0.73145
0.73275
0.736725
0.737075
0.744825
0.766275
0.7776
0.784625
0.78835
0.791375
0.801225
0.814025
0.8618
0.86945
0.886375
0.89215
0.908925
0.91575
0.935875
0.9528
0.9624
0.966375
0.98605
1.00145
1.017275
1.01825
1.018525
1.01895
1.02025
1.020475
1.02645
1.03575
1.0526
1.055325
1.06645
1.07655
1.07845
1.08245
1.08655
1.0869
1.1139
1.11605
1.117675
1.1249
1.129525
1.155975
1.18275
1.2042
1.20715
1.21855
1.218825
1.245475
1.263325
1.264525
1.26795
1.281725
1.288975
1.2957
1.303425
1.31495
1.318875
1.32125
1.32405
1.3285
1.332125
1.35185
1.361325
1.3657
1.371625
1.378525
1.3791
1.393625
1.4175
1.4198
1.4708
1.47525
1.48635
1.5706
1.618525
1.623875
1.626475
1.63275
1.633425
1.63825
1.66685
1.66805
1.676425
1.681275
1.7071
1.7395
1.74375
1.75595
1.765425
1.781825
1.784775
1.810225
1.81675
1.8187
1.87375
1.891475
1.8992
1.905175
1.909875
1.911075
1.915325
1.937975
1.9433
1.952675
1.955275
1.966825
1.9753
1.984375
1.988325
1.99705
2.001025
2.004225
2.005225
2.01355
2.036875
2.041925
2.0481
2.069
2.0701
2.0795
2.0803
2.104625
2.105075
2.105625
2.1208
2.127675
2.14155
2.15305
2.1538
2.157325
2.211
2.213775
2.22305
2.237825
2.2413
2.24825
2.2608
2.2645
2.267275
2.26905
2.278475
2.280075
2.29335
2.31555
2.316
2.3295
2.330125
2.37325
2.396
2.41895
2.460775
2.481475
2.49
2.501
2.5108
2.5157
2.52535
2.5283
2.555125
2.555175
2.55635
2.556825
2.559575
2.5621
2.570125
2.57225
2.580375
2.58915
2.602375
2.604275
2.610575
2.614475
2.6226
2.626475
2.6362
2.6447
2.65555
2.665675
2.667225
2.66805
2.673075
2.69605
2.736675
2.77735
2.792875
2.79845
2.800175
2.8032
2.805225
2.807025
2.819025
2.819075
2.824275
2.833875
2.834225
2.8362
2.8552
2.872925
2.8797
2.886175
2.893825
2.900775
2.90085
2.909075
2.928925
2.934525
2.975
2.976025
2.976825
2.987125
3.017825
3.03205
3.058975
3.071675
3.0975
3.111025
3.1263
3.130825
3.1338
3.14345
3.14775
3.154525
3.170475
3.183075
3.1872
3.1898
3.203075
3.2445
3.25425
3.313825
3.322825
3.342075
3.371875
3.382875
3.400875
3.411025
3.4273
3.428775
3.455975
3.45925
3.46735
3.47215
3.4808
3.487375
3.5133
3.52995
3.5454
3.547875
3.55585
3.55695
3.5667
3.576
3.59135
3.5932
3.60565
3.682825
3.6924
3.6966
3.701275
3.70295
3.707075
3.714525
3.717425
3.73515
3.736
3.740675
3.74515
3.745475
3.7484
3.756
3.75865
3.7657
3.7659
3.76635
3.76925
3.77915
3.782675
3.78345
3.792125
3.79985
3.839475
3.846075
3.8648
3.865425
3.86845
3.872125
3.874675
3.8815
3.92615
3.966
3.996825
4.00295
4.006025
4.0095
4.009825
4.014825
4.015
4.020075
4.020725
4.032925
4.044175
4.054675
4.06495
4.06825
4.0715
4.072575
4.0937
4.11535
4.127625
4.144675
4.161775
4.1621
4.16935
4.179275
4.19705
4.201725
4.203075
4.234125
4.238075
4.24355
4.24495
4.2619
4.305625
4.309125
4.311475
4.312725
4.32435
4.33045
4.334925
4.3411
4.3414
4.342475
4.3428
4.367
4.36915
4.370875
4.3729
4.37405
4.378275
4.38175
4.382975
4.3912
4.414025
4.42705
4.431675
4.471175
4.49435
4.507125
4.51875
4.5445
4.550775
4.5556
4.584975
4.6027
4.614525
4.62245
4.64895
4.651175
4.651725
4.6529
4.65365
4.65605
4.6565
4.6592
4.6697
4.67205
4.6777
4.684
4.6886
4.6922
4.704575
4.71415
4.7351
4.76585
4.77425
4.77545
4.797625
4.833975
4.883575
4.904275
4.9072
4.92095
4.925425
4.929925
4.934525
4.947475
4.9638
4.966975
4.96715
4.9694
4.98075
4.98725
4.989575
4.994425
5.0093
5.015025
5.04285
5.061675
5.11515
5.126575
5.144775
5.1611
5.2066
5.21085
5.219925
5.222325
5.228775
5.235075
5.237825
5.241025
5.241125
5.257075
5.29015
5.2913
5.291775
5.302975
5.304725
5.315625
5.33645
5.3431
5.351
5.3554
5.369625
5.411925
5.45095
5.455875
5.458675
5.47675
5.479225
5.479475
5.4861
5.50515
5.5139
5.5152
5.5154
5.518275
5.521525
5.52895
5.5335
5.53555
5.546625
5.5519
5.5641
5.5644
5.573525
5.577275
5.58065
5.59545
5.6152
5.6304
5.63065
5.656675
5.66715
5.700675
5.732775
5.758475
5.782725
5.785725
5.793325
5.8105
5.81245
5.813125
5.828575
5.833175
5.83805
5.845975
5.8489
5.8508
5.8607
5.8668
5.874625
5.8875
5.903675
5.90445
5.91505
5.91605
5.9542
5.963
6.001575
6.02655
6.04565
6.057025
6.0701
6.0839
6.10635
6.112425
6.11265
6.118275
6.1206
6.123975
6.126175
6.129875
6.13325
6.156125
6.1581
6.174325
6.1797
6.18115
6.1818
6.2012
6.225225
6.241475
6.28545
6.300775
6.34505
6.3592
6.407575
6.41355
6.418125
6.425875
6.428
6.431425
6.439275
6.44215
6.472125
6.4775
6.484475
6.50925
6.513825
6.52445
6.530225
6.53635
6.538025
6.587575
6.599675
6.612175
6.639175
6.6539
6.71145
6.71585
6.720125
6.780875
6.783775
6.7922
6.79965
6.8005
6.802675
6.804825
6.830825
6.87
6.896
6.920975
6.938675
6.9633
7.0037
7.01225
7.0131
7.019225
7.03345
7.0368
7.05125
7.075975
7.08195
7.082575
7.083925
7.0879
7.08885
7.090775
7.105725
7.132475
7.152
7.194125
7.225075
7.2742
7.2831
7.30535
7.315025
7.325875
7.333325
7.336225
7.339675
7.3435
7.3535
7.359925
7.379125
7.38175
7.38275
7.384175
7.3847
7.432375
7.438025
7.4481
7.4526
7.46045
7.46645
7.475375
7.577875
7.6098
7.6149
7.623
7.6333
7.679575
7.680275
7.69315
7.704325
7.709275
7.71545
7.74165
7.741825
7.74205
7.85395
7.85545
7.857975
7.859975
7.879875
7.888725
7.9102
7.912675
7.917425
7.92575
7.928775
7.94455
7.951075
7.95485
7.9564
7.9574
7.9588
7.968175
7.96825
7.982
7.988625
8.005425
8.0205
8.02075
8.042975
8.0774
8.085475
8.097375
8.107775
8.111025
8.1417
8.1492
8.1579
8.1585
8.20905
8.235925
8.237175
8.24865
8.256275
8.259
8.282425
8.28455
8.2883
8.2967
8.30915
8.318275
8.33015
8.345125
8.3805
8.38685
8.394825
8.413625
8.434025
8.4663
8.500825
8.501575
8.5019
8.51175
8.520275
8.523675
8.5342
8.5418
8.59735
8.599625
8.622025
8.6256
8.648175
8.6503
8.7045
8.734
8.7453
8.774225
8.77715
8.788175
8.8028
8.809825
8.812575
8.81585
8.820225
8.821525
8.821675
8.8261
8.845575
8.8578
8.879225
8.8834
8.8884
8.894825
8.894875
8.89755
8.903925
8.90455
8.91465
8.921725
8.9322
8.934275
8.942975
8.943325
8.9468
8.94705
8.95915
8.9675
8.984925
8.998175
9.015925
9.037425
9.041125
9.0461
9.087975
763
