0.10435
0.10805
0.117975
0.121925
0.129025
0.145725
0.1483
0.1555
0.1562
0.167175
0.177475
0.20595
0.2322
0.23645
0.258075
0.2741
0.297075
0.318475
0.323775
0.365175
0.372075
0.41005
0.4165
0.420525
0.42055
0.427075
0.4271
0.43985
0.4399
0.440175
0.4417
0.442825
0.44665
0.447075
0.4561
0.46615
0.469275
0.4735
0.48365
0.49395
0.50335
0.514975
0.53495
0.538125
0.6157
0.65665
0.6609
0.683775
0.740225
0.742525
0.744025
0.7443
0.74775
0.74955
0.75125
0.754325
0.769075
0.800025
0.85025
0.855125
0.858575
0.86
0.87495
0.874975
0.879075
0.885375
0.889125
0.90555
0.92425
0.93
0.93495
0.972075
0.9829
1.005475
1.01365
1.018375
1.034
1.037075
1.046725
1.053325
1.056325
1.067325
1.06935
1.07385
1.07425
1.076775
1.07905
1.07915
1.1011
1.105075
1.106
1.109725
1.11055
1.110625
1.13755
1.141175
1.141425
1.150425
1.25515
1.261
1.28535
1.30275
1.30425
1.3189
1.3219
1.322925
1.326325
1.333
1.33335
1.3355
1.3363
1.3416
1.350725
1.35255
1.353525
1.3573
1.37515
1.38575
1.394075
1.39795
1.419925
1.439675
1.43985
1.467375
1.4825
1.502525
1.508875
1.562725
1.5972
1.5974
1.611025
1.614475
1.6355
1.636425
1.6404
1.650475
1.6533
1.65345
1.661275
1.663675
1.663825
1.6647
1.66715
1.671225
1.68885
1.716975
1.747125
1.8019
1.819025
1.85275
1.857875
1.8956
1.8999
1.900225
1.903525
1.921075
1.9285
1.93145
1.9336
1.934175
1.94905
1.954625
1.954725
1.95925
1.962875
1.980025
1.988925
1.998075
2.0102
2.019725
2.02355
2.026825
2.03075
2.052225
2.0634
2.07305
2.091075
2.104225
2.12995
2.17655
2.1775
2.20395
2.20925
2.2126
2.2146
2.225025
2.244625
2.245725
2.24855
2.24975
2.271525
2.273275
2.281175
2.28455
2.2944
2.303775
2.30685
2.308825
2.3144
2.318825
2.332175
2.334775
2.353825
2.35405
2.359275
2.36355
2.366525
2.426325
2.426575
2.4454
2.502275
2.503725
2.516225
2.516525
2.518025
2.5184
2.52155
2.521675
2.5251
2.52875
2.5312
2.5396
2.5448
2.55855
2.567525
2.57115
2.5875
2.593125
2.616675
2.640925
2.662125
2.673525
2.800225
2.8049
2.80825
2.811
2.822925
2.835425
2.856125
2.8577
2.8819
2.893725
2.896175
2.899525
2.9165
2.930775
2.931875
2.95815
2.961675
2.96435
2.970025
3.0061
3.017475
3.0258
3.02895
3.030675
3.090375
3.0995
3.102
3.112675
3.1136
3.114125
3.117975
3.119975
3.120225
3.1219
3.127875
3.12835
3.129475
3.138675
3.14765
3.1521
3.1542
3.165
3.170425
3.17555
3.188975
3.23275
3.233525
3.2523
3.3342
3.3466
3.370225
3.377875
3.37905
3.380725
3.384875
3.406225
3.4078
3.414825
3.415975
3.420175
3.42125
3.4271
3.42765
3.43015
3.43375
3.440725
3.44215
3.45545
3.459225
3.460075
3.46585
3.483975
3.503475
3.504
3.504225
3.51455
3.554275
3.56325
3.57565
3.58405
3.60895
3.679175
3.698425
3.701525
3.706025
3.706575
3.707975
3.711275
3.711475
3.72165
3.747225
3.7578
3.765525
3.77895
3.78365
3.79775
3.799275
3.818775
3.829975
3.856225
3.861125
3.86885
3.8808
3.885425
3.9053
3.933225
3.938675
3.959025
4.00115
4.005625
4.015525
4.027925
4.033325
4.039475
4.048925
4.052825
4.0529
4.06415
4.073475
4.0762
4.0995
4.131725
4.14345
4.146425
4.154
4.1554
4.157725
4.175175
4.177925
4.254625
4.2688
4.302275
4.302525
4.303
4.305125
4.3216
4.3272
4.336725
4.34095
4.348075
4.355725
4.36005
4.38375
4.3841
4.3881
4.411975
4.4252
4.42635
4.442575
4.45205
4.45675
4.4604
4.48595
4.4877
4.49315
4.50845
4.512025
4.512625
4.5472
4.554825
4.56795
4.595025
4.609075
4.613275
4.616225
4.626225
4.6384
4.667875
4.669525
4.679625
4.67965
4.684775
4.7009
4.706175
4.7091
4.718975
4.7505
4.75395
4.7773
4.803125
4.846975
4.8497
4.9026
4.903375
4.90935
4.911125
4.9142
4.9234
4.92925
4.9587
4.98005
4.98105
4.99015
4.9907
4.99245
4.9975
5.002175
5.0121
5.015575
5.017575
5.037625
5.052175
5.10415
5.135725
5.138125
5.17275
5.202125
5.20775
5.215025
5.226
5.22825
5.230025
5.233425
5.2347
5.243225
5.258875
5.264775
5.27095
5.2772
5.301375
5.311
5.3214
5.3348
5.349675
5.350775
5.37555
5.3821
5.396675
5.407275
5.4097
5.42325
5.46925
5.503
5.5064
5.50655
5.51115
5.5135
5.51565
5.515925
5.529275
5.530025
5.536275
5.5384
5.54075
5.547425
5.553925
5.55395
5.55405
5.5587
5.564925
5.5697
5.57415
5.57465
5.5827
5.5841
5.606925
5.616525
5.618925
5.6208
5.6215
5.627625
5.629125
5.64375
5.65145
5.693175
5.77855
5.7853
5.801575
5.81565
5.81625
5.828325
5.834825
5.842375
5.842575
5.843325
5.84505
5.854525
5.859325
5.88755
5.891575
5.929125
5.936875
5.941075
5.964025
5.97635
5.9964
6.005775
6.025825
6.053275
6.061375
6.115525
6.116775
6.1168
6.11765
6.127125
6.128225
6.13125
6.1353
6.14055
6.1412
6.1422
6.1466
6.14735
6.148275
6.1487
6.149925
6.155375
6.167675
6.187775
6.19645
6.197175
6.19775
6.2174
6.22145
6.22895
6.233725
6.2398
6.266125
6.269
6.301125
6.33795
6.372825
6.377925
6.405775
6.41515
6.427425
6.435825
6.4368
6.4885
6.493975
6.4989
6.503
6.515725
6.531375
6.555525
6.5628
6.563175
6.56645
6.568025
6.5699
6.57295
6.573175
6.5778
6.59225
6.60605
6.638475
6.638825
6.6498
6.692575
6.710175
6.744075
6.747275
6.7484
6.751125
6.753525
6.761225
6.7723
6.77235
6.78135
6.7973
6.80085
6.804675
6.805075
6.808525
6.81705
6.822225
6.824325
6.8396
6.839775
6.844025
6.853875
6.873275
6.900025
6.909175
6.9144
6.956025
6.99045
6.999575
7.008325
7.01075
7.014275
7.020875
7.021
7.047375
7.0944
7.0988
7.10485
7.112225
7.11655
7.1188
7.120975
7.144875
7.152475
7.193625
7.20105
7.20395
7.2052
7.214725
7.226625
7.2823
7.28245
7.302775
7.303075
7.316275
7.32285
7.324325
7.33545
7.340925
7.346975
7.347625
7.3584
7.368325
7.3724
7.3877
7.415125
7.4181
7.419075
7.441225
7.4488
7.4526
7.453925
7.494225
7.526625
7.543275
7.563125
7.578625
7.579725
7.5862
7.601925
7.602825
7.6064
7.621775
7.625325
7.632425
7.636425
7.638025
7.63965
7.660025
7.661825
7.662525
7.662575
7.6688
7.670575
7.68905
7.6973
7.71125
7.712475
7.71515
7.733125
7.741325
7.753075
7.758325
7.7717
7.7809
7.78815
7.788925
7.790875
7.801525
7.833075
7.8378
7.8671
7.881225
7.8939
7.894725
7.9183
7.9251
7.9371
7.9499
7.9528
7.95985
7.961025
7.9616
7.9745
8.0102
8.01025
8.014025
8.0164
8.026
8.04115
8.0652
8.078425
8.09165
8.09195
8.12135
8.161825
8.172625
8.196025
8.202225
8.20735
8.207675
8.209425
8.20985
8.213825
8.23135
8.241975
8.255875
8.261675
8.2646
8.27255
8.2785
8.282575
8.290925
8.291175
8.303125
8.305325
8.306475
8.32415
8.331775
8.34685
8.3472
8.363575
8.42375
8.467625
8.4879
8.495225
8.500025
8.502375
8.509925
8.517325
8.5197
8.52895
8.530475
8.54215
8.55435
8.555375
8.55585
8.563275
8.566775
8.579175
8.6669
8.670825
8.68365
8.68705
8.756925
8.8066
8.822875
8.82345
8.8355
8.836275
8.840425
8.84045
8.869825
8.89165
8.90065
8.91115
8.9176
8.922325
8.941375
8.949625
8.9547
8.96585
8.99
8.995525
9.00905
9.038475
9.053575
9.07075
9.07425
790
