0.1094
0.139575
0.14955
0.153675
0.1576
0.16815
0.173975
0.1783
0.204375
0.23045
0.230975
0.2453
0.262675
0.322825
0.32335
0.325475
0.36085
0.40065
0.4012
0.413375
0.424725
0.42555
0.425675
0.42635
0.4285
0.428975
0.431775
0.439075
0.440575
0.44105
0.4537
0.46205
0.471175
0.485825
0.500175
0.50575
0.5206
0.521925
0.534875
0.555675
0.58195
0.592725
0.600425
0.606125
0.650375
0.705925
0.707925
0.7093
0.7136
0.74275
0.79415
0.805725
0.8266
0.831675
0.835575
0.852625
0.87825
0.882575
0.88425
0.927775
0.951725
0.96905
0.971675
1.00015
1.0065
1.008675
1.014125
1.016425
1.023025
1.02595
1.0303
1.03535
1.03625
1.0382
1.03935
1.04545
1.0503
1.06485
1.06995
1.08165
1.083125
1.0927
1.09285
1.0953
1.1027
1.107525
1.1114
1.124025
1.13955
1.228425
1.24395
1.292625
1.31225
1.312675
1.316475
1.318725
1.321625
1.3376
1.33875
1.339575
1.36295
1.37065
1.380375
1.387575
1.44535
1.45045
1.48365
1.52475
1.537625
1.58095
1.589225
1.591475
1.6027
1.6163
1.625325
1.639
1.640025
1.655225
1.657825
1.66365
1.663925
1.6647
1.6652
1.668625
1.668925
1.6709
1.671675
1.70145
1.7034
1.7065
1.7531
1.75815
1.78775
1.788025
1.816425
1.837825
1.917575
1.93275
1.9336
1.95025
1.961075
1.964375
1.96805
1.9787
1.981525
1.98835
2.005975
2.020125
2.023375
2.02535
2.0517
2.061725
2.087775
2.0916
2.144725
2.155475
2.158375
2.17865
2.20195
2.20975
2.213125
2.217725
2.218725
2.219875
2.23465
2.2347
2.23845
2.246225
2.252275
2.2546
2.260475
2.264575
2.283825
2.28535
2.298375
2.310375
2.311575
2.32115
2.32425
2.337075
2.3525
2.358325
2.36395
2.371525
2.418575
2.42865
2.5006
2.504875
2.518375
2.525725
2.5296
2.53445
2.542925
2.5454
2.558125
2.561525
2.570025
2.571025
2.5766
2.578175
2.58265
2.59785
2.6107
2.610775
2.618525
2.627125
2.6325
2.660725
2.675425
2.70635
2.736175
2.7382
2.76695
2.776175
2.7762
2.80585
2.81045
2.8161
2.818425
2.8192
2.82405
2.825975
2.829975
2.847025
2.849275
2.860575
2.86685
2.8669
2.870175
2.87395
2.87815
2.8914
2.8921
2.896925
2.9004
2.90725
2.911325
2.916475
2.92345
2.9275
2.93935
2.955975
2.97885
3.006325
3.009575
3.012925
3.022675
3.065525
3.102675
3.103525
3.1222
3.1319
3.13235
3.13455
3.1587
3.171775
3.17815
3.18965
3.21925
3.2365
3.251825
3.25625
3.259375
3.2611
3.27
3.271025
3.27115
3.28305
3.2869
3.3557
3.36735
3.36975
3.375125
3.380825
3.39035
3.4031
3.4075
3.40825
3.430575
3.4365
3.439075
3.451075
3.457475
3.46675
3.46965
3.48065
3.498075
3.5051
3.5138
3.517325
3.533675
3.56745
3.59365
3.603775
3.63065
3.655275
3.682475
3.691175
3.72205
3.731125
3.73385
3.77465
3.786275
3.79265
3.797625
3.8257
3.8747
3.8756
3.892725
3.903425
3.916775
3.939275
3.95675
3.9644
3.97615
3.99335
4.016175
4.018925
4.021825
4.026975
4.027425
4.032975
4.039875
4.041775
4.04275
4.052
4.054725
4.0579
4.05915
4.0817
4.082675
4.09245
4.10345
4.114525
4.117775
4.1358
4.140275
4.148
4.14995
4.153325
4.16405
4.1654
4.2021
4.20775
4.25025
4.2524
4.2692
4.304375
4.3056
4.305675
4.327675
4.334425
4.340325
4.3407
4.35715
4.3586
4.3665
4.390025
4.397125
4.398825
4.409325
4.41675
4.420075
4.43155
4.43485
4.454
4.456125
4.4659
4.50775
4.53835
4.54635
4.54885
4.5572
4.558025
4.621175
4.62125
4.62545
4.63275
4.653925
4.654225
4.6554
4.656575
4.666075
4.670375
4.714
4.715775
4.7242
4.726325
4.741025
4.757425
4.7642
4.7682
4.79255
4.7939
4.88595
4.9068
4.915525
4.92035
4.92775
4.937325
4.94415
4.9445
4.951025
4.955175
4.9552
4.9626
4.97505
5.00895
5.01105
5.019625
5.025525
5.033575
5.033625
5.034275
5.042775
5.0658
5.080225
5.0898
5.1046
5.109375
5.1434
5.19835
5.20245
5.20585
5.209
5.213025
5.21655
5.2379
5.2398
5.266125
5.27245
5.273025
5.285375
5.30555
5.31885
5.3486
5.364025
5.410575
5.4203
5.46275
5.467625
5.512975
5.517
5.52975
5.539025
5.540775
5.55555
5.556575
5.559225
5.568975
5.570325
5.577225
5.59095
5.598375
5.600175
5.601725
5.657
5.661075
5.664475
5.6741
5.70295
5.728275
5.734975
5.75795
5.764475
5.76935
5.77845
5.785825
5.801925
5.80395
5.8107
5.813175
5.81365
5.81535
5.821525
5.82205
5.822475
5.833875
5.8442
5.874125
5.87745
5.8967
5.925575
5.942775
5.9489
5.951875
6.0791
6.1001
6.108775
6.108925
6.10935
6.110575
6.125625
6.125925
6.127225
6.136625
6.143225
6.1528
6.1579
6.2008
6.232675
6.236125
6.2416
6.248775
6.258
6.262625
6.285025
6.322075
6.344875
6.364025
6.3661
6.37215
6.407575
6.408275
6.4116
6.424325
6.425125
6.428825
6.431875
6.441375
6.4435
6.445625
6.450875
6.4554
6.455825
6.469225
6.474325
6.479025
6.4963
6.4967
6.5018
6.501925
6.507325
6.5165
6.518175
6.52485
6.53
6.564625
6.5669
6.626375
6.640525
6.674875
6.715425
6.733875
6.7376
6.80445
6.813275
6.843975
6.847425
6.8553
6.85975
6.866425
6.8785
6.8872
6.889975
6.900825
6.9227
6.98595
6.990975
6.99395
7.000575
7.004775
7.014425
7.026175
7.0392
7.041925
7.04265
7.0555
7.060325
7.070475
7.07245
7.084225
7.0996
7.10755
7.1446
7.14915
7.159475
7.161975
7.166225
7.16645
7.1775
7.18405
7.1955
7.222575
7.22445
7.23525
7.2789
7.291125
7.306975
7.31125
7.31455
7.327025
7.344875
7.37155
7.3731
7.388925
7.408375
7.410575
7.42515
7.44795
7.47195
7.5456
7.554225
7.5679
7.594675
7.605775
7.61045
7.617075
7.620725
7.626925
7.6374
7.643325
7.647375
7.651
7.656075
7.66345
7.668
7.6725
7.7009
7.708925
7.718025
7.7324
7.735125
7.761175
7.765475
7.766
7.776425
7.77795
7.804475
7.83075
7.8428
7.879325
7.906925
7.907925
7.9085
7.917775
7.9233
7.92825
7.930425
7.93305
7.933575
7.94025
7.956125
7.960725
7.9613
7.96255
7.96515
7.9657
7.968925
7.969625
7.98445
7.98885
7.993825
8.008425
8.01565
8.0229
8.024325
8.024925
8.027775
8.03905
8.0536
8.082025
8.10865
8.112175
8.12465
8.156375
8.167175
8.17245
8.1861
8.208775
8.22205
8.228425
8.248125
8.2499
8.2565
8.27825
8.2796
8.28075
8.2811
8.2995
8.30075
8.3019
8.329775
8.362275
8.37835
8.424425
8.494725
8.5118
8.533325
8.555175
8.5981
8.610325
8.632575
8.644875
8.652725
8.656175
8.67845
8.745525
8.7457
8.7855
8.803775
8.81265
8.81965
8.8223
8.829425
8.85
8.868
8.869425
8.877525
8.8846
8.888875
8.892775
8.92255
8.935775
8.94085
8.958
8.970775
8.9961
9.0551
9.072375
720
