0.101625
0.103275
0.11255
0.11795
0.118525
0.124725
0.1265
0.12885
0.12945
0.1313
0.13385
0.14225
0.15385
0.17585
0.182175
0.194575
0.19475
0.20875
0.22405
0.231475
0.242725
0.270175
0.293
0.296675
0.304525
0.337125
0.34295
0.391775
0.4041
0.41665
0.424575
0.426975
0.44535
0.452975
0.453425
0.454125
0.46175
0.4649
0.4772
0.479575
0.48215
0.488125
0.493575
0.514025
0.53115
0.5348
0.535275
0.553675
0.57605
0.632975
0.6334
0.6434
0.6664
0.6938
0.706425
0.719975
0.7234
0.727025
0.736
0.737175
0.73785
0.74145
0.745925
0.7583
0.790525
0.79535
0.79635
0.801875
0.806575
0.818825
0.820225
0.8228
0.82555
0.86205
0.864775
0.8784
0.8919
0.950775
0.9647
1.00715
1.01555
1.04305
1.044025
1.044325
1.044425
1.049675
1.085625
1.0922
1.0954
1.0964
1.10125
1.11785
1.121575
1.131075
1.138625
1.141675
1.1449
1.150375
1.1533
1.169325
1.191275
1.193725
1.20725
1.2277
1.246075
1.249725
1.278925
1.28375
1.30065
1.3528
1.363225
1.375125
1.40455
1.4254
1.426675
1.4269
1.4282
1.442025
1.45375
1.462375
1.472225
1.474425
1.49665
1.515975
1.5369
1.547375
1.570325
1.5818
1.59285
1.613125
1.614525
1.6166
1.618375
1.62555
1.631175
1.634575
1.658625
1.6595
1.662175
1.664725
1.701325
1.702425
1.705775
1.709
1.72025
1.723525
1.74255
1.751275
1.7591
1.795575
1.806
1.81855
1.830325
1.8482
1.8743
1.888025
1.889075
1.889275
1.90885
1.91815
1.933975
1.9458
1.9476
1.947925
1.9498
1.9547
1.96565
1.9667
1.98025
1.9816
1.985225
2.00135
2.00455
2.005775
2.035425
2.0541
2.086225
2.088775
2.09855
2.118775
2.128575
2.16825
2.179575
2.205975
2.20615
2.21055
2.2209
2.223425
2.238825
2.23895
2.239525
2.264475
2.286825
2.289225
2.297375
2.302975
2.30345
2.3217
2.322625
2.3369
2.352125
2.3561
2.359975
2.393
2.393525
2.401925
2.500925
2.5059
2.5083
2.5167
2.521425
2.5221
2.522675
2.52275
2.530975
2.540525
2.545175
2.5525
2.556875
2.565875
2.567325
2.588375
2.5917
2.5978
2.59825
2.603475
2.603925
2.60495
2.608975
2.61985
2.621175
2.6391
2.662875
2.6724
2.681825
2.68295
2.6851
2.68895
2.696925
2.700075
2.74405
2.769025
2.8136
2.8145
2.816525
2.8193
2.8263
2.831575
2.843
2.846275
2.85
2.85525
2.859025
2.869025
2.87305
2.877075
2.8774
2.8911
2.9074
2.90875
2.9337
2.944825
2.95285
2.96295
2.967
2.979575
2.9855
2.99425
3.0072
3.013275
3.035025
3.1007
3.10345
3.104775
3.1079
3.112725
3.115725
3.131325
3.1329
3.157725
3.1688
3.187275
3.188075
3.1938
3.1952
3.19845
3.20625
3.23445
3.254525
3.277075
3.3065
3.339675
3.352625
3.36635
3.368575
3.375825
3.403575
3.405025
3.408875
3.42175
3.4317
3.436625
3.4485
3.449125
3.452475
3.45605
3.46825
3.487325
3.491625
3.494525
3.51455
3.527825
3.537875
3.54995
3.553325
3.5565
3.5575
3.56015
3.588125
3.591925
3.6051
3.616175
3.627975
3.63065
3.645175
3.7055
3.7079
3.712225
3.7157
3.7181
3.7232
3.7312
3.739975
3.76635
3.7687
3.77245
3.800275
3.81555
3.825825
3.854775
3.88205
3.8869
3.897975
3.911125
3.926375
3.9458
3.962
3.962775
4.0027
4.0041
4.00695
4.008625
4.01355
4.021175
4.026525
4.032225
4.03825
4.04275
4.0563
4.06095
4.0633
4.096225
4.103025
4.108525
4.13985
4.143025
4.27645
4.30065
4.322475
4.32485
4.325175
4.325925
4.326275
4.330025
4.336725
4.340125
4.340525
4.341575
4.351275
4.379825
4.40045
4.4038
4.4062
4.410125
4.4137
4.41825
4.428375
4.4378
4.438925
4.451025
4.536875
4.58675
4.61305
4.6131
4.614225
4.61775
4.62705
4.666675
4.686125
4.729725
4.745825
4.753325
4.757125
4.7824
4.804
4.8857
4.9006
4.9018
4.91385
4.9165
4.92355
4.930825
4.9333
4.93655
4.941975
4.942925
4.9447
4.9465
4.951175
4.953775
4.974
4.976725
4.987075
4.98845
5.010325
5.0376
5.043075
5.043775
5.04495
5.048
5.062825
5.072325
5.0938
5.102025
5.15275
5.196625
5.207125
5.210275
5.212575
5.214975
5.2156
5.218175
5.222375
5.223875
5.2471
5.249125
5.2764
5.291725
5.307925
5.312225
5.3158
5.3201
5.3208
5.3275
5.33435
5.33575
5.342675
5.342925
5.354875
5.3553
5.358
5.3726
5.372875
5.394125
5.4637
5.492375
5.5022
5.5085
5.515425
5.5206
5.5236
5.5256
5.525925
5.539175
5.5434
5.547025
5.5543
5.575025
5.577125
5.583375
5.60645
5.631
5.63865
5.68975
5.706925
5.71205
5.715325
5.76765
5.78765
5.806775
5.81265
5.8186
5.819025
5.82805
5.8338
5.836975
5.846725
5.852925
5.87345
5.8754
5.877375
5.8796
5.8914
5.9068
5.93285
5.936575
5.95415
5.964375
5.972525
5.989525
6.003975
6.03185
6.03355
6.049425
6.05025
6.071025
6.09505
6.10965
6.1119
6.1181
6.119575
6.132975
6.134925
6.14315
6.145025
6.1479
6.167175
6.1682
6.173875
6.174275
6.175475
6.178075
6.1817
6.1845
6.1925
6.195825
6.20055
6.207225
6.2166
6.23685
6.239275
6.240275
6.24665
6.259
6.26235
6.334275
6.36655
6.375425
6.391
6.408375
6.412125
6.41905
6.423725
6.447725
6.457875
6.4644
6.472625
6.47605
6.485975
6.500525
6.50055
6.512425
6.557675
6.5685
6.635425
6.67305
6.6739
6.692475
6.6995
6.700275
6.700925
6.7077
6.71425
6.72185
6.727425
6.72855
6.738825
6.748925
6.7697
6.772125
6.777
6.779225
6.791275
6.79645
6.80725
6.80925
6.8451
6.84805
6.848675
6.86405
6.877275
6.882725
6.888325
6.92405
6.945725
6.955475
6.9853
7.0034
7.012625
7.031075
7.032275
7.049925
7.062125
7.06615
7.06895
7.075325
7.077725
7.0791
7.080375
7.08625
7.0884
7.0938
7.12105
7.1301
7.1311
7.146125
7.14675
7.162525
7.19015
7.2161
7.308075
7.316875
7.319525
7.3314
7.33335
7.339075
7.34495
7.3547
7.365875
7.384525
7.3942
7.41205
7.42285
7.43445
7.48435
7.488775
7.489825
7.49025
7.49705
7.50105
7.5296
7.60195
7.61075
7.6111
7.61285
7.6151
7.618775
7.619825
7.620825
7.62585
7.62615
7.6294
7.638375
7.640775
7.644625
7.647575
7.648
7.66655
7.6693
7.687075
7.6897
7.69955
7.70925
7.721825
7.730325
7.7306
7.739625
7.748475
7.764975
7.766325
7.790825
7.793025
7.820525
7.8419
7.8453
7.858375
7.873975
7.89005
7.895225
7.895725
7.904425
7.9057
7.9058
7.909175
7.91525
7.921475
7.9255
7.930375
7.937175
7.95155
7.9541
7.970175
7.972125
7.975875
7.9819
7.99745
8.00085
8.017125
8.0192
8.049575
8.05905
8.06795
8.088825
8.100225
8.1021
8.10455
8.105675
8.110375
8.1265
8.130375
8.155775
8.161875
8.173825
8.211175
8.21545
8.217325
8.222325
8.226575
8.2283
8.228825
8.232325
8.2377
8.24915
8.2508
8.264
8.272775
8.300925
8.303275
8.311925
8.318
8.3195
8.331775
8.354975
8.355925
8.36435
8.377775
8.3903
8.396175
8.404175
8.4216
8.4501
8.4599
8.46685
8.4801
8.51235
8.514225
8.51855
8.5293
8.5298
8.531375
8.534925
8.54495
8.56065
8.5703
8.573275
8.575575
8.591675
8.609025
8.623725
8.654425
8.6662
8.6937
8.709575
8.732975
8.74015
8.747575
8.75085
8.80525
8.8076
8.807925
8.81085
8.829575
8.83425
8.83865
8.83965
8.8439
8.844975
8.85875
8.8659
8.866825
8.877525
8.8855
8.886125
8.89035
8.8963
8.9153
8.915325
8.9224
8.942525
8.954475
8.955825
8.9569
8.97485
8.98945
8.995275
9.012575
9.016425
9.0266
9.03345
9.061875
800
