0.006
0.106825
0.110025
0.112075
0.122175
0.1229
0.128375
0.132425
0.1366
0.138875
0.149175
0.1789
0.18055
0.19315
0.1955
0.200925
0.2054
0.207175
0.209675
0.22355
0.22615
0.2397
0.264075
0.27545
0.28385
0.3158
0.3247
0.33645
0.3739
0.3757
0.38055
0.383125
0.4096
0.42185
0.427425
0.429575
0.4462
0.4575
0.46455
0.4719
0.472175
0.47435
0.4802
0.4862
0.502075
0.5107
0.566025
0.57315
0.576125
0.590725
0.5929
0.601325
0.601825
0.6061
0.61605
0.642575
0.6481
0.65865
0.679375
0.6883
0.691575
0.70135
0.703575
0.70675
0.716325
0.7169
0.71995
0.72675
0.7393
0.750225
0.769125
0.775175
0.801075
0.840025
0.86465
0.878925
0.8801
0.88255
0.89885
0.917775
0.92625
0.971725
1.00595
1.0144
1.019175
1.019625
1.04205
1.0493
1.0497
1.0659
1.0831
1.088725
1.09905
1.102575
1.1099
1.1222
1.1372
1.14565
1.1637
1.1711
1.178325
1.17905
1.192575
1.212
1.236025
1.240525
1.253975
1.263275
1.3067
1.311525
1.31495
1.317225
1.328725
1.33445
1.347075
1.348625
1.352675
1.35565
1.357425
1.365525
1.368575
1.372875
1.373125
1.380975
1.383825
1.38845
1.395275
1.404025
1.415875
1.434775
1.4404
1.457125
1.482825
1.50315
1.508375
1.524375
1.56245
1.592725
1.595725
1.60755
1.609825
1.61115
1.618
1.62175
1.63425
1.654525
1.678775
1.694475
1.6984
1.712875
1.71305
1.7311
1.736575
1.75805
1.766175
1.7815
1.7905
1.79685
1.80085
1.811125
1.815075
1.87355
1.8752
1.8925
1.895025
1.907125
1.918275
1.9329
1.94325
1.95195
1.952225
2.0532
2.0607
2.0705
2.112875
2.1477
2.2194
2.2206
2.2207
2.221725
2.225925
2.253625
2.255775
2.2612
2.270175
2.298275
2.300225
2.315125
2.343875
2.349
2.4056
2.41335
2.432
2.454025
2.480425
2.5084
2.50855
2.50965
2.514925
2.517375
2.528
2.53295
2.53445
2.539125
2.540725
2.544775
2.54925
2.558275
2.56065
2.58395
2.6091
2.660725
2.684325
2.72915
2.72935
2.7299
2.734725
2.742675
2.7802
2.81065
2.820125
2.83005
2.835
2.86625
2.88185
2.88295
2.88705
2.905
2.914375
2.921675
2.931625
2.951825
2.96345
2.97775
2.979675
3.02205
3.033175
3.091875
3.101325
3.101825
3.1054
3.106825
3.11435
3.128375
3.132525
3.1345
3.139625
3.143425
3.15615
3.160625
3.165275
3.16625
3.171425
3.17535
3.176975
3.18855
3.193525
3.228525
3.24275
3.246075
3.252725
3.254125
3.282575
3.29725
3.2977
3.30705
3.308375
3.336925
3.355825
3.4015
3.41375
3.432125
3.438675
3.4558
3.4695
3.50265
3.505
3.50605
3.5076
3.540175
3.553925
3.554975
3.55775
3.6036
3.6512
3.65235
3.66805
3.700325
3.70165
3.70645
3.709125
3.7095
3.7151
3.73555
3.7426
3.748275
3.748525
3.7752
3.7867
3.786925
3.78985
3.798625
3.81505
3.85295
3.855775
3.860025
3.873075
3.87515
3.88245
3.888
3.8952
3.91165
3.92115
3.9312
3.936475
3.9396
3.946725
3.987275
3.995075
4.00455
4.005825
4.013775
4.016825
4.0174
4.026975
4.035175
4.04215
4.048375
4.05235
4.059825
4.100475
4.10525
4.109675
4.111275
4.111325
4.111425
4.141125
4.1463
4.157775
4.1797
4.1821
4.209525
4.2394
4.242925
4.25295
4.29165
4.305175
4.311925
4.3182
4.33755
4.3388
4.3407
4.3441
4.35155
4.370025
4.370425
4.386875
4.392625
4.398325
4.41195
4.433725
4.440275
4.447075
4.468525
4.522725
4.52375
4.590225
4.601325
4.603025
4.604275
4.6073
4.6112
4.611725
4.6172
4.623175
4.63075
4.64015
4.644075
4.646325
4.658275
4.6618
4.66415
4.668075
4.6704
4.678025
4.68265
4.691675
4.72165
4.726025
4.7353
4.736525
4.7377
4.74065
4.740925
4.750625
4.778575
4.819375
4.827725
4.86845
4.900825
4.904625
4.908475
4.9089
4.911075
4.911275
4.914575
4.914925
4.921075
4.92235
4.929325
4.931475
4.93435
4.952575
4.969175
4.972125
4.99355
4.999375
5.014825
5.03445
5.04065
5.04535
5.06395
5.073075
5.076025
5.082825
5.087575
5.0958
5.1049
5.13975
5.1488
5.15955
5.16545
5.167325
5.19555
5.22235
5.235925
5.23705
5.243725
5.252975
5.26985
5.2704
5.27885
5.297025
5.29995
5.305875
5.327725
5.3407
5.3501
5.355275
5.375175
5.383425
5.3955
5.416075
5.460325
5.497
5.509675
5.5124
5.515575
5.521875
5.522725
5.524375
5.527075
5.54445
5.550725
5.553025
5.5627
5.563275
5.5634
5.570025
5.57225
5.577475
5.583475
5.598625
5.629525
5.641025
5.651875
5.653625
5.705425
5.726825
5.73035
5.7315
5.7426
5.749875
5.77005
5.81235
5.827275
5.82865
5.8337
5.839975
5.861025
5.87805
5.88475
5.9067
5.912
5.917775
5.929975
5.932125
5.942775
5.943475
5.97455
5.97675
6.002175
6.0171
6.03935
6.077875
6.079675
6.106275
6.106675
6.112325
6.117625
6.12015
6.12255
6.12455
6.12625
6.141575
6.160925
6.1628
6.166575
6.16785
6.17275
6.1859
6.19385
6.195225
6.198025
6.20545
6.21215
6.218275
6.222475
6.23925
6.254425
6.259325
6.26095
6.297675
6.30675
6.328975
6.330975
6.334175
6.343925
6.39715
6.4058
6.4103
6.4155
6.416525
6.418475
6.422775
6.425275
6.425875
6.4268
6.4451
6.458375
6.473175
6.491375
6.520125
6.52125
6.536075
6.5588
6.576775
6.696375
6.70395
6.7095
6.710825
6.720975
6.7237
6.725075
6.729075
6.732675
6.734925
6.736175
6.742075
6.750275
6.755025
6.76245
6.772825
6.791075
6.7956
6.801275
6.8442
6.86305
6.868175
6.8779
6.88165
6.8833
6.891375
6.895125
6.933
6.9581
6.9781
7.028
7.03325
7.0346
7.035075
7.0451
7.04555
7.0576
7.061425
7.064875
7.0704
7.08505
7.0855
7.0906
7.103
7.105825
7.114325
7.117025
7.1291
7.1317
7.14205
7.143575
7.201075
7.2044
7.20975
7.2169
7.22155
7.227575
7.247975
7.282725
7.29915
7.301975
7.306225
7.306875
7.324925
7.327275
7.33925
7.3413
7.36005
7.3689
7.373425
7.374075
7.393625
7.394925
7.4032
7.414525
7.426275
7.4364
7.45065
7.4516
7.516625
7.527075
7.5361
7.557925
7.559875
7.567875
7.609875
7.6166
7.6226
7.62445
7.630775
7.634725
7.639075
7.6594
7.660025
7.660725
7.6627
7.6679
7.688475
7.693275
7.70345
7.707525
7.741425
7.741625
7.74605
7.77325
7.81795
7.821075
7.8661
7.876475
7.90365
7.910425
7.920425
7.923
7.9295
7.92995
7.931775
7.944475
7.95125
7.955725
7.9566
7.9692
7.97295
7.97395
7.9777
7.984525
7.987425
7.991225
7.996575
7.99665
8.0133
8.02305
8.028475
8.039025
8.08595
8.11215
8.12735
8.17205
8.1814
8.201575
8.206925
8.208875
8.210375
8.219925
8.2342
8.2366
8.2375
8.245175
8.24645
8.263325
8.2744
8.27935
8.281225
8.3082
8.31005
8.313625
8.321775
8.340275
8.356575
8.364275
8.3684
8.376425
8.377375
8.389475
8.415575
8.432675
8.452125
8.471975
8.501825
8.52265
8.535775
8.5404
8.55045
8.556025
8.56515
8.57535
8.5812
8.6632
8.6645
8.68015
8.689775
8.691
8.695975
8.7182
8.742825
8.757
8.77365
8.800975
8.8035
8.8054
8.810825
8.81585
8.8225
8.824825
8.832225
8.834625
8.841225
8.8628
8.863625
8.865025
8.871175
8.87395
8.875
8.8828
8.88745
8.891125
8.900475
8.914125
8.923025
8.923425
8.9474
8.953525
8.97445
8.981375
9.0062
9.007725
9.01155
9.0148
9.040875
9.046975
776
