0.107625
0.10845
0.115775
0.12355
0.127875
0.13485
0.1435
0.1478
0.153775
0.15475
0.1561
0.16005
0.191825
0.205475
0.214225
0.235275
0.243375
0.254125
0.26255
0.267725
0.269175
0.29455
0.3433
0.3666
0.382425
0.3908
0.40655
0.407275
0.408225
0.4106
0.41095
0.41425
0.416025
0.419025
0.4207
0.424125
0.435775
0.44605
0.450575
0.451675
0.454225
0.45525
0.4591
0.4658
0.482175
0.506
0.52305
0.549025
0.550775
0.59235
0.5939
0.612025
0.61555
0.6246
0.719225
0.71995
0.7252
0.727175
0.73035
0.741575
0.7425
0.755075
0.769025
0.7705
0.784
0.8115
0.81475
0.81695
0.8314
0.83555
0.8456
0.84995
0.850675
0.857775
0.8861
0.889925
0.90185
0.91755
0.92265
0.950175
1.002825
1.00395
1.004825
1.0055
1.0084
1.0135
1.016725
1.02415
1.048425
1.0538
1.05415
1.063925
1.076325
1.076425
1.0814
1.08865
1.093425
1.097675
1.110075
1.12205
1.130225
1.1353
1.15745
1.160125
1.161725
1.1744
1.18175
1.199025
1.204825
1.261325
1.2999
1.3112
1.31715
1.329525
1.330325
1.3412
1.341475
1.34495
1.3472
1.374175
1.37585
1.381325
1.393175
1.41025
1.41365
1.413825
1.414775
1.4453
1.454125
1.456225
1.470075
1.4729
1.4798
1.481175
1.5075
1.511075
1.52555
1.545475
1.5592
1.573975
1.61025
1.6106
1.6243
1.63515
1.656275
1.662375
1.67055
1.6816
1.704075
1.73315
1.73525
1.73995
1.74575
1.772475
1.79255
1.79315
1.800975
1.812225
1.82045
1.8263
1.830125
1.841625
1.86705
1.8715
1.883075
1.897975
1.90175
1.903425
1.913725
1.9149
1.9203
1.930025
1.9405
1.949825
1.95185
1.953975
1.95655
1.959025
1.9761
1.9857
2.000175
2.001975
2.019675
2.025725
2.053025
2.0716
2.074925
2.09005
2.102625
2.12565
2.13355
2.146575
2.15325
2.18915
2.2132
2.2159
2.226925
2.2325
2.2381
2.25245
2.25735
2.2651
2.26915
2.28435
2.289525
2.289975
2.291475
2.31755
2.3236
2.3627
2.3839
2.389275
2.45515
2.517575
2.52275
2.527275
2.52825
2.531725
2.53395
2.5422
2.56085
2.5696
2.5739
2.574625
2.586625
2.59335
2.6092
2.6162
2.61685
2.62205
2.624725
2.63915
2.651775
2.663025
2.667175
2.67345
2.718075
2.733675
2.759775
2.76725
2.770675
2.782
2.8135
2.8241
2.8361
2.851225
2.86285
2.86515
2.878025
2.89405
2.89715
2.90305
2.906025
2.9089
2.920425
2.942725
2.944
2.956375
2.9592
2.97005
2.988875
3.074325
3.1015
3.10395
3.109125
3.11625
3.12395
3.124625
3.124925
3.126725
3.142675
3.147325
3.15205
3.1697
3.170825
3.174725
3.1804
3.19115
3.203975
3.213175
3.21485
3.23375
3.25285
3.286575
3.2898
3.2912
3.293825
3.31145
3.320975
3.327225
3.355025
3.358225
3.359925
3.3872
3.3877
3.40595
3.4068
3.415725
3.420725
3.42135
3.434725
3.437675
3.445125
3.4597
3.463525
3.47515
3.490375
3.493575
3.49865
3.50605
3.5194
3.528625
3.54175
3.60365
3.62825
3.64215
3.643325
3.6746
3.701325
3.703475
3.7111
3.722325
3.725175
3.726625
3.741325
3.746525
3.77225
3.77755
3.78405
3.81145
3.8182
3.82
3.829125
3.835975
3.86475
3.876875
3.8875
3.91205
3.9151
3.919175
3.9345
3.9503
3.957425
3.9879
3.99935
4.00005
4.00275
4.00345
4.01045
4.0255
4.0263
4.03325
4.03855
4.040175
4.040575
4.041275
4.05975
4.070375
4.07455
4.08085
4.1088
4.111225
4.133925
4.154575
4.185275
4.2068
4.212925
4.227125
4.229025
4.22915
4.23225
4.259975
4.27955
4.2922
4.2936
4.300275
4.301075
4.3011
4.314275
4.327975
4.3364
4.33875
4.34285
4.3643
4.38815
4.39795
4.423175
4.44355
4.4549
4.465025
4.490025
4.5029
4.5041
4.51625
4.533325
4.54875
4.5654
4.566925
4.569775
4.578975
4.59195
4.592075
4.6054
4.609375
4.6094
4.61095
4.61195
4.614025
4.619875
4.6233
4.632225
4.63355
4.634125
4.64195
4.643225
4.661075
4.6615
4.667475
4.67905
4.67915
4.691875
4.6956
4.7028
4.71045
4.722625
4.7484
4.756
4.76485
4.7956
4.80145
4.828525
4.840175
4.876325
4.879825
4.89255
4.904175
4.905525
4.9275
4.928825
4.929125
4.965
4.9775
5.001925
5.021125
5.026975
5.0366
5.05495
5.05855
5.0634
5.065525
5.0777
5.086925
5.09575
5.1503
5.1649
5.167675
5.19225
5.2021
5.204425
5.204625
5.2077
5.207775
5.213075
5.2134
5.220625
5.226925
5.231075
5.23875
5.2394
5.247725
5.25575
5.259175
5.294075
5.296325
5.30995
5.310725
5.317175
5.3185
5.319
5.3365
5.363225
5.463225
5.46825
5.486
5.5182
5.5184
5.519225
5.519625
5.522825
5.523225
5.523325
5.533275
5.554925
5.561025
5.5626
5.56555
5.581025
5.605125
5.6075
5.61445
5.6474
5.648325
5.649325
5.650725
5.66365
5.663975
5.703075
5.707325
5.745825
5.7689
5.805
5.81755
5.81815
5.81875
5.822325
5.843375
5.848225
5.879625
5.88825
5.9005
5.90255
5.9029
5.938725
5.949425
5.9662
5.9733
5.978125
5.995275
5.9967
5.999725
6.0161
6.073125
6.09345
6.104175
6.107525
6.113325
6.115125
6.1152
6.120575
6.1251
6.133575
6.139725
6.144025
6.148625
6.161
6.165375
6.174925
6.185175
6.186225
6.19235
6.2077
6.22125
6.234975
6.235725
6.236
6.2398
6.24275
6.24875
6.249425
6.33565
6.354
6.393975
6.396475
6.403325
6.406025
6.4231
6.423625
6.429375
6.43865
6.443975
6.445975
6.45135
6.466975
6.475275
6.476525
6.483825
6.537625
6.54805
6.5484
6.56435
6.564525
6.565225
6.57345
6.60155
6.61585
6.61845
6.6396
6.668375
6.683675
6.72895
6.73335
6.73685
6.745675
6.75035
6.755575
6.7626
6.766775
6.7673
6.778125
6.77865
6.785825
6.8062
6.810225
6.820425
6.85985
6.87945
6.929625
6.941125
6.9459
6.9592
7.0178
7.018775
7.0224
7.026175
7.03105
7.036525
7.04165
7.049825
7.060325
7.06585
7.07525
7.0943
7.119025
7.1469
7.152975
7.161625
7.163875
7.167525
7.19515
7.235075
7.23645
7.30415
7.313225
7.317575
7.317775
7.318475
7.32495
7.3355
7.337925
7.343425
7.35165
7.355125
7.3638
7.384175
7.402025
7.40545
7.4066
7.407575
7.4086
7.4089
7.40955
7.4222
7.430925
7.433075
7.43455
7.440825
7.469375
7.503125
7.546575
7.59585
7.600075
7.602075
7.606375
7.612625
7.617075
7.626325
7.628075
7.638825
7.64265
7.646175
7.670375
7.676475
7.69825
7.7059
7.7088
7.710875
7.71815
7.7192
7.72595
7.727525
7.733675
7.74495
7.746425
7.773225
7.7733
7.77505
7.785025
7.826875
7.8452
7.8571
7.86445
7.90105
7.904075
7.9091
7.9187
7.920825
7.933475
7.949425
7.951475
7.954175
7.9584
7.970925
7.9959
8.0014
8.00635
8.007175
8.0213
8.057675
8.0888
8.08935
8.101975
8.1037
8.1167
8.147125
8.16945
8.19935
8.2032
8.20565
8.20765
8.209075
8.230425
8.23705
8.2436
8.2443
8.2494
8.2632
8.2643
8.265925
8.267975
8.2754
8.28125
8.296525
8.302025
8.30465
8.30975
8.317375
8.320675
8.325025
8.33105
8.3541
8.37195
8.386525
8.39805
8.421775
8.445025
8.4623
8.50085
8.50425
8.509175
8.509825
8.511675
8.520225
8.5224
8.5225
8.531075
8.5367
8.5409
8.55735
8.570775
8.57735
8.586075
8.598425
8.610225
8.61455
8.6206
8.64425
8.69885
8.712475
8.7416
8.7433
8.759775
8.787175
8.80215
8.828325
8.8356
8.836625
8.84335
8.862425
8.8836
8.900625
8.90075
8.9109
8.91205
8.917725
8.924875
8.932375
8.935525
8.970625
8.982375
8.985975
9.011775
9.012075
9.03055
9.05705
9.0694
9.0696
9.07905
9.0975
798
