0.1
0.107375
0.11625
0.128025
0.15035
0.151575
0.154775
0.172125
0.176
0.177475
0.1824
0.18555
0.197675
0.211575
0.222775
0.228025
0.2368
0.24545
0.2498
0.266225
0.26625
0.277125
0.3578
0.3591
0.36745
0.38635
0.3888
0.4015
0.42285
0.425125
0.42685
0.428425
0.431875
0.435975
0.449825
0.4513
0.457925
0.4619
0.472075
0.502025
0.51105
0.512125
0.51765
0.522175
0.535675
0.5483
0.5484
0.5533
0.555375
0.555725
0.5767
0.576975
0.57715
0.58335
0.59125
0.593675
0.598525
0.6543
0.661425
0.668925
0.7017
0.742675
0.74425
0.746
0.74715
0.74925
0.7496
0.756875
0.790675
0.797775
0.80155
0.802325
0.807275
0.8148
0.8181
0.821175
0.8412
0.841375
0.845425
0.85765
0.8608
0.863625
0.8871
0.891925
0.933725
0.95595
1.003075
1.008825
1.022975
1.028375
1.029875
1.032425
1.034325
1.039125
1.04175
1.0441
1.065725
1.079475
1.081875
1.0862
1.092925
1.09985
1.1037
1.11625
1.121275
1.141775
1.14445
1.181475
1.18445
1.187325
1.23795
1.290275
1.3131
1.313175
1.313275
1.314175
1.31915
1.324875
1.334075
1.335525
1.346675
1.35925
1.378725
1.407725
1.417775
1.459975
1.475225
1.483225
1.490325
1.558425
1.5626
1.615425
1.630975
1.6468
1.673075
1.675975
1.684575
1.701775
1.702075
1.717525
1.742425
1.744775
1.7473
1.750125
1.751525
1.754375
1.7645
1.78185
1.795525
1.802225
1.802275
1.812875
1.8152
1.851725
1.8892
1.8942
1.904175
1.906425
1.91525
1.92415
1.9447
1.94645
1.94655
1.948725
1.9547
1.965225
1.993175
1.99885
2.006475
2.010125
2.020075
2.023225
2.024675
2.0504
2.07705
2.08125
2.116825
2.140875
2.1604
2.18045
2.214675
2.236125
2.25865
2.262675
2.2655
2.2878
2.315875
2.33805
2.340175
2.34975
2.38535
2.394225
2.42815
2.462725
2.467275
2.500475
2.505625
2.52305
2.5264
2.527675
2.52965
2.535575
2.5606
2.562075
2.57515
2.602275
2.614125
2.618875
2.6371
2.6417
2.645575
2.65375
2.671775
2.694775
2.711475
2.72695
2.805025
2.812275
2.813475
2.8141
2.829525
2.84165
2.842475
2.84805
2.85
2.86275
2.863725
2.867825
2.8709
2.87805
2.881
2.88185
2.886475
2.887975
2.898825
2.918725
2.954175
2.993875
2.99985
3.004
3.004025
3.026925
3.05295
3.07125
3.074775
3.082475
3.093875
3.11285
3.1148
3.1223
3.130775
3.131775
3.146375
3.159675
3.1717
3.178625
3.182225
3.192925
3.196575
3.1967
3.22005
3.24045
3.240775
3.25425
3.2801
3.284475
3.298625
3.343075
3.347725
3.396475
3.4027
3.403475
3.406625
3.40705
3.4096
3.4252
3.4261
3.4412
3.44515
3.447675
3.4519
3.456425
3.458575
3.472925
3.4812
3.490825
3.5322
3.539775
3.5411
3.561475
3.5737
3.578725
3.601
3.610825
3.705675
3.717425
3.71985
3.720425
3.73225
3.73585
3.751875
3.753975
3.7724
3.78585
3.792325
3.7927
3.804975
3.8069
3.82145
3.85395
3.875325
3.880125
3.881725
3.892
3.91065
3.91245
3.933725
3.942525
3.964875
4.001375
4.003125
4.005425
4.01075
4.02025
4.02915
4.032825
4.05555
4.05935
4.066775
4.070475
4.0759
4.0808
4.0828
4.09565
4.10455
4.131925
4.143325
4.1451
4.145975
4.15015
4.150425
4.1622
4.172525
4.1745
4.17585
4.1995
4.204275
4.210975
4.2582
4.262675
4.297225
4.3047
4.310925
4.311625
4.31575
4.315825
4.318875
4.3204
4.33025
4.339825
4.341325
4.3421
4.347125
4.351575
4.352125
4.36525
4.368425
4.378625
4.398775
4.415225
4.4435
4.4552
4.467725
4.471775
4.499475
4.5452
4.601375
4.60165
4.6021
4.602975
4.611775
4.623075
4.624
4.62455
4.63095
4.63465
4.6411
4.641625
4.646325
4.64765
4.663175
4.6947
4.7053
4.710325
4.731175
4.738675
4.751775
4.765
4.766775
4.768375
4.771475
4.787825
4.792
4.804175
4.813375
4.831725
4.852525
4.857875
4.884775
4.89305
4.912875
4.91585
4.91745
4.9237
4.93455
4.943575
4.944175
4.954075
4.95975
4.97785
4.979675
4.979875
4.98235
4.994125
5.011975
5.032875
5.041
5.0513
5.067875
5.06825
5.08075
5.101525
5.11265
5.13295
5.134025
5.158275
5.160825
5.18805
5.20225
5.2031
5.20325
5.204425
5.20655
5.206825
5.2212
5.223325
5.2243
5.22575
5.2269
5.2282
5.23
5.237575
5.25425
5.2595
5.26065
5.26615
5.272975
5.275275
5.275525
5.29425
5.300925
5.31085
5.311925
5.35225
5.36475
5.41735
5.4265
5.4348
5.4569
5.46395
5.4706
5.486825
5.49585
5.507125
5.507275
5.51065
5.51395
5.517175
5.519275
5.519525
5.519575
5.520575
5.532375
5.537625
5.53785
5.53955
5.54325
5.5451
5.565625
5.56735
5.583725
5.602975
5.60545
5.617725
5.618075
5.6195
5.622125
5.6292
5.64075
5.65125
5.661275
5.67865
5.68755
5.734525
5.7379
5.7413
5.76525
5.771025
5.8007
5.8102
5.81665
5.81905
5.82745
5.834825
5.8405
5.855775
5.856125
5.85825
5.86435
5.868525
5.872275
5.87735
5.895775
5.90645
5.913975
5.921775
5.967825
5.988775
6.0572
6.05855
6.0683
6.1084
6.109125
6.116925
6.120975
6.12975
6.133
6.134375
6.140425
6.141025
6.143375
6.1442
6.1531
6.15455
6.158975
6.166625
6.178575
6.179475
6.195075
6.19605
6.20535
6.244225
6.263275
6.266275
6.272225
6.27685
6.279175
6.352925
6.37235
6.377225
6.39085
6.406475
6.4109
6.415925
6.421375
6.423675
6.424675
6.433925
6.436675
6.445675
6.44605
6.4485
6.44885
6.45595
6.46145
6.46755
6.47825
6.4981
6.519825
6.521375
6.5406
6.559675
6.577025
6.595075
6.61445
6.61665
6.640875
6.709925
6.719275
6.71955
6.72145
6.724425
6.736325
6.7649
6.771025
6.790925
6.794225
6.811075
6.8302
6.83425
6.837175
6.843825
6.845675
6.852225
6.86605
6.866975
6.8677
6.890725
6.933925
6.9347
6.9579
7.003075
7.003425
7.003675
7.01385
7.018775
7.0198
7.022175
7.02335
7.034225
7.038575
7.04255
7.04365
7.045475
7.046825
7.051725
7.057625
7.079425
7.081825
7.084175
7.0874
7.099625
7.1098
7.123975
7.12935
7.130575
7.148425
7.1549
7.1698
7.173075
7.21065
7.216975
7.2528
7.3045
7.309425
7.312425
7.316975
7.324275
7.353525
7.35935
7.379975
7.401025
7.44765
7.464
7.4674
7.476425
7.49165
7.52265
7.539575
7.566725
7.579925
7.58595
7.591775
7.605975
7.606875
7.607775
7.607875
7.61595
7.63365
7.64765
7.6553
7.656925
7.65775
7.660875
7.67365
7.673775
7.675825
7.67795
7.689625
7.7004
7.70065
7.717775
7.720275
7.725625
7.730975
7.7364
7.762525
7.7794
7.794775
7.8103
7.8298
7.835225
7.85175
7.85935
7.861575
7.886775
7.8912
7.89835
7.9016
7.90255
7.906075
7.917425
7.9195
7.927625
7.93035
7.93105
7.94355
7.958825
7.97845
7.98345
8.03355
8.055875
8.061625
8.09125
8.098825
8.107625
8.1123
8.1247
8.14145
8.1481
8.200475
8.20245
8.215125
8.21625
8.2175
8.22595
8.23065
8.240175
8.24385
8.244775
8.252275
8.263425
8.2858
8.349575
8.35315
8.3611
8.362525
8.364025
8.37065
8.37425
8.40505
8.4073
8.4254
8.44105
8.462025
8.513
8.515825
8.51615
8.517425
8.52345
8.523675
8.5243
8.551075
8.5543
8.5658
8.56725
8.568875
8.571825
8.600225
8.60455
8.61795
8.622775
8.631225
8.653125
8.659175
8.68625
8.70965
8.72165
8.729925
8.80155
8.8153
8.8264
8.82655
8.830625
8.8437
8.852175
8.857475
8.8638
8.884525
8.884875
8.88665
8.90625
8.993725
9.0508
9.0532
9.09265
786
