0.007425
0.112275
0.118825
0.120925
0.13435
0.13895
0.146125
0.148525
0.162925
0.1695
0.175075
0.17565
0.179175
0.1892
0.193025
0.214025
0.216825
0.2246
0.226275
0.23045
0.23455
0.238275
0.240125
0.267275
0.271775
0.284825
0.29445
0.2951
0.30805
0.3576
0.3995
0.404975
0.411775
0.41745
0.425725
0.432175
0.440625
0.4527
0.46155
0.4758
0.50135
0.50275
0.51965
0.5251
0.528475
0.54875
0.55325
0.600675
0.61035
0.612825
0.661575
0.70395
0.7052
0.716375
0.7222
0.73925
0.74465
0.75495
0.765975
0.7702
0.776925
0.79055
0.805175
0.806775
0.82315
0.85085
0.855925
0.87395
0.888325
0.91015
0.9392
0.943275
0.9458
0.97775
0.98575
1.0046
1.0116
1.011775
1.017575
1.024975
1.02745
1.034125
1.041575
1.05625
1.0728
1.074175
1.0802
1.0916
1.092375
1.101175
1.103925
1.112675
1.11605
1.132325
1.14245
1.186775
1.18865
1.194775
1.2008
1.202025
1.2026
1.24
1.240625
1.2728
1.2763
1.283025
1.292675
1.313975
1.317925
1.32045
1.334975
1.336825
1.3405
1.340525
1.345525
1.362575
1.3761
1.377075
1.380025
1.390075
1.39235
1.3973
1.397625
1.40225
1.419525
1.42245
1.440975
1.450875
1.468
1.474125
1.480425
1.514625
1.5159
1.516625
1.533675
1.558
1.5584
1.593275
1.6009
1.604625
1.606
1.609225
1.61635
1.619275
1.623825
1.625525
1.626675
1.638825
1.6451
1.651425
1.658625
1.662625
1.66395
1.6772
1.6957
1.709775
1.717225
1.727575
1.74145
1.75845
1.774325
1.826725
1.83695
1.8684
1.87775
1.912975
1.916575
1.9184
1.93145
1.931975
1.93235
1.9395
1.952675
1.96285
1.974375
1.97665
1.980025
1.9823
1.98295
1.98325
1.98375
1.990725
1.99865
1.9997
2.003975
2.032175
2.0835
2.103275
2.171025
2.209075
2.210625
2.215875
2.2259
2.2308
2.237075
2.248925
2.25015
2.25135
2.260975
2.2661
2.271075
2.2744
2.276925
2.2889
2.29185
2.298525
2.300525
2.31145
2.321475
2.323575
2.33775
2.34015
2.34625
2.366575
2.3729
2.3769
2.41085
2.420075
2.430175
2.4421
2.4552
2.4626
2.525175
2.5256
2.525975
2.527975
2.53095
2.53175
2.535925
2.544675
2.576425
2.58625
2.59015
2.592575
2.609375
2.621625
2.62215
2.625625
2.644975
2.660475
2.664725
2.6776
2.7104
2.717125
2.780625
2.802325
2.802825
2.803775
2.8206
2.848625
2.872175
2.873975
2.874075
2.874625
2.898525
2.900025
2.9029
2.90305
2.9033
2.91825
2.92805
2.954975
2.95515
2.9905
2.9942
3.005775
3.04065
3.07815
3.0879
3.092525
3.122825
3.123325
3.1247
3.129975
3.132825
3.1338
3.142025
3.143725
3.14895
3.1649
3.169325
3.2039
3.221075
3.222
3.23465
3.25155
3.252075
3.2562
3.2582
3.25905
3.26345
3.276775
3.278025
3.280025
3.2856
3.2867
3.295725
3.354275
3.374675
3.3773
3.40755
3.41585
3.41735
3.4231
3.43015
3.430325
3.44055
3.446975
3.4538
3.45585
3.461225
3.466925
3.4783
3.48475
3.49105
3.500375
3.506275
3.5158
3.521125
3.533125
3.551225
3.60995
3.700325
3.70165
3.702075
3.710075
3.710375
3.72865
3.7407
3.7569
3.761675
3.802275
3.815775
3.8205
3.8316
3.837275
3.84755
3.8564
3.8627
3.863625
3.872825
3.873825
3.875575
3.881325
3.88795
3.894425
3.904175
3.9044
3.914925
3.9197
3.948275
3.95075
3.968075
3.974125
3.9761
3.99965
4.00015
4.002025
4.0064
4.0094
4.0178
4.018525
4.026075
4.030775
4.03735
4.064025
4.06455
4.073025
4.07745
4.0777
4.09065
4.098975
4.127025
4.131175
4.1639
4.22965
4.234025
4.241775
4.2565
4.3187
4.32255
4.329
4.33105
4.331325
4.33515
4.3353
4.336375
4.348475
4.35275
4.35415
4.36175
4.369575
4.3717
4.3776
4.421325
4.42615
4.4319
4.435825
4.43975
4.446825
4.4764
4.49885
4.499825
4.511875
4.5225
4.5432
4.58395
4.60935
4.61905
4.62235
4.629975
4.6305
4.64185
4.649525
4.6644
4.670075
4.6711
4.6712
4.6763
4.683025
4.6969
4.72215
4.73685
4.755675
4.78655
4.78695
4.78895
4.789175
4.7953
4.800775
4.86165
4.878525
4.88795
4.895475
4.9143
4.918125
4.9193
4.92505
4.945725
4.946875
4.95095
4.953175
4.95415
4.96285
4.9781
4.985325
4.986175
4.9894
4.9922
4.99315
4.996325
4.998375
5.013475
5.0144
5.01845
5.034675
5.040425
5.053775
5.062175
5.062925
5.11225
5.11295
5.202375
5.2028
5.204875
5.2054
5.205775
5.217
5.221175
5.223325
5.230625
5.234
5.2425
5.255275
5.267425
5.2768
5.2773
5.281375
5.320075
5.3561
5.3765
5.3985
5.445575
5.450875
5.495675
5.51105
5.5121
5.512575
5.5222
5.527625
5.540525
5.5511
5.5602
5.561375
5.58535
5.5882
5.601425
5.6102
5.616975
5.61895
5.6197
5.6333
5.646975
5.677825
5.700225
5.715525
5.727475
5.75165
5.8043
5.8153
5.820675
5.8213
5.828075
5.83425
5.8456
5.863075
5.8679
5.875075
5.891675
5.924225
5.941875
5.967325
5.979225
5.987975
6.032175
6.039125
6.045625
6.087725
6.09145
6.104375
6.1109
6.111325
6.1278
6.131475
6.133
6.13385
6.157125
6.1618
6.16205
6.162475
6.165425
6.16685
6.17415
6.19825
6.203575
6.2053
6.210375
6.21535
6.245025
6.252125
6.3088
6.336175
6.34955
6.37655
6.4065
6.418
6.428375
6.431825
6.4344
6.446475
6.447125
6.450925
6.4521
6.455825
6.4573
6.460825
6.462325
6.466925
6.46765
6.475675
6.479275
6.48015
6.49045
6.491
6.493225
6.53915
6.5411
6.5442
6.563025
6.5921
6.603475
6.605975
6.6321
6.6381
6.659775
6.6702
6.69455
6.7009
6.7039
6.709175
6.7182
6.730275
6.737575
6.743575
6.746725
6.747125
6.78085
6.7997
6.8086
6.83155
6.834825
6.8807
6.897825
6.921575
6.970975
6.981675
6.9967
7.00505
7.00655
7.00765
7.013925
7.01595
7.022125
7.0227
7.029825
7.031475
7.0375
7.046575
7.04665
7.05385
7.0558
7.06215
7.062575
7.06805
7.070775
7.075175
7.097275
7.15085
7.18425
7.25595
7.268125
7.281825
7.301875
7.304075
7.30685
7.32195
7.323125
7.33735
7.342375
7.35155
7.35515
7.36865
7.3749
7.39055
7.3942
7.400875
7.401825
7.40455
7.4181
7.4323
7.47335
7.4778
7.47875
7.489375
7.51245
7.53365
7.555925
7.558325
7.558975
7.5626
7.602025
7.60385
7.605575
7.612875
7.6159
7.621075
7.62535
7.62945
7.65845
7.6589
7.6609
7.66455
7.6656
7.6855
7.689425
7.69985
7.7191
7.727225
7.727275
7.738675
7.775675
7.79305
7.795375
7.802825
7.8197
7.84445
7.8469
7.879875
7.91365
7.928925
7.9305
7.946825
7.951075
7.9797
7.996275
7.996425
8.0167
8.01955
8.044225
8.09555
8.11535
8.1156
8.12895
8.1542
8.160775
8.165
8.17375
8.204375
8.21
8.21385
8.21735
8.2245
8.227975
8.2325
8.240525
8.253025
8.26145
8.26255
8.3049
8.32975
8.33365
8.34395
8.3466
8.3503
8.3637
8.37665
8.3822
8.383625
8.386175
8.387425
8.40165
8.46425
8.4839
8.484975
8.500375
8.504675
8.514425
8.515625
8.5168
8.518775
8.519975
8.522675
8.526425
8.53375
8.5366
8.546075
8.570225
8.607125
8.6288
8.635
8.646425
8.664675
8.66725
8.6731
8.69305
8.714125
8.73165
8.751175
8.751375
8.7629
8.77435
8.8033
8.8087
8.810975
8.81425
8.817225
8.820075
8.825375
8.82745
8.832575
8.85405
8.856575
8.8609
8.87255
8.910375
8.92025
8.9274
8.941575
9.0043
9.008
9.03965
9.043725
9.08805
783
