0.00865
0.1005
0.10115
0.104025
0.1113
0.1133
0.136375
0.1401
0.141
0.148325
0.15525
0.155375
0.165075
0.1741
0.17605
0.182975
0.2143
0.2185
0.2254
0.22805
0.261575
0.26895
0.2939
0.310925
0.311675
0.367575
0.400575
0.401575
0.409975
0.413725
0.437
0.44235
0.444775
0.46975
0.470325
0.473675
0.49435
0.51065
0.511875
0.530075
0.53155
0.5398
0.5417
0.5468
0.562025
0.57555
0.591325
0.631575
0.6329
0.683625
0.6945
0.702
0.704325
0.707125
0.708425
0.72225
0.726425
0.740175
0.74105
0.7415
0.755325
0.755375
0.758825
0.75885
0.767525
0.7699
0.780075
0.8059
0.826775
0.82715
0.827325
0.82735
0.838175
0.83895
0.842175
0.84575
0.848375
0.87505
0.876325
0.8814
0.889575
0.90455
0.9135
0.919675
0.923275
0.931375
0.934975
0.94185
0.95505
0.99345
1.0004
1.00215
1.0074
1.016975
1.019925
1.02805
1.029175
1.032075
1.0372
1.0435
1.043975
1.0526
1.0567
1.06055
1.06945
1.0723
1.100825
1.1021
1.106675
1.11405
1.1256
1.134975
1.155025
1.16605
1.178125
1.192625
1.23925
1.240425
1.2667
1.27495
1.3035
1.30425
1.313475
1.36175
1.376625
1.3806
1.3851
1.38725
1.396525
1.4003
1.400975
1.40355
1.4109
1.44045
1.4438
1.445075
1.482825
1.53895
1.540125
1.5405
1.546575
1.55225
1.552925
1.55815
1.568625
1.582675
1.589275
1.6045
1.626175
1.629
1.63105
1.63625
1.6405
1.650075
1.66665
1.667125
1.675375
1.6788
1.6897
1.69235
1.700725
1.722775
1.733975
1.7355
1.752175
1.7579
1.771525
1.781525
1.785825
1.797925
1.828025
1.832025
1.87185
1.9031
1.9057
1.9195
1.9229
1.936125
1.93715
1.946825
1.95485
1.96795
1.984725
2.009125
2.0232
2.054425
2.059275
2.120175
2.139725
2.18975
2.2035
2.2057
2.211175
2.2144
2.227125
2.2336
2.254175
2.2573
2.271975
2.282075
2.292775
2.312075
2.324
2.3305
2.331925
2.3444
2.3547
2.37845
2.379175
2.380325
2.387025
2.3973
2.4176
2.4928
2.500525
2.504075
2.507575
2.50945
2.524225
2.533825
2.538475
2.5506
2.553875
2.5542
2.5686
2.57715
2.586275
2.58735
2.598325
2.5992
2.601775
2.612325
2.6134
2.6333
2.6335
2.663075
2.678225
2.688075
2.701175
2.70285
2.724775
2.726425
2.75325
2.75585
2.759425
2.78805
2.8062
2.813425
2.8213
2.825725
2.826375
2.8388
2.84015
2.842775
2.845
2.852675
2.857775
2.8584
2.860925
2.8738
2.87475
2.877925
2.880125
2.90195
2.9063
2.9077
2.91135
2.92185
2.93125
2.9389
2.97765
2.98775
2.992575
3.013125
3.013325
3.01955
3.057525
3.081075
3.084125
3.1001
3.107125
3.1304
3.13175
3.1472
3.158
3.163025
3.16975
3.1895
3.20545
3.208625
3.20865
3.21005
3.217475
3.225125
3.2453
3.2517
3.251975
3.28565
3.29075
3.3082
3.308925
3.321175
3.369575
3.3737
3.3762
3.383825
3.404475
3.4145
3.42025
3.4223
3.426475
3.436
3.441925
3.44445
3.45435
3.460025
3.4644
3.473025
3.4794
3.479725
3.487175
3.493725
3.496725
3.503275
3.50785
3.51785
3.519225
3.54675
3.547975
3.548025
3.556075
3.583325
3.585725
3.6226
3.6238
3.6279
3.6299
3.640825
3.6487
3.670625
3.692025
3.70475
3.707075
3.70855
3.708925
3.71855
3.72325
3.731725
3.73495
3.740225
3.7428
3.74955
3.769825
3.7822
3.7831
3.7911
3.79655
3.799425
3.835475
3.84665
3.86775
3.877925
3.881925
3.90925
3.95175
4.00465
4.0067
4.007
4.016475
4.018875
4.024075
4.024975
4.033
4.03465
4.050775
4.07035
4.105375
4.13785
4.140325
4.15355
4.15395
4.1768
4.18935
4.20595
4.209825
4.236925
4.240225
4.242175
4.24805
4.2531
4.26035
4.3028
4.304775
4.3077
4.3125
4.3144
4.317275
4.323225
4.33055
4.337775
4.338425
4.357425
4.358025
4.381975
4.386375
4.388925
4.395425
4.4129
4.42235
4.4269
4.435225
4.454275
4.456175
4.461725
4.46335
4.47735
4.4815
4.48925
4.50265
4.505525
4.549225
4.55035
4.60415
4.60475
4.608075
4.624725
4.6291
4.6324
4.64375
4.646375
4.647375
4.649
4.65255
4.65455
4.66305
4.6742
4.684875
4.688325
4.6933
4.694775
4.6997
4.700125
4.704625
4.7162
4.724425
4.733075
4.7475
4.749075
4.753225
4.781775
4.8321
4.86215
4.866425
4.878375
4.90225
4.917025
4.9338
4.952025
4.95535
4.9601
4.9629
4.972025
4.98005
4.9844
4.9846
4.99845
4.998525
5.017975
5.021025
5.034725
5.044525
5.07065
5.071775
5.084575
5.0931
5.156875
5.17905
5.20095
5.2076
5.20975
5.210425
5.2131
5.219975
5.229425
5.239725
5.245175
5.2486
5.250475
5.2578
5.263175
5.263775
5.272425
5.275475
5.27835
5.278675
5.298325
5.3375
5.338075
5.358025
5.3606
5.376025
5.378025
5.381825
5.39345
5.39535
5.403
5.410825
5.4528
5.453725
5.4607
5.4611
5.473775
5.478925
5.4817
5.511775
5.51335
5.514975
5.52215
5.5455
5.549375
5.55
5.552825
5.565525
5.570025
5.570475
5.5723
5.580875
5.598475
5.60565
5.60585
5.62035
5.63325
5.635575
5.65135
5.65545
5.6856
5.6903
5.6917
5.718475
5.73955
5.763125
5.806075
5.807675
5.808175
5.814625
5.81485
5.844425
5.847725
5.855275
5.85575
5.859125
5.863
5.863575
5.868875
5.8727
5.87965
5.909125
5.921675
5.92545
5.927025
5.929475
5.930275
5.93095
5.936775
5.940975
5.9414
5.94495
5.94855
5.96105
5.967775
5.99895
6.004225
6.005075
6.056325
6.0775
6.1049
6.110775
6.112375
6.120075
6.1256
6.139175
6.140075
6.14165
6.143225
6.146225
6.148425
6.160925
6.168
6.179075
6.19335
6.194475
6.1999
6.203975
6.229425
6.248175
6.268175
6.2855
6.308075
6.368275
6.3956
6.3968
6.40115
6.402175
6.4101
6.413925
6.414975
6.421525
6.428775
6.43065
6.462325
6.465725
6.4717
6.47725
6.478025
6.480425
6.49455
6.4953
6.5131
6.51355
6.52915
6.55565
6.57265
6.594375
6.607275
6.658025
6.689075
6.709475
6.711975
6.72875
6.73235
6.747875
6.7601
6.778275
6.79615
6.803075
6.8033
6.81165
6.8152
6.817575
6.819675
6.8209
6.823825
6.838425
6.8513
6.854575
6.8666
6.8893
6.90855
6.922825
6.9473
6.969125
7.01425
7.0195
7.02
7.028025
7.030925
7.04625
7.04935
7.051425
7.056875
7.073525
7.082675
7.099975
7.117275
7.120025
7.19875
7.201725
7.20205
7.216225
7.245675
7.2557
7.28365
7.301275
7.304125
7.314925
7.31725
7.318175
7.3398
7.351525
7.368325
7.3693
7.3703
7.378375
7.3901
7.3941
7.395675
7.4156
7.42395
7.4271
7.4274
7.446625
7.456625
7.4576
7.487975
7.490675
7.501775
7.5101
7.521225
7.529075
7.567875
7.60045
7.604375
7.605125
7.614925
7.616775
7.621275
7.625775
7.636675
7.637425
7.650475
7.6545
7.663475
7.66485
7.67325
7.67715
7.6811
7.697725
7.7024
7.7133
7.73685
7.77465
7.78005
7.7989
7.8033
7.809225
7.814975
7.8221
7.826125
7.826525
7.840875
7.849125
7.86425
7.903675
7.90655
7.9153
7.933575
7.942825
7.961325
7.98775
8.00035
8.02805
8.035175
8.047125
8.07395
8.1065
8.117425
8.1212
8.137475
8.13915
8.146175
8.202925
8.2112
8.213175
8.215075
8.219975
8.220775
8.221925
8.225825
8.228725
8.256925
8.260725
8.271275
8.279375
8.283325
8.332675
8.335375
8.339975
8.346225
8.3538
8.36
8.389875
8.403475
8.404025
8.423225
8.425875
8.43885
8.44725
8.45925
8.477775
8.48215
8.486775
8.493275
8.4967
8.500475
8.50055
8.5054
8.5055
8.508025
8.51135
8.520075
8.5225
8.528125
8.548425
8.56265
8.5659
8.567325
8.575675
8.576625
8.58235
8.59085
8.5914
8.594975
8.60355
8.6059
8.621425
8.630275
8.64675
8.6475
8.653375
8.665475
8.670725
8.697325
8.712375
8.71625
8.7241
8.8005
8.8024
8.802675
8.817125
8.8211
8.826025
8.82945
8.832925
8.836525
8.839325
8.89235
8.9015
8.90505
8.909975
8.9214
8.92955
8.929775
8.95895
8.969075
9.004425
9.0138
9.016475
9.03175
9.048625
9.06005
9.098325
841
