0.1045
0.1075
0.1127
0.12405
0.12525
0.190375
0.193575
0.203275
0.244175
0.26445
0.27655
0.2849
0.294675
0.297975
0.302625
0.315275
0.399975
0.405
0.415875
0.422275
0.424825
0.4348
0.436125
0.437125
0.45705
0.489375
0.492525
0.50775
0.51125
0.512475
0.51995
0.523325
0.5234
0.523675
0.524
0.544775
0.579
0.665025
0.692725
0.70985
0.7108
0.712175
0.71525
0.721875
0.725725
0.726375
0.730325
0.7348
0.73625
0.739125
0.755925
0.759825
0.7678
0.773
0.79595
0.80535
0.827525
0.87875
0.9145
0.92385
0.93195
0.934825
0.935375
0.953075
1.002125
1.0165
1.03215
1.0401
1.046475
1.051075
1.05375
1.056025
1.0704
1.07445
1.07455
1.0824
1.082975
1.086475
1.0991
1.1097
1.1169
1.1249
1.1297
1.160075
1.170625
1.1874
1.19995
1.2045
1.24995
1.27445
1.3003
1.305325
1.30565
1.30585
1.30815
1.309475
1.32345
1.34135
1.347525
1.347875
1.348825
1.354175
1.35885
1.36155
1.365525
1.36585
1.3667
1.384225
1.39085
1.39285
1.3939
1.400475
1.40515
1.426475
1.434025
1.4894
1.511825
1.529225
1.574775
1.582375
1.6021
1.612175
1.615925
1.617975
1.624525
1.6316
1.636775
1.65105
1.6635
1.673625
1.68035
1.68885
1.699775
1.7029
1.7086
1.715225
1.7215
1.72405
1.76455
1.7774
1.7949
1.801825
1.805325
1.820025
1.844125
1.890025
1.903325
1.91505
1.9211
1.922025
1.9235
1.924475
1.929425
1.942625
1.949925
1.9598
1.967975
1.973175
1.981425
1.983925
1.9847
1.988375
1.99205
2.007425
2.010675
2.015725
2.015875
2.016075
2.0274
2.032075
2.036725
2.038
2.0415
2.056025
2.0616
2.0782
2.0855
2.0863
2.1003
2.1583
2.200175
2.202175
2.211275
2.22305
2.262175
2.265775
2.27055
2.271025
2.284625
2.307075
2.3555
2.37105
2.38495
2.39175
2.39455
2.404275
2.42055
2.43395
2.466975
2.4676
2.504525
2.5076
2.5102
2.5207
2.5219
2.52465
2.5296
2.530825
2.53485
2.53985
2.541925
2.54495
2.55555
2.555625
2.557475
2.5607
2.56215
2.57475
2.5929
2.62375
2.6504
2.652375
2.65415
2.66985
2.6788
2.691325
2.703575
2.71305
2.74375
2.768325
2.800675
2.803125
2.805275
2.8086
2.811175
2.81145
2.81335
2.8164
2.8306
2.8389
2.843275
2.84515
2.849375
2.853975
2.856175
2.86555
2.872025
2.874325
2.87585
2.89245
2.90945
2.91185
2.91985
2.940075
2.955175
2.972425
3.01005
3.010375
3.032975
3.033225
3.035
3.04115
3.042775
3.0462
3.071975
3.107925
3.1114
3.112775
3.11335
3.11965
3.12075
3.122775
3.1249
3.127875
3.128475
3.130975
3.143125
3.1437
3.14895
3.15085
3.150925
3.177025
3.187325
3.215775
3.240475
3.253725
3.2596
3.2702
3.28135
3.282475
3.299175
3.310375
3.331925
3.348875
3.35555
3.4249
3.43695
3.448275
3.4547
3.458
3.4724
3.495475
3.49855
3.53055
3.54115
3.550325
3.555375
3.560225
3.58195
3.59015
3.6248
3.644375
3.645875
3.679975
3.6886
3.704
3.7116
3.712275
3.7131
3.718825
3.730175
3.7335
3.734175
3.7426
3.7521
3.7547
3.766625
3.770325
3.7829
3.7871
3.792525
3.79335
3.79625
3.80985
3.8107
3.876175
3.8823
3.93945
3.94065
4.003525
4.00425
4.006975
4.02025
4.021525
4.02155
4.03965
4.05045
4.099575
4.099625
4.10635
4.150425
4.16015
4.163375
4.165475
4.1834
4.195125
4.20035
4.233975
4.2387
4.242825
4.254675
4.313725
4.314425
4.31455
4.318025
4.319525
4.322075
4.32255
4.33085
4.33305
4.344025
4.35055
4.352325
4.3591
4.38095
4.3889
4.3943
4.395875
4.399625
4.4127
4.415575
4.4168
4.426225
4.434975
4.4353
4.451875
4.456575
4.4596
4.4782
4.514575
4.570675
4.574375
4.578925
4.609425
4.61105
4.621275
4.62185
4.624275
4.6328
4.6344
4.641475
4.64655
4.6498
4.654875
4.65535
4.660425
4.662075
4.665625
4.678425
4.68855
4.70425
4.724725
4.74425
4.75975
4.7712
4.77445
4.808675
4.850625
4.882025
4.9092
4.912325
4.913725
4.920325
4.950225
4.968175
4.9762
4.9853
4.98605
4.9891
4.9982
5.0109
5.0112
5.014725
5.02375
5.025725
5.02685
5.03665
5.045375
5.047025
5.058625
5.06985
5.072325
5.078025
5.0914
5.126
5.13195
5.2035
5.2036
5.207125
5.211375
5.217875
5.225575
5.2298
5.2313
5.258
5.270825
5.27695
5.292825
5.320375
5.33885
5.340325
5.349375
5.352525
5.3858
5.3976
5.4176
5.504275
5.509275
5.52015
5.543025
5.54605
5.5489
5.56885
5.577025
5.5843
5.590325
5.594625
5.5987
5.620775
5.624175
5.624975
5.62805
5.632225
5.64825
5.6575
5.665325
5.6666
5.67015
5.6771
5.681175
5.681275
5.684525
5.700975
5.720675
5.75755
5.796075
5.804025
5.8061
5.81905
5.82
5.823275
5.823425
5.82585
5.827725
5.83585
5.838875
5.845175
5.847
5.85255
5.8536
5.855075
5.857575
5.865275
5.86645
5.86955
5.8768
5.88535
5.90085
5.913475
5.92065
5.922575
5.932775
5.942375
5.943775
5.95065
6.009875
6.031275
6.0402
6.0534
6.061725
6.065325
6.094375
6.096
6.109625
6.11025
6.124875
6.12835
6.128375
6.133775
6.140475
6.14115
6.14855
6.188475
6.19125
6.19725
6.212125
6.214675
6.217175
6.2356
6.239375
6.254525
6.28275
6.3265
6.33005
6.359375
6.364125
6.373625
6.387825
6.403775
6.415725
6.45555
6.456675
6.46645
6.474
6.47405
6.486525
6.49145
6.5011
6.51205
6.515325
6.531975
6.53395
6.541875
6.545725
6.60705
6.6257
6.7009
6.701225
6.70565
6.7071
6.71235
6.714
6.714025
6.722475
6.731275
6.731325
6.762925
6.78655
6.79055
6.79525
6.8012
6.801675
6.81675
6.8368
6.837575
6.849225
6.853875
6.883225
6.8953
6.8971
6.907
7.017825
7.036075
7.04055
7.05255
7.05615
7.070725
7.0717
7.082075
7.1025
7.109225
7.112175
7.116525
7.117325
7.125975
7.127
7.131325
7.18595
7.215025
7.2295
7.27095
7.275675
7.278225
7.291975
7.30015
7.308825
7.3139
7.3165
7.318375
7.349525
7.36875
7.370675
7.377825
7.38175
7.385975
7.390325
7.403575
7.411025
7.412075
7.436975
7.4659
7.48545
7.59565
7.605425
7.608975
7.610925
7.6251
7.647175
7.650025
7.6741
7.681075
7.68315
7.684775
7.755675
7.756775
7.76485
7.7748
7.775675
7.80445
7.820175
7.8379
7.907575
7.909025
7.91125
7.9137
7.915025
7.916375
7.9191
7.920625
7.927475
7.9314
7.932075
7.934275
7.93885
7.942175
7.949425
7.959675
7.964125
7.96455
7.964575
7.972575
7.9883
7.99065
8.0061
8.016025
8.02725
8.02835
8.1283
8.13245
8.150775
8.15875
8.195675
8.20185
8.209775
8.21125
8.211925
8.21955
8.224975
8.2258
8.233675
8.240575
8.2446
8.27175
8.296175
8.3125
8.339425
8.352875
8.35955
8.383275
8.385125
8.390675
8.40135
8.407225
8.421125
8.42405
8.424475
8.43305
8.461425
8.462825
8.479425
8.504175
8.505425
8.507325
8.523975
8.5361
8.5405
8.54345
8.5507
8.5536
8.5554
8.558125
8.56355
8.5807
8.581175
8.58785
8.591625
8.597
8.59815
8.607675
8.613
8.63695
8.639875
8.651725
8.6636
8.66955
8.691625
8.693425
8.69695
8.716425
8.7308
8.73465
8.805825
8.808575
8.8114
8.817625
8.818075
8.82
8.83465
8.839375
8.863625
8.877025
8.87735
8.906475
8.9233
8.926675
8.929575
8.9476
8.950175
8.9502
8.955725
8.9675
8.981425
9.00575
9.08185
9.08245
9.091875
776
