0.102825
0.10675
0.108425
0.1095
0.110325
0.11505
0.121925
0.12505
0.127675
0.14785
0.158275
0.16125
0.162325
0.170775
0.185025
0.186625
0.20235
0.210025
0.241225
0.258
0.260025
0.266375
0.269725
0.281375
0.2938
0.32455
0.333475
0.341175
0.3566
0.36605
0.382675
0.40105
0.4096
0.40985
0.413025
0.42095
0.429675
0.431725
0.43315
0.43765
0.441025
0.448625
0.458625
0.469775
0.469925
0.4702
0.471775
0.52015
0.53835
0.54845
0.5643
0.598475
0.59995
0.6143
0.61585
0.629775
0.639825
0.643425
0.64855
0.6609
0.702475
0.70875
0.731075
0.73895
0.7404
0.74365
0.744275
0.7617
0.765325
0.765925
0.782025
0.78995
0.79795
0.8045
0.80985
0.83985
0.848
0.940225
0.98415
0.991825
1.004525
1.01175
1.01615
1.0182
1.029625
1.0316
1.0372
1.0499
1.05525
1.069825
1.084025
1.0909
1.120275
1.123225
1.141975
1.151875
1.16525
1.166675
1.197925
1.205
1.21515
1.22275
1.23485
1.252225
1.2804
1.299975
1.30565
1.3065
1.3082
1.310975
1.311475
1.3167
1.332275
1.336575
1.3377
1.341075
1.344825
1.3459
1.355375
1.357775
1.373475
1.379325
1.38235
1.3921
1.3922
1.392675
1.4466
1.483175
1.489425
1.507875
1.515075
1.5427
1.60295
1.6036
1.603875
1.60515
1.6071
1.6072
1.617075
1.619725
1.62855
1.63685
1.6459
1.646375
1.653775
1.656625
1.657025
1.658275
1.660125
1.6645
1.66665
1.670475
1.674125
1.685425
1.69195
1.69795
1.7136
1.715625
1.73805
1.740625
1.764375
1.789825
1.790325
1.79725
1.824625
1.863925
1.9084
1.918425
1.930375
1.9394
1.9402
1.9456
1.952425
1.960225
1.962
1.963075
1.96665
1.970175
1.9781
1.991
1.991425
1.9989
1.99935
2.014725
2.018875
2.028075
2.032825
2.037125
2.0618
2.062125
2.0627
2.0679
2.079675
2.092525
2.14235
2.142525
2.1786
2.18325
2.18925
2.1936
2.2116
2.213575
2.22225
2.238425
2.2388
2.23925
2.24455
2.255025
2.261175
2.266325
2.2799
2.2867
2.28735
2.29565
2.307275
2.314
2.3401
2.3615
2.411875
2.42545
2.507575
2.511825
2.520525
2.524825
2.530775
2.531775
2.54375
2.5522
2.5631
2.5636
2.586725
2.590075
2.591575
2.593075
2.604675
2.607075
2.626275
2.62695
2.632475
2.6407
2.64855
2.649875
2.67975
2.712
2.783275
2.784825
2.802825
2.809675
2.81
2.826925
2.8276
2.83075
2.832925
2.833825
2.84095
2.842975
2.850275
2.858025
2.869325
2.888925
2.9109
2.911125
2.9297
2.932375
2.938625
2.9412
2.9466
2.9482
2.954175
2.954625
2.960875
2.97025
2.982725
3.03135
3.061525
3.0625
3.076975
3.10695
3.114075
3.145225
3.15185
3.153
3.1607
3.185375
3.187375
3.188375
3.21055
3.2115
3.2167
3.217125
3.217775
3.222725
3.258
3.260775
3.264275
3.30375
3.316775
3.350675
3.35235
3.3524
3.39355
3.406125
3.41115
3.412075
3.4186
3.424925
3.42855
3.4303
3.442175
3.44615
3.4513
3.4565
3.463125
3.46395
3.467875
3.4739
3.47425
3.488125
3.501025
3.502525
3.50995
3.54645
3.547625
3.5501
3.553
3.558575
3.578875
3.579075
3.6155
3.6449
3.7042
3.708425
3.7092
3.7202
3.727025
3.7313
3.73275
3.7372
3.744675
3.75795
3.786525
3.792475
3.79785
3.815275
3.823475
3.8508
3.860775
3.873525
3.875725
3.903875
3.919375
3.921225
3.92875
3.935475
3.940275
3.975575
3.979175
3.9911
4.013525
4.01495
4.022275
4.02735
4.037575
4.0494
4.07355
4.0802
4.10925
4.136175
4.137975
4.150525
4.151175
4.152
4.1522
4.153775
4.169125
4.181
4.187975
4.188475
4.202325
4.204225
4.209325
4.238675
4.25885
4.295575
4.301525
4.306475
4.318675
4.3264
4.3269
4.327175
4.340175
4.3409
4.34415
4.34485
4.36515
4.372975
4.373375
4.375425
4.390425
4.395225
4.4335
4.436925
4.437725
4.460175
4.463025
4.471325
4.476925
4.481525
4.49625
4.498925
4.508825
4.5274
4.52985
4.5448
4.579775
4.60245
4.603575
4.607525
4.610575
4.615175
4.62375
4.625875
4.62675
4.631925
4.632025
4.632675
4.634675
4.6359
4.63895
4.640325
4.64325
4.648525
4.6512
4.658025
4.66165
4.664325
4.679
4.71445
4.7314
4.78255
4.828725
4.8501
4.858575
4.868125
4.9055
4.90665
4.90835
4.90945
4.90985
4.911325
4.915625
4.921025
4.925275
4.92595
4.926975
4.94135
4.95405
4.97325
4.977725
4.978275
5.000375
5.009525
5.018125
5.01955
5.041825
5.046225
5.08835
5.09335
5.097725
5.100825
5.1021
5.112725
5.127175
5.12925
5.129275
5.129575
5.1707
5.200625
5.201625
5.209925
5.2107
5.21105
5.2111
5.216225
5.220675
5.2251
5.23025
5.243375
5.243775
5.246375
5.24875
5.2505
5.2541
5.256375
5.2595
5.263325
5.2636
5.269875
5.29775
5.30185
5.3054
5.3133
5.342125
5.360175
5.36605
5.377425
5.38525
5.4062
5.411725
5.422475
5.42645
5.454225
5.49105
5.499975
5.50085
5.50455
5.513125
5.520775
5.52205
5.522275
5.531825
5.545725
5.54765
5.54815
5.5491
5.559
5.560725
5.567975
5.575075
5.57665
5.578475
5.60215
5.604625
5.61785
5.62745
5.63045
5.64855
5.6533
5.6579
5.66345
5.66875
5.675425
5.67845
5.67885
5.6839
5.7074
5.7224
5.742975
5.74705
5.762675
5.801325
5.809075
5.8147
5.820875
5.831075
5.836775
5.838275
5.858675
5.860775
5.866425
5.875
5.8865
5.89875
5.90295
5.907425
5.9128
5.935225
5.956175
5.969925
6.0004
6.022125
6.0271
6.05
6.096125
6.1064
6.106625
6.1076
6.1254
6.1293
6.1295
6.132525
6.153775
6.15475
6.168075
6.17715
6.19095
6.19365
6.2138
6.22185
6.224825
6.22765
6.26335
6.295225
6.30695
6.3419
6.379625
6.408925
6.41035
6.413075
6.4184
6.41935
6.425925
6.43255
6.43285
6.441475
6.450825
6.4581
6.48955
6.500625
6.50615
6.536125
6.53725
6.55615
6.570175
6.584375
6.58955
6.592675
6.6034
6.61945
6.70835
6.71815
6.721325
6.725925
6.728425
6.73435
6.7394
6.7407
6.75245
6.758725
6.7614
6.7634
6.76675
6.781175
6.7873
6.796425
6.802825
6.868075
6.8726
6.87565
6.933575
7.001325
7.01385
7.031325
7.032675
7.034375
7.054175
7.056625
7.064075
7.0708
7.11475
7.1152
7.12925
7.1492
7.1545
7.165625
7.168425
7.210025
7.237825
7.263475
7.314625
7.3215
7.330475
7.336025
7.35135
7.355125
7.357075
7.37495
7.386425
7.3941
7.39685
7.40665
7.4072
7.408625
7.42485
7.4315
7.436325
7.448475
7.471575
7.47595
7.4761
7.4901
7.570675
7.60465
7.609075
7.611825
7.6201
7.62085
7.62455
7.641825
7.645975
7.651775
7.65465
7.655575
7.659575
7.662125
7.6654
7.67475
7.67695
7.6856
7.693225
7.6965
7.7002
7.7383
7.7467
7.76475
7.7671
7.771625
7.779925
7.78525
7.827675
7.905975
7.916625
7.917725
7.963775
7.988025
7.994175
8.01875
8.03705
8.081125
8.091675
8.0953
8.119775
8.130975
8.15405
8.1599
8.176775
8.19085
8.202875
8.2058
8.20815
8.2138
8.231875
8.23725
8.2417
8.254025
8.26115
8.269625
8.284375
8.296375
8.3021
8.3076
8.32205
8.3244
8.339175
8.356125
8.364025
8.384075
8.386025
8.38625
8.4423
8.45295
8.46025
8.495075
8.501
8.5057
8.50615
8.50845
8.509575
8.51365
8.516575
8.51925
8.520325
8.529975
8.5317
8.535425
8.547525
8.54915
8.562125
8.5964
8.6081
8.6151
8.6407
8.652325
8.653775
8.660675
8.70155
8.70455
8.704825
8.714325
8.714425
8.780425
8.807025
8.809475
8.8101
8.8121
8.813175
8.813275
8.813525
8.814275
8.8204
8.829275
8.84045
8.8452
8.846125
8.8465
8.852125
8.856625
8.898125
8.921175
8.9414
8.95005
8.955475
8.97395
8.989325
8.9966
9.0013
9.009075
9.017575
9.018475
9.03435
810
