0.10715
0.114775
0.119
0.121125
0.127025
0.1337
0.140375
0.147275
0.16045
0.161275
0.187775
0.192925
0.19925
0.2188
0.22245
0.22255
0.232375
0.249825
0.25365
0.257225
0.2645
0.284475
0.285075
0.31145
0.312925
0.32545
0.327375
0.3403
0.340725
0.3643
0.405725
0.411
0.416325
0.43215
0.438975
0.464075
0.466275
0.47635
0.48765
0.49105
0.494725
0.495175
0.507525
0.51505
0.52675
0.5269
0.5342
0.543475
0.5674
0.581025
0.6134
0.6193
0.659225
0.682075
0.68785
0.70135
0.7072
0.709275
0.709475
0.71555
0.73255
0.742875
0.747375
0.7485
0.755225
0.757
0.790125
0.80945
0.824375
0.8256
0.842325
0.85535
0.87265
0.8742
0.891325
0.8978
0.90925
0.9107
0.919475
0.923425
0.942325
0.955725
1.012675
1.0133
1.01455
1.0197
1.03235
1.034175
1.0442
1.047275
1.05285
1.05635
1.0572
1.063025
1.082
1.1
1.11565
1.117075
1.126725
1.135375
1.143675
1.174025
1.20265
1.22795
1.2378
1.2621
1.263925
1.268125
1.270875
1.273875
1.3214
1.3268
1.335325
1.338625
1.342375
1.344625
1.346375
1.3614
1.3673
1.374175
1.377425
1.37905
1.38095
1.3822
1.38645
1.387175
1.3986
1.401925
1.4139
1.41555
1.424375
1.449675
1.45105
1.462825
1.4787
1.48625
1.513425
1.58615
1.58645
1.591175
1.607825
1.6087
1.610875
1.62415
1.62895
1.630975
1.63295
1.63755
1.652875
1.6536
1.659575
1.66205
1.6906
1.695925
1.70075
1.7052
1.717025
1.7445
1.7452
1.7523
1.763675
1.7841
1.788175
1.79515
1.798675
1.799125
1.807275
1.814575
1.818075
1.84025
1.860125
1.8643
1.8668
1.873375
1.91795
1.9193
1.927975
1.946325
1.95065
1.961825
1.9631
1.969575
1.97155
1.97375
1.991225
1.99195
1.994475
2.00045
2.0092
2.010275
2.0181
2.024625
2.02665
2.035575
2.042775
2.043125
2.04755
2.048825
2.0593
2.0704
2.07985
2.145975
2.16195
2.208775
2.212125
2.22205
2.225725
2.22925
2.233375
2.2513
2.253675
2.2639
2.271575
2.274275
2.276475
2.2771
2.291725
2.294425
2.294575
2.30065
2.3041
2.3063
2.314375
2.31555
2.319125
2.33375
2.349925
2.380575
2.388925
2.40795
2.410075
2.4307
2.440675
2.45885
2.4635
2.5016
2.5108
2.518225
2.532175
2.53265
2.53515
2.54985
2.5533
2.568475
2.5693
2.577775
2.580125
2.580975
2.59715
2.59825
2.598975
2.600975
2.60745
2.636425
2.645475
2.64605
2.65085
2.668725
2.69715
2.697725
2.708525
2.712025
2.739875
2.764575
2.7855
2.7867
2.796075
2.802675
2.834725
2.8592
2.876375
2.882075
2.89225
2.9142
2.9207
2.921075
2.928275
2.936
2.936075
2.938625
2.944775
2.9493
2.958375
2.971325
2.976125
2.98115
2.986725
2.99285
3.03435
3.045625
3.07225
3.089225
3.1004
3.10065
3.109375
3.1111
3.130825
3.13085
3.1332
3.1428
3.14585
3.147175
3.14835
3.156675
3.180425
3.190325
3.193775
3.209475
3.217775
3.231725
3.2406
3.2498
3.27335
3.2831
3.352175
3.3549
3.377425
3.4154
3.430975
3.4322
3.438675
3.49555
3.50155
3.50955
3.509875
3.516225
3.51875
3.526475
3.549075
3.558775
3.5652
3.57505
3.580425
3.596575
3.610475
3.667225
3.709
3.716
3.71605
3.73835
3.7513
3.764025
3.765625
3.773
3.7824
3.786625
3.791375
3.801275
3.8163
3.816675
3.8178
3.82735
3.8372
3.840475
3.84505
3.853475
3.8598
3.8692
3.87615
3.8891
3.898825
3.903525
3.9542
4.001325
4.003375
4.00355
4.007
4.009925
4.03425
4.03495
4.044125
4.0531
4.053525
4.05485
4.057125
4.075775
4.07645
4.08915
4.09445
4.0967
4.101
4.10695
4.10735
4.1298
4.1524
4.15685
4.166125
4.177175
4.193675
4.195375
4.2241
4.2339
4.2602
4.268325
4.3108
4.322875
4.323425
4.34685
4.3503
4.351675
4.3654
4.3725
4.37605
4.378875
4.37895
4.383375
4.390525
4.40005
4.4016
4.4057
4.42235
4.4229
4.4244
4.428225
4.430525
4.433825
4.43545
4.46095
4.469675
4.540525
4.56175
4.567475
4.5935
4.60385
4.6094
4.613825
4.616975
4.622975
4.6267
4.636525
4.645025
4.646475
4.650725
4.65165
4.65945
4.659825
4.6631
4.6765
4.68725
4.68985
4.690025
4.726325
4.742075
4.749925
4.7725
4.783225
4.816475
4.81735
4.820925
4.8261
4.852175
4.90055
4.902475
4.90485
4.9089
4.918975
4.92125
4.92405
4.924275
4.943075
4.945175
4.9537
4.9581
4.9595
4.985125
5.0092
5.0283
5.03585
5.0484
5.050725
5.066825
5.092925
5.102125
5.112475
5.1292
5.129275
5.140925
5.170725
5.201325
5.2098
5.21025
5.211775
5.215475
5.215625
5.2182
5.21995
5.22815
5.2289
5.234625
5.2366
5.240175
5.25065
5.252225
5.253125
5.2582
5.258475
5.30195
5.3172
5.31915
5.31955
5.3341
5.3402
5.34515
5.36335
5.367425
5.3708
5.3805
5.443575
5.478775
5.480725
5.48835
5.509225
5.51895
5.525625
5.528425
5.53675
5.56125
5.5622
5.563075
5.569375
5.5805
5.583175
5.589025
5.60055
5.60785
5.608625
5.614575
5.617775
5.621925
5.648625
5.65255
5.69705
5.7084
5.733475
5.743
5.7623
5.7754
5.7859
5.80425
5.805075
5.81635
5.8203
5.82855
5.837325
5.8448
5.857175
5.86465
5.865125
5.86615
5.8689
5.871625
5.875025
5.89065
5.893625
5.8971
5.901375
5.9026
5.9191
5.929725
5.93945
5.944575
5.94835
5.969875
5.973025
5.973225
5.9968
6.015425
6.0633
6.0684
6.06895
6.104175
6.109825
6.11285
6.136425
6.13815
6.1426
6.1441
6.149625
6.19875
6.20535
6.20585
6.209925
6.2105
6.212075
6.23675
6.267175
6.2845
6.3233
6.330875
6.362525
6.372075
6.385025
6.389475
6.412175
6.42575
6.430625
6.43355
6.4371
6.4461
6.448725
6.4567
6.461275
6.48175
6.524475
6.529325
6.530575
6.53365
6.551225
6.571775
6.57405
6.5983
6.60195
6.602
6.607575
6.615
6.6219
6.622425
6.62925
6.6639
6.666425
6.674725
6.7068
6.708925
6.7133
6.719575
6.7251
6.7258
6.726875
6.728525
6.733225
6.734
6.748125
6.749275
6.75335
6.77055
6.770825
6.77635
6.78
6.780775
6.81275
6.82115
6.846325
6.848375
6.86825
6.881175
6.886875
6.911975
6.928175
6.9687
6.971325
6.972025
6.974025
7.005775
7.0143
7.02095
7.03415
7.037775
7.039625
7.056725
7.057475
7.0636
7.073525
7.07705
7.077925
7.07815
7.082275
7.08395
7.089725
7.09205
7.09395
7.0999
7.1032
7.109475
7.112125
7.119725
7.12305
7.125775
7.141175
7.1624
7.171275
7.18115
7.185
7.185025
7.21125
7.2166
7.2225
7.311025
7.314975
7.318025
7.31855
7.31885
7.326475
7.326725
7.3426
7.342925
7.3506
7.380625
7.383125
7.391025
7.39765
7.411975
7.447175
7.4556
7.45655
7.473125
7.514275
7.519475
7.54435
7.547775
7.5593
7.563775
7.5876
7.601225
7.601475
7.6063
7.617
7.61945
7.62355
7.6366
7.6511
7.6595
7.693075
7.732525
7.739425
7.7744
7.78755
7.799275
7.818225
7.834925
7.8612
7.874175
7.907025
7.9083
7.909875
7.910625
7.911075
7.925025
7.927125
7.9283
7.935925
7.9493
7.956825
7.960025
7.96725
7.98195
7.9975
8.028475
8.029625
8.03725
8.04825
8.04845
8.04985
8.082475
8.104325
8.10625
8.14045
8.1482
8.1592
8.171275
8.188725
8.19195
8.198025
8.2078
8.210375
8.217125
8.23985
8.241975
8.2572
8.26235
8.2632
8.279025
8.282775
8.2846
8.29915
8.310675
8.3153
8.31575
8.3184
8.320325
8.37565
8.387475
8.41095
8.462625
8.4844
8.50585
8.51045
8.5122
8.51615
8.516775
8.521875
8.533075
8.5424
8.545025
8.5477
8.562475
8.5667
8.620375
8.631875
8.64515
8.6462
8.64915
8.6492
8.650175
8.667525
8.6835
8.6978
8.73915
8.801825
8.8058
8.8097
8.8133
8.81865
8.8309
8.837225
8.846675
8.848925
8.84895
8.85125
8.85735
8.87995
8.890525
8.892025
8.89205
8.90495
8.9273
8.93265
8.97805
8.986225
9.0022
9.005875
9.007
9.012025
9.0726
9.07625
9.083775
835
