0.100425
0.1072
0.109575
0.1184
0.12625
0.128225
0.12885
0.130375
0.133025
0.137875
0.1534
0.16815
0.168875
0.17395
0.184275
0.2174
0.21965
0.228375
0.235575
0.246525
0.255875
0.28855
0.314025
0.3323
0.33385
0.35515
0.35675
0.367625
0.368525
0.388475
0.415825
0.420425
0.42575
0.443225
0.45955
0.47395
0.47675
0.4774
0.49495
0.494975
0.49615
0.504275
0.540525
0.540575
0.569425
0.570325
0.582425
0.625775
0.628175
0.6378
0.644575
0.702
0.716075
0.72365
0.744425
0.7536
0.773925
0.817025
0.82125
0.846375
0.852625
0.8578
0.88255
0.88285
0.89635
0.934975
0.972425
0.97295
1.0102
1.011625
1.014075
1.0323
1.0437
1.04645
1.052925
1.057025
1.070175
1.096575
1.096875
1.11315
1.135075
1.151325
1.152275
1.152675
1.15655
1.162075
1.17585
1.20185
1.204075
1.2485
1.25975
1.269075
1.32875
1.355575
1.360925
1.367375
1.370475
1.3708
1.37745
1.386525
1.3901
1.39385
1.403075
1.4042
1.410525
1.414725
1.44265
1.44455
1.450825
1.4554
1.490125
1.494575
1.494675
1.496875
1.5468
1.57515
1.58715
1.600075
1.6154
1.6167
1.6214
1.635925
1.6399
1.656175
1.666525
1.67415
1.698275
1.709075
1.74425
1.7602
1.760825
1.763575
1.77895
1.7795
1.786925
1.793025
1.822275
1.8262
1.84435
1.882625
1.88555
1.89895
1.91885
1.9334
1.935225
1.9396
1.947275
1.96295
1.969725
1.9723
1.996875
1.998975
2.011425
2.019075
2.03145
2.039825
2.0492
2.049775
2.058125
2.066625
2.081725
2.083675
2.091625
2.0924
2.103875
2.10975
2.11875
2.12915
2.171825
2.1797
2.180175
2.20035
2.201275
2.202025
2.208575
2.209275
2.22395
2.22465
2.233675
2.23705
2.23865
2.26615
2.28195
2.291825
2.305825
2.309075
2.324075
2.3522
2.439525
2.4771
2.484675
2.50455
2.514275
2.514875
2.5169
2.51775
2.5183
2.52775
2.528025
2.53215
2.5346
2.54525
2.54665
2.56545
2.573725
2.57905
2.602575
2.60625
2.6205
2.632175
2.642775
2.645575
2.6476
2.6647
2.667375
2.6734
2.673575
2.67485
2.676825
2.681425
2.700975
2.70885
2.7143
2.717025
2.7343
2.7483
2.75955
2.7635
2.76405
2.802775
2.80825
2.810975
2.821975
2.83005
2.84185
2.8538
2.86905
2.87255
2.89925
2.9115
2.954375
2.977575
3.026275
3.03685
3.0489
3.0718
3.085325
3.0928
3.0953
3.10355
3.1075
3.1112
3.111875
3.119475
3.13135
3.136525
3.13755
3.146825
3.14855
3.17385
3.192225
3.193975
3.19745
3.199
3.206
3.2261
3.2315
3.257725
3.261125
3.276775
3.281075
3.3497
3.4057
3.410075
3.410575
3.411375
3.414375
3.415425
3.442575
3.442925
3.44545
3.45005
3.47575
3.4792
3.486025
3.489725
3.499075
3.513225
3.515675
3.5189
3.5737
3.584125
3.586225
3.59305
3.59355
3.60405
3.61405
3.63695
3.642925
3.707075
3.7167
3.7182
3.7221
3.72435
3.7288
3.73015
3.7343
3.744125
3.745725
3.7503
3.7523
3.7582
3.762325
3.764975
3.794875
3.80055
3.80385
3.81435
3.82175
3.8265
3.84045
3.906625
3.908225
3.918925
3.91905
3.949575
3.9531
3.953875
3.991425
4.008025
4.00935
4.010175
4.013325
4.014925
4.0181
4.020925
4.0522
4.05305
4.060775
4.0866
4.090725
4.125675
4.12935
4.131975
4.14385
4.1756
4.17585
4.17725
4.2007
4.21455
4.215875
4.254775
4.259025
4.28365
4.303425
4.316775
4.329875
4.33495
4.3364
4.340875
4.34815
4.35205
4.35335
4.35665
4.35795
4.381425
4.386275
4.39015
4.393325
4.398075
4.4343
4.434475
4.458925
4.459375
4.4733
4.483175
4.5151
4.524425
4.532925
4.589975
4.6033
4.613925
4.621525
4.622575
4.622625
4.627625
4.6335
4.634075
4.635925
4.65245
4.653325
4.65845
4.665575
4.684725
4.719375
4.723375
4.732525
4.733
4.75755
4.768
4.78445
4.793575
4.794925
4.835625
4.85985
4.8828
4.897225
4.907025
4.90945
4.912625
4.9187
4.921475
4.92545
4.93445
4.94055
4.941525
4.957875
4.98955
4.9916
5.00245
5.007175
5.0131
5.013125
5.016975
5.031275
5.0562
5.057
5.0732
5.0753
5.0863
5.100675
5.10735
5.11365
5.1211
5.17315
5.207225
5.20725
5.20875
5.2106
5.214075
5.218
5.218425
5.2188
5.21905
5.223925
5.22785
5.230825
5.23445
5.2518
5.273
5.274525
5.2997
5.30765
5.309125
5.3271
5.3454
5.380725
5.40245
5.40865
5.42155
5.4271
5.4984
5.5064
5.51325
5.52645
5.527625
5.54545
5.54945
5.552675
5.55485
5.566775
5.56825
5.5858
5.592025
5.592325
5.592475
5.5981
5.606575
5.609825
5.6206
5.641675
5.64765
5.6679
5.67565
5.713175
5.749975
5.7684
5.7698
5.776125
5.7908
5.819575
5.820325
5.83255
5.8391
5.84075
5.8491
5.853825
5.858525
5.864825
5.86625
5.882175
5.90845
5.930575
5.932425
5.9355
5.939625
5.943375
5.95745
5.95775
5.960625
5.963325
5.96575
6.003175
6.05165
6.103075
6.116275
6.11815
6.12645
6.135525
6.136025
6.142175
6.1474
6.159125
6.180275
6.18805
6.19065
6.192925
6.2032
6.22865
6.23305
6.248575
6.2667
6.276825
6.29175
6.3009
6.322725
6.330425
6.333325
6.342975
6.362175
6.390375
6.401025
6.413025
6.414125
6.42135
6.43445
6.44005
6.444025
6.450475
6.4665
6.4691
6.470375
6.503725
6.507625
6.518275
6.52655
6.547525
6.547925
6.574925
6.5915
6.596225
6.616325
6.63245
6.69955
6.702275
6.70305
6.70435
6.7044
6.710625
6.713375
6.714825
6.71735
6.720625
6.72515
6.73245
6.75085
6.76695
6.773775
6.774325
6.7759
6.7807
6.782575
6.789375
6.79685
6.802675
6.81855
6.850275
6.8544
6.856375
6.878475
6.8927
6.902775
6.908825
6.9176
6.945725
6.9952
7.003175
7.005525
7.014625
7.021725
7.022925
7.024425
7.024625
7.025425
7.034475
7.03655
7.03805
7.043675
7.0523
7.07215
7.07395
7.087875
7.0884
7.092725
7.0959
7.097875
7.098925
7.1068
7.113375
7.127575
7.1458
7.16945
7.172975
7.2473
7.2725
7.291075
7.295725
7.3175
7.3228
7.32525
7.33325
7.34005
7.344675
7.355225
7.356275
7.37035
7.388525
7.395175
7.39625
7.408
7.4523
7.478925
7.48535
7.504175
7.51665
7.5274
7.527575
7.5403
7.54505
7.624775
7.629725
7.630875
7.639025
7.663825
7.678775
7.7022
7.7068
7.714525
7.71995
7.73225
7.73525
7.737525
7.7382
7.7423
7.742625
7.7452
7.761775
7.809875
7.8354
7.840675
7.860725
7.9111
7.9118
7.91325
7.914475
7.9154
7.920925
7.92195
7.92245
7.92505
7.942775
7.9463
7.9466
7.946825
7.949
7.9541
7.95825
7.966725
7.98085
8.019575
8.021275
8.044825
8.046925
8.07285
8.11365
8.117425
8.12045
8.1236
8.134175
8.14275
8.154825
8.1694
8.20305
8.2076
8.2116
8.2121
8.220375
8.22095
8.2345
8.23585
8.2424
8.242675
8.2602
8.26045
8.26715
8.277275
8.29105
8.29735
8.3017
8.303475
8.31395
8.31525
8.3352
8.345525
8.36785
8.3728
8.3761
8.381775
8.42985
8.46065
8.46905
8.481375
8.48555
8.487125
8.50005
8.5022
8.5031
8.5055
8.506575
8.532075
8.5432
8.5546
8.5593
8.561675
8.57375
8.576875
8.5864
8.604925
8.6105
8.623925
8.6248
8.632925
8.655
8.659375
8.660275
8.660475
8.676675
8.6806
8.6875
8.6976
8.710025
8.71175
8.71965
8.73395
8.7675
8.81115
8.83645
8.8474
8.848075
8.8517
8.863725
8.872075
8.87565
8.8862
8.896075
8.919925
8.924375
8.9292
8.93515
8.9479
8.95495
8.96215
8.962975
8.96425
8.973075
8.9752
9.005425
9.012375
9.017475
9.02965
9.031475
9.036325
9.089825
793
