0.03365
0.101325
0.119575
0.12
0.12425
0.12545
0.151875
0.1645
0.166425
0.181025
0.19315
0.20375
0.210875
0.2243
0.24085
0.312575
0.33075
0.344975
0.354525
0.3926
0.393725
0.40645
0.406775
0.412175
0.41955
0.421225
0.422
0.4237
0.425175
0.4275
0.433325
0.434975
0.436975
0.438325
0.453475
0.4548
0.49595
0.50485
0.506125
0.507025
0.51415
0.52055
0.5312
0.55865
0.592575
0.5928
0.61615
0.623275
0.633225
0.652775
0.654575
0.665075
0.6901
0.701575
0.707625
0.714925
0.7237
0.725425
0.74745
0.7573
0.757875
0.774925
0.780425
0.782775
0.7856
0.789675
0.794175
0.79505
0.8034
0.804075
0.824175
0.826025
0.832625
0.840075
0.8437
0.854325
0.8563
0.874175
0.8975
0.905225
0.90945
0.932125
0.939775
0.96085
0.99485
1.00275
1.005975
1.0121
1.015425
1.02315
1.040275
1.042
1.045175
1.047825
1.0501
1.0589
1.061775
1.063125
1.0793
1.085825
1.10035
1.102075
1.107075
1.130725
1.136275
1.137325
1.138075
1.1471
1.154025
1.1561
1.161025
1.16345
1.194175
1.197525
1.20785
1.2321
1.256025
1.262775
1.289225
1.29505
1.300475
1.304125
1.3187
1.319325
1.3268
1.346575
1.363425
1.376875
1.38505
1.388375
1.397725
1.41615
1.429675
1.44735
1.457025
1.470275
1.4823
1.5112
1.52435
1.530025
1.5523
1.5573
1.60115
1.606875
1.616425
1.619725
1.626775
1.64255
1.6475
1.649675
1.652525
1.665675
1.684475
1.6888
1.7063
1.711075
1.771475
1.7739
1.781675
1.784525
1.79805
1.835625
1.884825
1.89665
1.901275
1.901325
1.90835
1.917425
1.92215
1.922575
1.925775
1.928725
1.93935
1.940475
1.940625
1.943225
1.9444
1.96095
1.96695
1.971075
1.977125
1.98695
2.00185
2.01695
2.02765
2.028425
2.029275
2.03905
2.05425
2.075725
2.0943
2.108125
2.182625
2.20765
2.208875
2.2153
2.23565
2.237325
2.241475
2.24405
2.2445
2.245275
2.266775
2.26805
2.28235
2.3021
2.30645
2.332325
2.332575
2.342775
2.35405
2.416875
2.42965
2.45385
2.484825
2.485175
2.496375
2.5003
2.5041
2.5138
2.518875
2.523525
2.539925
2.566725
2.576425
2.581475
2.5883
2.595175
2.5968
2.626775
2.636575
2.639225
2.645725
2.650725
2.6608
2.67235
2.680725
2.689325
2.6971
2.70925
2.732425
2.738275
2.76135
2.761625
2.7796
2.794525
2.8002
2.81415
2.818
2.8205
2.8321
2.8487
2.850175
2.85145
2.85435
2.869575
2.8697
2.870075
2.871025
2.874625
2.893
2.895375
2.90125
2.924225
2.927775
2.969675
2.979425
2.993025
3.0155
3.0166
3.04965
3.0609
3.066625
3.1017
3.102025
3.10595
3.1073
3.110575
3.1206
3.12205
3.135575
3.1399
3.14405
3.146625
3.148525
3.19165
3.2005
3.201425
3.207325
3.20915
3.249875
3.290375
3.296825
3.301375
3.321275
3.332875
3.3652
3.3661
3.372875
3.389025
3.402275
3.4067
3.421975
3.43105
3.43585
3.441375
3.445475
3.4588
3.463075
3.464675
3.468075
3.4855
3.48815
3.4894
3.491625
3.4972
3.514
3.5175
3.52245
3.5235
3.524975
3.53775
3.563675
3.582525
3.587175
3.59165
3.593925
3.59725
3.6061
3.681475
3.70195
3.703725
3.704275
3.708
3.715675
3.7189
3.724575
3.74625
3.746375
3.7581
3.774075
3.77995
3.785775
3.804725
3.811375
3.814075
3.819975
3.84195
3.853525
3.862825
3.865325
3.905275
3.9225
3.925375
3.973875
3.97985
3.985575
3.994075
4.01895
4.02175
4.026525
4.03015
4.053225
4.0559
4.0656
4.07615
4.0829
4.0886
4.0941
4.099525
4.10015
4.109275
4.11355
4.12455
4.147625
4.15285
4.17985
4.18385
4.234925
4.2353
4.253075
4.276325
4.3006
4.3108
4.31605
4.32055
4.32495
4.328975
4.330625
4.351275
4.35185
4.373425
4.394925
4.406775
4.4107
4.417075
4.41995
4.42435
4.431625
4.458
4.468325
4.470475
4.472725
4.4946
4.530725
4.532325
4.5708
4.57225
4.58365
4.6025
4.6101
4.620225
4.636975
4.641875
4.6431
4.644275
4.65035
4.652725
4.6577
4.6628
4.66365
4.670975
4.67315
4.677525
4.679725
4.70055
4.7176
4.752975
4.762725
4.768625
4.769425
4.794475
4.825275
4.82765
4.8411
4.863425
4.871625
4.903275
4.904075
4.90845
4.913775
4.925475
4.939775
4.95065
4.958475
4.967375
4.976025
4.9829
4.98415
4.985475
4.98575
4.9921
4.993425
4.9978
4.99815
5.0013
5.002225
5.005025
5.012875
5.070925
5.12215
5.14185
5.14655
5.159825
5.160225
5.219575
5.21965
5.231325
5.240725
5.245325
5.254
5.26575
5.2658
5.2739
5.283125
5.2917
5.327175
5.33545
5.386475
5.388725
5.3937
5.3982
5.401925
5.406975
5.418775
5.419025
5.419325
5.4418
5.454925
5.4604
5.5012
5.51165
5.51555
5.5373
5.550275
5.550425
5.5546
5.559475
5.5707
5.57775
5.58565
5.605475
5.609925
5.6216
5.62175
5.6347
5.6536
5.65385
5.659975
5.66725
5.692725
5.69885
5.716375
5.728575
5.731775
5.734125
5.73675
5.753875
5.805675
5.814375
5.8171
5.81795
5.821075
5.821575
5.825
5.828475
5.84175
5.848975
5.861875
5.86215
5.862775
5.8631
5.863225
5.8646
5.865775
5.875975
5.877475
5.880325
5.88115
5.881175
5.88515
5.888425
5.889
5.890475
5.89495
5.9024
5.92445
5.941975
5.9548
5.96975
5.973225
5.9777
6.01905
6.02105
6.055425
6.0699
6.0808
6.081425
6.105225
6.109425
6.109825
6.111275
6.119625
6.13815
6.141075
6.141225
6.14155
6.15075
6.1553
6.1701
6.1732
6.195275
6.1957
6.208275
6.21625
6.230125
6.242975
6.2573
6.2612
6.264275
6.269825
6.284875
6.298925
6.3066
6.311075
6.326575
6.3371
6.3416
6.366325
6.368525
6.403825
6.4056
6.415175
6.4199
6.428525
6.4318
6.450725
6.46105
6.472375
6.480025
6.483125
6.489875
6.494975
6.4998
6.499975
6.5016
6.503
6.521925
6.52465
6.531975
6.533025
6.536775
6.549825
6.5563
6.592375
6.59855
6.607275
6.615425
6.620475
6.6214
6.637925
6.64545
6.71645
6.717225
6.719275
6.750525
6.7513
6.768775
6.790475
6.8021
6.818525
6.821675
6.831675
6.842775
6.875225
6.89215
6.928075
6.944275
6.960225
6.984925
6.995325
7.026675
7.029975
7.03305
7.0393
7.051
7.05325
7.068525
7.0761
7.083175
7.10055
7.102625
7.108475
7.11395
7.13045
7.139075
7.147675
7.1958
7.2052
7.221075
7.2241
7.239675
7.243725
7.2946
7.30185
7.303625
7.32005
7.32235
7.322575
7.32865
7.349125
7.358775
7.362875
7.366675
7.382475
7.39905
7.412375
7.43865
7.447325
7.46225
7.47365
7.505425
7.5104
7.520125
7.548175
7.55275
7.560325
7.60815
7.609825
7.615375
7.617425
7.62535
7.629375
7.6294
7.6324
7.633075
7.635075
7.6438
7.647275
7.66445
7.675625
7.69245
7.703375
7.70795
7.727525
7.729525
7.738875
7.7487
7.799725
7.838925
7.84645
7.8696
7.89235
7.904425
7.90745
7.90925
7.914975
7.915625
7.9157
7.920875
7.929125
7.935925
7.9461
7.9539
7.97285
7.975525
7.977975
8.0011
8.019575
8.047575
8.052575
8.063325
8.0668
8.072725
8.094725
8.0979
8.1012
8.1092
8.113225
8.115275
8.1194
8.202075
8.215925
8.218825
8.226325
8.247225
8.251675
8.254275
8.262375
8.26665
8.28465
8.2849
8.28955
8.29185
8.317325
8.32135
8.324375
8.32575
8.326425
8.3453
8.370275
8.39185
8.40955
8.416725
8.4218
8.449775
8.50225
8.503275
8.51095
8.52645
8.527425
8.535075
8.543
8.554
8.5607
8.572075
8.583425
8.5836
8.599125
8.600325
8.613225
8.6279
8.629875
8.63235
8.6413
8.679375
8.7058
8.725325
8.7409
8.7424
8.74425
8.74895
8.751375
8.75375
8.7543
8.778875
8.789475
8.80595
8.811025
8.81195
8.814175
8.837275
8.845675
8.853275
8.85635
8.86245
8.8631
8.868775
8.8767
8.880375
8.883775
8.885975
8.891775
8.89565
8.911525
8.914775
8.9285
8.932525
8.934175
8.952
8.964175
8.9664
8.98865
8.99245
9.011575
9.0121
9.01525
9.01905
9.083075
829
