0.12475
0.1365
0.1523
0.176525
0.1783
0.183125
0.1867
0.18785
0.2368
0.239725
0.2412
0.243225
0.251325
0.254675
0.2863
0.2882
0.290175
0.291525
0.29945
0.304775
0.33875
0.3498
0.408025
0.414
0.4152
0.4207
0.448525
0.4493
0.473225
0.474925
0.493375
0.5045
0.51025
0.529825
0.53125
0.547
0.5479
0.556075
0.564125
0.603375
0.60615
0.60955
0.6345
0.708075
0.708925
0.714325
0.71835
0.720975
0.7269
0.727375
0.7373
0.748675
0.7712
0.7717
0.79255
0.79415
0.7953
0.7959
0.79965
0.82155
0.825275
0.851825
0.8532
0.863875
0.8647
0.879575
0.894125
0.987975
0.995325
1.002825
1.00445
1.009625
1.0143
1.027525
1.029775
1.0354
1.042925
1.044275
1.04575
1.045775
1.0599
1.072325
1.08685
1.094625
1.0961
1.1026
1.11415
1.196825
1.1982
1.224225
1.2429
1.26815
1.3011
1.325
1.328825
1.328875
1.33855
1.342625
1.345275
1.34585
1.351575
1.362175
1.3642
1.36525
1.37975
1.381425
1.400775
1.40815
1.41065
1.4236
1.4324
1.433625
1.43365
1.452225
1.4578
1.4636
1.468325
1.48535
1.49635
1.5142
1.53
1.540275
1.58365
1.6014
1.61225
1.634
1.6438
1.64755
1.649025
1.6503
1.651025
1.65695
1.6792
1.689775
1.71535
1.7368
1.738975
1.743525
1.746275
1.7746
1.791825
1.8668
1.899525
1.900075
1.9017
1.906225
1.9088
1.914625
1.928
1.93235
1.932825
1.9403
1.94565
1.947875
1.95235
1.971075
1.973075
1.984375
1.9867
1.987575
2.0192
2.031025
2.0427
2.05
2.064625
2.071225
2.09315
2.09725
2.12855
2.141325
2.14815
2.173775
2.17655
2.178875
2.200175
2.202825
2.2109
2.21215
2.221575
2.224475
2.23165
2.235975
2.238825
2.26095
2.2648
2.2684
2.269975
2.28015
2.301225
2.31395
2.32505
2.3595
2.362375
2.407
2.418725
2.4234
2.44705
2.453975
2.458575
2.480675
2.49115
2.513075
2.51425
2.51515
2.52005
2.520625
2.522925
2.538175
2.539225
2.56595
2.566825
2.56995
2.5785
2.580525
2.60595
2.614725
2.6187
2.62715
2.646875
2.663575
2.6759
2.681025
2.68225
2.707
2.773225
2.790425
2.800275
2.800875
2.80145
2.8023
2.804425
2.805875
2.83415
2.844675
2.844975
2.8478
2.8673
2.873775
2.909175
2.921775
2.9535
2.984775
2.998775
3.009325
3.035875
3.054325
3.064325
3.075075
3.092775
3.098725
3.102075
3.106225
3.10625
3.107725
3.108275
3.11795
3.121475
3.127075
3.1368
3.1401
3.14605
3.1597
3.169075
3.186975
3.199725
3.20195
3.208075
3.21305
3.219025
3.223325
3.25565
3.256225
3.267075
3.289175
3.292775
3.30185
3.323675
3.35485
3.3815
3.40205
3.40265
3.41735
3.42105
3.4219
3.424475
3.433075
3.433175
3.440525
3.44785
3.44885
3.455275
3.461225
3.4773
3.483175
3.4988
3.500075
3.50325
3.517575
3.5462
3.555475
3.5576
3.5747
3.59135
3.616325
3.62075
3.64515
3.6636
3.70065
3.71655
3.717125
3.738775
3.74635
3.7623
3.77115
3.772325
3.77815
3.780725
3.782875
3.784625
3.787075
3.798325
3.799525
3.83465
3.85525
3.865
3.87905
3.891625
3.892975
3.910525
3.92495
4.0005
4.000925
4.001275
4.002525
4.003675
4.01495
4.0447
4.0557
4.062875
4.085475
4.086825
4.09
4.141675
4.15625
4.17005
4.18915
4.1919
4.210475
4.221675
4.2254
4.2277
4.236675
4.239
4.301975
4.309525
4.32755
4.3366
4.347125
4.35
4.3547
4.357825
4.3706
4.375925
4.3907
4.393325
4.396375
4.397625
4.42125
4.4286
4.4468
4.471275
4.478825
4.4882
4.492825
4.495825
4.533075
4.539875
4.606125
4.60765
4.61045
4.6142
4.6151
4.616175
4.6298
4.6311
4.635575
4.63765
4.678275
4.690475
4.690975
4.6967
4.699525
4.70645
4.712175
4.720175
4.7216
4.72685
4.728675
4.7327
4.741825
4.775725
4.779575
4.81475
4.827125
4.8659
4.882875
4.8843
4.9031
4.90385
4.910425
4.915875
4.925125
4.926825
4.928375
4.937125
4.956475
4.97475
4.9787
4.980975
4.9965
5.003125
5.0136
5.028475
5.0432
5.077075
5.085125
5.098025
5.1101
5.142175
5.1537
5.197775
5.201625
5.209775
5.221725
5.231025
5.2378
5.242625
5.251825
5.254725
5.266575
5.270675
5.276175
5.2782
5.308
5.31925
5.325325
5.35965
5.3603
5.36465
5.377425
5.4004
5.411625
5.42855
5.449625
5.47095
5.48005
5.4834
5.512675
5.5145
5.51895
5.519175
5.527575
5.56185
5.567075
5.60465
5.618575
5.62125
5.6317
5.641975
5.654375
5.6547
5.6607
5.696125
5.7343
5.762675
5.76755
5.770575
5.815325
5.817525
5.83795
5.8385
5.8424
5.848725
5.854925
5.8614
5.87815
5.881525
5.882675
5.887175
5.8887
5.911125
5.925
5.940775
5.95575
5.95785
5.96135
6.002925
6.0093
6.017175
6.024225
6.091175
6.113025
6.122825
6.12425
6.135675
6.13655
6.141025
6.1992
6.2007
6.21545
6.2217
6.227325
6.234925
6.251925
6.2623
6.292925
6.293975
6.334525
6.3392
6.3698
6.404325
6.4058
6.4075
6.408375
6.42485
6.428825
6.4317
6.4387
6.440625
6.4761
6.500875
6.517425
6.5217
6.53305
6.53645
6.546925
6.57625
6.582675
6.58965
6.631125
6.63525
6.64865
6.6497
6.652675
6.6716
6.684725
6.710925
6.718075
6.721025
6.731575
6.7512
6.755375
6.759425
6.765775
6.77265
6.78385
6.785725
6.7923
6.804125
6.810225
6.8197
6.821775
6.84025
6.851275
6.85805
6.873025
6.90295
6.93585
6.9585
7.000075
7.00695
7.008125
7.011925
7.017675
7.023
7.0297
7.031575
7.032875
7.037625
7.042825
7.044425
7.057975
7.062225
7.099475
7.103975
7.10765
7.1146
7.1399
7.14995
7.15185
7.18265
7.231925
7.2888
7.2934
7.310225
7.31735
7.321975
7.334025
7.341575
7.341825
7.3565
7.3615
7.362075
7.362675
7.390075
7.397675
7.407775
7.41645
7.4445
7.4447
7.4782
7.491075
7.492675
7.495725
7.5756
7.6027
7.608125
7.612
7.6126
7.621175
7.6244
7.639525
7.639775
7.65075
7.6511
7.656025
7.6659
7.68195
7.6893
7.6962
7.708925
7.719725
7.757325
7.763075
7.787375
7.794975
7.801725
7.813275
7.89455
7.899275
7.9049
7.905375
7.918925
7.926325
7.926725
7.93345
7.94405
7.95355
7.9601
7.9617
7.969225
7.970525
7.97625
7.98105
8.003275
8.014625
8.0351
8.0498
8.05325
8.055475
8.0815
8.0823
8.095375
8.115975
8.144125
8.146275
8.183925
8.20665
8.214575
8.2173
8.21935
8.23615
8.2466
8.248075
8.252325
8.25265
8.256175
8.26135
8.271375
8.279425
8.294225
8.3017
8.3095
8.314025
8.330875
8.340575
8.348825
8.3735
8.404175
8.429375
8.43265
8.4778
8.502575
8.51005
8.515675
8.515875
8.5223
8.532175
8.537375
8.55285
8.557725
8.57785
8.59545
8.596075
8.5961
8.601425
8.608525
8.6299
8.659825
8.66975
8.674425
8.675375
8.69315
8.70965
8.74285
8.77485
8.791125
8.838275
8.840475
8.8493
8.856575
8.857225
8.862375
8.874575
8.889225
8.892175
8.892375
8.909525
8.91515
8.927775
8.9425
8.956475
8.9676
8.9755
8.98815
9.003675
9.0485
9.0865
9.092575
9.099375
740
