0.100075
0.103025
0.123425
0.166425
0.18175
0.187975
0.19515
0.20665
0.229075
0.239825
0.24435
0.319825
0.3911
0.40235
0.4072
0.40785
0.414525
0.426925
0.427225
0.429375
0.4436
0.4468
0.455625
0.459025
0.46495
0.466525
0.470425
0.483075
0.4836
0.4878
0.489475
0.500325
0.50065
0.50455
0.512425
0.51585
0.520375
0.5513
0.56
0.5772
0.5959
0.605
0.62015
0.6225
0.6407
0.64095
0.670075
0.687025
0.703275
0.703625
0.7147
0.750275
0.765025
0.770125
0.77615
0.77805
0.79095
0.79285
0.82295
0.8277
0.847575
0.854225
0.892825
0.9714
0.983
1.00065
1.006725
1.00845
1.034425
1.038075
1.0408
1.0515
1.065225
1.07685
1.101475
1.113825
1.117475
1.120675
1.12205
1.1777
1.181375
1.195975
1.214475
1.285625
1.311725
1.3165
1.325575
1.326475
1.331775
1.335525
1.34645
1.349825
1.36275
1.3663
1.3739
1.3746
1.3755
1.378375
1.409025
1.412425
1.417675
1.4268
1.4331
1.43415
1.455625
1.482375
1.483575
1.4853
1.4902
1.50315
1.52455
1.52965
1.538225
1.546475
1.555
1.610025
1.61235
1.61735
1.63195
1.63795
1.64125
1.642325
1.643325
1.6516
1.704925
1.71505
1.72575
1.729575
1.7363
1.7547
1.75755
1.771325
1.785825
1.80625
1.809525
1.8568
1.894975
1.900775
1.9072
1.915925
1.92325
1.926425
1.934975
1.94215
1.955175
1.9645
1.9948
2.0005
2.0179
2.047125
2.050325
2.053825
2.07975
2.13085
2.185075
2.20035
2.208825
2.213775
2.217175
2.2293
2.2421
2.25205
2.257575
2.271525
2.274175
2.306025
2.324525
2.336225
2.3367
2.378575
2.38
2.383475
2.403375
2.434275
2.44995
2.4599
2.5129
2.515475
2.520275
2.5295
2.52995
2.5345
2.537425
2.549825
2.552525
2.5621
2.572125
2.57735
2.579025
2.57945
2.5805
2.5915
2.594775
2.595325
2.59755
2.6016
2.60855
2.633225
2.644
2.647625
2.6481
2.65405
2.715175
2.7167
2.765625
2.809975
2.8176
2.81815
2.8351
2.855975
2.863275
2.8787
2.878825
2.883125
2.9042
2.9103
2.915825
2.915975
2.9214
2.934175
2.93525
2.9432
2.95025
2.953525
2.95805
2.9595
2.96165
2.968175
2.97125
2.99145
3.012525
3.016175
3.021775
3.0303
3.03415
3.051675
3.0744
3.0767
3.109425
3.109675
3.115475
3.11655
3.122375
3.126625
3.135425
3.15515
3.15685
3.1637
3.167175
3.16845
3.19785
3.20005
3.206575
3.211025
3.2116
3.2385
3.247275
3.259525
3.2654
3.274975
3.289875
3.29305
3.296325
3.3006
3.305475
3.313275
3.31935
3.3306
3.3405
3.36195
3.373625
3.3756
3.39485
3.403775
3.4044
3.404675
3.40555
3.41135
3.412925
3.41325
3.41375
3.420375
3.4212
3.42585
3.426675
3.43665
3.446725
3.44805
3.471075
3.487475
3.51755
3.51825
3.518625
3.5465
3.556375
3.557
3.5726
3.585975
3.5944
3.701775
3.70465
3.71585
3.7184
3.72
3.732575
3.733675
3.7339
3.741675
3.75045
3.7568
3.759425
3.771575
3.7797
3.7892
3.794975
3.797525
3.8135
3.817925
3.83085
3.831675
3.83545
3.877325
3.89045
3.892
3.917
3.941125
3.941325
3.942575
3.966675
3.983675
3.991475
3.99565
4.00965
4.010025
4.0104
4.017725
4.018825
4.019475
4.0263
4.035625
4.040225
4.05705
4.0677
4.071525
4.076025
4.0768
4.08345
4.08405
4.09105
4.0998
4.10305
4.1091
4.1093
4.110175
4.142325
4.142475
4.1503
4.162325
4.180325
4.183125
4.24545
4.2533
4.256275
4.261875
4.279275
4.303425
4.306225
4.307175
4.31245
4.31975
4.32085
4.333275
4.3511
4.37465
4.3807
4.380975
4.38285
4.38535
4.387825
4.407575
4.4117
4.415275
4.420425
4.42315
4.423575
4.4245
4.4317
4.44745
4.458525
4.466575
4.477725
4.496175
4.49885
4.511725
4.5191
4.52755
4.52955
4.534875
4.537725
4.563275
4.6036
4.620775
4.621325
4.6223
4.628225
4.63035
4.632425
4.63775
4.64925
4.653
4.6624
4.684725
4.68655
4.69835
4.727
4.753075
4.757375
4.765625
4.7937
4.8017
4.807325
4.831975
4.8439
4.850875
4.857675
4.8895
4.8976
4.89985
4.90715
4.91255
4.92195
4.931275
4.9332
4.935
4.95655
4.959125
4.97395
5.0079
5.010975
5.013675
5.02455
5.0258
5.03015
5.036275
5.041375
5.107725
5.111425
5.113875
5.1412
5.14975
5.197825
5.217125
5.225325
5.226
5.232625
5.2494
5.251075
5.254725
5.257075
5.276475
5.289875
5.2981
5.29945
5.3076
5.3127
5.313575
5.32015
5.3254
5.327025
5.3341
5.35895
5.3917
5.396025
5.4448
5.447475
5.4756
5.486125
5.5272
5.52795
5.542075
5.54295
5.563075
5.565125
5.568875
5.572475
5.594675
5.606575
5.61575
5.628625
5.633275
5.649675
5.65245
5.6533
5.668
5.6809
5.685325
5.685525
5.686525
5.6988
5.712775
5.7173
5.729425
5.7306
5.7412
5.760025
5.8031
5.806175
5.827
5.830975
5.836475
5.8374
5.849675
5.854625
5.861575
5.862475
5.863325
5.864875
5.86585
5.866
5.88165
5.887475
5.9011
5.902375
5.91395
5.953925
5.9757
5.979
5.98825
5.995525
6.094225
6.09915
6.111575
6.115225
6.118925
6.1222
6.132
6.135975
6.14305
6.14355
6.150125
6.152475
6.169725
6.176975
6.206825
6.2151
6.219225
6.219925
6.220625
6.242325
6.24385
6.263475
6.265225
6.31575
6.343675
6.380175
6.383325
6.388125
6.401475
6.4168
6.453475
6.4535
6.4613
6.466825
6.475775
6.4809
6.48175
6.493375
6.49535
6.498075
6.4982
6.501925
6.50225
6.5128
6.51495
6.51555
6.541675
6.629675
6.63495
6.65985
6.700625
6.7123
6.71515
6.715825
6.717125
6.7247
6.725575
6.739725
6.756
6.7602
6.76255
6.766325
6.7713
6.782225
6.809825
6.8112
6.8346
6.859975
6.89445
6.924425
6.93275
6.937175
7.0079
7.0089
7.009175
7.01095
7.016375
7.0172
7.028425
7.0358
7.03815
7.040375
7.0424
7.0432
7.0438
7.05045
7.072975
7.088025
7.100025
7.110775
7.172825
7.187675
7.19205
7.265425
7.2655
7.266175
7.27695
7.2879
7.299825
7.31005
7.318225
7.318375
7.323025
7.32365
7.326375
7.341525
7.3602
7.360825
7.3686
7.381425
7.396175
7.39735
7.4045
7.408475
7.4112
7.432925
7.4493
7.4602
7.46855
7.48255
7.48765
7.516975
7.519375
7.5305
7.543975
7.55915
7.567725
7.57315
7.600175
7.613075
7.62125
7.634675
7.64005
7.6447
7.664175
7.67215
7.673575
7.679075
7.681875
7.684975
7.707675
7.720075
7.722525
7.7546
7.7684
7.7813
7.783525
7.78445
7.840525
7.8496
7.9013
7.917875
7.91895
7.930075
7.943425
7.965875
7.9675
7.9806
7.987175
8.020875
8.039525
8.040025
8.0713
8.074325
8.085075
8.100225
8.108075
8.11015
8.11125
8.118475
8.1379
8.1655
8.21
8.214225
8.215375
8.223475
8.23685
8.252325
8.26085
8.263625
8.27085
8.301475
8.302875
8.30445
8.31865
8.347525
8.3683
8.368675
8.368825
8.373675
8.39775
8.404525
8.413925
8.4383
8.502
8.50415
8.508125
8.508275
8.51185
8.513275
8.518575
8.544475
8.5497
8.558625
8.575225
8.5845
8.5875
8.591
8.591125
8.59495
8.59905
8.605025
8.61635
8.63815
8.64015
8.6426
8.654125
8.6674
8.670175
8.681475
8.6921
8.699675
8.728225
8.74595
8.811125
8.811525
8.8148
8.816325
8.820475
8.8233
8.8258
8.83115
8.831425
8.835575
8.83865
8.839575
8.848625
8.858775
8.885625
8.91865
8.932275
8.958925
8.9596
8.967875
8.9996
9.019275
9.02515
9.0278
9.032425
778
