0.08265
0.112275
0.120425
0.123
0.126075
0.12915
0.13305
0.14235
0.1508
0.17345
0.180325
0.182325
0.18825
0.211375
0.23775
0.26845
0.318925
0.31995
0.333875
0.34735
0.36525
0.400875
0.410175
0.41145
0.411625
0.413275
0.4306
0.43335
0.4355
0.452075
0.47915
0.493525
0.496
0.530375
0.545325
0.5698
0.5944
0.599225
0.612775
0.628875
0.655325
0.692425
0.7153
0.717925
0.720225
0.7216
0.724675
0.724725
0.72665
0.7343
0.749575
0.759275
0.767225
0.7757
0.779975
0.788925
0.791625
0.808075
0.810875
0.8416
0.8499
0.855675
0.86035
0.869575
0.870325
0.87605
0.913225
0.915925
0.91625
0.92945
0.943525
0.95715
0.976425
0.97705
0.993275
1.008075
1.009725
1.016075
1.01645
1.027675
1.02885
1.0348
1.037825
1.04935
1.050175
1.0605
1.0648
1.0649
1.080675
1.09325
1.100075
1.1028
1.112325
1.11275
1.1144
1.11665
1.119775
1.121825
1.132775
1.1339
1.135675
1.1406
1.1413
1.145425
1.16
1.21
1.221025
1.303125
1.3081
1.312775
1.3224
1.3283
1.3291
1.33295
1.336375
1.340525
1.3414
1.346475
1.373825
1.37695
1.403975
1.43515
1.445575
1.456925
1.45905
1.46385
1.5268
1.540275
1.555
1.61775
1.6227
1.633625
1.6398
1.64045
1.641675
1.6434
1.6498
1.651475
1.653375
1.66225
1.6774
1.6862
1.733725
1.748025
1.7557
1.822975
1.836825
1.8398
1.841025
1.8513
1.8575
1.861175
1.888125
1.901675
1.905175
1.908625
1.9235
1.927075
1.94055
1.940725
1.963675
1.9651
1.970825
1.97535
1.9795
1.979775
1.996125
2.0352
2.03615
2.0429
2.069
2.081775
2.085475
2.085525
2.087875
2.09455
2.116975
2.14195
2.19685
2.20705
2.2109
2.21645
2.2184
2.219275
2.220275
2.2209
2.225125
2.225775
2.23595
2.236075
2.2372
2.24915
2.250525
2.251375
2.252675
2.27045
2.2705
2.2914
2.2973
2.313625
2.323375
2.359975
2.3793
2.398225
2.398775
2.403925
2.404625
2.4184
2.42105
2.459725
2.497775
2.502375
2.509325
2.5133
2.518425
2.523175
2.5358
2.544425
2.5549
2.569275
2.5804
2.59735
2.6051
2.61085
2.618775
2.620875
2.62975
2.63185
2.634975
2.6534
2.65555
2.694725
2.6985
2.709925
2.730675
2.743475
2.748125
2.750575
2.75555
2.7721
2.80175
2.80495
2.81615
2.821475
2.8252
2.830325
2.831325
2.834525
2.835475
2.83735
2.839125
2.849475
2.866225
2.875825
2.8915
2.897325
2.93475
2.939325
2.947225
2.969825
2.995725
3.00445
3.0151
3.024925
3.03845
3.059675
3.063475
3.084525
3.106225
3.11915
3.12735
3.1309
3.15635
3.17175
3.188875
3.19675
3.21145
3.2142
3.225675
3.2418
3.25055
3.376
3.4016
3.411025
3.41385
3.416075
3.432425
3.44215
3.445725
3.44775
3.454375
3.4547
3.473125
3.474075
3.482825
3.490975
3.494225
3.498125
3.5166
3.5188
3.5364
3.543375
3.545225
3.5542
3.573975
3.580225
3.58045
3.580875
3.581025
3.61565
3.622725
3.6273
3.6397
3.700675
3.70635
3.71145
3.71585
3.716225
3.7168
3.7211
3.73585
3.737325
3.738125
3.739375
3.753725
3.76985
3.775125
3.781525
3.785275
3.795475
3.79715
3.803125
3.8084
3.83795
3.84695
3.851325
3.852925
3.8909
3.89705
3.925025
3.927
3.959
3.9615
3.96745
3.998975
4.004925
4.010325
4.01075
4.011125
4.01455
4.018375
4.03005
4.0309
4.033575
4.042725
4.043875
4.0565
4.064025
4.0654
4.092475
4.094175
4.111175
4.128825
4.13315
4.135625
4.14635
4.14725
4.159775
4.183275
4.291625
4.303775
4.31085
4.319125
4.3195
4.327525
4.334875
4.349825
4.355775
4.36
4.360475
4.36075
4.36515
4.36835
4.371725
4.3737
4.3806
4.383625
4.384775
4.3859
4.38655
4.40535
4.407825
4.4143
4.4265
4.426975
4.444
4.446025
4.4542
4.50115
4.55835
4.5605
4.585075
4.601375
4.601675
4.602775
4.603575
4.609575
4.621325
4.621975
4.62265
4.625825
4.6323
4.633325
4.636475
4.636675
4.644175
4.64465
4.64535
4.665325
4.6864
4.737375
4.739675
4.749825
4.758
4.7694
4.76985
4.775
4.784025
4.814825
4.820525
4.834625
4.8352
4.859425
4.8943
4.8968
4.900975
4.919
4.920675
4.923125
4.93035
4.9405
4.949775
4.95145
4.9556
4.95655
4.964575
4.9692
4.977225
4.9818
4.985725
4.9879
4.9969
5.01145
5.018
5.032075
5.0593
5.081475
5.1325
5.1417
5.143275
5.176175
5.200475
5.201525
5.2044
5.204825
5.207925
5.2132
5.220175
5.22395
5.224775
5.23325
5.2393
5.240975
5.250625
5.255525
5.270425
5.28135
5.3225
5.37195
5.375175
5.376475
5.386825
5.4028
5.408725
5.431725
5.4486
5.455325
5.480575
5.5037
5.523525
5.53585
5.542675
5.54425
5.547025
5.585725
5.605875
5.617325
5.622725
5.62765
5.64365
5.652075
5.67765
5.6874
5.689025
5.69265
5.726525
5.727575
5.735
5.7839
5.799575
5.805725
5.80715
5.8106
5.813075
5.813775
5.81665
5.81955
5.834325
5.835125
5.8395
5.84605
5.852075
5.8564
5.865425
5.8671
5.870675
5.9308
5.953125
5.95555
5.95665
5.963625
5.96875
6.03755
6.042275
6.0497
6.058025
6.067775
6.077325
6.1038
6.1182
6.1201
6.124875
6.132475
6.134675
6.13525
6.169275
6.189275
6.20555
6.207775
6.2079
6.229975
6.23385
6.25375
6.267625
6.2902
6.334
6.363925
6.4014
6.422525
6.439525
6.460625
6.462675
6.472825
6.48325
6.5048
6.514475
6.52765
6.534425
6.546775
6.588125
6.5887
6.5889
6.597775
6.6005
6.607975
6.63275
6.649175
6.66025
6.660525
6.664625
6.6796
6.70735
6.7134
6.721675
6.722425
6.72365
6.724175
6.735575
6.742325
6.756075
6.757075
6.76405
6.7671
6.772425
6.774025
6.78375
6.784625
6.7863
6.789925
6.794325
6.81465
6.8232
6.8537
6.8588
6.86775
6.869825
6.898575
6.9078
6.91695
6.917675
6.94555
6.94715
6.97735
7.011325
7.0174
7.017525
7.0228
7.0294
7.03065
7.03745
7.0413
7.05665
7.058
7.079125
7.085925
7.091725
7.095225
7.09925
7.10585
7.129825
7.145475
7.148025
7.165675
7.175875
7.177825
7.21745
7.299175
7.3121
7.317775
7.335875
7.34355
7.35435
7.3603
7.3651
7.369825
7.3738
7.382075
7.395475
7.405325
7.4217
7.4431
7.455425
7.4873
7.492925
7.501625
7.511175
7.561925
7.567325
7.577
7.57915
7.585875
7.593525
7.60475
7.616075
7.618925
7.6193
7.61965
7.622225
7.62805
7.630825
7.63545
7.643575
7.6466
7.650075
7.669775
7.69055
7.699925
7.7008
7.714525
7.717325
7.725775
7.73545
7.795275
7.79595
7.803625
7.803775
7.804025
7.816775
7.82755
7.827775
7.841825
7.865775
7.881025
7.901575
7.908075
7.9113
7.91595
7.918975
7.92075
7.924475
7.927
7.9286
7.949075
7.961
7.967075
7.98425
7.99595
8.007075
8.009575
8.037325
8.065775
8.081375
8.081875
8.084775
8.093825
8.100575
8.1103
8.113175
8.120025
8.1402
8.152575
8.17815
8.188525
8.190525
8.191725
8.2006
8.215075
8.21585
8.21655
8.22275
8.223825
8.228125
8.229225
8.2307
8.234
8.2441
8.2579
8.263825
8.265525
8.272575
8.289325
8.289725
8.2974
8.308525
8.314025
8.316425
8.32385
8.329575
8.338075
8.359275
8.364775
8.365
8.370575
8.375525
8.37805
8.4025
8.451825
8.48935
8.504425
8.5078
8.5228
8.538375
8.5653
8.568
8.57475
8.5814
8.590725
8.60385
8.609775
8.610225
8.627475
8.640875
8.646075
8.652675
8.65305
8.673
8.6864
8.6896
8.704
8.7073
8.714475
8.72795
8.72935
8.759675
8.760275
8.763775
8.77445
8.78055
8.7901
8.798675
8.806375
8.806425
8.810575
8.8195
8.832875
8.848575
8.8605
8.860925
8.86615
8.86965
8.8708
8.8719
8.881
8.897675
8.909675
8.91445
8.920975
8.921225
9.00335
9.021025
9.058475
9.0746
9.084925
813
