0.100375
0.10195
0.128025
0.1316
0.132025
0.133625
0.137575
0.141425
0.14145
0.14325
0.15435
0.15625
0.15725
0.173025
0.18385
0.18705
0.187625
0.22375
0.2286
0.27215
0.27565
0.28575
0.292975
0.30585
0.31095
0.312775
0.321225
0.3431
0.3721
0.38555
0.414325
0.415925
0.41635
0.430075
0.4318
0.432675
0.452275
0.453675
0.46545
0.48675
0.48785
0.498625
0.50725
0.507525
0.52415
0.532275
0.5425
0.54345
0.54545
0.5631
0.573
0.596625
0.6131
0.635175
0.659725
0.670875
0.6792
0.6959
0.704675
0.721475
0.73525
0.740475
0.742675
0.74435
0.764375
0.7734
0.7858
0.7882
0.792175
0.79255
0.79855
0.8123
0.8152
0.832425
0.8405
0.8499
0.858825
0.8663
0.877425
0.920225
0.92455
0.94985
0.977375
0.9895
1.001
1.0023
1.00425
1.00855
1.01895
1.020725
1.02345
1.02835
1.0286
1.0287
1.0349
1.036775
1.038625
1.040975
1.060875
1.06975
1.070175
1.094975
1.10475
1.120975
1.122175
1.141475
1.14355
1.1724
1.1912
1.19325
1.213475
1.218375
1.28305
1.2899
1.30255
1.3102
1.315575
1.318225
1.337475
1.339525
1.34005
1.3523
1.353075
1.362725
1.372925
1.3827
1.38485
1.3954
1.40335
1.407725
1.418625
1.4192
1.420425
1.431575
1.4334
1.472325
1.48115
1.489025
1.5009
1.502375
1.513625
1.5249
1.6044
1.629725
1.636
1.650075
1.650625
1.69405
1.6946
1.7017
1.70395
1.705125
1.741025
1.749325
1.7653
1.767075
1.7878
1.79795
1.811475
1.8171
1.8436
1.866925
1.882075
1.9013
1.910625
1.911725
1.91725
1.92345
1.93415
1.9448
1.94875
1.954125
1.959775
1.9648
1.966725
1.96895
1.97535
1.99105
1.993875
2.003225
2.03545
2.04505
2.06695
2.0745
2.0747
2.091225
2.1005
2.106975
2.11445
2.123225
2.125975
2.13285
2.1433
2.1525
2.159925
2.188625
2.1891
2.19615
2.2018
2.2214
2.22425
2.225
2.22755
2.241175
2.24185
2.253025
2.26285
2.264875
2.265925
2.29655
2.3074
2.3189
2.32935
2.3335
2.34945
2.355025
2.35955
2.368525
2.369875
2.381375
2.38245
2.38385
2.384875
2.38705
2.3883
2.406925
2.409175
2.4297
2.482225
2.506925
2.512525
2.519625
2.536925
2.53725
2.54145
2.545425
2.546775
2.548025
2.5547
2.557475
2.56915
2.574475
2.575275
2.578875
2.58925
2.5922
2.59495
2.5965
2.61935
2.634225
2.662225
2.70945
2.712975
2.7271
2.7429
2.7466
2.763325
2.763775
2.76665
2.776325
2.8047
2.812
2.81835
2.81875
2.82055
2.829025
2.830325
2.836125
2.845175
2.852325
2.863325
2.87515
2.879925
2.895125
2.9091
2.924625
2.929525
2.950475
2.9564
2.978725
2.981675
2.9834
2.984825
2.986225
3.00755
3.014675
3.021625
3.078225
3.08085
3.117325
3.137425
3.141975
3.146575
3.167925
3.17295
3.186275
3.18775
3.199125
3.20885
3.220625
3.227325
3.22945
3.240275
3.24205
3.24635
3.258425
3.259775
3.276575
3.29245
3.329
3.34065
3.36345
3.399075
3.400975
3.4065
3.408025
3.413875
3.422975
3.426725
3.428025
3.4347
3.435
3.436575
3.444975
3.4659
3.477275
3.482925
3.4871
3.49375
3.504
3.505
3.51295
3.518025
3.5266
3.52665
3.54535
3.548375
3.5758
3.60045
3.633375
3.660775
3.684725
3.699375
3.7088
3.71305
3.719575
3.721025
3.7314
3.73285
3.7337
3.758625
3.760525
3.766275
3.77095
3.77205
3.780025
3.78785
3.805775
3.823275
3.850875
3.855125
3.85745
3.865025
3.88035
3.91745
3.9276
3.938225
3.9898
3.990475
4.001375
4.0095
4.015875
4.0177
4.028075
4.033225
4.04025
4.044275
4.05665
4.060475
4.07425
4.082525
4.087575
4.087925
4.090675
4.093625
4.102575
4.11585
4.11855
4.134775
4.137475
4.14335
4.148275
4.220275
4.22405
4.227525
4.2481
4.24855
4.272975
4.300525
4.302475
4.3031
4.31735
4.32765
4.333575
4.340425
4.3415
4.352225
4.3637
4.3659
4.37475
4.37965
4.381125
4.392075
4.396325
4.397775
4.398475
4.4086
4.410175
4.4348
4.43635
4.4511
4.45155
4.4537
4.4579
4.462
4.47
4.47945
4.501125
4.526525
4.529275
4.530025
4.54335
4.5504
4.57905
4.5902
4.60755
4.616925
4.621325
4.6237
4.63115
4.63455
4.656875
4.66715
4.669
4.671475
4.676575
4.678775
4.682975
4.69675
4.69885
4.7236
4.7329
4.745
4.8153
4.81955
4.819575
4.8304
4.838275
4.842075
4.8424
4.84455
4.900975
4.90935
4.925975
4.929
4.93325
4.940075
4.94025
4.951
4.959975
4.980325
4.985525
5.00535
5.014975
5.02175
5.03285
5.06285
5.0843
5.096675
5.1352
5.136425
5.18165
5.191175
5.202525
5.213925
5.21755
5.22045
5.2228
5.2241
5.231225
5.236075
5.23875
5.24405
5.244475
5.2487
5.25745
5.261825
5.262325
5.27455
5.28415
5.3004
5.31815
5.322675
5.3383
5.356225
5.357825
5.363775
5.3743
5.38075
5.382025
5.40015
5.41445
5.4441
5.452575
5.459
5.474425
5.475325
5.489125
5.492475
5.503275
5.513375
5.533975
5.560675
5.56515
5.57845
5.579425
5.587825
5.617775
5.624675
5.63715
5.639925
5.654725
5.655725
5.656025
5.69115
5.754275
5.768225
5.781475
5.788225
5.8001
5.809575
5.81435
5.823275
5.828925
5.860075
5.861475
5.8692
5.887375
5.89435
5.90705
5.91345
5.917525
5.9258
5.945775
5.953175
5.95365
5.953925
5.97745
5.977575
5.984525
5.9909
5.9933
6.00825
6.028875
6.0706
6.09535
6.1064
6.112775
6.113275
6.120325
6.15015
6.151325
6.201225
6.2222
6.2312
6.242675
6.24545
6.2715
6.280225
6.302225
6.31025
6.391975
6.403925
6.41365
6.4207
6.442675
6.449325
6.463025
6.463175
6.477375
6.500575
6.506125
6.5158
6.52925
6.534725
6.539175
6.5421
6.553775
6.557625
6.5713
6.584425
6.587275
6.5906
6.59495
6.600775
6.655775
6.68205
6.685075
6.68715
6.690275
6.701575
6.7147
6.71765
6.727475
6.7364
6.737525
6.759425
6.7711
6.776925
6.779925
6.784325
6.7847
6.788575
6.807025
6.814225
6.816675
6.82725
6.83555
6.842325
6.85365
6.858425
6.864025
6.8669
6.878025
6.89925
6.903
6.9198
6.9229
6.95275
7.0055
7.01415
7.06285
7.06315
7.063775
7.090125
7.09745
7.097875
7.123775
7.124575
7.146125
7.153625
7.169525
7.17705
7.18035
7.18585
7.189375
7.208325
7.211575
7.213225
7.216875
7.224225
7.2443
7.303725
7.307
7.310275
7.314325
7.316225
7.317775
7.343825
7.35265
7.357425
7.38555
7.38665
7.3892
7.3982
7.4035
7.40765
7.41585
7.439725
7.475175
7.476525
7.4872
7.4903
7.49075
7.50165
7.524325
7.539525
7.5531
7.609925
7.613
7.615425
7.6239
7.6263
7.63115
7.63495
7.66845
7.669275
7.67895
7.704975
7.71335
7.73025
7.73955
7.739975
7.7479
7.75135
7.764775
7.7715
7.81
7.81035
7.817875
7.821075
7.825575
7.83475
7.848075
7.8696
7.87205
7.89535
7.90625
7.9173
7.917325
7.92415
7.924975
7.93055
7.930975
7.93145
7.9343
7.94225
7.942825
7.943025
7.949
7.956075
7.959025
7.9647
7.966
7.970675
8.012575
8.02945
8.0387
8.06745
8.132525
8.14925
8.16045
8.1738
8.1938
8.214275
8.2395
8.258925
8.2728
8.286175
8.2998
8.304525
8.30475
8.31255
8.31385
8.3163
8.33185
8.332225
8.334625
8.346275
8.359775
8.3598
8.3735
8.375575
8.37865
8.39765
8.4459
8.456875
8.504975
8.5161
8.518275
8.5188
8.5199
8.529125
8.5306
8.54275
8.5444
8.5472
8.555975
8.5575
8.5592
8.5733
8.5817
8.5822
8.59545
8.597625
8.6175
8.63255
8.644375
8.64985
8.666675
8.6955
8.702275
8.706375
8.734375
8.742275
8.7505
8.796425
8.801375
8.8017
8.802025
8.806425
8.8176
8.820675
8.823325
8.841975
8.8464
8.849875
8.91725
8.92825
8.933625
8.933675
8.9509
8.9595
8.96085
8.9902
9.0085
9.040325
9.04105
9.04655
9.0485
9.063825
9.0681
9.0862
9.091725
824
