0.052425
0.1021
0.1024
0.113725
0.1206
0.12115
0.125825
0.13315
0.133325
0.13465
0.142625
0.144175
0.145925
0.1635
0.16375
0.171675
0.17435
0.175325
0.20505
0.20965
0.22475
0.228525
0.229325
0.230975
0.2324
0.253475
0.254
0.262225
0.27325
0.29
0.2924
0.301175
0.302225
0.324825
0.339825
0.339975
0.3435
0.381975
0.39175
0.406825
0.40705
0.413875
0.434825
0.4401
0.443175
0.4506
0.4599
0.485
0.501025
0.51275
0.51295
0.5454
0.5547
0.55975
0.56155
0.564075
0.575275
0.582675
0.651
0.714375
0.714875
0.716925
0.7206
0.720925
0.732475
0.7445
0.7626
0.775025
0.8035
0.80855
0.824625
0.826925
0.846925
0.853975
0.871875
0.95495
0.971625
1.00035
1.003375
1.01405
1.014075
1.0155
1.024025
1.040725
1.0515
1.094275
1.1313
1.141925
1.146675
1.150325
1.16355
1.172925
1.17675
1.181375
1.19465
1.19475
1.2243
1.2703
1.2742
1.275525
1.2834
1.286675
1.2871
1.304425
1.3079
1.310725
1.318625
1.331125
1.331675
1.34515
1.34935
1.38735
1.39035
1.392675
1.39335
1.39935
1.40535
1.411175
1.414425
1.431925
1.439825
1.461675
1.464925
1.4662
1.484175
1.529975
1.56395
1.578275
1.605325
1.6129
1.639025
1.648475
1.650725
1.65415
1.656175
1.65745
1.6696
1.679975
1.7021
1.718025
1.737
1.748175
1.765225
1.765625
1.772225
1.7993
1.8246
1.82605
1.829825
1.89405
1.900125
1.900325
1.904625
1.915525
1.92125
1.940175
1.945025
1.948725
1.95055
1.953675
1.958075
1.96195
1.96545
1.970575
1.978575
1.98055
1.980675
1.983675
2.00305
2.018775
2.0274
2.02805
2.05505
2.08325
2.136675
2.137775
2.147375
2.1948
2.20125
2.204975
2.206
2.214925
2.215475
2.2166
2.21735
2.2185
2.21875
2.2199
2.221325
2.222175
2.224475
2.226875
2.231025
2.23605
2.236125
2.23655
2.24125
2.24645
2.25975
2.260525
2.263325
2.270575
2.2911
2.304175
2.311175
2.3115
2.321275
2.324875
2.336625
2.343025
2.35915
2.376025
2.387775
2.403875
2.4134
2.444075
2.465475
2.48795
2.499525
2.514225
2.514875
2.5192
2.523025
2.524125
2.52975
2.529975
2.530075
2.53785
2.538925
2.544875
2.549825
2.55105
2.556825
2.55725
2.56945
2.573525
2.592375
2.605025
2.611625
2.61475
2.6281
2.66415
2.669425
2.69315
2.716775
2.7301
2.775575
2.7851
2.7954
2.8034
2.810775
2.813075
2.8226
2.83005
2.835075
2.8397
2.858475
2.861125
2.866225
2.86745
2.87285
2.873375
2.88155
2.8874
2.892225
2.943925
2.948325
2.964925
2.980775
3.004475
3.02645
3.0649
3.1102
3.110825
3.1191
3.126125
3.127
3.1338
3.1429
3.1449
3.1505
3.161975
3.1695
3.2219
3.257975
3.2686
3.319575
3.3492
3.350275
3.40135
3.411025
3.4118
3.413375
3.41915
3.448225
3.449975
3.4526
3.45705
3.45835
3.462975
3.4682
3.4779
3.48785
3.497225
3.510225
3.5225
3.52795
3.529025
3.5491
3.55805
3.5656
3.579325
3.611325
3.621925
3.629875
3.63205
3.676625
3.690775
3.702325
3.712975
3.7148
3.717125
3.7173
3.718025
3.720975
3.73645
3.744275
3.766225
3.770775
3.773925
3.79435
3.801225
3.826775
3.85465
3.8812
3.900175
3.91155
3.924375
3.9532
3.953475
3.998925
4.009
4.017325
4.0236
4.024725
4.02855
4.0421
4.0457
4.047625
4.06605
4.094975
4.106525
4.11055
4.116325
4.137375
4.142025
4.175925
4.183775
4.190425
4.193475
4.202225
4.20985
4.21995
4.288425
4.304175
4.30705
4.30725
4.30775
4.314875
4.318375
4.322475
4.32255
4.34055
4.343025
4.3514
4.355075
4.355875
4.3779
4.3908
4.410425
4.41865
4.4202
4.43235
4.43375
4.43385
4.45245
4.4547
4.482025
4.49055
4.507975
4.573425
4.606825
4.611375
4.61295
4.61415
4.620075
4.622125
4.630425
4.641475
4.647325
4.670675
4.676825
4.677925
4.689125
4.68935
4.712175
4.72875
4.737525
4.73875
4.743875
4.7497
4.752675
4.7684
4.77425
4.802325
4.814025
4.8343
4.846925
4.906425
4.907075
4.9072
4.915925
4.916
4.919875
4.92335
4.925725
4.931925
4.9334
4.933625
4.93885
4.954125
4.9545
4.967525
4.969575
4.969625
4.969725
4.9746
4.989025
4.9984
5.006425
5.016675
5.017675
5.021425
5.027025
5.036925
5.054125
5.061025
5.09025
5.093525
5.098775
5.1032
5.11585
5.124325
5.19985
5.201425
5.209575
5.213425
5.21785
5.232575
5.250925
5.25175
5.2562
5.2734
5.27925
5.28385
5.29065
5.294675
5.29775
5.320775
5.335225
5.3536
5.398725
5.407025
5.411675
5.41575
5.4217
5.4568
5.484025
5.484325
5.493625
5.513
5.51505
5.5155
5.525525
5.540875
5.5512
5.565025
5.565575
5.584975
5.58725
5.590175
5.5905
5.593025
5.59445
5.59555
5.598325
5.60065
5.609325
5.638575
5.648625
5.65285
5.6567
5.75115
5.7766
5.799125
5.80805
5.82045
5.82325
5.82875
5.8342
5.83725
5.84405
5.844625
5.845675
5.850975
5.8684
5.879725
5.880025
5.8969
5.91835
5.950625
5.986325
6.0066
6.020825
6.1262
6.128775
6.141
6.14335
6.147125
6.1611
6.1642
6.1836
6.183925
6.19835
6.203725
6.256775
6.293925
6.3015
6.31115
6.31845
6.37135
6.40895
6.413225
6.416275
6.424275
6.430725
6.432325
6.4409
6.4477
6.452225
6.4532
6.456225
6.4587
6.46175
6.4728
6.478875
6.497675
6.5085
6.514
6.542575
6.551925
6.56875
6.5848
6.58925
6.59305
6.59575
6.61195
6.6169
6.6328
6.64585
6.68135
6.691325
6.70115
6.7071
6.728725
6.756175
6.760375
6.762675
6.768125
6.7789
6.786475
6.794025
6.79685
6.8033
6.824775
6.8315
6.834675
6.83685
6.8436
6.862375
6.865825
6.886075
6.886725
6.903675
6.90785
6.93685
6.962375
6.970025
7.002725
7.011025
7.0138
7.023125
7.0285
7.032575
7.043375
7.046975
7.048675
7.0547
7.055825
7.06135
7.062575
7.0654
7.066825
7.069
7.070625
7.083525
7.09815
7.101275
7.1153
7.11755
7.13045
7.1604
7.1827
7.1922
7.215975
7.239225
7.25025
7.25425
7.260225
7.265925
7.2691
7.2787
7.29825
7.299975
7.304575
7.3079
7.313675
7.314775
7.31685
7.323325
7.3269
7.34615
7.351325
7.3524
7.364075
7.36855
7.383175
7.39945
7.41595
7.417925
7.418625
7.421875
7.4561
7.46745
7.4995
7.5053
7.51575
7.516725
7.521075
7.524425
7.52635
7.552425
7.552825
7.5577
7.60125
7.601575
7.609
7.6139
7.6176
7.6298
7.636775
7.6469
7.67925
7.691125
7.691875
7.74835
7.75455
7.754725
7.774275
7.7844
7.854475
7.85515
7.864975
7.88705
7.910075
7.917875
7.92345
7.9274
7.9298
7.932925
7.9463
7.947525
7.94795
7.95175
7.952275
7.963975
7.970225
7.975475
7.9782
7.992025
8.000225
8.016
8.04065
8.058625
8.0689
8.08215
8.090175
8.092425
8.104775
8.12935
8.15165
8.175625
8.197
8.200575
8.203925
8.216975
8.22
8.221475
8.241175
8.24745
8.248125
8.27305
8.2754
8.289675
8.3026
8.30345
8.304575
8.3184
8.322375
8.34085
8.358375
8.368
8.392375
8.399175
8.418475
8.4407
8.441675
8.445775
8.458875
8.4602
8.4707
8.507875
8.5118
8.550475
8.55255
8.55345
8.55425
8.557875
8.5582
8.561225
8.56475
8.583075
8.58525
8.5919
8.628325
8.656775
8.661325
8.675125
8.6776
8.6783
8.691975
8.7061
8.709025
8.721625
8.728625
8.810275
8.81675
8.81945
8.8215
8.83495
8.843425
8.84865
8.860925
8.877625
8.907975
8.94455
8.968375
8.968675
8.971025
9.000725
9.0196
9.05815
9.0618
9.079175
784
