0.10285
0.105625
0.11225
0.134825
0.14825
0.148475
0.165625
0.169325
0.1905
0.191475
0.192525
0.194925
0.2042
0.2068
0.2238
0.24005
0.2434
0.2523
0.259525
0.307525
0.313725
0.35035
0.354075
0.382375
0.41505
0.4177
0.422475
0.4239
0.445925
0.4474
0.44745
0.474725
0.4824
0.495175
0.500225
0.5302
0.5327
0.537975
0.542475
0.574025
0.58255
0.6036
0.613
0.630425
0.656225
0.661475
0.700275
0.701225
0.7165
0.717275
0.720425
0.7299
0.7347
0.735975
0.738975
0.741
0.759175
0.762925
0.7804
0.785025
0.7857
0.7867
0.8082
0.8809
0.886825
0.912575
0.994475
1.006825
1.0116
1.023975
1.02535
1.053325
1.057675
1.058275
1.061125
1.0632
1.066775
1.083
1.094875
1.117525
1.127825
1.132725
1.151025
1.160975
1.169925
1.179475
1.2183
1.261075
1.308375
1.3086
1.30925
1.3346
1.339275
1.34165
1.354925
1.355725
1.361475
1.391125
1.40425
1.4069
1.4091
1.4204
1.4289
1.44
1.4422
1.4516
1.48425
1.48665
1.486725
1.509475
1.5104
1.52755
1.5333
1.550475
1.5578
1.57105
1.579075
1.58435
1.5875
1.604275
1.604775
1.6156
1.615625
1.6247
1.6513
1.673075
1.679625
1.684075
1.686575
1.688175
1.69305
1.6945
1.694725
1.698375
1.699675
1.711575
1.7152
1.7169
1.7505
1.7546
1.7699
1.77675
1.7844
1.8325
1.838275
1.9048
1.9111
1.9131
1.9145
1.9258
1.927675
1.9278
1.936275
1.9388
1.939525
1.943675
1.94625
1.94795
1.949175
1.951825
1.9593
1.959325
1.96245
1.96365
1.978375
1.990075
1.9952
2.011175
2.0248
2.035075
2.04885
2.052575
2.057775
2.06935
2.091375
2.11125
2.1222
2.128525
2.13155
2.18095
2.19675
2.204825
2.21095
2.214825
2.2162
2.21775
2.2181
2.221275
2.259775
2.276875
2.291925
2.294125
2.29705
2.2972
2.303425
2.30395
2.3073
2.310725
2.31655
2.318625
2.322375
2.326225
2.3305
2.347025
2.3942
2.3964
2.414975
2.431925
2.462475
2.50015
2.501125
2.513725
2.54345
2.5482
2.55215
2.55815
2.57325
2.58095
2.591375
2.593375
2.621825
2.6336
2.63975
2.64785
2.670075
2.71685
2.722575
2.7406
2.745425
2.757875
2.799575
2.814875
2.819
2.8573
2.864675
2.8657
2.8677
2.88015
2.89115
2.9065
2.907975
2.91775
2.919775
2.930075
2.93335
2.934475
2.971
2.9733
2.982075
2.99135
2.9923
3.00575
3.0062
3.0333
3.075625
3.076125
3.07665
3.102025
3.1028
3.102875
3.10405
3.111275
3.1133
3.1136
3.114625
3.127425
3.147725
3.16355
3.17685
3.180875
3.1812
3.1826
3.19285
3.209075
3.2215
3.23155
3.299075
3.3147
3.329875
3.332275
3.38885
3.397625
3.400075
3.403675
3.412125
3.4132
3.419475
3.427125
3.4389
3.443725
3.469275
3.475775
3.4767
3.487275
3.501725
3.52985
3.53285
3.5421
3.642325
3.6977
3.7007
3.7079
3.712825
3.717525
3.72565
3.728975
3.736475
3.73935
3.74015
3.757925
3.75875
3.760225
3.770025
3.772575
3.78145
3.7927
3.80345
3.813675
3.825525
3.826125
3.83045
3.8409
3.8634
3.8723
3.87605
3.88005
3.89825
3.912525
3.969175
4.008475
4.009425
4.02565
4.036825
4.03855
4.052475
4.0586
4.07515
4.0857
4.099225
4.100825
4.112975
4.139575
4.1423
4.16435
4.16795
4.177425
4.184075
4.203975
4.205875
4.234275
4.27535
4.291175
4.300825
4.3072
4.315075
4.315375
4.318225
4.3186
4.32065
4.332275
4.3555
4.370775
4.38755
4.43515
4.4484
4.483275
4.48445
4.50625
4.5112
4.519375
4.5221
4.527925
4.547475
4.556925
4.60285
4.61335
4.6137
4.618475
4.623475
4.6276
4.63125
4.639325
4.680775
4.6819
4.68425
4.7139
4.747525
4.766625
4.785725
4.801325
4.8271
4.84155
4.8799
4.90245
4.913825
4.919325
4.92095
4.92675
4.9435
4.954725
4.96195
4.977
4.9876
4.9895
5.0075
5.03
5.051175
5.05355
5.05595
5.06455
5.07325
5.082325
5.0853
5.121525
5.13115
5.1914
5.21255
5.2173
5.2265
5.2295
5.230225
5.23095
5.2374
5.2543
5.2664
5.275025
5.27625
5.281025
5.285175
5.292075
5.29815
5.301525
5.31465
5.32425
5.3472
5.4076
5.421175
5.4288
5.430575
5.462725
5.502275
5.505775
5.5059
5.51205
5.5136
5.513725
5.535575
5.539475
5.542
5.543425
5.5435
5.551475
5.553625
5.566775
5.573225
5.5846
5.587175
5.67175
5.67795
5.70225
5.704925
5.742775
5.760925
5.787375
5.80035
5.803775
5.803975
5.80795
5.811
5.8119
5.812275
5.8188
5.8191
5.8316
5.832625
5.835125
5.84105
5.847425
5.84845
5.860025
5.871475
5.8721
5.8848
5.892
5.9005
5.902175
5.905225
5.90785
5.9216
5.93105
5.9473
5.95815
5.964275
5.974925
5.981175
6.0232
6.04015
6.05025
6.0575
6.093475
6.1012
6.112
6.12085
6.127
6.132775
6.132875
6.1343
6.14875
6.156975
6.162575
6.17255
6.194325
6.20855
6.210075
6.218375
6.226175
6.245775
6.25925
6.260125
6.2661
6.272225
6.275175
6.299075
6.3004
6.3171
6.333825
6.3355
6.349325
6.350125
6.353975
6.358525
6.36925
6.39295
6.40655
6.407625
6.408325
6.420575
6.424975
6.4286
6.434975
6.471275
6.47755
6.478525
6.479825
6.4854
6.48785
6.49015
6.4943
6.526925
6.5314
6.53705
6.545325
6.561225
6.568375
6.5725
6.58165
6.607525
6.61155
6.63105
6.65525
6.6827
6.702825
6.703075
6.706525
6.70835
6.709225
6.71075
6.713025
6.717675
6.72795
6.731825
6.73595
6.73985
6.742275
6.77385
6.777225
6.781975
6.7921
6.7924
6.798625
6.80055
6.804125
6.82135
6.826975
6.8381
6.856625
6.862875
6.877925
6.8811
6.905725
6.9255
6.947375
6.95695
6.96875
6.996275
7.0108
7.01085
7.020375
7.024225
7.026525
7.03065
7.037575
7.04505
7.0481
7.05345
7.065125
7.074875
7.0834
7.1042
7.10815
7.123725
7.132625
7.133075
7.141775
7.15145
7.1866
7.190025
7.196125
7.2512
7.2766
7.30405
7.30845
7.312025
7.315325
7.334525
7.3374
7.3432
7.3437
7.352475
7.36275
7.373925
7.39395
7.394025
7.4115
7.412125
7.428825
7.4363
7.4383
7.44465
7.45435
7.46515
7.469075
7.474625
7.481525
7.4886
7.489325
7.497125
7.5046
7.506575
7.519175
7.53555
7.5475
7.571275
7.5951
7.60515
7.607775
7.613125
7.62485
7.62985
7.644925
7.6595
7.66475
7.670475
7.71795
7.719575
7.738175
7.76865
7.78025
7.782075
7.7925
7.819575
7.85105
7.889875
7.902025
7.904525
7.905675
7.909475
7.94655
7.94765
7.9568
7.966725
7.969475
7.97395
7.9766
7.9784
7.996225
7.9969
8.00705
8.008725
8.025675
8.0389
8.05275
8.07235
8.13915
8.152125
8.17435
8.18035
8.20555
8.206425
8.2139
8.2196
8.22275
8.224225
8.228325
8.2336
8.2367
8.23725
8.2374
8.23785
8.23795
8.2485
8.25565
8.27845
8.28435
8.295975
8.304525
8.306725
8.318725
8.33415
8.339925
8.348375
8.369925
8.3731
8.422
8.437025
8.45265
8.503575
8.506075
8.51545
8.525025
8.5277
8.5278
8.5341
8.536075
8.601025
8.601575
8.605775
8.60935
8.625325
8.632975
8.637425
8.640575
8.648
8.658225
8.672825
8.68105
8.689875
8.6946
8.699575
8.71745
8.72445
8.7625
8.7934
8.803075
8.805725
8.807675
8.8079
8.8264
8.83305
8.8337
8.83685
8.83805
8.8383
8.8393
8.840925
8.840975
8.848525
8.863075
8.877125
8.87995
8.8907
8.892075
8.89365
8.912775
8.91575
8.919475
8.9244
8.934075
8.938525
8.94355
8.948525
8.976125
8.996075
9.03275
9.04025
9.05345
9.055575
9.05935
9.088125
789
