0.105125
0.11085
0.1145
0.121675
0.124125
0.128825
0.133875
0.144125
0.15875
0.161575
0.1666
0.1678
0.16965
0.169925
0.1713
0.1747
0.17555
0.1834
0.18505
0.2351
0.2366
0.24155
0.277025
0.282025
0.32385
0.370275
0.3807
0.383875
0.40205
0.40775
0.410125
0.416
0.418475
0.4205
0.42885
0.44375
0.44885
0.4541
0.4655
0.47395
0.48465
0.490775
0.4934
0.515675
0.516275
0.521475
0.5386
0.562025
0.566125
0.56745
0.584475
0.586925
0.60205
0.604875
0.609025
0.65635
0.70325
0.71935
0.72875
0.73105
0.732475
0.73925
0.746125
0.75505
0.75885
0.78795
0.79885
0.80795
0.8145
0.815575
0.820775
0.8286
0.830825
0.837025
0.875875
0.88585
0.915125
0.9251
0.951125
1.00275
1.0256
1.026975
1.03175
1.03305
1.046975
1.055175
1.056
1.059225
1.067375
1.071
1.10475
1.113525
1.128575
1.138675
1.14355
1.172325
1.18015
1.207025
1.224025
1.3228
1.3244
1.3259
1.328675
1.33105
1.332475
1.338675
1.35215
1.357575
1.35775
1.3582
1.361625
1.369325
1.372775
1.3775
1.380475
1.392725
1.39775
1.40845
1.41315
1.4298
1.462475
1.463075
1.49235
1.515075
1.53455
1.53815
1.54255
1.54535
1.56365
1.5687
1.569625
1.578525
1.60935
1.6151
1.617675
1.619875
1.623275
1.624975
1.6303
1.63285
1.637275
1.6428
1.656225
1.701625
1.720275
1.7357
1.750175
1.763525
1.76525
1.77035
1.774125
1.782475
1.787175
1.886325
1.90015
1.902225
1.913425
1.917675
1.92195
1.933475
1.94925
1.94985
1.956675
1.9796
1.9838
2.0006
2.02885
2.029325
2.0336
2.034575
2.0364
2.0421
2.059925
2.096175
2.103725
2.1277
2.15715
2.17105
2.20245
2.209275
2.2162
2.216825
2.219125
2.22645
2.2378
2.241
2.2493
2.2773
2.278575
2.28465
2.2879
2.292375
2.29365
2.29465
2.3621
2.429
2.444125
2.494425
2.50765
2.511025
2.5113
2.51165
2.512325
2.515525
2.527325
2.537475
2.540975
2.542725
2.54325
2.558925
2.57005
2.5793
2.58375
2.598775
2.599425
2.631025
2.63595
2.66505
2.67
2.679825
2.688175
2.700325
2.70635
2.73035
2.80295
2.814775
2.815525
2.822325
2.82325
2.832375
2.8352
2.846925
2.853025
2.86395
2.866625
2.884975
2.9222
2.93705
2.9621
2.974125
2.983225
3.019325
3.02815
3.095425
3.102725
3.103175
3.115225
3.117125
3.124325
3.127025
3.127075
3.13625
3.143875
3.153125
3.1536
3.1689
3.173925
3.1855
3.2174
3.25505
3.265575
3.27395
3.279775
3.28405
3.297975
3.36355
3.3707
3.373575
3.408125
3.416675
3.424075
3.426325
3.433825
3.437
3.447175
3.4526
3.45455
3.4757
3.495175
3.50025
3.501775
3.50265
3.5108
3.52025
3.526125
3.528675
3.56225
3.563175
3.582275
3.58255
3.58855
3.603925
3.609525
3.6256
3.62775
3.633325
3.640775
3.66585
3.69895
3.7051
3.7215
3.7226
3.735225
3.748325
3.777
3.7809
3.796375
3.83535
3.842825
3.848575
3.88935
3.900375
3.915975
3.94555
3.945775
3.971175
3.985875
4.0003
4.00085
4.0013
4.0026
4.003775
4.009
4.0134
4.020625
4.02135
4.023875
4.025775
4.030175
4.034825
4.035125
4.036825
4.0554
4.06835
4.068475
4.0709
4.07955
4.107425
4.11375
4.12935
4.1342
4.1586
4.1595
4.1932
4.197675
4.223225
4.245275
4.26685
4.270075
4.291425
4.306225
4.31135
4.31455
4.317375
4.31895
4.323075
4.323625
4.342175
4.343725
4.345
4.3485
4.352125
4.360175
4.362475
4.36285
4.3741
4.377
4.387525
4.390425
4.4091
4.4141
4.422675
4.4255
4.437
4.44165
4.448825
4.4591
4.4659
4.469025
4.482875
4.483225
4.4863
4.499275
4.52075
4.52305
4.54595
4.558025
4.577175
4.58
4.5901
4.593575
4.5995
4.600125
4.6118
4.630975
4.64535
4.666425
4.688925
4.692625
4.705025
4.7205
4.72355
4.728375
4.800925
4.8045
4.820275
4.821875
4.830025
4.864925
4.90245
4.905425
4.906725
4.908925
4.91015
4.915025
4.9181
4.92205
4.924875
4.926475
4.931075
4.936425
4.94855
4.950275
4.95035
4.956925
4.95735
4.960675
4.96375
4.9867
4.986875
4.9934
4.997525
5.000475
5.0087
5.012925
5.021675
5.022875
5.03465
5.04575
5.052075
5.069975
5.107025
5.108425
5.15395
5.18655
5.21795
5.228575
5.272025
5.28915
5.29255
5.310825
5.3507
5.362775
5.383125
5.388875
5.391
5.391475
5.395
5.402625
5.42525
5.433375
5.440025
5.465775
5.479475
5.48895
5.501025
5.5086
5.510025
5.517925
5.5369
5.5581
5.561025
5.578925
5.58315
5.584325
5.584575
5.6048
5.610475
5.628125
5.6357
5.6676
5.668525
5.669275
5.678725
5.68645
5.713975
5.716475
5.725125
5.736325
5.73935
5.73945
5.741475
5.743325
5.803425
5.80545
5.80905
5.8151
5.823725
5.824
5.82815
5.83055
5.832575
5.837725
5.8474
5.854875
5.88525
5.902425
5.93135
5.95525
5.96235
5.9678
6.002425
6.0186
6.04365
6.05865
6.0668
6.069875
6.070825
6.100175
6.1016
6.10315
6.115575
6.121875
6.1481
6.16655
6.1673
6.18975
6.209425
6.213175
6.2394
6.2594
6.262775
6.26825
6.2724
6.273425
6.279225
6.287525
6.303725
6.3249
6.35495
6.358725
6.38395
6.4001
6.402275
6.425675
6.42805
6.452225
6.4538
6.463625
6.485
6.485075
6.504125
6.525425
6.55035
6.556375
6.558425
6.56065
6.5662
6.576875
6.58725
6.59135
6.611175
6.614025
6.6198
6.70285
6.70305
6.7032
6.705975
6.7065
6.712675
6.7135
6.714025
6.721825
6.72195
6.735475
6.743525
6.749625
6.75445
6.756625
6.77025
6.7868
6.7988
6.81445
6.825225
6.8303
6.8332
6.865875
6.878625
6.8906
6.899475
6.9416
6.973425
6.995325
7.009025
7.0259
7.027275
7.029125
7.030625
7.0317
7.037375
7.041075
7.04315
7.05205
7.0554
7.096775
7.1004
7.10135
7.106825
7.1878
7.24405
7.254725
7.259575
7.29505
7.295425
7.302875
7.305175
7.3291
7.32995
7.33375
7.337775
7.358225
7.370025
7.371225
7.38395
7.4046
7.41055
7.41995
7.42255
7.44435
7.458925
7.482725
7.5484
7.561525
7.589975
7.6228
7.62975
7.6331
7.63375
7.639725
7.67155
7.67515
7.6858
7.696275
7.704425
7.70875
7.72365
7.7505
7.7645
7.774375
7.7927
7.798575
7.801025
7.80175
7.8371
7.88955
7.907575
7.9089
7.910325
7.913575
7.9158
7.9206
7.94165
7.96475
7.974475
7.9818
7.988975
7.99815
8.0052
8.0118
8.01935
8.022525
8.03485
8.042825
8.046925
8.0706
8.077075
8.07725
8.077975
8.12375
8.123975
8.18435
8.196125
8.202475
8.204375
8.214575
8.21735
8.2232
8.223775
8.22505
8.2348
8.235875
8.237975
8.23815
8.25165
8.25305
8.263575
8.2663
8.273675
8.2807
8.292575
8.3082
8.314725
8.318925
8.3317
8.34665
8.3802
8.387625
8.3991
8.4121
8.45845
8.4833
8.51305
8.5182
8.520675
8.525025
8.5377
8.542975
8.5475
8.548425
8.553
8.568275
8.57015
8.594175
8.598575
8.60215
8.60855
8.6137
8.628625
8.6351
8.641675
8.642675
8.6604
8.6674
8.671925
8.67975
8.6909
8.711225
8.718075
8.75225
8.801
8.81375
8.814325
8.826325
8.827975
8.840125
8.84195
8.85035
8.851575
8.8543
8.86605
8.8682
8.881925
8.883725
8.90245
8.90605
8.9079
8.910775
8.9374
8.94655
8.949
8.960975
8.9643
8.977825
9.015525
9.026975
9.044075
9.0706
767
