0.100875
0.10755
0.107575
0.1093
0.11205
0.1157
0.12425
0.138225
0.141075
0.1455
0.17245
0.178275
0.19475
0.2015
0.271975
0.31865
0.32355
0.3872
0.41825
0.42415
0.42485
0.4306
0.45415
0.457025
0.460625
0.46355
0.46475
0.46485
0.47415
0.485275
0.4861
0.519925
0.534875
0.538225
0.539275
0.568075
0.601725
0.627775
0.658675
0.7047
0.718925
0.72905
0.733175
0.7366
0.7427
0.74415
0.74665
0.776575
0.8236
0.841125
0.861575
0.873325
0.899025
0.900475
0.9019
0.932125
0.935275
0.98485
1.001525
1.007
1.007675
1.01015
1.021175
1.02175
1.0245
1.0291
1.0304
1.03245
1.0359
1.048975
1.050025
1.06075
1.061125
1.073525
1.079325
1.085125
1.086125
1.098325
1.10295
1.106225
1.122625
1.1445
1.14555
1.1498
1.15705
1.16945
1.221875
1.230375
1.300475
1.30235
1.3151
1.320575
1.3231
1.325275
1.331025
1.3318
1.33245
1.34375
1.348475
1.362325
1.371075
1.376925
1.38245
1.387425
1.390425
1.3926
1.393225
1.41605
1.423725
1.44335
1.455
1.4629
1.469225
1.4705
1.481125
1.485825
1.495525
1.5227
1.56005
1.56855
1.602075
1.6032
1.607925
1.61445
1.6164
1.619425
1.6216
1.62385
1.62875
1.6304
1.64325
1.661925
1.661975
1.6694
1.675625
1.676225
1.6798
1.68105
1.711225
1.721175
1.734525
1.743225
1.752325
1.76125
1.784275
1.798025
1.880925
1.903825
1.90675
1.908575
1.91435
1.9173
1.920725
1.938025
1.941125
1.949125
1.950075
1.9514
1.95735
1.965875
1.97025
1.9793
1.99795
1.9993
2.005075
2.014475
2.0479
2.05025
2.0635
2.0656
2.066925
2.07355
2.080925
2.125975
2.13675
2.137275
2.1471
2.14995
2.171525
2.2019
2.20315
2.2112
2.216825
2.2171
2.217175
2.232375
2.2369
2.24465
2.251425
2.261375
2.264075
2.26565
2.266275
2.2705
2.287475
2.28825
2.29595
2.2964
2.3008
2.30755
2.313625
2.314525
2.31835
2.33995
2.3572
2.373625
2.384525
2.391
2.405725
2.408675
2.44005
2.500925
2.52545
2.527175
2.5316
2.55255
2.5608
2.57855
2.582775
2.585875
2.5889
2.5952
2.601375
2.616875
2.6188
2.6291
2.635275
2.641
2.64785
2.6491
2.697875
2.752875
2.80125
2.80585
2.80675
2.81235
2.814475
2.826275
2.831275
2.8415
2.8678
2.887525
2.890175
2.89215
2.904225
2.91005
2.911275
2.93025
2.9387
2.9638
2.98175
2.995775
3.0338
3.059375
3.0643
3.071675
3.075225
3.081375
3.09195
3.101625
3.12705
3.130175
3.134125
3.138675
3.1424
3.1451
3.154475
3.1652
3.1795
3.188325
3.19345
3.215475
3.22295
3.2258
3.235325
3.25895
3.31955
3.342175
3.396275
3.414125
3.41605
3.4309
3.43175
3.43445
3.441875
3.44865
3.459075
3.48465
3.48915
3.495925
3.5004
3.50755
3.5192
3.544975
3.5469
3.56755
3.58355
3.586825
3.5944
3.629125
3.6899
3.703175
3.7151
3.71555
3.728675
3.7288
3.739075
3.740125
3.760575
3.76415
3.770125
3.802325
3.8132
3.82585
3.830325
3.85815
3.8612
3.9003
3.9048
3.920275
3.9332
3.96945
3.970225
3.9821
4.00525
4.01255
4.014175
4.014475
4.027775
4.0388
4.04205
4.06585
4.08145
4.08415
4.09355
4.13265
4.1329
4.13435
4.1355
4.151025
4.16755
4.1917
4.1955
4.212075
4.219275
4.259975
4.30375
4.304175
4.30785
4.3231
4.3232
4.335325
4.34035
4.343475
4.347875
4.3672
4.3714
4.37965
4.3973
4.403325
4.4042
4.4059
4.42385
4.4426
4.5094
4.510175
4.5128
4.555
4.56265
4.566075
4.611725
4.6163
4.6233
4.6245
4.6755
4.686075
4.692325
4.6951
4.69745
4.720475
4.766575
4.7759
4.814875
4.832075
4.88755
4.900575
4.901775
4.9134
4.9198
4.931075
4.931725
4.9605
4.96105
4.96305
4.976125
4.978
4.97835
4.99335
4.998975
5.00385
5.00805
5.035825
5.036875
5.038575
5.038925
5.082625
5.087825
5.09615
5.128375
5.158475
5.16105
5.17515
5.201775
5.212975
5.232125
5.237525
5.250825
5.254175
5.264875
5.286675
5.293575
5.30545
5.33745
5.35995
5.37215
5.3754
5.3808
5.3912
5.414225
5.415475
5.44965
5.472975
5.485975
5.522625
5.5264
5.550475
5.550525
5.550625
5.5584
5.558725
5.5602
5.563825
5.584425
5.5975
5.598325
5.619275
5.620525
5.62975
5.6302
5.633325
5.648275
5.696625
5.714325
5.757225
5.7581
5.78855
5.808175
5.810125
5.812525
5.8266
5.8315
5.841425
5.86975
5.8987
5.907175
5.907675
5.971775
5.981625
5.98815
5.990075
5.99495
6.0011
6.006025
6.0339
6.039475
6.046525
6.05915
6.059425
6.138425
6.139325
6.14695
6.1471
6.162925
6.172
6.1854
6.19025
6.204075
6.205675
6.21015
6.235075
6.251125
6.286425
6.286875
6.286975
6.290975
6.32025
6.341375
6.3733
6.386425
6.40735
6.415725
6.4196
6.428025
6.435925
6.449925
6.4574
6.48445
6.48795
6.488
6.49095
6.496525
6.4966
6.502525
6.510025
6.5216
6.52885
6.54175
6.5494
6.55635
6.59985
6.6837
6.6963
6.702125
6.728225
6.7322
6.742225
6.743875
6.754875
6.7695
6.7763
6.78955
6.798
6.8023
6.803575
6.920825
6.9234
6.94295
6.94325
6.944475
6.968025
6.9795
6.9903
7.001575
7.005025
7.00725
7.00835
7.01365
7.01455
7.026475
7.030975
7.033825
7.03515
7.04355
7.05595
7.08465
7.08895
7.102375
7.138075
7.145175
7.157025
7.189525
7.194325
7.196925
7.21065
7.216025
7.262375
7.30165
7.308575
7.309525
7.324275
7.332625
7.333225
7.34415
7.3484
7.3505
7.35415
7.35915
7.3611
7.36175
7.37185
7.3786
7.385925
7.401975
7.4096
7.42755
7.428825
7.433675
7.43875
7.492575
7.5117
7.519725
7.544675
7.54725
7.5629
7.590125
7.5944
7.603275
7.61065
7.616
7.617025
7.619225
7.621225
7.623575
7.625825
7.626675
7.63165
7.6418
7.642225
7.66155
7.668025
7.66885
7.673325
7.68945
7.71085
7.720725
7.75225
7.75315
7.758525
7.76115
7.776475
7.77775
7.791275
7.81395
7.82835
7.853575
7.8744
7.885
7.90605
7.90745
7.92585
7.926825
7.933525
7.94045
7.945575
7.947775
7.9607
7.97485
7.978325
7.978525
7.983675
7.9865
7.991875
8.00525
8.006625
8.01395
8.0223
8.022975
8.02495
8.03595
8.036475
8.05605
8.06655
8.077225
8.14535
8.15205
8.17005
8.17555
8.2032
8.21395
8.21945
8.22345
8.2301
8.2386
8.240975
8.261125
8.269825
8.271025
8.28965
8.291375
8.315475
8.3234
8.323875
8.32895
8.3432
8.34975
8.35865
8.3616
8.369725
8.374325
8.38385
8.38935
8.3994
8.4019
8.40375
8.4407
8.450575
8.4589
8.46215
8.4708
8.47915
8.5019
8.50265
8.5036
8.50425
8.507875
8.508025
8.51095
8.513525
8.5177
8.522475
8.527875
8.529275
8.535775
8.559825
8.55995
8.561925
8.594
8.59755
8.6025
8.6127
8.622825
8.625025
8.625275
8.637525
8.65665
8.675275
8.698225
8.70275
8.704225
8.70465
8.71775
8.721125
8.726725
8.749675
8.80035
8.801025
8.8021
8.805775
8.809275
8.822575
8.827625
8.83055
8.831725
8.85135
8.8516
8.85415
8.8743
8.876675
8.88575
8.8888
8.89335
8.8976
8.913875
8.925375
8.935125
8.976875
8.9849
8.9866
9.052625
9.060325
9.09235
751
