0.108025
0.112525
0.1235
0.13335
0.155075
0.164525
0.1733
0.192775
0.20275
0.20845
0.233575
0.234625
0.287875
0.3029
0.3787
0.383275
0.385875
0.401475
0.402325
0.4028
0.405525
0.405925
0.40615
0.411275
0.41795
0.4212
0.422725
0.426525
0.4289
0.4324
0.4332
0.4377
0.440475
0.463175
0.4758
0.4771
0.480025
0.4965
0.499925
0.50575
0.513575
0.52615
0.53465
0.538275
0.55495
0.575925
0.577475
0.59645
0.692275
0.7084
0.718475
0.724725
0.7294
0.733375
0.739125
0.7392
0.740325
0.7431
0.750575
0.75315
0.760775
0.761725
0.768275
0.782725
0.784825
0.7869
0.787925
0.803175
0.80735
0.82885
0.833075
0.841475
0.84295
0.844625
0.87375
0.891475
0.91095
0.956325
0.988675
1.0101
1.012225
1.021825
1.03225
1.037375
1.044925
1.052825
1.053425
1.057475
1.0687
1.072025
1.087375
1.138075
1.165375
1.1718
1.17345
1.18885
1.1995
1.20665
1.207625
1.209975
1.2218
1.2424
1.281375
1.281725
1.301325
1.303225
1.308125
1.308575
1.315875
1.320325
1.321375
1.326975
1.330625
1.3325
1.336475
1.342725
1.35585
1.364825
1.374075
1.3876
1.40845
1.431575
1.446425
1.489375
1.5156
1.551625
1.57175
1.5829
1.583175
1.58615
1.59185
1.605575
1.6169
1.6193
1.629225
1.6303
1.64855
1.66955
1.67035
1.675525
1.694275
1.69755
1.706675
1.779975
1.793575
1.80795
1.81965
1.845075
1.853575
1.8847
1.90165
1.9117
1.915475
1.920175
1.9208
1.92835
1.92885
1.9449
1.948175
1.97105
1.976725
1.987425
1.99705
1.999275
2.003125
2.00915
2.016425
2.03085
2.06905
2.100925
2.118675
2.1262
2.208575
2.22975
2.234975
2.236875
2.24195
2.24205
2.255875
2.256325
2.263875
2.266125
2.270725
2.2717
2.277
2.282
2.299025
2.304325
2.308
2.317925
2.338875
2.340025
2.353
2.3536
2.361825
2.364625
2.399675
2.401025
2.412975
2.447225
2.50535
2.509225
2.520575
2.523475
2.523675
2.530475
2.533125
2.5426
2.545025
2.557925
2.559825
2.56525
2.575425
2.5811
2.582825
2.593675
2.59895
2.617025
2.624725
2.63875
2.6493
2.6684
2.7161
2.721025
2.73675
2.7369
2.74045
2.76295
2.84165
2.847875
2.896475
2.8986
2.93305
2.933975
2.9354
2.94135
2.9769
3.008375
3.0252
3.077375
3.1079
3.113075
3.11335
3.1168
3.12085
3.12425
3.1256
3.12745
3.13515
3.13685
3.138175
3.1469
3.166725
3.167075
3.17775
3.1798
3.1811
3.182725
3.18575
3.1918
3.2084
3.210575
3.216825
3.227225
3.234025
3.234775
3.237725
3.2476
3.251275
3.26245
3.265225
3.272175
3.294875
3.2966
3.32925
3.35995
3.378
3.40165
3.4114
3.41185
3.4188
3.4202
3.4298
3.4438
3.44405
3.446625
3.4498
3.451525
3.458125
3.461075
3.466925
3.468025
3.477375
3.480775
3.49445
3.518125
3.568075
3.5752
3.600925
3.608675
3.62045
3.63995
3.644075
3.66685
3.6697
3.7007
3.704075
3.7052
3.70595
3.7071
3.70825
3.712425
3.72775
3.741875
3.747375
3.75485
3.774475
3.7753
3.779975
3.780575
3.786175
3.78715
3.7875
3.79305
3.7991
3.79955
3.8145
3.8239
3.8258
3.827
3.8347
3.839525
3.852725
3.863175
3.873175
3.9319
3.958625
3.997575
4.006475
4.008525
4.009525
4.010325
4.0204
4.02435
4.025025
4.0253
4.028975
4.0297
4.031475
4.0317
4.0502
4.0531
4.055275
4.0641
4.065725
4.067475
4.0687
4.07295
4.079475
4.095525
4.0966
4.101725
4.11555
4.120825
4.12875
4.133
4.13635
4.1778
4.182575
4.187525
4.1889
4.20125
4.222425
4.2226
4.2584
4.269025
4.273425
4.302975
4.308175
4.315775
4.316975
4.3254
4.32785
4.328175
4.334875
4.344375
4.347675
4.348125
4.350825
4.353325
4.3716
4.374975
4.39375
4.406075
4.41085
4.430375
4.431625
4.471675
4.47355
4.4862
4.499825
4.512525
4.519975
4.547625
4.5699
4.583225
4.5912
4.609875
4.617025
4.62065
4.622325
4.623325
4.62665
4.630525
4.6325
4.638925
4.645325
4.647925
4.652425
4.659425
4.6731
4.67435
4.67595
4.7031
4.707025
4.7105
4.716675
4.727975
4.739125
4.749375
4.8183
4.8198
4.826125
4.838775
4.85295
4.874725
4.879175
4.88295
4.919125
4.92825
4.929775
4.93015
4.9302
4.9306
4.948075
4.95095
4.966475
4.96855
4.97655
4.9843
4.988225
4.9925
5.008625
5.0113
5.019175
5.021775
5.023075
5.050525
5.07985
5.09085
5.094275
5.113525
5.11555
5.121325
5.1507
5.177
5.202175
5.208075
5.208875
5.214175
5.2185
5.2203
5.2276
5.2382
5.24165
5.24895
5.253625
5.26655
5.27205
5.2726
5.27995
5.281375
5.297375
5.299475
5.299775
5.302275
5.316325
5.342525
5.352375
5.355775
5.361925
5.36345
5.364175
5.385425
5.402825
5.42555
5.43745
5.4833
5.50145
5.503075
5.503125
5.505425
5.51705
5.525575
5.533475
5.5545
5.55485
5.556675
5.572125
5.5726
5.5762
5.58545
5.5963
5.597175
5.60085
5.612475
5.612975
5.6177
5.62125
5.639125
5.64845
5.65405
5.656525
5.67755
5.67805
5.681425
5.69005
5.69155
5.70785
5.708925
5.74985
5.769375
5.80045
5.8047
5.811725
5.819525
5.82555
5.842
5.858025
5.874775
5.900825
5.904725
5.909175
5.927
5.935425
5.941975
5.943225
5.9561
5.97945
5.980075
5.980925
5.98175
5.984375
5.9906
6.0027
6.01125
6.02105
6.021275
6.031175
6.043275
6.056675
6.11025
6.11105
6.1219
6.12915
6.13685
6.14005
6.152325
6.153425
6.1539
6.160225
6.165025
6.171975
6.19125
6.20775
6.21325
6.232175
6.233025
6.23415
6.237575
6.238125
6.24395
6.26525
6.282075
6.2968
6.366975
6.3733
6.40215
6.403375
6.406225
6.408475
6.40915
6.41075
6.420375
6.424075
6.462075
6.467925
6.468125
6.468375
6.468775
6.4819
6.482325
6.48255
6.485725
6.4936
6.5058
6.5226
6.538
6.54165
6.5496
6.5927
6.605825
6.610225
6.626725
6.633925
6.684125
6.7058
6.7063
6.736825
6.7407
6.749225
6.7525
6.775975
6.7781
6.784325
6.79655
6.79805
6.824375
6.82735
6.838475
6.844225
6.8614
6.86695
6.880775
6.912525
6.922075
6.93205
6.9353
6.94645
6.96285
6.990825
7.01815
7.03185
7.059325
7.0641
7.06415
7.06955
7.071125
7.072975
7.0735
7.086375
7.0916
7.09355
7.10055
7.146725
7.156225
7.174925
7.22405
7.2335
7.23615
7.299375
7.3224
7.3355
7.370875
7.3761
7.383975
7.394025
7.417725
7.431875
7.464025
7.47265
7.473275
7.486675
7.49225
7.505325
7.505925
7.52225
7.544
7.56255
7.566525
7.573775
7.574425
7.607775
7.61545
7.6159
7.616425
7.65125
7.653775
7.65575
7.65815
7.677375
7.700625
7.731175
7.74
7.7719
7.772525
7.782275
7.783775
7.818175
7.837175
7.847225
7.904725
7.910375
7.91235
7.9218
7.927975
7.929925
7.937225
7.9375
7.94005
7.9439
7.952075
7.967475
7.979125
7.99685
8.002425
8.003525
8.008075
8.014525
8.03035
8.05135
8.064725
8.09755
8.104825
8.1245
8.135825
8.14995
8.162
8.182025
8.188025
8.1924
8.211875
8.214
8.214575
8.216375
8.2175
8.228675
8.22895
8.230525
8.240975
8.242
8.2635
8.293175
8.294075
8.295025
8.305025
8.3156
8.32295
8.3434
8.35535
8.37635
8.37675
8.45015
8.4539
8.48
8.486325
8.501625
8.503475
8.509125
8.509925
8.514425
8.519425
8.523025
8.52875
8.538225
8.547175
8.55115
8.554225
8.562475
8.576575
8.578625
8.58065
8.60705
8.60955
8.63045
8.636175
8.64385
8.649375
8.6597
8.66575
8.668925
8.6716
8.71235
8.753525
8.77035
8.783075
8.810775
8.8131
8.817775
8.846225
8.847875
8.851025
8.883375
8.895675
8.9037
8.945025
8.946225
8.946275
8.99855
9.01725
9.030825
9.0642
9.079125
9.0835
804
