0.0353
0.107475
0.111875
0.12115
0.122425
0.130675
0.1317
0.131875
0.1471
0.14725
0.14955
0.197325
0.198475
0.20155
0.20305
0.211
0.220475
0.225525
0.243325
0.2538
0.25925
0.276325
0.29455
0.2985
0.301525
0.378275
0.40095
0.442525
0.450775
0.455325
0.4556
0.45795
0.4638
0.496025
0.507525
0.523975
0.54585
0.548275
0.590725
0.600675
0.6044
0.6233
0.64075
0.6451
0.668975
0.70265
0.7072
0.71145
0.7137
0.718075
0.72175
0.72405
0.735925
0.736
0.736025
0.7449
0.7482
0.758425
0.761125
0.7667
0.769525
0.771725
0.77685
0.782725
0.7926
0.797925
0.805375
0.8194
0.83895
0.839975
0.87965
0.90525
0.905575
0.95205
0.982075
0.985625
1.001975
1.013375
1.015125
1.01645
1.036575
1.04425
1.0467
1.0496
1.055875
1.071725
1.074275
1.09625
1.123075
1.141175
1.14245
1.151775
1.16365
1.171175
1.209175
1.2505
1.301875
1.3093
1.311
1.31485
1.3165
1.317575
1.3241
1.32415
1.3363
1.345
1.3596
1.380775
1.41
1.413725
1.43325
1.461875
1.466075
1.47565
1.50425
1.504575
1.509825
1.5099
1.51135
1.512875
1.514
1.535475
1.54115
1.5612
1.57675
1.604075
1.6191
1.619425
1.6217
1.6237
1.62395
1.625525
1.6408
1.6533
1.662225
1.663175
1.6649
1.685025
1.69625
1.7087
1.7118
1.713175
1.718975
1.74385
1.74495
1.7466
1.747425
1.771275
1.77485
1.842825
1.855875
1.862475
1.9099
1.910375
1.916825
1.918675
1.9308
1.939575
1.9447
1.9456
1.95295
1.98035
1.983475
1.9934
2.012075
2.023
2.03405
2.0348
2.0962
2.106375
2.133425
2.21355
2.21465
2.224475
2.2246
2.2278
2.230825
2.234225
2.25715
2.25765
2.273025
2.2778
2.299525
2.304675
2.311175
2.337175
2.348425
2.374325
2.383425
2.398025
2.430275
2.44515
2.456475
2.50345
2.5063
2.50885
2.514775
2.5252
2.525925
2.5317
2.535275
2.535575
2.5415
2.54415
2.545625
2.5528
2.553875
2.5586
2.56655
2.57045
2.5775
2.58655
2.594675
2.61375
2.62545
2.64315
2.646125
2.708975
2.7445
2.74655
2.7777
2.804675
2.80835
2.82475
2.845825
2.853675
2.85835
2.87105
2.886425
2.88915
2.898025
2.9009
2.953475
2.954175
2.960125
2.965725
2.976575
2.998925
3.013625
3.03475
3.0417
3.05
3.109375
3.11
3.11145
3.113725
3.115125
3.120575
3.1208
3.124425
3.1248
3.126125
3.1308
3.133975
3.1447
3.148475
3.153175
3.1798
3.19175
3.21795
3.234975
3.264275
3.28715
3.2981
3.31265
3.323025
3.379525
3.401425
3.40205
3.409625
3.41845
3.432175
3.435875
3.45145
3.454325
3.459125
3.471775
3.49665
3.5015
3.5078
3.520775
3.535275
3.5404
3.6187
3.6235
3.637625
3.648025
3.656575
3.669575
3.7043
3.70515
3.7104
3.710575
3.713375
3.7431
3.7655
3.771425
3.773375
3.80865
3.8234
3.826025
3.835575
3.84085
3.8416
3.848675
3.9449
3.994975
3.9996
4.00915
4.01035
4.015575
4.028275
4.030475
4.03175
4.034375
4.0539
4.0605
4.06485
4.065975
4.066075
4.07285
4.078075
4.079525
4.089875
4.09105
4.110475
4.12355
4.12485
4.151
4.15145
4.156175
4.233325
4.249575
4.26295
4.2784
4.300175
4.3071
4.309025
4.309425
4.312075
4.312925
4.31705
4.319975
4.32135
4.3254
4.32685
4.33565
4.33975
4.3623
4.368025
4.3748
4.404575
4.427925
4.440875
4.4454
4.4578
4.46595
4.4698
4.492975
4.49785
4.5002
4.51225
4.53565
4.5589
4.5652
4.572375
4.60935
4.6101
4.610825
4.616675
4.617225
4.622475
4.629725
4.63495
4.64335
4.65295
4.654825
4.660175
4.66805
4.678625
4.706525
4.724925
4.732575
4.7444
4.761025
4.764
4.764275
4.76735
4.80685
4.810625
4.885675
4.90045
4.9021
4.90295
4.903175
4.903275
4.905725
4.91275
4.913175
4.9179
4.923
4.925525
4.926675
4.92715
4.93085
4.933025
4.9497
4.96485
4.970275
4.979725
4.98825
4.997625
5.0019
5.00335
5.0078
5.0203
5.03945
5.041975
5.054725
5.073525
5.078675
5.0797
5.082625
5.096725
5.178625
5.180725
5.1929
5.209975
5.217525
5.2319
5.245
5.25115
5.253775
5.264125
5.26455
5.266075
5.274825
5.28345
5.2972
5.3089
5.316025
5.320275
5.330575
5.343425
5.35785
5.364425
5.3703
5.3746
5.44355
5.457125
5.458775
5.461925
5.50695
5.508575
5.515125
5.523025
5.543475
5.546475
5.549825
5.5574
5.557575
5.57715
5.58505
5.594675
5.595275
5.61845
5.62045
5.625375
5.668925
5.7067
5.713625
5.736625
5.814175
5.823425
5.823875
5.824525
5.8257
5.841
5.857375
5.8605
5.867925
5.8685
5.889425
5.892275
5.91885
5.919025
5.9253
5.930775
5.9373
5.948525
5.950925
5.9532
5.970275
5.980925
6.008425
6.01635
6.024675
6.052425
6.06495
6.085525
6.08585
6.102275
6.10785
6.113075
6.118025
6.1189
6.12375
6.1339
6.136675
6.149225
6.150225
6.151175
6.163775
6.1644
6.17545
6.185175
6.1955
6.204975
6.220925
6.231475
6.23805
6.254625
6.276925
6.284825
6.306175
6.308025
6.334625
6.343125
6.384975
6.402175
6.408525
6.4103
6.422325
6.44315
6.448975
6.44915
6.460175
6.4856
6.507425
6.5086
6.518825
6.5269
6.535775
6.549375
6.558425
6.566175
6.570275
6.572575
6.5882
6.590075
6.590725
6.592575
6.6202
6.641725
6.668875
6.7048
6.71215
6.722725
6.724225
6.726525
6.74405
6.744775
6.759025
6.767925
6.790025
6.79115
6.8046
6.8287
6.83405
6.8367
6.84025
6.843425
6.859325
6.86515
6.87155
6.892325
6.896775
6.92045
6.930825
6.9408
7.002375
7.00355
7.013225
7.01795
7.02025
7.023525
7.02755
7.039525
7.047175
7.0554
7.06395
7.0678
7.071425
7.088525
7.090975
7.0927
7.102475
7.1028
7.117975
7.1347
7.134925
7.164425
7.1647
7.186775
7.19365
7.1987
7.21435
7.2327
7.2336
7.3059
7.307925
7.308225
7.313775
7.313975
7.321675
7.323625
7.324425
7.337125
7.33915
7.346025
7.36025
7.361425
7.362725
7.36325
7.3644
7.37315
7.37365
7.388275
7.39985
7.438775
7.4418
7.519225
7.520125
7.556025
7.604825
7.607175
7.611825
7.631375
7.63245
7.6338
7.64055
7.64965
7.65365
7.6584
7.6861
7.6926
7.695225
7.7248
7.729375
7.7398
7.743025
7.768625
7.7903
7.80695
7.827175
7.83135
7.84945
7.849525
7.852475
7.879375
7.88675
7.888525
7.9082
7.90855
7.9104
7.912575
7.916025
7.934325
7.93725
7.9379
7.94115
7.944125
7.955175
7.9572
7.95755
7.960025
7.969275
7.97355
7.976525
7.98105
7.986775
7.99175
7.9928
8.004075
8.020575
8.023225
8.0242
8.02845
8.0526
8.05735
8.063225
8.07695
8.0797
8.095025
8.109575
8.176875
8.182
8.199325
8.207175
8.22175
8.237025
8.238125
8.238475
8.240575
8.241425
8.24145
8.250475
8.25255
8.26615
8.27925
8.2842
8.28935
8.30425
8.319775
8.336325
8.366975
8.387925
8.4076
8.41625
8.45405
8.49595
8.5019
8.502025
8.5054
8.50555
8.505875
8.516475
8.519025
8.52295
8.525125
8.526375
8.53255
8.533075
8.53495
8.54595
8.54725
8.547625
8.550225
8.55305
8.5578
8.560075
8.5609
8.565625
8.56575
8.5718
8.58645
8.613575
8.6202
8.6261
8.633
8.635125
8.640575
8.670775
8.67145
8.6729
8.679675
8.68015
8.68035
8.6836
8.73415
8.749725
8.7619
8.77025
8.80085
8.8053
8.808325
8.8122
8.81685
8.8257
8.8262
8.827475
8.83535
8.838625
8.85145
8.8683
8.869325
8.869375
8.8704
8.87115
8.873625
8.873975
8.895475
8.900725
8.911775
8.9158
8.921525
8.93685
8.958025
8.966325
8.968875
8.97995
9.033375
9.054725
9.09685
9.097675
795
