0.1011
0.1021
0.1032
0.107825
0.118775
0.13375
0.1377
0.1494
0.1522
0.159625
0.19145
0.20245
0.203125
0.2187
0.2218
0.224025
0.24265
0.245775
0.2489
0.255775
0.259
0.264225
0.311475
0.32135
0.323575
0.3411
0.36165
0.362725
0.36875
0.404325
0.408225
0.42255
0.43815
0.441825
0.44705
0.451275
0.496175
0.5069
0.509175
0.511325
0.527175
0.532375
0.5528
0.5735
0.5933
0.59685
0.59865
0.600125
0.6074
0.620075
0.6302
0.6447
0.661625
0.6768
0.684725
0.689375
0.6995
0.7017
0.7085
0.738325
0.744725
0.748925
0.7499
0.76365
0.763775
0.7769
0.779175
0.7916
0.7919
0.79595
0.82275
0.83045
0.8477
0.859675
0.88075
0.8861
0.9008
0.9107
0.9111
0.9208
0.931125
0.9931
1.00145
1.012375
1.013525
1.020125
1.0219
1.0243
1.026925
1.038125
1.04975
1.059425
1.0895
1.100525
1.108175
1.116725
1.132
1.1455
1.1477
1.16065
1.197675
1.223175
1.229875
1.246
1.246925
1.321875
1.33545
1.3479
1.34915
1.350025
1.352
1.3663
1.366425
1.3784
1.3794
1.383525
1.38515
1.397025
1.397925
1.43095
1.43315
1.47485
1.49685
1.545075
1.611875
1.61295
1.61875
1.62565
1.632975
1.63825
1.662975
1.68575
1.718425
1.72795
1.7342
1.737325
1.7414
1.7528
1.773525
1.7826
1.794425
1.820325
1.827175
1.86675
1.872875
1.8768
1.8792
1.898125
1.9032
1.916775
1.91855
1.926975
1.936775
1.9466
1.95005
1.951625
1.95975
1.970025
1.986025
2.037175
2.04285
2.051225
2.061325
2.066
2.101875
2.120725
2.121375
2.1879
2.20095
2.2027
2.207075
2.213825
2.2202
2.22635
2.2265
2.228675
2.2289
2.2315
2.2374
2.237675
2.2416
2.24235
2.24255
2.2513
2.2514
2.27845
2.283
2.28665
2.313725
2.320225
2.32085
2.3706
2.384175
2.389
2.40545
2.4064
2.46345
2.486075
2.501825
2.502475
2.502625
2.503525
2.5099
2.51045
2.51225
2.51535
2.515525
2.51675
2.525675
2.5332
2.5333
2.543475
2.544875
2.5543
2.555825
2.570575
2.582325
2.5983
2.599775
2.611475
2.62795
2.6373
2.638475
2.63975
2.640375
2.6467
2.6617
2.666025
2.673875
2.68535
2.686225
2.703425
2.70725
2.73085
2.79985
2.8025
2.81425
2.817125
2.819625
2.82265
2.82375
2.858875
2.85915
2.86235
2.876025
2.91505
2.9393
2.94855
2.95265
2.9656
2.97575
3.0047
3.02695
3.027775
3.09355
3.1014
3.106325
3.118475
3.1213
3.131675
3.151025
3.1522
3.162525
3.17375
3.176825
3.1781
3.180425
3.203425
3.213875
3.251625
3.277625
3.2849
3.326425
3.350325
3.350925
3.357475
3.405125
3.40555
3.4087
3.433525
3.433925
3.44745
3.4528
3.45805
3.464675
3.477525
3.480125
3.5202
3.52175
3.5218
3.523225
3.52345
3.553675
3.579475
3.581475
3.58655
3.59155
3.6003
3.60575
3.66425
3.672775
3.710425
3.7183
3.724125
3.725075
3.727525
3.7344
3.736475
3.74575
3.759675
3.763675
3.77365
3.774175
3.778075
3.7797
3.784025
3.7979
3.803975
3.83295
3.862175
3.867175
3.896975
3.960075
3.969825
4.0004
4.004125
4.0052
4.016675
4.017625
4.019375
4.040325
4.044025
4.044325
4.0498
4.0626
4.096975
4.104025
4.106425
4.14405
4.260825
4.30625
4.30745
4.308075
4.31815
4.324475
4.326975
4.327675
4.32775
4.32865
4.328775
4.333725
4.337625
4.341
4.34505
4.3546
4.3555
4.36055
4.361175
4.3692
4.3884
4.3902
4.39295
4.409375
4.4164
4.4257
4.44745
4.453625
4.46665
4.470525
4.4901
4.5009
4.5232
4.5262
4.52645
4.531425
4.532175
4.53815
4.543625
4.5919
4.5951
4.600075
4.6159
4.630975
4.631525
4.633
4.64315
4.657325
4.661025
4.6664
4.667725
4.6722
4.718225
4.72045
4.7245
4.739675
4.740975
4.75595
4.76785
4.771475
4.7749
4.778625
4.794425
4.798975
4.812825
4.834325
4.90085
4.902725
4.9069
4.924
4.93175
4.935475
4.9374
4.942975
4.95505
4.958025
4.967975
4.971525
4.97435
4.995575
4.997375
5.001475
5.00205
5.00565
5.018025
5.027075
5.1007
5.119275
5.1266
5.129
5.138175
5.1714
5.188925
5.201325
5.211575
5.213
5.21455
5.21895
5.2212
5.224275
5.226725
5.238625
5.2409
5.24485
5.255425
5.259025
5.261625
5.2779
5.298575
5.29985
5.3069
5.309975
5.323325
5.328575
5.3595
5.36205
5.3813
5.411075
5.4234
5.427275
5.43355
5.436125
5.501325
5.501475
5.501675
5.506075
5.508275
5.508475
5.5113
5.528575
5.5459
5.5461
5.552075
5.5606
5.569225
5.590275
5.61615
5.61825
5.630075
5.65315
5.6578
5.6682
5.67445
5.6957
5.71545
5.7343
5.753525
5.75375
5.797375
5.8018
5.803825
5.804125
5.81485
5.81575
5.82055
5.825575
5.83075
5.8318
5.83655
5.837075
5.852125
5.85435
5.858975
5.89295
5.89765
5.9071
5.9086
5.9118
5.913675
5.9194
5.929775
5.95045
5.985675
5.9863
6.0057
6.051575
6.054925
6.085525
6.105125
6.13745
6.144175
6.148125
6.15395
6.1546
6.155175
6.170325
6.171725
6.174625
6.1874
6.19405
6.203225
6.2342
6.23435
6.2365
6.245725
6.2486
6.251925
6.2627
6.274225
6.2879
6.293475
6.301675
6.356275
6.371425
6.4094
6.422675
6.42775
6.432325
6.4328
6.44255
6.4514
6.451475
6.45165
6.452625
6.462325
6.482775
6.495175
6.5182
6.52085
6.545875
6.5599
6.569525
6.58275
6.638825
6.66695
6.66825
6.695075
6.70195
6.704325
6.7075
6.716175
6.730375
6.737225
6.7447
6.75495
6.756875
6.762
6.77575
6.782475
6.784575
6.7994
6.8033
6.815225
6.818825
6.8405
6.85305
6.87205
6.881375
6.9107
6.9162
6.9449
7.00505
7.0184
7.01905
7.019825
7.024525
7.028375
7.03255
7.05355
7.06315
7.065875
7.0671
7.07445
7.074725
7.075775
7.087675
7.0998
7.1095
7.113325
7.1136
7.1205
7.12685
7.1479
7.16195
7.17625
7.177075
7.220725
7.2285
7.23475
7.257925
7.28495
7.304425
7.307775
7.314775
7.31875
7.327375
7.33335
7.33805
7.33905
7.340075
7.3423
7.355675
7.356325
7.378775
7.3798
7.394325
7.403725
7.415075
7.4239
7.453375
7.456575
7.47265
7.477225
7.50875
7.515675
7.5242
7.53975
7.543725
7.56595
7.58665
7.5948
7.59875
7.61055
7.612575
7.61485
7.628125
7.6288
7.6389
7.65025
7.65355
7.666075
7.6785
7.690375
7.696275
7.7034
7.710775
7.711075
7.7128
7.714875
7.72035
7.72935
7.7351
7.749475
7.755575
7.75855
7.7713
7.7753
7.7965
7.79935
7.8096
7.814225
7.815925
7.824075
7.828775
7.8663
7.881375
7.886975
7.9009
7.90505
7.90555
7.909725
7.936375
7.940225
7.9415
7.94605
7.953075
7.95315
7.955175
7.96785
7.971925
7.97455
7.977975
7.9907
8.0068
8.00745
8.0116
8.026375
8.043375
8.047375
8.05135
8.0812
8.088825
8.0961
8.1304
8.142025
8.143675
8.146775
8.1739
8.20475
8.218575
8.2201
8.222775
8.23285
8.24305
8.247875
8.257875
8.2603
8.263375
8.263525
8.2669
8.27215
8.27525
8.27825
8.280125
8.283675
8.287225
8.299725
8.30625
8.307025
8.308775
8.3143
8.32015
8.33185
8.349475
8.349575
8.380025
8.38065
8.406225
8.4111
8.41255
8.42265
8.4839
8.50335
8.511625
8.513925
8.518125
8.525725
8.529575
8.52965
8.5383
8.541625
8.5432
8.5459
8.55145
8.592075
8.598775
8.611475
8.618775
8.61935
8.620525
8.622625
8.6243
8.633475
8.640675
8.6447
8.646125
8.652525
8.65335
8.68315
8.713525
8.714025
8.73085
8.768525
8.806225
8.817225
8.818675
8.821775
8.837825
8.875475
8.888525
8.890275
8.890325
8.896375
8.89855
8.89865
8.91955
8.922525
8.96015
8.976475
9.04955
9.06345
9.06495
9.0751
802
