0.10295
0.11015
0.111225
0.123075
0.13025
0.1394
0.139925
0.1401
0.141225
0.1615
0.16695
0.175775
0.176925
0.1809
0.188525
0.19075
0.1991
0.19915
0.199675
0.218125
0.219625
0.2277
0.229125
0.274775
0.2771
0.3233
0.378825
0.38685
0.4042
0.416975
0.418375
0.41985
0.435675
0.442925
0.44315
0.4516
0.470975
0.47135
0.4771
0.4782
0.56745
0.57605
0.5761
0.601125
0.606375
0.6102
0.618875
0.62705
0.642525
0.6621
0.700875
0.7186
0.7299
0.735275
0.74155
0.7679
0.786875
0.789
0.789175
0.80165
0.805825
0.8064
0.818875
0.8294
0.834475
0.8774
0.878175
0.88995
0.915725
0.956975
0.963525
0.9649
0.987475
1.024925
1.02495
1.0285
1.032275
1.038375
1.0502
1.054425
1.05895
1.1095
1.140375
1.148675
1.1636
1.1667
1.17495
1.184725
1.19265
1.212
1.250675
1.271225
1.3022
1.310875
1.313225
1.3154
1.3158
1.33035
1.33965
1.341075
1.347325
1.353625
1.354525
1.4006
1.4043
1.405525
1.4096
1.4101
1.4176
1.4185
1.436725
1.440275
1.46155
1.506725
1.50985
1.510525
1.5135
1.524525
1.536825
1.563625
1.5737
1.589325
1.604675
1.6072
1.610175
1.6248
1.63085
1.634
1.655775
1.67185
1.69345
1.7098
1.711875
1.715225
1.715725
1.74215
1.7424
1.74615
1.747025
1.757875
1.771775
1.849725
1.86765
1.884525
1.9114
1.913375
1.917925
1.91845
1.918875
1.9276
1.928775
1.93025
1.93465
1.934675
1.939325
1.9447
1.9498
1.953175
1.96895
1.972225
1.9802
1.98365
1.98675
1.98915
1.9987
1.99925
2.004875
2.01515
2.0152
2.016675
2.01805
2.022625
2.02385
2.027225
2.0341
2.065225
2.0745
2.086525
2.1059
2.1263
2.1683
2.20305
2.214225
2.218125
2.226875
2.2351
2.248125
2.26215
2.267725
2.26785
2.31035
2.317075
2.336675
2.336975
2.3376
2.353375
2.3969
2.39985
2.413325
2.435625
2.450525
2.461025
2.4621
2.463875
2.500075
2.5051
2.5126
2.5127
2.516525
2.533275
2.546625
2.56205
2.5622
2.566325
2.566625
2.5678
2.575225
2.600125
2.608775
2.623325
2.624725
2.627175
2.645275
2.6456
2.6477
2.64855
2.65905
2.6679
2.67395
2.716075
2.73975
2.7506
2.750625
2.80665
2.809125
2.8195
2.8261
2.83415
2.8369
2.83705
2.84235
2.850525
2.859025
2.85925
2.8628
2.87915
2.886575
2.9079
2.9134
2.920575
2.924225
2.930225
2.9378
2.941575
2.9428
2.96195
2.98905
3.001075
3.00995
3.01335
3.0498
3.052075
3.0613
3.104975
3.1157
3.11895
3.12055
3.121825
3.122775
3.1252
3.13805
3.139975
3.1526
3.166525
3.2004
3.206775
3.2344
3.241125
3.258625
3.276875
3.2965
3.299775
3.30075
3.31775
3.337775
3.375375
3.41105
3.41385
3.4156
3.41605
3.420375
3.42395
3.42775
3.4339
3.4512
3.452275
3.454875
3.4568
3.4631
3.4666
3.47175
3.479375
3.494775
3.49585
3.5042
3.5291
3.5327
3.539525
3.53955
3.54715
3.56625
3.587225
3.6093
3.61825
3.629775
3.63885
3.64445
3.671375
3.675
3.68055
3.68315
3.700925
3.7011
3.702875
3.725925
3.729625
3.73485
3.74845
3.760125
3.765625
3.7686
3.803425
3.81495
3.816
3.8379
3.8481
3.85945
3.865975
3.8966
3.8976
3.9198
3.931475
3.951675
3.957875
3.960375
3.966475
3.9736
3.994875
4.003575
4.0041
4.017625
4.018625
4.018875
4.02505
4.03505
4.037325
4.05435
4.057625
4.067525
4.0777
4.0799
4.1153
4.119325
4.123825
4.13705
4.14845
4.171525
4.1732
4.1909
4.1938
4.2073
4.28705
4.2982
4.30105
4.308075
4.30955
4.311125
4.311875
4.316325
4.3196
4.33
4.33845
4.34205
4.345125
4.345825
4.35745
4.3596
4.36325
4.3652
4.370325
4.3723
4.37415
4.380775
4.381425
4.395325
4.40515
4.408725
4.4091
4.41905
4.421975
4.42785
4.4321
4.438825
4.45455
4.472575
4.50295
4.508175
4.534575
4.5351
4.601025
4.6055
4.60715
4.60945
4.6099
4.6126
4.62735
4.632875
4.63425
4.641125
4.642475
4.644525
4.645575
4.6483
4.6635
4.66665
4.677325
4.6787
4.68595
4.688575
4.703125
4.713375
4.7176
4.72235
4.725025
4.72905
4.75105
4.764175
4.767075
4.770325
4.77155
4.77235
4.79825
4.814775
4.855775
4.879475
4.880125
4.88195
4.8906
4.906525
4.9149
4.9191
4.921875
4.945475
4.956025
4.958525
4.959575
5.008825
5.036425
5.0453
5.045525
5.12225
5.140375
5.171275
5.1793
5.2004
5.2085
5.2177
5.230725
5.236925
5.24255
5.25045
5.258975
5.265975
5.2677
5.270025
5.2823
5.283525
5.298425
5.304675
5.31275
5.34405
5.3527
5.356025
5.36275
5.371075
5.387375
5.3917
5.4021
5.4164
5.4279
5.456525
5.477725
5.501625
5.509375
5.5112
5.511325
5.5166
5.5346
5.536125
5.55385
5.577275
5.583825
5.613825
5.61495
5.629675
5.63245
5.66285
5.6925
5.69895
5.699175
5.750475
5.7534
5.756575
5.779925
5.783
5.78845
5.79335
5.795
5.797675
5.8025
5.803
5.803175
5.80755
5.819025
5.822875
5.824325
5.826925
5.83375
5.838775
5.844825
5.848525
5.849125
5.85755
5.861225
5.861775
5.885825
5.8961
5.89825
5.90925
5.922725
5.926025
5.92815
5.9297
5.959325
5.9721
5.982525
5.984675
5.99865
6.0072
6.010675
6.023275
6.045175
6.10625
6.116225
6.121775
6.122925
6.12745
6.12855
6.1402
6.146225
6.1629
6.166825
6.1794
6.1819
6.191275
6.2127
6.2412
6.265675
6.2765
6.297225
6.30115
6.32155
6.332225
6.358575
6.36345
6.3666
6.410825
6.41515
6.41915
6.427575
6.4294
6.435825
6.454375
6.45915
6.467225
6.48205
6.49095
6.511125
6.515075
6.51565
6.54515
6.555825
6.569525
6.593425
6.6012
6.6028
6.6038
6.607075
6.61205
6.64295
6.684025
6.70125
6.701775
6.7056
6.710225
6.716525
6.73995
6.74515
6.7475
6.7509
6.757075
6.7583
6.7769
6.81895
6.82425
6.8349
6.83905
6.88685
6.886925
6.90145
6.910425
6.91135
6.9209
6.94845
6.9581
7.01835
7.028375
7.028775
7.03025
7.03135
7.0334
7.0366
7.038825
7.04585
7.06175
7.064175
7.072175
7.086075
7.094675
7.098
7.1009
7.117475
7.120125
7.12395
7.127475
7.140325
7.168975
7.175725
7.193475
7.194375
7.20055
7.21155
7.230325
7.2483
7.25665
7.26845
7.275425
7.2978
7.3123
7.3142
7.314525
7.321875
7.325575
7.3269
7.3347
7.344225
7.352475
7.375875
7.38015
7.382325
7.4107
7.4394
7.452775
7.4614
7.479825
7.482825
7.505475
7.540925
7.545925
7.548625
7.612025
7.6212
7.624525
7.62905
7.637975
7.641
7.64105
7.6426
7.66735
7.6691
7.67375
7.677525
7.6905
7.708275
7.715375
7.744225
7.76435
7.77095
7.772825
7.787425
7.7999
7.832425
7.87495
7.889575
7.91175
7.915725
7.925025
7.9261
7.92925
7.93525
7.938525
7.95545
7.956675
7.957975
7.990675
7.99775
7.999875
8.001
8.004525
8.005125
8.022325
8.02715
8.028625
8.029525
8.04355
8.045225
8.046075
8.06115
8.089825
8.0978
8.12655
8.126925
8.134475
8.149475
8.16145
8.177575
8.2258
8.236775
8.23835
8.238575
8.2401
8.2409
8.277975
8.281475
8.2904
8.290925
8.290975
8.311775
8.325925
8.343725
8.34425
8.354975
8.3759
8.377675
8.389375
8.39735
8.402525
8.434925
8.45825
8.46895
8.48835
8.506625
8.50685
8.51015
8.5106
8.515525
8.51555
8.522075
8.527175
8.54535
8.562925
8.5649
8.577475
8.58965
8.59195
8.597625
8.610875
8.6228
8.66315
8.66725
8.668975
8.680425
8.680575
8.6808
8.682225
8.68625
8.689225
8.6931
8.6936
8.70005
8.7881
8.802
8.802025
8.80225
8.804225
8.807875
8.810125
8.812325
8.829375
8.8419
8.85225
8.8563
8.862925
8.901625
8.909825
8.9115
8.938325
8.9535
8.958775
8.990325
9.0084
9.0324
9.036775
9.044675
9.06995
9.09015
816
