0.100875
0.11855
0.133925
0.135025
0.13635
0.148625
0.153325
0.163325
0.17425
0.180575
0.201325
0.211325
0.213425
0.223075
0.23035
0.2379
0.2417
0.262175
0.2724
0.301825
0.30745
0.32045
0.37605
0.39615
0.405125
0.407975
0.415425
0.419075
0.432025
0.43625
0.437875
0.441575
0.44525
0.462525
0.492475
0.501675
0.513575
0.522325
0.523275
0.536625
0.542
0.5917
0.597475
0.6368
0.702275
0.7043
0.709975
0.710075
0.710575
0.7256
0.734125
0.761875
0.7658
0.784475
0.786975
0.7967
0.8232
0.83855
0.843925
0.861625
0.866475
0.868475
0.8733
0.87445
0.8831
0.900725
0.912725
0.916925
0.919
0.94585
0.97865
1.0024
1.003775
1.004775
1.0084
1.0199
1.049975
1.05465
1.0651
1.066475
1.068925
1.076
1.099425
1.1087
1.148525
1.15865
1.203525
1.300775
1.32135
1.33675
1.338
1.343175
1.34505
1.3541
1.35695
1.368425
1.3751
1.382875
1.386175
1.389375
1.397325
1.402875
1.464925
1.47695
1.479625
1.49525
1.518075
1.5668
1.602
1.602725
1.61135
1.61325
1.626875
1.64165
1.64395
1.64475
1.65435
1.65865
1.65965
1.6611
1.663225
1.66485
1.6811
1.68495
1.6925
1.692875
1.712625
1.713425
1.716625
1.727125
1.741675
1.756975
1.768975
1.777475
1.807425
1.812475
1.823325
1.88865
1.900325
1.9009
1.906375
1.9285
1.951125
1.961325
1.96435
1.977575
1.990875
2.003875
2.020075
2.02365
2.08495
2.104225
2.110925
2.1177
2.1389
2.161975
2.164375
2.200825
2.201725
2.215475
2.215825
2.22415
2.2376
2.238525
2.243225
2.247975
2.270325
2.279625
2.28185
2.2824
2.28955
2.291325
2.332575
2.335675
2.338475
2.340775
2.3473
2.363475
2.394975
2.4023
2.4041
2.40565
2.454575
2.479375
2.48435
2.50455
2.506375
2.512275
2.514225
2.5156
2.5166
2.527225
2.527475
2.529025
2.53305
2.53775
2.53935
2.542575
2.54265
2.543625
2.544325
2.55085
2.5573
2.5578
2.567325
2.57045
2.57145
2.58835
2.592975
2.601575
2.603675
2.606875
2.62525
2.63175
2.64415
2.64555
2.65425
2.663875
2.68155
2.682675
2.702725
2.723025
2.7249
2.733825
2.740775
2.770725
2.809425
2.8246
2.8275
2.8303
2.832775
2.847525
2.852025
2.856425
2.863025
2.86745
2.87225
2.876775
2.884825
2.9128
2.914175
2.915075
2.929075
2.92995
2.931925
2.935825
2.944925
2.96145
2.963425
2.96685
2.976275
2.98905
2.9954
3.011375
3.047825
3.048175
3.051175
3.063125
3.0741
3.102525
3.102575
3.1075
3.12635
3.130375
3.132125
3.139075
3.142375
3.15535
3.171875
3.172
3.19585
3.204725
3.2077
3.210425
3.211075
3.224225
3.243275
3.25285
3.262625
3.27295
3.279225
3.28755
3.30815
3.3164
3.34455
3.350875
3.353375
3.37495
3.4007
3.4057
3.4066
3.40995
3.41435
3.417575
3.437475
3.4414
3.44455
3.469325
3.479625
3.491975
3.4941
3.516675
3.5282
3.540775
3.5454
3.5464
3.572025
3.5826
3.5989
3.611175
3.63625
3.642325
3.644625
3.649075
3.6539
3.695575
3.720675
3.725025
3.7324
3.739425
3.743225
3.7438
3.7505
3.7522
3.7526
3.775225
3.781725
3.782875
3.80225
3.822825
3.84045
3.84645
3.84735
3.855475
3.878925
3.90045
3.900825
3.9072
3.9491
3.95655
3.956825
3.9822
3.9827
3.9933
4.00385
4.01185
4.01785
4.022425
4.041575
4.046975
4.050225
4.06655
4.073075
4.113825
4.137125
4.1529
4.157275
4.1573
4.165475
4.171425
4.20035
4.245425
4.261925
4.282375
4.28515
4.301425
4.3023
4.3094
4.318
4.320175
4.348275
4.356025
4.361375
4.3655
4.3825
4.38315
4.383425
4.390475
4.390575
4.391425
4.40545
4.4077
4.411175
4.413175
4.42935
4.453475
4.46895
4.576375
4.578175
4.6096
4.660425
4.6641
4.66575
4.67175
4.68515
4.713625
4.76295
4.792175
4.79485
4.79905
4.806175
4.819275
4.824125
4.846875
4.8843
4.88525
4.903975
4.9104
4.9161
4.91625
4.9167
4.928325
4.9381
4.949025
4.957575
4.958425
4.963825
4.9652
4.977125
4.9786
4.9817
5.017625
5.0397
5.04345
5.0447
5.049825
5.05615
5.0605
5.06825
5.07955
5.079825
5.084375
5.08845
5.094525
5.123425
5.12605
5.12945
5.14285
5.170475
5.210075
5.216275
5.219525
5.22475
5.30285
5.304
5.3155
5.321875
5.336925
5.365175
5.373275
5.376575
5.38565
5.390425
5.41075
5.41935
5.426775
5.427675
5.45705
5.512875
5.512925
5.527425
5.529475
5.539575
5.568425
5.585
5.5913
5.624725
5.630975
5.641775
5.6435
5.644875
5.663725
5.691775
5.69395
5.697525
5.7106
5.7208
5.7305
5.7362
5.73835
5.74255
5.8009
5.807525
5.808025
5.824275
5.825925
5.834275
5.84665
5.86835
5.86975
5.872825
5.881825
5.906
5.91575
5.926525
5.9343
5.936275
5.938475
5.94745
5.969275
5.977825
5.979775
5.987675
5.989775
5.996025
6.001275
6.0106
6.031925
6.041
6.0675
6.103575
6.1057
6.1078
6.1111
6.129875
6.1375
6.138675
6.143225
6.147
6.14715
6.1524
6.173075
6.1769
6.219325
6.241675
6.24315
6.247675
6.2506
6.253175
6.254125
6.265625
6.26925
6.27305
6.277825
6.28685
6.300025
6.307225
6.322375
6.3298
6.342575
6.3453
6.37875
6.41365
6.418325
6.4195
6.4368
6.45045
6.4507
6.4549
6.463575
6.466025
6.4673
6.4679
6.50685
6.521375
6.52235
6.52635
6.5396
6.5439
6.5544
6.564325
6.5829
6.599975
6.62195
6.62855
6.62945
6.6374
6.651825
6.658075
6.70645
6.71065
6.712325
6.7142
6.7211
6.72975
6.729775
6.74865
6.750925
6.7567
6.763
6.772375
6.781425
6.7833
6.78515
6.7865
6.788025
6.803025
6.80795
6.81525
6.828175
6.83185
6.834575
6.835175
6.8526
6.854875
6.86445
6.87885
6.885025
6.8878
6.9095
6.9114
6.9259
6.930425
6.9586
6.970975
6.973
6.99825
7.026175
7.029825
7.0391
7.044
7.0816
7.0963
7.097225
7.109075
7.114275
7.1186
7.120175
7.12125
7.12845
7.147275
7.15035
7.15545
7.171275
7.1726
7.175
7.1805
7.194875
7.209
7.219325
7.226475
7.2509
7.3044
7.307675
7.313425
7.314125
7.31995
7.33555
7.337725
7.3405
7.354575
7.36505
7.3656
7.36845
7.376625
7.377
7.404925
7.4104
7.42765
7.428875
7.456975
7.463325
7.472375
7.474025
7.47665
7.504975
7.523075
7.52645
7.529225
7.53755
7.552475
7.56855
7.605625
7.609825
7.61355
7.616
7.622225
7.641875
7.64215
7.659275
7.671275
7.678225
7.68015
7.683525
7.69115
7.692425
7.696975
7.71285
7.722625
7.734225
7.739925
7.7511
7.777425
7.781075
7.83575
7.869575
7.872925
7.88845
7.90445
7.9118
7.9368
7.940325
7.9456
7.96385
7.96525
7.967225
7.97265
7.983325
7.9872
7.98945
8.015425
8.034225
8.08695
8.164525
8.197225
8.202825
8.209
8.222825
8.223475
8.223575
8.225075
8.225675
8.231775
8.2328
8.234225
8.242275
8.2437
8.243975
8.244925
8.246
8.26585
8.2698
8.28055
8.283175
8.2848
8.291675
8.3049
8.323825
8.32715
8.33
8.353325
8.35425
8.355975
8.362725
8.370275
8.372675
8.39055
8.4642
8.475825
8.504275
8.515325
8.515425
8.52865
8.535325
8.539225
8.543375
8.5473
8.547575
8.57685
8.57755
8.59855
8.60385
8.60885
8.665975
8.66915
8.67275
8.676175
8.697825
8.711875
8.7147
8.731575
8.73985
8.761225
8.815375
8.82345
8.83865
8.83955
8.847125
8.861225
8.8627
8.863175
8.86915
8.876875
8.888375
8.891875
8.924625
8.933025
8.936425
8.954475
8.979025
8.9795
9.004625
9.025775
783
