0.107375
0.113525
0.11805
0.1383
0.147975
0.157975
0.1724
0.175375
0.177725
0.179775
0.182075
0.19285
0.20345
0.2192
0.25515
0.2574
0.2587
0.3006
0.3079
0.308225
0.339925
0.364925
0.373375
0.401775
0.403225
0.4052
0.4056
0.4123
0.41375
0.4163
0.41955
0.4259
0.43595
0.436275
0.43655
0.44405
0.45675
0.4596
0.461975
0.468075
0.473175
0.474625
0.48025
0.487075
0.51485
0.526075
0.53935
0.54425
0.5804
0.587675
0.60075
0.60625
0.608825
0.61475
0.6758
0.70035
0.7103
0.7115
0.71645
0.716975
0.71745
0.724475
0.734225
0.73625
0.739425
0.7418
0.74865
0.74965
0.753075
0.761525
0.775225
0.784625
0.7953
0.805475
0.81115
0.821775
0.8242
0.86455
0.881925
0.901675
0.90375
0.9048
0.9189
0.945775
0.948975
0.9853
1.0006
1.0016
1.021175
1.02895
1.029775
1.0314
1.04295
1.049475
1.05355
1.0649
1.0953
1.114475
1.130725
1.142675
1.182625
1.191925
1.2244
1.299725
1.3046
1.306875
1.31675
1.32715
1.333425
1.33375
1.336425
1.362125
1.40095
1.4116
1.425425
1.439825
1.445475
1.47825
1.501125
1.50895
1.592475
1.616625
1.620525
1.6227
1.62575
1.6742
1.7303
1.738125
1.74715
1.755375
1.7578
1.7825
1.78495
1.815275
1.8167
1.836825
1.87445
1.901275
1.926975
1.9442
1.94605
1.95135
1.95335
1.957175
1.96315
1.971475
1.9743
1.977975
1.98475
1.988
1.9903
2.0127
2.026025
2.042425
2.06005
2.08205
2.114875
2.13425
2.174375
2.19495
2.20805
2.208675
2.208925
2.214225
2.21835
2.22005
2.2468
2.264875
2.282175
2.320475
2.32875
2.3301
2.3348
2.3365
2.34045
2.3475
2.424075
2.437075
2.45245
2.4657
2.502325
2.503325
2.523475
2.532475
2.5383
2.540225
2.5669
2.579125
2.593625
2.6034
2.603475
2.610775
2.61095
2.622
2.625325
2.6324
2.633075
2.6378
2.639075
2.64
2.640925
2.641025
2.648825
2.652975
2.66265
2.67705
2.706525
2.711775
2.72365
2.805975
2.80605
2.806525
2.81905
2.840875
2.845025
2.84715
2.8601
2.8727
2.873225
2.873925
2.88045
2.8855
2.891725
2.961325
3.022375
3.108675
3.112575
3.113125
3.115075
3.1258
3.1267
3.134425
3.13545
3.1429
3.153275
3.1619
3.166375
3.171975
3.183075
3.193075
3.206775
3.2078
3.213225
3.214
3.240475
3.248425
3.2618
3.279275
3.33265
3.333
3.3567
3.357525
3.361925
3.382725
3.392025
3.402125
3.40835
3.41625
3.418675
3.453
3.453075
3.455675
3.467225
3.472775
3.507425
3.50775
3.5464
3.548175
3.5561
3.564275
3.58195
3.58835
3.596225
3.5971
3.60045
3.613575
3.64275
3.669225
3.71055
3.715075
3.7151
3.720025
3.727125
3.7328
3.737425
3.75115
3.753775
3.757375
3.759675
3.76725
3.77525
3.7788
3.7794
3.787375
3.79555
3.847975
3.858075
3.8599
3.8659
3.870025
3.88775
3.893825
3.919275
3.929825
3.942875
3.953025
3.976775
4.004775
4.006625
4.011125
4.0197
4.019825
4.025
4.035575
4.038025
4.04045
4.04695
4.0536
4.0571
4.05765
4.079275
4.09315
4.09445
4.094775
4.102725
4.11155
4.11255
4.119425
4.124875
4.130125
4.21355
4.216375
4.2222
4.230125
4.24615
4.256725
4.2772
4.300175
4.30675
4.315125
4.316225
4.3175
4.3208
4.322375
4.324925
4.332825
4.3401
4.341125
4.34415
4.3488
4.3536
4.3639
4.36605
4.40085
4.40315
4.411725
4.4188
4.42835
4.4428
4.4517
4.46575
4.466625
4.4726
4.489875
4.526975
4.536075
4.5416
4.571425
4.5811
4.600775
4.604575
4.606975
4.624575
4.628975
4.642075
4.647075
4.64755
4.6577
4.66255
4.664
4.685925
4.7021
4.7127
4.71515
4.7274
4.75465
4.76005
4.7602
4.799975
4.826875
4.8331
4.834575
4.838675
4.8397
4.843725
4.86425
4.8792
4.884575
4.9063
4.912325
4.92035
4.93015
4.945275
4.955325
4.9577
4.970025
4.97755
4.991
5.00945
5.09785
5.15485
5.177425
5.2052
5.207875
5.21295
5.224325
5.224625
5.22765
5.23645
5.249375
5.26695
5.268
5.271575
5.27525
5.27725
5.304925
5.310325
5.3134
5.31715
5.3239
5.3352
5.335975
5.40755
5.419025
5.445425
5.447125
5.45465
5.480475
5.50175
5.502375
5.517625
5.520725
5.52365
5.533225
5.537475
5.539525
5.542775
5.543075
5.5433
5.5441
5.553725
5.569575
5.5811
5.59225
5.631675
5.66345
5.696725
5.71035
5.7212
5.74545
5.7528
5.764925
5.766775
5.777825
5.80185
5.808125
5.85695
5.871125
5.877075
5.881625
5.900025
5.9159
5.935525
5.95195
5.96355
5.996875
6.026025
6.04415
6.0485
6.060475
6.0771
6.080325
6.087
6.0885
6.100625
6.1039
6.10695
6.11035
6.1157
6.125875
6.1384
6.14625
6.1547
6.1612
6.16135
6.168675
6.172975
6.17405
6.205525
6.2232
6.26675
6.26745
6.279925
6.2888
6.310625
6.3361
6.370175
6.38895
6.41105
6.4224
6.4241
6.42485
6.428475
6.429925
6.431425
6.438575
6.439675
6.45215
6.45935
6.46385
6.4646
6.478675
6.480425
6.48145
6.48725
6.493525
6.50045
6.510075
6.51355
6.5276
6.529675
6.53525
6.537125
6.539275
6.5397
6.547025
6.554825
6.5646
6.571725
6.578
6.588775
6.60995
6.6206
6.6233
6.650025
6.6615
6.673325
6.6745
6.710425
6.71185
6.712275
6.714275
6.7239
6.7338
6.75415
6.759475
6.76935
6.77055
6.7749
6.789975
6.80405
6.8108
6.819125
6.821675
6.83875
6.8388
6.849675
6.860875
6.925875
6.929475
6.9619
6.96295
6.993425
7.012275
7.01725
7.017675
7.019575
7.033525
7.0422
7.050975
7.05625
7.06325
7.065375
7.067075
7.06985
7.08055
7.104625
7.11475
7.1167
7.11715
7.1178
7.1222
7.12525
7.130975
7.13665
7.143575
7.156625
7.186525
7.19685
7.21855
7.2442
7.271425
7.3059
7.308175
7.314675
7.323675
7.32385
7.3266
7.344325
7.351625
7.3584
7.361275
7.38405
7.385875
7.40525
7.40715
7.413675
7.424475
7.44865
7.466975
7.470525
7.47845
7.48655
7.5103
7.514875
7.525225
7.527925
7.535725
7.5402
7.555575
7.55655
7.5671
7.587675
7.5923
7.6014
7.602425
7.619075
7.624675
7.630425
7.633775
7.63645
7.6526
7.655925
7.6612
7.662825
7.665975
7.66715
7.670925
7.678575
7.6852
7.69935
7.71945
7.73365
7.744375
7.756875
7.777
7.803675
7.900125
7.9182
7.930775
7.932725
7.9438
7.94385
7.9451
7.957475
7.9722
7.988775
7.998425
8.0053
8.005525
8.010125
8.047625
8.058775
8.0867
8.1244
8.15175
8.165325
8.2008
8.202225
8.2037
8.2042
8.209575
8.2192
8.2272
8.233975
8.2351
8.236125
8.240075
8.2414
8.2461
8.249625
8.2597
8.259975
8.2646
8.268975
8.292425
8.29325
8.293375
8.2999
8.308725
8.310075
8.3108
8.3126
8.329575
8.33835
8.351725
8.35755
8.386375
8.389425
8.3998
8.403625
8.40465
8.405175
8.4058
8.43375
8.463825
8.467725
8.49765
8.511925
8.5175
8.518025
8.5212
8.5218
8.53695
8.539525
8.539575
8.54475
8.544925
8.546475
8.551675
8.553075
8.566275
8.579175
8.593675
8.594825
8.595425
8.613575
8.6262
8.632275
8.6424
8.643675
8.644225
8.64435
8.646975
8.6507
8.6522
8.662725
8.669975
8.7112
8.715875
8.7359
8.7428
8.761375
8.80205
8.811375
8.8114
8.814325
8.814625
8.82425
8.8379
8.85065
8.850975
8.891125
8.90395
8.911225
8.912025
8.919275
8.93535
8.9647
8.9659
8.974225
8.9854
8.9974
9.0278
9.038975
9.09065
776
