0.073275
0.102575
0.103075
0.10615
0.11725
0.1206
0.121175
0.122475
0.13815
0.1385
0.140975
0.142775
0.1451
0.145575
0.15225
0.16375
0.1727
0.17955
0.190275
0.192925
0.198525
0.206825
0.212925
0.222375
0.227975
0.23465
0.24735
0.259325
0.3393
0.3428
0.3474
0.35635
0.36305
0.3678
0.39255
0.39895
0.4071
0.416025
0.417825
0.42635
0.440725
0.441975
0.447325
0.46635
0.4848
0.489525
0.518525
0.546975
0.560475
0.6103
0.6149
0.628925
0.6442
0.676375
0.68825
0.70005
0.7093
0.713975
0.714975
0.729825
0.7301
0.7582
0.76215
0.775375
0.7766
0.7873
0.78975
0.800175
0.802175
0.812675
0.820475
0.823775
0.83775
0.853075
0.854175
0.8697
0.87505
0.8966
0.91565
0.92165
0.959325
0.970925
0.971425
0.987925
1.0016
1.0035
1.0262
1.032525
1.038775
1.041225
1.06795
1.068525
1.079925
1.1083
1.12415
1.12445
1.126125
1.1355
1.139725
1.1871
1.1919
1.20075
1.202075
1.231625
1.238525
1.240675
1.255825
1.275125
1.30435
1.3572
1.36285
1.36735
1.369475
1.3734
1.3748
1.389
1.40075
1.4095
1.413275
1.413825
1.4281
1.436375
1.4402
1.4573
1.45745
1.482625
1.492825
1.4975
1.51435
1.58965
1.592525
1.622275
1.631675
1.632675
1.63355
1.65115
1.661275
1.66405
1.66605
1.681825
1.712
1.7263
1.727025
1.737875
1.7487
1.77815
1.782075
1.797975
1.80405
1.83115
1.83515
1.8975
1.900025
1.9015
1.902025
1.908275
1.9125
1.923025
1.924375
1.941475
1.951175
1.955825
1.97025
1.9831
1.9835
1.988575
1.998175
1.99885
2.001925
2.0028
2.02525
2.0571
2.0573
2.078525
2.084175
2.09755
2.102325
2.118725
2.15765
2.2034
2.21365
2.214775
2.2229
2.236825
2.2407
2.24105
2.2421
2.258325
2.265875
2.28155
2.2981
2.298275
2.3025
2.327
2.3465
2.3579
2.367825
2.3689
2.379475
2.40305
2.405425
2.4179
2.422975
2.4276
2.449075
2.459075
2.500875
2.5038
2.50405
2.512675
2.5315
2.53845
2.54485
2.54525
2.5474
2.552425
2.574625
2.58165
2.58295
2.60945
2.625375
2.627675
2.649675
2.654075
2.6617
2.693925
2.701125
2.703325
2.718475
2.7409
2.7468
2.7741
2.804175
2.813925
2.815575
2.821475
2.8327
2.8354
2.839425
2.841925
2.8463
2.848425
2.86415
2.8643
2.868
2.8802
2.8837
2.9094
2.90985
2.916675
2.92265
2.93145
2.935025
2.955125
2.966675
2.972575
2.98385
2.98435
3.0078
3.036725
3.074
3.11615
3.124725
3.1306
3.1362
3.151625
3.164375
3.192525
3.1938
3.21855
3.227
3.233175
3.257475
3.25815
3.26955
3.275025
3.278225
3.311
3.3121
3.3508
3.3632
3.4008
3.4132
3.413525
3.422775
3.42925
3.433125
3.4353
3.440525
3.4598
3.468375
3.475725
3.477675
3.479
3.489875
3.501125
3.5032
3.55185
3.557825
3.5624
3.604575
3.609425
3.6147
3.648575
3.6534
3.662625
3.669725
3.703475
3.703525
3.709025
3.713575
3.720225
3.739425
3.743525
3.7442
3.749325
3.7542
3.754575
3.7624
3.767125
3.789175
3.794125
3.8054
3.80655
3.827025
3.832075
3.862125
3.904575
3.908325
3.929425
3.935175
3.946275
3.9659
4.002125
4.0062
4.0118
4.013475
4.023875
4.025475
4.031075
4.035175
4.038275
4.0384
4.044675
4.04815
4.0599
4.073925
4.078725
4.082275
4.08955
4.091625
4.09895
4.114175
4.122475
4.174425
4.17535
4.198975
4.21875
4.2277
4.23455
4.2476
4.270675
4.272225
4.28755
4.30525
4.317875
4.329025
4.32955
4.337125
4.347525
4.34825
4.356125
4.368125
4.37785
4.399525
4.40575
4.40695
4.4109
4.416
4.41965
4.43525
4.439675
4.440875
4.4484
4.44845
4.4589
4.467325
4.48065
4.485725
4.497775
4.511775
4.51335
4.518425
4.605125
4.611625
4.618525
4.629975
4.6304
4.64545
4.6463
4.648775
4.676475
4.682475
4.6887
4.699825
4.7002
4.7132
4.74845
4.7571
4.760175
4.80275
4.80315
4.805925
4.80765
4.823175
4.83195
4.8532
4.85695
4.902575
4.907025
4.911975
4.9197
4.928925
4.9304
4.931225
4.932025
4.933075
4.956775
4.962475
4.980725
4.981025
4.9835
5.001625
5.007075
5.017175
5.018075
5.02275
5.023775
5.03625
5.045375
5.06205
5.063475
5.067225
5.145725
5.2008
5.2058
5.210925
5.216525
5.225275
5.225975
5.226425
5.227875
5.238275
5.267875
5.2737
5.2746
5.283775
5.3096
5.320175
5.32805
5.328225
5.3311
5.36265
5.40085
5.401025
5.418825
5.4487
5.45115
5.452075
5.4869
5.49585
5.50095
5.505175
5.505375
5.51015
5.5159
5.519675
5.52125
5.523725
5.526275
5.528925
5.5396
5.540775
5.5464
5.55895
5.564625
5.56805
5.58635
5.595925
5.600375
5.620125
5.621575
5.630425
5.6372
5.645475
5.65415
5.691525
5.697725
5.724025
5.738525
5.77845
5.802325
5.804775
5.830175
5.835275
5.8395
5.84095
5.8477
5.859275
5.872675
5.8892
5.8964
5.9203
5.95835
5.986075
5.99595
6.007125
6.011425
6.066975
6.06765
6.07945
6.1015
6.10545
6.10575
6.109425
6.10955
6.112
6.11265
6.121125
6.121275
6.12175
6.1277
6.1439
6.1469
6.1588
6.16805
6.1691
6.16915
6.175975
6.17895
6.24575
6.259275
6.2927
6.29765
6.31475
6.3156
6.352225
6.406725
6.409325
6.4102
6.431975
6.4434
6.445625
6.451875
6.4527
6.457875
6.4631
6.465175
6.477975
6.483475
6.5156
6.54235
6.54655
6.550275
6.569225
6.58975
6.60595
6.637975
6.6583
6.706975
6.7088
6.719675
6.72235
6.73555
6.742825
6.75275
6.75925
6.759775
6.768575
6.769075
6.787525
6.792
6.793925
6.817925
6.835175
6.844875
6.850125
6.896
6.914525
6.92255
6.933625
6.936725
6.96335
6.963775
6.972575
7.00195
7.005675
7.00865
7.009025
7.012425
7.023975
7.02815
7.034475
7.036375
7.046
7.0502
7.0526
7.0693
7.070125
7.0715
7.073225
7.10155
7.11935
7.120025
7.14005
7.142
7.149025
7.15475
7.2129
7.213
7.216925
7.240475
7.2659
7.27925
7.3011
7.3012
7.3068
7.314575
7.3172
7.320025
7.32445
7.32485
7.340575
7.342925
7.350075
7.363
7.3697
7.387675
7.3989
7.40295
7.4179
7.431975
7.43595
7.43865
7.452625
7.456175
7.529275
7.538825
7.5571
7.60635
7.613175
7.625525
7.6318
7.631925
7.64045
7.6579
7.662975
7.663275
7.691675
7.7004
7.712975
7.7419
7.806625
7.8254
7.850175
7.89135
7.900975
7.916875
7.922
7.925725
7.92575
7.931625
7.93235
7.933975
7.9404
7.941675
7.943325
7.955225
7.966125
7.966875
8.00145
8.02825
8.035575
8.0356
8.037525
8.0477
8.04945
8.150225
8.154275
8.208075
8.21435
8.215025
8.2289
8.23655
8.24565
8.245725
8.2509
8.2596
8.2611
8.295625
8.296325
8.2971
8.3019
8.3098
8.3261
8.326425
8.3285
8.331925
8.342775
8.34345
8.345725
8.3728
8.376825
8.393275
8.396525
8.399875
8.400775
8.401025
8.4041
8.41895
8.464225
8.468425
8.47425
8.503375
8.50555
8.507625
8.513125
8.521375
8.52225
8.5227
8.5256
8.533075
8.534875
8.541025
8.550375
8.552925
8.553325
8.5655
8.57285
8.57765
8.5829
8.611725
8.6148
8.62155
8.6272
8.6325
8.6422
8.6542
8.694325
8.701825
8.713475
8.720875
8.731425
8.739775
8.7583
8.7814
8.810075
8.8101
8.8188
8.824675
8.85485
8.85515
8.855425
8.859475
8.860075
8.8643
8.869275
8.871425
8.87365
8.8737
8.8812
8.90235
8.90645
8.913675
8.91805
8.9444
8.955875
8.9606
8.9741
8.977125
8.984825
9.0107
9.01785
9.027275
9.08615
785
