0.1017
0.105225
0.111475
0.1124
0.1159
0.11625
0.1195
0.12845
0.16425
0.16885
0.1724
0.173025
0.174675
0.18985
0.19075
0.1973
0.198375
0.2068
0.2353
0.23685
0.248725
0.2541
0.2581
0.27325
0.29805
0.32565
0.332075
0.339
0.365525
0.403725
0.40455
0.408475
0.422375
0.424925
0.4287
0.430725
0.43745
0.440525
0.445325
0.452875
0.453425
0.454525
0.4594
0.46245
0.477025
0.4778
0.478775
0.4841
0.485175
0.5058
0.517525
0.5222
0.522575
0.529125
0.5294
0.540325
0.55175
0.555225
0.55995
0.5625
0.59715
0.612975
0.6141
0.6504
0.65055
0.6659
0.6981
0.70025
0.702575
0.705575
0.708125
0.709125
0.718375
0.744
0.7442
0.764325
0.7962
0.7974
0.8025
0.8097
0.816875
0.824
0.836525
0.838375
0.840375
0.846925
0.85275
0.85825
0.858775
0.86265
0.876325
0.887575
0.895425
0.899875
0.93435
0.98135
1.0132
1.01505
1.015575
1.015675
1.02815
1.028625
1.03805
1.04245
1.066025
1.0674
1.0843
1.0847
1.098925
1.126875
1.1273
1.1405
1.159125
1.167175
1.170625
1.192875
1.198025
1.217025
1.230675
1.245875
1.261675
1.28175
1.302475
1.304775
1.3159
1.3302
1.339025
1.353825
1.3593
1.36965
1.3759
1.398075
1.398875
1.473825
1.492425
1.499825
1.5031
1.60185
1.6029
1.6039
1.6053
1.612225
1.613275
1.62125
1.626575
1.633
1.63525
1.638325
1.6424
1.6663
1.681275
1.69045
1.694425
1.699325
1.723125
1.7307
1.73705
1.7618
1.78795
1.7911
1.83415
1.846175
1.8627
1.868775
1.897975
1.901775
1.9069
1.916575
1.9166
1.93275
1.937725
1.9416
1.949
1.9541
1.95485
1.959025
1.972275
1.973375
1.9742
1.9816
1.984325
2.000025
2.000975
2.001525
2.014075
2.024675
2.04645
2.056825
2.059325
2.060375
2.06225
2.072575
2.077575
2.086425
2.092375
2.147775
2.167925
2.171875
2.177175
2.17795
2.188775
2.196525
2.209725
2.217
2.224525
2.228775
2.22885
2.23705
2.24535
2.2511
2.25575
2.26185
2.273875
2.27545
2.283275
2.297825
2.304425
2.32215
2.339425
2.3678
2.38205
2.391575
2.4004
2.449075
2.456125
2.4582
2.505025
2.55295
2.56395
2.565875
2.567875
2.571825
2.577075
2.580875
2.58735
2.591875
2.605775
2.608775
2.610675
2.634475
2.649325
2.6583
2.6963
2.74125
2.74515
2.7661
2.8035
2.805925
2.808575
2.8128
2.8235
2.82515
2.82895
2.829825
2.84845
2.8495
2.850825
2.85945
2.873025
2.87365
2.8751
2.8831
2.88855
2.8973
2.920125
2.932225
2.970425
2.99025
3.025725
3.061975
3.07585
3.105425
3.110375
3.131075
3.13295
3.138725
3.1393
3.14795
3.14985
3.153125
3.1576
3.1579
3.1626
3.1665
3.187925
3.225625
3.242975
3.2433
3.2533
3.253925
3.258475
3.283225
3.30505
3.3287
3.391575
3.393625
3.40215
3.4186
3.430975
3.43655
3.4385
3.458775
3.46015
3.4634
3.48835
3.492525
3.497625
3.5016
3.5017
3.50635
3.5087
3.5118
3.52055
3.522425
3.52675
3.533525
3.56885
3.587625
3.611575
3.668675
3.68405
3.709
3.7108
3.7186
3.71935
3.7305
3.731625
3.734125
3.738625
3.751375
3.767225
3.770725
3.7774
3.77795
3.787325
3.8256
3.831825
3.84555
3.8553
3.87595
3.894175
3.917775
3.92485
3.937925
3.939625
3.960575
3.9807
4.00025
4.003875
4.0108
4.021
4.040525
4.048675
4.0527
4.055125
4.067975
4.0722
4.08095
4.09725
4.102475
4.13335
4.148
4.1769
4.1893
4.21565
4.239
4.248325
4.289675
4.313475
4.31585
4.31725
4.31745
4.3353
4.33705
4.3393
4.339525
4.35685
4.358325
4.370575
4.370975
4.372
4.381975
4.390425
4.408725
4.41405
4.423625
4.45875
4.471125
4.4762
4.479875
4.490075
4.4934
4.515025
4.52675
4.53
4.556875
4.572375
4.5995
4.611875
4.625475
4.63915
4.6436
4.671425
4.688475
4.692275
4.702975
4.704775
4.7152
4.74205
4.7434
4.745175
4.751025
4.778625
4.7881
4.79085
4.815875
4.8221
4.82575
4.867525
4.87875
4.884175
4.888825
4.904525
4.91095
4.915625
4.9227
4.92495
4.926325
4.930775
4.93425
4.93455
4.9347
4.93905
4.94125
4.94185
4.945075
4.957075
4.9829
4.990325
5.000275
5.005525
5.0443
5.045075
5.058
5.078125
5.080575
5.191775
5.1948
5.210825
5.21945
5.2375
5.23865
5.2466
5.252025
5.25215
5.25275
5.256725
5.2661
5.28035
5.295325
5.31975
5.3435
5.3484
5.349475
5.349675
5.35665
5.356725
5.3834
5.3861
5.40125
5.412525
5.421025
5.421275
5.43475
5.468775
5.47895
5.51045
5.5121
5.512925
5.513425
5.51725
5.52285
5.529875
5.535475
5.551525
5.555825
5.55745
5.569825
5.5735
5.576
5.602475
5.61055
5.650225
5.65095
5.663575
5.664575
5.667775
5.671925
5.696275
5.70085
5.720475
5.725925
5.7268
5.755775
5.759525
5.793025
5.799375
5.807225
5.809625
5.810625
5.81065
5.821725
5.82385
5.824725
5.83555
5.845225
5.88895
5.889175
5.88935
5.903475
5.906575
5.915125
5.919725
5.925
5.931975
5.96065
5.9785
5.98775
6.043375
6.058975
6.06175
6.093175
6.093475
6.117675
6.13595
6.149275
6.1624
6.18905
6.196875
6.207325
6.2208
6.230625
6.24535
6.254625
6.2586
6.269125
6.27885
6.2805
6.2837
6.2942
6.306725
6.308225
6.3178
6.32755
6.3334
6.337475
6.3419
6.349775
6.35845
6.3782
6.4004
6.40605
6.41245
6.443325
6.44565
6.4514
6.45705
6.4575
6.457725
6.468
6.469125
6.4707
6.4721
6.479725
6.4799
6.487425
6.500525
6.5132
6.52565
6.52845
6.542375
6.546675
6.562125
6.572775
6.617925
6.62435
6.6711
6.67605
6.702
6.711075
6.72105
6.73865
6.746525
6.76595
6.772225
6.78215
6.824125
6.8285
6.978775
6.98245
7.0089
7.014875
7.022275
7.0324
7.037425
7.041875
7.043425
7.049575
7.056925
7.0608
7.0944
7.097825
7.108925
7.109725
7.11145
7.1352
7.15255
7.162725
7.176825
7.1957
7.255325
7.264825
7.2797
7.301175
7.30225
7.30235
7.322225
7.327075
7.3305
7.332525
7.34005
7.3518
7.3561
7.38885
7.3994
7.4011
7.410625
7.413625
7.420975
7.4453
7.45385
7.458875
7.464225
7.46505
7.46695
7.522175
7.533875
7.5348
7.563075
7.60145
7.610375
7.6186
7.62305
7.635175
7.6354
7.6381
7.646425
7.6552
7.67035
7.6944
7.704625
7.71945
7.727
7.73105
7.73485
7.7416
7.7417
7.760625
7.785375
7.793625
7.79615
7.802925
7.805475
7.846775
7.869725
7.902175
7.913175
7.915925
7.924975
7.9255
7.931175
7.95305
7.96105
7.966
7.96945
7.970175
7.987575
7.9889
7.99505
7.998625
8.006075
8.01565
8.026225
8.05015
8.052025
8.058975
8.076125
8.08205
8.084725
8.085
8.10165
8.104325
8.14385
8.166575
8.19
8.2074
8.20875
8.2195
8.228275
8.230325
8.230625
8.24
8.244875
8.2469
8.2477
8.2688
8.2693
8.271825
8.27895
8.28375
8.2929
8.306475
8.30875
8.321025
8.3366
8.3582
8.399425
8.424825
8.464225
8.4766
8.50615
8.508575
8.5116
8.513
8.519825
8.53685
8.541975
8.566725
8.5696
8.571625
8.57235
8.576075
8.615325
8.6165
8.6181
8.62515
8.633975
8.63415
8.6416
8.681275
8.6849
8.6996
8.709425
8.7225
8.73235
8.74115
8.746925
8.768775
8.793275
8.801
8.822675
8.8359
8.8442
8.847075
8.853875
8.857
8.857425
8.86065
8.865325
8.884725
8.8946
8.9078
8.919225
8.9198
8.94565
8.958775
8.981
9.031725
9.05035
779
