0.0136
0.102525
0.1033
0.10355
0.105325
0.11755
0.1238
0.13065
0.1348
0.13525
0.149425
0.157075
0.158275
0.161075
0.164725
0.165925
0.17315
0.1983
0.2204
0.24025
0.243825
0.27645
0.288725
0.31775
0.32185
0.322375
0.372325
0.379275
0.383475
0.390375
0.402675
0.40645
0.407175
0.415075
0.415325
0.431675
0.43885
0.44045
0.44205
0.4462
0.44855
0.45815
0.460125
0.46575
0.4747
0.486975
0.505925
0.5159
0.521125
0.561425
0.5849
0.588575
0.599825
0.603175
0.611075
0.61925
0.63415
0.6587
0.65885
0.6747
0.6904
0.694975
0.705475
0.716325
0.72085
0.7262
0.726275
0.736
0.7499
0.76355
0.764725
0.7762
0.78485
0.78515
0.78605
0.81685
0.857475
0.874475
0.8799
0.9265
0.94325
0.9787
0.995375
1.01045
1.01195
1.01645
1.0283
1.028525
1.05135
1.05255
1.0541
1.054825
1.057525
1.0682
1.13235
1.13245
1.166275
1.185025
1.21555
1.23035
1.30015
1.30595
1.30895
1.321425
1.32275
1.3363
1.3394
1.341775
1.34465
1.3573
1.364925
1.365325
1.377075
1.37745
1.3808
1.389125
1.398525
1.399925
1.40945
1.42675
1.444175
1.47145
1.4809
1.48345
1.502225
1.5124
1.554725
1.561
1.585275
1.588375
1.598325
1.599625
1.6065
1.610125
1.6222
1.62385
1.6272
1.632825
1.638375
1.645025
1.651025
1.65305
1.661725
1.673675
1.6918
1.695175
1.70025
1.704975
1.707075
1.7111
1.7202
1.750175
1.763625
1.765825
1.804825
1.8228
1.83025
1.901
1.90585
1.91275
1.914475
1.919125
1.922125
1.9233
1.927
1.932075
1.934425
1.9686
1.969825
1.975125
1.979725
1.9807
1.9842
1.98605
1.989725
1.9931
2.0059
2.016875
2.021425
2.0346
2.058225
2.092725
2.095925
2.102775
2.11265
2.126975
2.146825
2.18795
2.20285
2.2108
2.211225
2.215425
2.2163
2.216625
2.23485
2.239075
2.249525
2.270375
2.27545
2.309425
2.310275
2.31445
2.318975
2.33395
2.339
2.394875
2.396075
2.4039
2.406825
2.43405
2.444525
2.488425
2.503
2.51925
2.52345
2.524775
2.525925
2.544325
2.54755
2.548375
2.556125
2.5665
2.572275
2.59015
2.6138
2.62205
2.65635
2.6801
2.691875
2.716725
2.718775
2.732275
2.741975
2.771175
2.786475
2.798525
2.815075
2.82175
2.823975
2.830475
2.8313
2.8388
2.843225
2.864675
2.8696
2.871275
2.8823
2.894725
2.895425
2.9039
2.910425
2.9215
2.925025
2.9297
2.94035
2.9405
2.95855
2.9739
2.97815
2.983875
2.988675
3.003625
3.007175
3.012025
3.0432
3.048
3.0535
3.085
3.10495
3.11565
3.117775
3.126675
3.13115
3.13625
3.163425
3.1827
3.194325
3.200175
3.21245
3.2233
3.22715
3.23705
3.260925
3.2625
3.284625
3.294825
3.313425
3.3218
3.407925
3.410225
3.411675
3.414225
3.416575
3.421125
3.426275
3.4283
3.428625
3.42965
3.45135
3.461825
3.476975
3.4788
3.485375
3.498
3.5021
3.511075
3.51975
3.526325
3.54085
3.5435
3.55385
3.59465
3.605625
3.703225
3.712475
3.7201
3.72065
3.7223
3.72845
3.738625
3.7434
3.755475
3.770225
3.770775
3.774975
3.815125
3.816625
3.82495
3.83165
3.831875
3.838025
3.8461
3.8501
3.887375
3.889025
3.893225
3.91395
3.9316
3.93795
3.940525
3.944625
3.958325
4.004
4.00595
4.01075
4.01175
4.0193
4.028075
4.0468
4.052225
4.0613
4.061675
4.07
4.077425
4.084975
4.08745
4.11385
4.1273
4.148075
4.15065
4.15975
4.16255
4.16745
4.18135
4.2121
4.217675
4.2701
4.304025
4.322525
4.32365
4.323775
4.32825
4.337775
4.347825
4.3695
4.37705
4.3822
4.39795
4.4187
4.4221
4.42455
4.42505
4.42595
4.431425
4.476475
4.4855
4.516325
4.521625
4.540775
4.56135
4.57175
4.58765
4.5894
4.591775
4.6006
4.609225
4.6151
4.616125
4.617975
4.61945
4.6252
4.633325
4.6375
4.638225
4.6656
4.66575
4.668225
4.668825
4.678025
4.6988
4.700675
4.70185
4.706525
4.712575
4.735725
4.74805
4.7537
4.7563
4.76135
4.764375
4.7717
4.773025
4.7796
4.813675
4.8271
4.8385
4.86135
4.87185
4.890925
4.901225
4.903975
4.905575
4.9072
4.9205
4.93105
4.937225
4.942525
4.945975
4.955825
4.958975
4.980825
4.985325
4.996375
5.02705
5.031975
5.034425
5.068075
5.1124
5.1166
5.12105
5.138375
5.1498
5.177975
5.2016
5.2198
5.2727
5.274775
5.278125
5.279825
5.296425
5.306625
5.316925
5.3209
5.325125
5.32695
5.347975
5.348425
5.355575
5.376325
5.37985
5.38855
5.394775
5.396525
5.401125
5.43675
5.4396
5.494
5.49865
5.5008
5.50545
5.507575
5.51825
5.5194
5.527575
5.537725
5.5378
5.548925
5.5493
5.553825
5.554225
5.569025
5.573575
5.57585
5.578725
5.5805
5.5871
5.591175
5.5935
5.63285
5.69075
5.691275
5.69345
5.77525
5.804775
5.82535
5.831475
5.8354
5.838375
5.83875
5.84685
5.84955
5.869575
5.870725
5.8839
5.88935
5.906325
5.912525
5.936925
5.943175
5.948225
5.951425
5.9652
5.9743
5.979175
5.99375
6.00905
6.0154
6.025225
6.029625
6.033925
6.038525
6.08805
6.091925
6.10255
6.107125
6.110925
6.121275
6.161275
6.16385
6.167125
6.17125
6.196225
6.2015
6.207575
6.220275
6.221425
6.228075
6.232925
6.2369
6.248175
6.26445
6.26565
6.282625
6.291075
6.302425
6.309825
6.330075
6.330275
6.34645
6.3503
6.366025
6.397825
6.400825
6.401425
6.406025
6.40785
6.409275
6.413725
6.41465
6.41525
6.4169
6.431525
6.437625
6.4471
6.452675
6.461275
6.461925
6.4628
6.4651
6.465475
6.47455
6.4855
6.5013
6.516025
6.520375
6.52325
6.5311
6.537975
6.54015
6.59575
6.6285
6.63725
6.6527
6.70335
6.711
6.717125
6.725
6.75655
6.769425
6.781775
6.782825
6.78465
6.789375
6.790575
6.796275
6.79705
6.798875
6.799875
6.8066
6.81475
6.819425
6.820475
6.827875
6.831525
6.8452
6.84775
6.8495
6.870775
6.875575
6.89985
6.914875
6.9384
6.955225
6.955675
6.96395
6.98855
7.003375
7.007175
7.013525
7.01625
7.024575
7.034375
7.040375
7.042
7.0459
7.060975
7.066
7.067375
7.0803
7.107975
7.10875
7.120125
7.133225
7.143075
7.151575
7.209975
7.228825
7.234675
7.2447
7.282625
7.3049
7.30665
7.3154
7.3174
7.32015
7.3203
7.333275
7.3378
7.34285
7.36005
7.375725
7.382275
7.398525
7.39875
7.401875
7.42085
7.42785
7.42945
7.44635
7.447375
7.47525
7.491575
7.566075
7.58925
7.610025
7.6116
7.612425
7.617375
7.621625
7.624175
7.626225
7.62685
7.64185
7.6488
7.650825
7.6588
7.679325
7.683725
7.683775
7.685075
7.68875
7.697775
7.709175
7.7094
7.731175
7.756975
7.761875
7.78965
7.808425
7.872575
7.879925
7.900025
7.90055
7.90955
7.917375
7.919825
7.945125
7.94715
7.947475
7.94975
7.960425
7.966975
7.968975
7.969525
7.971825
7.9783
7.982125
8.014525
8.035475
8.044725
8.05455
8.06665
8.09675
8.10285
8.1083
8.1196
8.206125
8.2176
8.22215
8.228625
8.2318
8.24365
8.261575
8.269825
8.270125
8.28505
8.29065
8.301125
8.3218
8.3268
8.335025
8.35635
8.387075
8.387925
8.404575
8.406375
8.426025
8.4465
8.47415
8.50615
8.50655
8.508475
8.51045
8.5119
8.517775
8.5227
8.523475
8.52735
8.529175
8.550225
8.56
8.561075
8.57195
8.58285
8.60345
8.6083
8.65955
8.672925
8.68355
8.68615
8.709075
8.713975
8.7155
8.76085
8.793475
8.807175
8.810975
8.8156
8.82195
8.8252
8.8255
8.826975
8.83295
8.8332
8.838675
8.840475
8.879375
8.9048
8.91075
8.91775
8.920375
8.92595
8.933375
8.93715
8.949075
8.971175
8.971375
8.991825
8.993425
9.022025
9.025375
9.03105
9.0572
9.0878
804
