0.09395
0.1107
0.114425
0.118625
0.1192
0.121725
0.137475
0.150275
0.163
0.171075
0.178775
0.189875
0.192725
0.200775
0.210325
0.21345
0.227975
0.23245
0.239375
0.245775
0.25055
0.313925
0.32845
0.3356
0.341225
0.346125
0.34935
0.39065
0.413
0.417575
0.422075
0.429975
0.43105
0.432625
0.445075
0.451125
0.460325
0.46855
0.5028
0.508175
0.518175
0.525
0.52545
0.569175
0.674075
0.68185
0.70595
0.7069
0.72035
0.721525
0.726975
0.73125
0.735475
0.8119
0.828975
0.83395
0.84135
0.8746
0.88265
0.88285
0.9018
0.92055
0.939125
0.94535
0.96115
0.9664
0.979025
1.01205
1.0135
1.014975
1.035525
1.03865
1.04215
1.0431
1.044375
1.047675
1.047725
1.05385
1.06505
1.0725
1.0731
1.07565
1.08055
1.100425
1.1024
1.108375
1.1091
1.1156
1.1166
1.15035
1.21695
1.2386
1.256
1.25615
1.277425
1.29035
1.301925
1.3113
1.317175
1.318725
1.31935
1.32025
1.325575
1.334475
1.3619
1.367725
1.373925
1.3791
1.391475
1.39245
1.396875
1.404775
1.42055
1.4209
1.4642
1.465925
1.472075
1.4729
1.47585
1.483475
1.48995
1.495325
1.5097
1.51525
1.5337
1.54165
1.542225
1.54645
1.5544
1.604925
1.608925
1.619275
1.619875
1.621725
1.62555
1.6448
1.669675
1.681925
1.684525
1.6875
1.6926
1.737225
1.76265
1.764625
1.7738
1.7853
1.793675
1.80565
1.8443
1.903975
1.9086
1.914325
1.916925
1.917725
1.921475
1.92305
1.92455
1.933925
1.9372
1.94245
1.943225
1.9466
1.957975
1.983925
1.984275
1.9964
2.00945
2.017725
2.03095
2.03585
2.03795
2.044225
2.065525
2.076475
2.077425
2.09425
2.199975
2.2049
2.210325
2.21465
2.216525
2.217325
2.224675
2.226375
2.2355
2.250125
2.25655
2.266125
2.266875
2.2672
2.271775
2.2867
2.30505
2.311125
2.3142
2.33185
2.351775
2.367175
2.39195
2.396825
2.432625
2.43375
2.435925
2.43635
2.5043
2.5088
2.510175
2.513075
2.519575
2.52215
2.527125
2.5289
2.53135
2.53295
2.53615
2.5371
2.540175
2.54455
2.5657
2.5666
2.586325
2.59505
2.595225
2.5964
2.604875
2.61805
2.6301
2.635375
2.636725
2.65625
2.65985
2.6971
2.7113
2.7341
2.759925
2.7634
2.8013
2.80245
2.80375
2.803775
2.8103
2.814675
2.814875
2.816675
2.827525
2.832325
2.837675
2.839225
2.857
2.864825
2.9079
2.95325
2.9659
2.966525
2.979975
2.982825
2.9937
2.99465
2.9971
2.99975
3.00725
3.040875
3.05345
3.06525
3.10255
3.1059
3.1109
3.11355
3.130675
3.130975
3.132125
3.143575
3.148425
3.1491
3.1503
3.150575
3.151975
3.166025
3.1705
3.1834
3.186175
3.186225
3.1954
3.198075
3.19895
3.204725
3.205975
3.216425
3.218475
3.220025
3.222825
3.223475
3.259125
3.263525
3.27235
3.291075
3.332025
3.4096
3.409725
3.418
3.42285
3.432975
3.44295
3.45615
3.460475
3.464575
3.470575
3.485575
3.485875
3.506525
3.516175
3.51855
3.54975
3.56025
3.565325
3.565425
3.567725
3.57085
3.598
3.599525
3.608525
3.6321
3.64165
3.665625
3.66845
3.683425
3.707725
3.715975
3.717875
3.71875
3.7196
3.7246
3.728625
3.74055
3.742775
3.75205
3.756625
3.75855
3.784425
3.785075
3.78915
3.789875
3.814875
3.815925
3.81965
3.822625
3.862075
3.871875
3.89485
3.9256
3.9646
3.974675
4.00105
4.004225
4.016025
4.01985
4.0206
4.02185
4.0241
4.038975
4.0443
4.05225
4.060125
4.0627
4.066225
4.085725
4.089375
4.09725
4.11215
4.115675
4.11705
4.117725
4.125575
4.136475
4.1409
4.153475
4.2752
4.2857
4.289075
4.3034
4.307925
4.3084
4.321025
4.366575
4.3706
4.379225
4.3933
4.448725
4.47435
4.477
4.516475
4.532375
4.5372
4.5883
4.61595
4.622475
4.62525
4.638025
4.64395
4.65135
4.66015
4.6663
4.668525
4.732225
4.7516
4.752725
4.765925
4.795075
4.821675
4.826025
4.82625
4.832075
4.837625
4.8434
4.844175
4.90355
4.910175
4.91795
4.9272
4.937275
4.967025
4.9748
4.9891
4.9933
4.99895
5.000925
5.0346
5.0395
5.04615
5.053625
5.065625
5.067325
5.0748
5.086975
5.09825
5.0984
5.1027
5.182575
5.210675
5.2161
5.2326
5.24175
5.248575
5.252925
5.2533
5.256825
5.258075
5.263075
5.26965
5.270675
5.27075
5.271825
5.30015
5.300375
5.308025
5.33325
5.347875
5.352175
5.362575
5.363075
5.3677
5.37015
5.39655
5.39825
5.424675
5.425075
5.4555
5.467
5.500175
5.507775
5.527675
5.541975
5.553225
5.56625
5.572375
5.5725
5.573875
5.597375
5.5979
5.601
5.603425
5.6115
5.6193
5.6224
5.633525
5.635525
5.673575
5.683075
5.698425
5.700975
5.72245
5.738975
5.742875
5.747325
5.75255
5.7786
5.792675
5.805825
5.807225
5.827875
5.82985
5.838075
5.840775
5.848225
5.856925
5.862375
5.8682
5.8694
5.87705
5.90185
5.927725
5.93205
5.948575
5.948775
5.995775
6.006225
6.006725
6.01915
6.1027
6.123875
6.13325
6.140175
6.1542
6.154575
6.164075
6.17855
6.18105
6.193575
6.200925
6.203275
6.215225
6.217525
6.22145
6.22405
6.227875
6.260725
6.2622
6.271925
6.281075
6.295875
6.2973
6.2975
6.3172
6.353375
6.404175
6.40575
6.408975
6.41705
6.4367
6.439225
6.442325
6.44435
6.446375
6.447325
6.453975
6.4602
6.460975
6.46595
6.4762
6.479125
6.486775
6.531925
6.54005
6.545225
6.5466
6.54865
6.55055
6.5576
6.58625
6.613275
6.639325
6.64
6.64025
6.65415
6.710525
6.71275
6.7175
6.7239
6.727075
6.73115
6.735575
6.737475
6.755025
6.769325
6.772125
6.779525
6.7839
6.794475
6.80305
6.81425
6.859975
6.864
6.868
6.9054
6.9247
7.00225
7.006175
7.00925
7.0105
7.026375
7.030275
7.03285
7.03865
7.0408
7.043575
7.0443
7.0889
7.09445
7.100025
7.1087
7.1101
7.117225
7.119575
7.124325
7.1347
7.1372
7.137675
7.157225
7.157325
7.18805
7.19605
7.288525
7.304825
7.309425
7.3122
7.3151
7.321325
7.326225
7.328625
7.331775
7.332475
7.345375
7.351175
7.3518
7.35355
7.371925
7.408975
7.409375
7.415025
7.452225
7.45815
7.46045
7.461075
7.475775
7.51295
7.525275
7.528025
7.5331
7.5467
7.5607
7.602
7.61425
7.619175
7.64325
7.6546
7.660125
7.661225
7.6643
7.674325
7.676775
7.694575
7.718875
7.730725
7.745775
7.75515
7.767625
7.7711
7.812125
7.812925
7.813725
7.822025
7.831925
7.848325
7.874075
7.909775
7.91155
7.91395
7.916875
7.923425
7.92375
7.934375
7.9388
7.940375
7.94205
7.94235
7.946625
7.947175
7.952725
7.953975
7.95725
7.959275
7.960625
7.960925
7.9717
7.97875
7.9897
7.999475
8.0001
8.005375
8.008
8.011975
8.0455
8.056075
8.063375
8.0856
8.103375
8.110625
8.112
8.20025
8.2016
8.21235
8.21755
8.226575
8.2268
8.2316
8.2378
8.24955
8.2496
8.2505
8.252175
8.252675
8.270475
8.2771
8.28075
8.2893
8.29515
8.299625
8.312475
8.313425
8.3224
8.328875
8.3511
8.378925
8.4133
8.46225
8.46625
8.482
8.493525
8.514575
8.53895
8.541025
8.5467
8.5516
8.571175
8.576175
8.58165
8.5913
8.597175
8.611525
8.6213
8.627625
8.630125
8.6357
8.643175
8.648
8.686275
8.771375
8.791675
8.801375
8.806625
8.8278
8.838925
8.845275
8.848925
8.8622
8.8743
8.874875
8.883425
8.911075
8.9245
8.929
8.932725
8.951675
8.957225
8.9597
8.963325
8.968575
8.973625
9.00905
9.047775
9.09755
781
