0.014625
0.101475
0.103675
0.1062
0.109225
0.113525
0.1271
0.1294
0.12985
0.13115
0.140925
0.143425
0.1457
0.160975
0.168275
0.172075
0.181375
0.187425
0.189525
0.19965
0.225275
0.2354
0.303
0.346525
0.35085
0.379075
0.406575
0.408625
0.42155
0.4218
0.42855
0.43205
0.444825
0.445375
0.463025
0.480125
0.496425
0.499075
0.517575
0.523975
0.53105
0.57155
0.576825
0.58205
0.590675
0.602175
0.623125
0.624575
0.634425
0.636125
0.6388
0.692575
0.71675
0.74175
0.756075
0.760375
0.771975
0.77295
0.77935
0.787975
0.812175
0.813925
0.821975
0.84565
0.89895
0.902
0.903675
0.908725
0.9109
0.9176
0.919925
0.9201
0.95895
0.9618
0.962275
0.97415
0.984175
1.01415
1.01905
1.0416
1.043475
1.0476
1.0489
1.04925
1.06055
1.0667
1.07945
1.08245
1.08775
1.1042
1.1066
1.1186
1.125975
1.1702
1.197075
1.1985
1.202275
1.22605
1.235525
1.2595
1.2841
1.309825
1.316325
1.320375
1.3261
1.32635
1.33295
1.334925
1.338275
1.357925
1.368325
1.404575
1.413675
1.422325
1.422425
1.42875
1.454975
1.46275
1.469475
1.48485
1.4852
1.492475
1.494
1.516475
1.545775
1.551775
1.56555
1.5674
1.568775
1.58585
1.59795
1.62685
1.647725
1.654675
1.659875
1.69375
1.694675
1.709625
1.71315
1.770275
1.8004
1.850175
1.8581
1.896775
1.9026
1.908475
1.93925
1.9515
1.959075
1.970075
1.983525
2.019525
2.02185
2.02285
2.03445
2.045075
2.0722
2.095425
2.10095
2.105775
2.136425
2.149825
2.157275
2.16595
2.2083
2.213175
2.2139
2.221275
2.223775
2.225025
2.243875
2.245925
2.25495
2.2609
2.2788
2.2789
2.285075
2.28865
2.2997
2.29975
2.3074
2.310825
2.3133
2.351725
2.355325
2.357475
2.36385
2.41055
2.435025
2.465725
2.517025
2.525225
2.5326
2.53515
2.54325
2.550425
2.55145
2.55425
2.5603
2.566625
2.56715
2.574725
2.58105
2.58805
2.593675
2.609425
2.62865
2.633025
2.64815
2.657825
2.681825
2.696575
2.699625
2.705225
2.719425
2.726225
2.7332
2.747725
2.7523
2.807
2.8171
2.81775
2.8202
2.82225
2.824575
2.831525
2.83185
2.8378
2.83835
2.838775
2.851875
2.853375
2.854875
2.8589
2.877525
2.892725
2.928475
2.939375
2.95605
2.983225
2.998575
3.014825
3.032125
3.035775
3.039625
3.046375
3.0842
3.09905
3.10265
3.1134
3.117425
3.117575
3.16
3.170025
3.17025
3.176525
3.18365
3.190125
3.198325
3.207275
3.210375
3.21135
3.218525
3.221575
3.23275
3.238775
3.240225
3.2441
3.245625
3.25055
3.263125
3.2736
3.295025
3.298
3.3005
3.3059
3.334475
3.400825
3.406
3.409975
3.414875
3.42085
3.43105
3.432325
3.43285
3.433925
3.434
3.43695
3.4445
3.444575
3.4608
3.465625
3.479175
3.479325
3.526875
3.556925
3.56455
3.566175
3.5826
3.591125
3.599175
3.696625
3.706075
3.710525
3.711525
3.71275
3.730775
3.752
3.756775
3.7583
3.76555
3.768325
3.772575
3.7943
3.801025
3.806975
3.83555
3.8415
3.84295
3.84375
3.848225
3.881475
3.90485
3.907
4.0079
4.008775
4.00915
4.009775
4.010225
4.02865
4.0455
4.064875
4.068875
4.07385
4.096275
4.132575
4.1481
4.2168
4.295325
4.309975
4.310625
4.31655
4.319
4.319225
4.323725
4.351575
4.3564
4.365375
4.370425
4.37335
4.374575
4.3781
4.391
4.42085
4.451575
4.46715
4.48605
4.527075
4.53265
4.548075
4.58345
4.601475
4.62445
4.6292
4.631025
4.6475
4.651
4.660725
4.670725
4.672025
4.676275
4.682075
4.68665
4.702125
4.719175
4.732075
4.760925
4.764125
4.785025
4.790125
4.797075
4.810325
4.818325
4.834275
4.87265
4.88985
4.9033
4.951275
4.966475
4.969075
4.9711
4.972125
4.972425
4.999225
5.01335
5.12755
5.13065
5.133125
5.17645
5.2118
5.215125
5.21565
5.2216
5.24475
5.247325
5.247975
5.249225
5.253325
5.271025
5.274525
5.277625
5.2867
5.30875
5.329525
5.374875
5.37875
5.40355
5.41535
5.4371
5.446025
5.4661
5.478025
5.498075
5.50645
5.513325
5.5158
5.535375
5.53555
5.540475
5.547225
5.5512
5.553825
5.568
5.586325
5.62695
5.633425
5.6512
5.656825
5.663775
5.664425
5.6649
5.669075
5.685125
5.6957
5.69845
5.724525
5.727475
5.736725
5.809775
5.81365
5.82585
5.842025
5.8468
5.8505
5.858325
5.86325
5.8736
5.902475
5.925025
5.926825
5.94795
5.98035
6.01195
6.063625
6.0886
6.104375
6.104975
6.10505
6.105325
6.1074
6.10885
6.112275
6.114425
6.1288
6.13095
6.14385
6.147925
6.1493
6.152825
6.1557
6.1627
6.164475
6.181225
6.18325
6.18695
6.190325
6.19695
6.2045
6.2247
6.2325
6.242525
6.248975
6.29005
6.3365
6.34485
6.34585
6.402275
6.40935
6.41135
6.4115
6.4152
6.429625
6.434525
6.448325
6.455475
6.4688
6.48125
6.4991
6.501975
6.50785
6.522525
6.524
6.529725
6.53535
6.59645
6.608875
6.6229
6.63455
6.670625
6.68065
6.70415
6.71585
6.724
6.73155
6.73205
6.74165
6.7557
6.76315
6.772725
6.774525
6.789325
6.816825
6.84575
6.872575
6.872675
6.873925
6.884575
6.885725
6.891825
6.893725
6.897325
6.90545
6.910325
6.91685
6.917875
6.951225
7.002125
7.0029
7.004925
7.00765
7.035475
7.037975
7.04015
7.0628
7.06435
7.0693
7.075
7.091
7.0963
7.097875
7.108775
7.113025
7.1146
7.134675
7.1708
7.183475
7.19035
7.192775
7.215775
7.2214
7.27065
7.2974
7.3056
7.3111
7.314875
7.3231
7.326425
7.32705
7.33025
7.335325
7.34125
7.358525
7.36795
7.369525
7.380175
7.39045
7.4013
7.40315
7.411
7.41465
7.431025
7.452625
7.47355
7.507125
7.519925
7.577225
7.602575
7.60295
7.607
7.6094
7.611975
7.617825
7.621
7.634175
7.681175
7.68605
7.691875
7.694625
7.696425
7.70075
7.7092
7.71085
7.724575
7.726625
7.730175
7.7369
7.73915
7.753725
7.761825
7.762325
7.781625
7.791425
7.810975
7.83175
7.8668
7.88215
7.907775
7.917975
7.920025
7.92745
7.93255
7.938525
7.9499
7.9521
7.957375
7.97425
7.976525
7.97735
7.97825
7.989825
7.9909
7.99425
8.00085
8.0236
8.037125
8.072725
8.0738
8.0868
8.0919
8.10205
8.103425
8.115025
8.135625
8.158225
8.204425
8.210175
8.2109
8.22165
8.225975
8.227175
8.232875
8.2378
8.2385
8.252775
8.254025
8.26275
8.263675
8.283075
8.31705
8.354225
8.35655
8.3616
8.382525
8.409075
8.4174
8.417975
8.42185
8.427875
8.4296
8.4356
8.441625
8.445325
8.453375
8.511125
8.515825
8.521525
8.52255
8.5307
8.55525
8.558825
8.5596
8.56145
8.581125
8.5823
8.586925
8.609825
8.612325
8.63365
8.63695
8.641
8.6427
8.66065
8.675825
8.681675
8.6834
8.703675
8.8059
8.8122
8.826075
8.84145
8.85775
8.8626
8.870225
8.88475
8.884875
8.886375
8.9024
8.92145
8.9247
8.94175
8.9505
8.954575
8.96115
8.9638
9.0531
725
