0.1071
0.11955
0.119775
0.1326
0.134
0.1378
0.14115
0.159125
0.1606
0.17205
0.17405
0.17605
0.1797
0.1922
0.192675
0.2621
0.2817
0.284075
0.291775
0.294
0.306225
0.3193
0.351675
0.383
0.40455
0.407725
0.41425
0.4152
0.417325
0.41815
0.42065
0.43365
0.4512
0.451925
0.452375
0.453325
0.456275
0.465175
0.470725
0.4768
0.4785
0.482375
0.490075
0.493075
0.496475
0.504275
0.508575
0.514175
0.539775
0.551475
0.5626
0.56845
0.5914
0.6113
0.646125
0.648975
0.651675
0.711375
0.72105
0.72245
0.723025
0.7248
0.72745
0.73205
0.73785
0.7423
0.742675
0.74825
0.7514
0.7568
0.768725
0.76985
0.7715
0.78715
0.78815
0.790275
0.820725
0.83895
0.8511
0.9187
0.934875
0.997075
1.00135
1.019475
1.02055
1.0234
1.028075
1.03795
1.038025
1.065025
1.072975
1.0803
1.08255
1.108275
1.10975
1.1323
1.142475
1.15295
1.17235
1.1835
1.194675
1.2141
1.215575
1.3022
1.3034
1.314575
1.322
1.325525
1.32775
1.3323
1.3467
1.353375
1.3722
1.37915
1.387325
1.404675
1.4487
1.4632
1.47815
1.50895
1.5205
1.5229
1.5451
1.578225
1.582
1.5904
1.6061
1.606925
1.631725
1.63505
1.653025
1.654875
1.6593
1.660475
1.671325
1.672525
1.674325
1.6766
1.678725
1.681625
1.68295
1.70115
1.708625
1.70975
1.7185
1.751225
1.751525
1.765075
1.774725
1.782625
1.796125
1.812725
1.83535
1.869225
1.8773
1.904625
1.908025
1.923575
1.92445
1.92675
1.9344
1.937775
1.938075
1.951025
1.95855
1.959475
1.961925
1.96975
1.97005
1.970525
1.972675
1.973425
1.975225
1.97545
1.975775
2.023425
2.024925
2.030125
2.0349
2.07575
2.079275
2.07935
2.082
2.109325
2.129725
2.1929
2.210475
2.234775
2.23495
2.260075
2.2735
2.281825
2.285475
2.29995
2.31785
2.323775
2.346575
2.418075
2.449025
2.4516
2.45825
2.4934
2.5037
2.5076
2.540175
2.55115
2.552125
2.556725
2.5593
2.5613
2.5676
2.569175
2.58575
2.609825
2.611875
2.6184
2.625975
2.6292
2.64285
2.64875
2.6582
2.665675
2.677625
2.6851
2.76945
2.771725
2.802275
2.81125
2.815725
2.8322
2.84605
2.847925
2.863175
2.863275
2.8715
2.88275
2.884075
2.886175
2.887525
2.890625
2.90735
2.9532
2.962575
2.9682
2.993175
2.99965
3.02185
3.0456
3.070175
3.087825
3.093825
3.110825
3.11355
3.119975
3.123225
3.1234
3.123625
3.1281
3.14195
3.143925
3.1526
3.15895
3.159175
3.172
3.219325
3.22485
3.263125
3.27175
3.273325
3.27415
3.309675
3.31085
3.3236
3.3406
3.354625
3.398575
3.4043
3.409575
3.41005
3.428325
3.43165
3.433675
3.447525
3.45805
3.45865
3.45995
3.460425
3.463
3.46705
3.470425
3.471
3.4964
3.499975
3.524125
3.538175
3.543375
3.546325
3.56795
3.575625
3.578375
3.581875
3.58415
3.58755
3.59075
3.649475
3.7007
3.7087
3.761575
3.780375
3.7967
3.805375
3.829825
3.8445
3.85285
3.859925
3.89445
3.899475
3.899825
3.9386
3.978475
4.00885
4.01295
4.018175
4.020625
4.024225
4.028625
4.03665
4.042025
4.047975
4.05025
4.0517
4.067
4.07065
4.073375
4.139275
4.14035
4.168325
4.174425
4.181525
4.202625
4.215875
4.21685
4.218825
4.220925
4.252275
4.25765
4.27715
4.30435
4.306425
4.309675
4.319
4.324275
4.325275
4.327075
4.331825
4.345175
4.349025
4.355725
4.3644
4.3723
4.3735
4.38745
4.388625
4.394275
4.41575
4.446175
4.448975
4.46165
4.476875
4.4822
4.52245
4.601875
4.611275
4.612775
4.6191
4.62085
4.622925
4.637225
4.641025
4.656875
4.6575
4.65935
4.669375
4.678875
4.687275
4.688225
4.697125
4.7036
4.73565
4.740575
4.74235
4.742625
4.7462
4.7654
4.777675
4.779875
4.791
4.79275
4.8412
4.854725
4.86125
4.866225
4.882825
4.900875
4.909575
4.915725
4.91875
4.91885
4.9556
4.9803
4.98365
4.9868
5.004325
5.0052
5.023075
5.037725
5.059425
5.069225
5.14465
5.163675
5.188225
5.18945
5.1969
5.197675
5.2046
5.207875
5.214725
5.2148
5.2154
5.22205
5.2243
5.226625
5.227475
5.234775
5.2436
5.25545
5.263575
5.26675
5.268575
5.273825
5.279975
5.284475
5.284625
5.285225
5.303225
5.32485
5.3258
5.34075
5.354375
5.35505
5.3816
5.3838
5.39665
5.405075
5.448275
5.501425
5.5129
5.5169
5.525675
5.54355
5.5477
5.55025
5.555475
5.5583
5.559775
5.576225
5.57675
5.58735
5.6275
5.648075
5.6761
5.705075
5.74285
5.75095
5.782875
5.788175
5.813675
5.81585
5.818525
5.82105
5.822425
5.825675
5.825725
5.825925
5.84355
5.844125
5.84425
5.8522
5.852225
5.867175
5.8739
5.8847
5.899975
5.907575
5.915
5.92375
5.933725
5.9497
5.9598
5.9758
5.99525
6.004425
6.02675
6.04195
6.083925
6.101
6.102775
6.1101
6.112575
6.120325
6.1211
6.136975
6.1431
6.14375
6.14785
6.169025
6.17625
6.197075
6.2171
6.229325
6.23525
6.236425
6.26645
6.26695
6.29115
6.309775
6.335375
6.402525
6.413775
6.42885
6.43325
6.436575
6.4706
6.474325
6.4867
6.494675
6.503875
6.50975
6.511
6.512475
6.51955
6.579975
6.586025
6.589
6.65575
6.679025
6.688625
6.7023
6.712525
6.717475
6.722075
6.7231
6.72855
6.736925
6.7419
6.744525
6.762225
6.7802
6.783575
6.81435
6.8249
6.861225
6.8673
6.90225
6.9264
6.939525
6.947025
6.9501
6.98
6.9868
7.0035
7.010075
7.0137
7.0165
7.017925
7.024775
7.025225
7.027825
7.028225
7.04315
7.0607
7.061675
7.084175
7.106575
7.1194
7.159775
7.160175
7.167825
7.18385
7.198875
7.20055
7.2095
7.220175
7.22075
7.2246
7.234775
7.249325
7.25645
7.275575
7.292725
7.301925
7.302275
7.30695
7.32895
7.33365
7.338675
7.339125
7.35225
7.37485
7.393425
7.393525
7.413325
7.41755
7.444475
7.45705
7.47745
7.52185
7.5265
7.551725
7.58135
7.615575
7.6217
7.62955
7.631825
7.656975
7.659075
7.6603
7.665275
7.704925
7.70555
7.72305
7.72475
7.735075
7.76345
7.780325
7.795775
7.8087
7.809425
7.823275
7.901375
7.90265
7.921725
7.93135
7.9356
7.94095
7.95355
7.964
7.973025
7.974775
7.980475
7.9923
8.00575
8.007625
8.029075
8.04985
8.071625
8.098275
8.10405
8.11235
8.13765
8.1932
8.206375
8.2074
8.20745
8.208025
8.20945
8.22485
8.23695
8.27185
8.2719
8.274775
8.2905
8.296875
8.2972
8.308425
8.309975
8.350775
8.356525
8.362
8.36495
8.38255
8.383
8.388375
8.398275
8.405175
8.4272
8.4427
8.452775
8.45735
8.469075
8.4882
8.519475
8.522075
8.535
8.539475
8.547125
8.5529
8.5665
8.567675
8.5757
8.580875
8.58475
8.5851
8.591
8.613575
8.629075
8.631075
8.64435
8.6531
8.6764
8.691425
8.695125
8.69515
8.801125
8.80305
8.80325
8.80815
8.8237
8.827075
8.84005
8.864325
8.8697
8.8709
8.8791
8.8873
8.891925
8.89225
8.905775
8.9153
8.91895
8.92375
8.94175
8.976925
9.02825
9.0419
9.049125
9.058925
9.085125
738
