0.1098
0.109825
0.1108
0.113175
0.121175
0.124975
0.130575
0.138775
0.141075
0.1423
0.147525
0.160325
0.161175
0.161425
0.1777
0.187375
0.207575
0.216575
0.2192
0.23285
0.23395
0.2346
0.254
0.28235
0.297025
0.298275
0.31945
0.345625
0.403675
0.41775
0.421025
0.4282
0.43245
0.434225
0.438025
0.43905
0.441375
0.44445
0.44725
0.456175
0.4625
0.481025
0.4963
0.5207
0.52685
0.530575
0.53625
0.539875
0.55705
0.5669
0.579925
0.588075
0.598225
0.625075
0.645825
0.66245
0.682225
0.6881
0.701575
0.7177
0.730525
0.73165
0.73505
0.735825
0.736825
0.738025
0.7532
0.756475
0.760825
0.7634
0.7713
0.77435
0.788525
0.8006
0.804825
0.816175
0.8179
0.84935
0.854475
0.866575
0.87455
0.875475
0.895525
0.9551
0.9695
0.97145
1.002825
1.0112
1.0151
1.015675
1.0235
1.035225
1.0379
1.0402
1.04215
1.055175
1.0681
1.069775
1.086425
1.0883
1.091325
1.09375
1.09815
1.105975
1.11205
1.1136
1.115625
1.1194
1.1202
1.12345
1.12985
1.143975
1.1639
1.191525
1.207225
1.23215
1.2496
1.27495
1.290575
1.301075
1.3028
1.304725
1.3083
1.345725
1.350075
1.354025
1.36405
1.37725
1.39585
1.42085
1.424125
1.431275
1.447425
1.457
1.4659
1.47155
1.478575
1.484025
1.498875
1.53395
1.56115
1.6021
1.6067
1.608125
1.61175
1.614475
1.620675
1.6208
1.6335
1.64295
1.64425
1.658325
1.664
1.669875
1.670525
1.6738
1.697475
1.70855
1.716125
1.718675
1.7333
1.739475
1.849375
1.859875
1.894225
1.90535
1.907825
1.9189
1.928225
1.9437
1.95855
1.975575
1.99195
2.049075
2.053625
2.064275
2.0762
2.094625
2.1368
2.139225
2.18015
2.203225
2.2066
2.20845
2.22705
2.242525
2.246275
2.25655
2.2754
2.277575
2.310725
2.3214
2.32535
2.348725
2.3531
2.36015
2.361475
2.39235
2.4676
2.48
2.48305
2.4843
2.50025
2.511325
2.515875
2.516775
2.527775
2.535875
2.538175
2.54655
2.549025
2.55465
2.5598
2.569625
2.57105
2.5711
2.571625
2.594075
2.59565
2.596975
2.599175
2.607275
2.632975
2.64895
2.6508
2.701375
2.70475
2.7352
2.767175
2.8164
2.8557
2.8703
2.8787
2.880675
2.88695
2.888175
2.88975
2.902225
2.9104
2.92645
2.939375
2.940125
2.9435
2.9543
2.9624
2.965375
3.00525
3.026175
3.07135
3.07145
3.078575
3.085425
3.091225
3.1078
3.108725
3.110475
3.11535
3.126
3.134275
3.139725
3.142675
3.15685
3.15955
3.171575
3.1735
3.179425
3.182425
3.185625
3.203275
3.2073
3.215625
3.2255
3.227475
3.237725
3.25795
3.290975
3.29965
3.3102
3.31485
3.32625
3.32965
3.3397
3.36005
3.36585
3.36925
3.3695
3.400775
3.4211
3.4307
3.433575
3.4675
3.474025
3.4792
3.488025
3.502975
3.517825
3.53625
3.559375
3.5736
3.58755
3.602375
3.6098
3.66365
3.6859
3.70405
3.709575
3.71185
3.722
3.723725
3.728375
3.7349
3.74455
3.75535
3.758025
3.764075
3.773975
3.780775
3.8027
3.80965
3.817425
3.8203
3.820475
3.82285
3.8311
3.831925
3.842425
3.847525
3.852425
3.9158
3.9365
3.94515
3.97105
4.0013
4.0076
4.0098
4.020175
4.0312
4.04
4.04095
4.042325
4.062625
4.063525
4.093025
4.10625
4.110875
4.114875
4.129975
4.13135
4.141
4.147575
4.151075
4.158725
4.1698
4.184925
4.236825
4.24155
4.251025
4.27285
4.306075
4.310975
4.3352
4.33775
4.340575
4.340975
4.414375
4.422525
4.42585
4.448375
4.472325
4.519825
4.534975
4.545725
4.558425
4.57955
4.6004
4.6128
4.620025
4.622425
4.645975
4.652175
4.65265
4.659075
4.678425
4.678625
4.6802
4.680225
4.6846
4.702875
4.71175
4.715125
4.715275
4.7423
4.7477
4.7511
4.7615
4.80725
4.813675
4.823575
4.844225
4.871
4.8766
4.89
4.900275
4.900875
4.906775
4.9137
4.920725
4.926
4.926925
4.929675
4.93855
4.9579
4.95915
4.966325
4.97285
4.977625
4.981275
4.9934
5.016825
5.018075
5.019475
5.02125
5.022425
5.032625
5.035275
5.047975
5.04925
5.05245
5.05935
5.0603
5.0718
5.0949
5.0958
5.09675
5.099925
5.11115
5.124425
5.1268
5.139625
5.161225
5.191625
5.20875
5.217375
5.21965
5.2217
5.2259
5.233425
5.233675
5.2341
5.244225
5.24575
5.267725
5.2686
5.2741
5.279975
5.28145
5.30495
5.374125
5.37745
5.380375
5.420775
5.429875
5.452925
5.457275
5.465125
5.5073
5.510125
5.514075
5.517025
5.52235
5.5249
5.5418
5.555575
5.5563
5.5702
5.6018
5.615075
5.6425
5.655425
5.67135
5.721275
5.74365
5.7563
5.75705
5.77245
5.802075
5.803425
5.80385
5.813925
5.81445
5.8146
5.81535
5.819475
5.82815
5.8433
5.86255
5.8639
5.864375
5.874525
5.874775
5.878
5.882925
5.898025
5.906525
5.9124
5.912875
5.913875
5.93125
5.93465
5.936025
5.941175
5.944275
5.963475
5.96735
5.96885
5.972225
5.973025
6.00905
6.035625
6.051075
6.0743
6.0935
6.100075
6.106725
6.124525
6.126125
6.131075
6.1405
6.141525
6.145625
6.152975
6.1543
6.155325
6.162425
6.163825
6.164275
6.175
6.17665
6.198375
6.2001
6.2029
6.22845
6.230625
6.252125
6.271475
6.282075
6.2847
6.292
6.29625
6.314925
6.32685
6.334175
6.35295
6.367975
6.393625
6.394775
6.404925
6.418675
6.41875
6.420375
6.4205
6.424075
6.441275
6.4651
6.469175
6.5049
6.505575
6.512475
6.516575
6.521425
6.52715
6.532725
6.53385
6.53445
6.54505
6.5609
6.568775
6.583225
6.613325
6.62235
6.7029
6.7092
6.7096
6.7139
6.717825
6.7211
6.723375
6.72445
6.726825
6.7441
6.76185
6.765775
6.7701
6.7703
6.787
6.7876
6.79675
6.804375
6.831
6.858075
6.8595
6.896225
6.932475
6.96865
6.9863
6.995825
6.997725
7.016875
7.025325
7.025375
7.0261
7.028925
7.059725
7.064875
7.066275
7.068675
7.07225
7.088725
7.095925
7.09595
7.0984
7.1156
7.120125
7.127725
7.131625
7.14515
7.145225
7.149625
7.166675
7.176425
7.188175
7.206175
7.23185
7.23495
7.236925
7.2513
7.257625
7.259375
7.26245
7.263225
7.2736
7.28735
7.311975
7.316025
7.317125
7.317175
7.324025
7.336225
7.33825
7.3423
7.34235
7.3517
7.3522
7.36
7.375975
7.386825
7.39615
7.447175
7.45585
7.4579
7.473
7.5895
7.60155
7.6035
7.6072
7.620775
7.62315
7.624975
7.6336
7.63475
7.63975
7.658425
7.67105
7.67825
7.680025
7.71795
7.726825
7.73515
7.786025
7.799325
7.807575
7.816925
7.82245
7.82865
7.881625
7.901725
7.90545
7.909025
7.90965
7.9133
7.916375
7.94095
7.94175
7.95125
7.96455
7.96705
7.979075
7.98585
7.991475
7.992025
7.998025
8.0003
8.026325
8.0339
8.036175
8.038475
8.048325
8.04975
8.06745
8.072825
8.080225
8.0863
8.096475
8.102225
8.1942
8.212125
8.218175
8.2406
8.2427
8.246925
8.2579
8.26435
8.266725
8.299525
8.312075
8.31855
8.3263
8.3266
8.38005
8.38455
8.3892
8.39765
8.46575
8.470625
8.492775
8.501975
8.50445
8.521575
8.526425
8.529575
8.53335
8.539125
8.5441
8.546875
8.5676
8.57225
8.575075
8.575375
8.57755
8.5778
8.5919
8.592025
8.595625
8.602275
8.605825
8.640575
8.652575
8.664475
8.70675
8.71205
8.719675
8.7256
8.743875
8.751125
8.792275
8.80945
8.81375
8.8366
8.8552
8.86745
8.8783
8.88015
8.883175
8.8932
8.9016
8.957825
9.002725
9.017475
9.05445
9.069875
9.0719
9.07745
9.0948
783
