0.107725
0.10985
0.12045
0.127975
0.12805
0.131725
0.13465
0.135325
0.1366
0.136625
0.140775
0.14585
0.15425
0.155375
0.1651
0.167225
0.168025
0.1695
0.17165
0.17205
0.191325
0.19245
0.204675
0.216975
0.22925
0.230325
0.231275
0.235875
0.237825
0.238225
0.253875
0.258425
0.342775
0.3452
0.361
0.37905
0.3914
0.400525
0.403625
0.4056
0.40675
0.41515
0.438125
0.4427
0.444625
0.45955
0.462425
0.46245
0.47645
0.48745
0.48945
0.4973
0.5049
0.512275
0.517575
0.561225
0.585325
0.58825
0.610325
0.632525
0.6331
0.6369
0.644325
0.650275
0.708375
0.712625
0.71265
0.71705
0.7193
0.724625
0.749825
0.781675
0.80765
0.81265
0.818025
0.821825
0.82625
0.82955
0.8318
0.86905
0.878025
0.8857
0.9127
0.921825
0.92645
0.927575
0.971825
0.983625
1.001525
1.001925
1.01105
1.011875
1.0123
1.0155
1.01725
1.03975
1.0553
1.073325
1.0908
1.099775
1.105525
1.107975
1.123025
1.162075
1.164375
1.16805
1.1792
1.18245
1.18705
1.24985
1.26195
1.28165
1.3076
1.3097
1.31665
1.3259
1.349175
1.353925
1.359425
1.3619
1.370625
1.3892
1.40785
1.4103
1.4117
1.424425
1.456625
1.4636
1.4794
1.49935
1.5067
1.517175
1.54215
1.545525
1.552725
1.556625
1.5652
1.5734
1.594175
1.6031
1.605625
1.606525
1.607
1.622625
1.636525
1.63705
1.64195
1.658525
1.6668
1.6737
1.674775
1.68885
1.6916
1.7001
1.714775
1.7446
1.75035
1.787025
1.809925
1.911575
1.9132
1.9159
1.940075
1.94515
1.947075
1.948025
1.952
1.960475
1.96705
1.9686
1.9844
1.99175
2.0129
2.0541
2.05495
2.055175
2.0668
2.0695
2.078225
2.0786
2.166
2.2008
2.201275
2.203225
2.219375
2.22145
2.225175
2.23255
2.24175
2.24295
2.2511
2.26535
2.266025
2.28365
2.296675
2.30015
2.321625
2.326275
2.32775
2.331325
2.333875
2.335975
2.356125
2.405325
2.4162
2.444875
2.455325
2.488875
2.5054
2.507325
2.51795
2.51925
2.519425
2.5284
2.544225
2.56575
2.56865
2.571
2.574625
2.59585
2.605625
2.614975
2.625725
2.631275
2.637925
2.6822
2.684
2.7026
2.709925
2.741125
2.762625
2.764825
2.774625
2.78635
2.80465
2.808475
2.817675
2.82
2.82775
2.84325
2.8443
2.844575
2.852425
2.864925
2.87825
2.88395
2.886275
2.88665
2.907075
2.929175
2.9307
2.93905
2.95425
2.959125
2.9628
2.970475
3.006225
3.016425
3.0507
3.051375
3.07985
3.1042
3.108025
3.112125
3.114275
3.1211
3.139225
3.154575
3.164125
3.178
3.18905
3.204
3.21985
3.226675
3.22895
3.22945
3.239175
3.24345
3.246875
3.248
3.265225
3.26935
3.29485
3.2987
3.344525
3.362875
3.37285
3.378625
3.4058
3.4189
3.43105
3.436575
3.458
3.45925
3.462425
3.46425
3.465075
3.466675
3.46875
3.48575
3.49275
3.49865
3.50745
3.5131
3.513525
3.5179
3.5403
3.555925
3.56275
3.593
3.629675
3.637625
3.67085
3.700975
3.709925
3.711925
3.714125
3.719025
3.72
3.7203
3.7264
3.745125
3.75035
3.751775
3.75915
3.76025
3.76625
3.77265
3.791675
3.798675
3.826
3.836275
3.851925
3.852275
3.864
3.884575
3.884925
3.887
3.9204
3.9381
3.961
3.98255
3.98435
3.988
4.005025
4.00545
4.006575
4.009275
4.022475
4.02485
4.0371
4.05005
4.0535
4.05515
4.06485
4.075625
4.091125
4.093575
4.0948
4.09855
4.10275
4.109875
4.119675
4.132
4.141575
4.1538
4.1692
4.18295
4.1974
4.198925
4.223575
4.228825
4.234925
4.250325
4.26775
4.298225
4.301025
4.3035
4.304125
4.3061
4.311325
4.323025
4.327525
4.3295
4.336675
4.33775
4.3431
4.3501
4.3518
4.3646
4.3693
4.3763
4.37895
4.379275
4.38025
4.39815
4.398825
4.40295
4.43505
4.437175
4.45165
4.4629
4.49765
4.523375
4.52725
4.5364
4.57255
4.575075
4.61875
4.61945
4.625825
4.638
4.63875
4.64365
4.644875
4.677975
4.678625
4.68695
4.701675
4.705075
4.72955
4.761
4.817275
4.832275
4.834275
4.835825
4.853725
4.869325
4.888075
4.8915
4.90015
4.905275
4.91505
4.9158
4.917425
4.92675
4.9407
4.944675
4.956475
4.9608
4.961125
4.97045
4.97205
4.995625
5.00535
5.012175
5.03585
5.03915
5.042675
5.052875
5.079
5.087725
5.088275
5.0884
5.112
5.1345
5.142625
5.195875
5.21705
5.21885
5.21905
5.219275
5.23415
5.237525
5.23865
5.244575
5.24935
5.260475
5.262575
5.265575
5.2659
5.29775
5.299875
5.30375
5.30605
5.31205
5.318825
5.32425
5.3244
5.33475
5.33485
5.336025
5.35515
5.36865
5.372625
5.3995
5.41565
5.43475
5.436175
5.5002
5.50135
5.5071
5.519325
5.528025
5.5283
5.532125
5.53615
5.5363
5.542875
5.543825
5.546225
5.5496
5.550775
5.55755
5.558025
5.5609
5.5613
5.572625
5.587725
5.598925
5.6015
5.631675
5.721125
5.7235
5.742
5.75185
5.762425
5.802575
5.81155
5.812375
5.812925
5.83915
5.8396
5.84635
5.858275
5.858975
5.870625
5.88835
5.88935
5.906725
5.90775
5.920075
5.9228
5.9383
5.942375
5.943975
5.950325
5.9579
5.9679
6.051425
6.0536
6.10065
6.1075
6.120925
6.124275
6.1257
6.1317
6.145075
6.146775
6.155175
6.1576
6.163625
6.174
6.17825
6.187025
6.2205
6.223675
6.231975
6.235275
6.2435
6.274725
6.28365
6.29095
6.316075
6.317575
6.33775
6.353375
6.3534
6.363675
6.41135
6.426175
6.43045
6.43455
6.435975
6.439275
6.46615
6.467725
6.47045
6.48115
6.48385
6.488
6.490625
6.536175
6.565275
6.5744
6.599825
6.63045
6.646275
6.69065
6.698
6.70285
6.703625
6.70515
6.7101
6.723125
6.725825
6.733875
6.7343
6.7358
6.742075
6.745475
6.745525
6.745875
6.752975
6.764
6.774975
6.7779
6.779
6.786325
6.787775
6.8
6.8274
6.83
6.830175
6.8368
6.847775
6.852175
6.862375
6.89515
6.895675
6.898775
6.90335
6.925175
6.932875
6.9494
6.973
6.98365
7.002525
7.00515
7.006825
7.01395
7.019
7.019075
7.029825
7.054075
7.070625
7.08565
7.091425
7.091725
7.09195
7.09455
7.1068
7.107625
7.1571
7.16805
7.1841
7.187975
7.204575
7.216575
7.272175
7.2885
7.305475
7.319175
7.321125
7.3254
7.335675
7.345975
7.35055
7.3518
7.370225
7.372975
7.374825
7.38135
7.384075
7.3889
7.3904
7.400225
7.42325
7.42825
7.43535
7.4363
7.445825
7.449275
7.464825
7.47315
7.4748
7.4805
7.569625
7.612925
7.62035
7.621025
7.621375
7.63005
7.63335
7.634825
7.64785
7.649
7.6498
7.655
7.6682
7.672625
7.673825
7.687975
7.6904
7.722225
7.7374
7.7399
7.74275
7.751075
7.832175
7.840075
7.855375
7.909425
7.917225
7.92385
7.939525
7.951625
7.955125
7.970425
7.97385
8.0342
8.034875
8.0411
8.063825
8.089625
8.098725
8.107475
8.112125
8.112275
8.213375
8.22355
8.24685
8.252475
8.2584
8.283325
8.284075
8.2916
8.292075
8.29265
8.302675
8.311725
8.3191
8.32355
8.332725
8.3377
8.353725
8.363025
8.387575
8.400375
8.40395
8.423825
8.44515
8.4458
8.44655
8.470925
8.50255
8.5114
8.5119
8.512275
8.519125
8.52525
8.525375
8.529075
8.54095
8.543975
8.555075
8.55975
8.562275
8.575075
8.57515
8.57525
8.5881
8.589525
8.59305
8.595575
8.606425
8.613125
8.62175
8.65105
8.659925
8.661225
8.67405
8.675425
8.681875
8.696875
8.708475
8.709725
8.72595
8.735725
8.743
8.7579
8.77615
8.791675
8.799975
8.805625
8.806975
8.812675
8.81905
8.835975
8.83985
8.85065
8.856675
8.858975
8.8612
8.8769
8.8772
8.879425
8.885675
8.914525
8.9302
8.936775
8.94755
8.9492
8.96595
8.97155
8.9999
9.014525
9.019
9.02995
9.036025
9.04825
9.061
812
