0.103975
0.1081
0.1085
0.109675
0.115075
0.1169
0.12885
0.1453
0.149675
0.16645
0.16915
0.17925
0.1809
0.18505
0.195875
0.1992
0.21145
0.221825
0.2228
0.261025
0.332
0.35885
0.370975
0.388375
0.400875
0.4016
0.405875
0.417025
0.41765
0.419425
0.419675
0.420575
0.42245
0.4308
0.43285
0.436975
0.4514
0.45965
0.46195
0.46475
0.478725
0.479175
0.483025
0.4889
0.490775
0.497375
0.508725
0.5116
0.512275
0.527675
0.5333
0.56005
0.566075
0.5816
0.5914
0.595525
0.595675
0.643475
0.651575
0.672975
0.693325
0.699
0.7235
0.7259
0.73445
0.7348
0.734875
0.74275
0.74725
0.7551
0.75545
0.760275
0.763225
0.77005
0.77535
0.788375
0.816825
0.846525
0.8773
0.891675
0.92125
0.976925
0.9793
0.98595
0.988425
1.029825
1.048725
1.0494
1.05165
1.0843
1.08905
1.09075
1.0978
1.105775
1.11185
1.1237
1.13835
1.185
1.193525
1.2121
1.230075
1.23545
1.24255
1.28505
1.3001
1.301625
1.3202
1.3238
1.32915
1.330825
1.331175
1.33525
1.33895
1.3407
1.347525
1.3732
1.388775
1.39975
1.405675
1.416775
1.422275
1.469925
1.486325
1.49165
1.497425
1.509775
1.567875
1.6072
1.608975
1.6097
1.615625
1.618775
1.6203
1.621975
1.637025
1.6465
1.64845
1.6518
1.658725
1.662575
1.66885
1.669875
1.676525
1.680225
1.68335
1.686625
1.70045
1.70335
1.723725
1.724425
1.731325
1.7344
1.7403
1.745275
1.76325
1.7777
1.789575
1.825125
1.825375
1.857375
1.882825
1.9053
1.915975
1.91645
1.919875
1.9244
1.9251
1.92945
1.932375
1.932575
1.9375
1.93945
1.94125
1.95665
2.0
2.015625
2.0229
2.026375
2.0264
2.03325
2.0648
2.071975
2.08205
2.087025
2.120525
2.167
2.20595
2.20665
2.2078
2.20845
2.21125
2.21315
2.217725
2.2195
2.220975
2.22925
2.232475
2.235225
2.23965
2.243025
2.2495
2.258275
2.2643
2.265125
2.283375
2.29385
2.3115
2.32545
2.33805
2.360175
2.36305
2.368775
2.3895
2.409675
2.482825
2.500675
2.50925
2.51565
2.523925
2.556875
2.55955
2.584825
2.590325
2.597875
2.6117
2.6353
2.646575
2.660525
2.69805
2.703675
2.71195
2.728425
2.739825
2.75825
2.795875
2.805175
2.808375
2.813675
2.81395
2.814925
2.8187
2.821625
2.8266
2.8316
2.832225
2.8407
2.87485
2.876675
2.899675
2.903225
2.90785
2.926475
2.9531
3.02925
3.041475
3.048975
3.053425
3.063175
3.074425
3.0954
3.11025
3.110675
3.118275
3.123325
3.13155
3.150875
3.154375
3.1648
3.179475
3.1861
3.18795
3.229225
3.23225
3.24965
3.261425
3.265825
3.2751
3.3068
3.3121
3.32065
3.342575
3.36455
3.3846
3.385425
3.40485
3.410975
3.45815
3.469625
3.4704
3.47185
3.4729
3.4803
3.483175
3.484
3.4848
3.5111
3.534525
3.55
3.573975
3.61125
3.645775
3.6835
3.703925
3.716225
3.738675
3.739925
3.747025
3.77115
3.785775
3.79625
3.80205
3.813025
3.818875
3.8242
3.8346
3.836325
3.84885
3.865825
3.866075
3.879925
3.8842
3.893675
3.926225
3.931225
3.97405
4.015575
4.017925
4.0303
4.030575
4.03505
4.036625
4.0389
4.0443
4.048375
4.050875
4.057475
4.068625
4.0925
4.1018
4.10875
4.12185
4.126325
4.149525
4.150825
4.17025
4.1806
4.1812
4.182025
4.183075
4.208625
4.2285
4.22975
4.3004
4.30235
4.305775
4.331475
4.344525
4.34705
4.3471
4.353975
4.362675
4.365325
4.36875
4.370025
4.37525
4.3844
4.390275
4.402725
4.416125
4.4224
4.429025
4.458275
4.465375
4.48435
4.50735
4.52515
4.53265
4.554925
4.568775
4.571425
4.603925
4.604075
4.609925
4.611225
4.613925
4.62105
4.6218
4.628975
4.63415
4.655475
4.658625
4.6595
4.66525
4.673025
4.6805
4.686325
4.70995
4.71135
4.71175
4.7132
4.734825
4.797025
4.798425
4.80485
4.84095
4.911775
4.914325
4.914575
4.914825
4.91765
4.926425
4.9325
4.93525
4.94285
4.94945
4.94965
4.952225
4.976125
4.994
4.994875
5.005075
5.0111
5.01375
5.022625
5.08305
5.0849
5.1166
5.140175
5.140225
5.14755
5.20035
5.2009
5.201525
5.2124
5.21635
5.22865
5.2294
5.2402
5.243375
5.2481
5.249825
5.2771
5.285475
5.287525
5.2971
5.30405
5.329575
5.335
5.37105
5.37425
5.375775
5.385025
5.412825
5.424275
5.50115
5.503825
5.507825
5.529325
5.53445
5.556775
5.56255
5.563275
5.58825
5.599025
5.6213
5.6273
5.65065
5.651725
5.656125
5.668025
5.676175
5.680975
5.692575
5.7537
5.8114
5.82565
5.82845
5.841775
5.86475
5.8723
5.8751
5.8994
5.902975
5.905225
5.92465
5.98115
6.06135
6.103375
6.104525
6.1166
6.11855
6.119025
6.12265
6.13645
6.141375
6.15055
6.158525
6.1628
6.1702
6.175675
6.1777
6.195025
6.19505
6.21625
6.21645
6.257275
6.2693
6.28725
6.30915
6.351725
6.358
6.4007
6.409975
6.41845
6.4196
6.426775
6.442175
6.444875
6.4513
6.462575
6.481825
6.498825
6.504475
6.50805
6.508475
6.517775
6.518625
6.540925
6.56005
6.576375
6.58155
6.59175
6.59575
6.5981
6.617125
6.622425
6.627675
6.641575
6.69715
6.70395
6.707525
6.715175
6.72185
6.7265
6.729925
6.7313
6.75045
6.753
6.7543
6.75735
6.759725
6.78405
6.784975
6.791325
6.793775
6.81615
6.8438
6.852025
6.863075
6.868425
6.9194
6.967575
6.980325
6.99205
6.993175
7.006625
7.011675
7.0201
7.0234
7.031325
7.044025
7.045225
7.0461
7.050775
7.0655
7.07665
7.08075
7.090225
7.102125
7.123375
7.1273
7.151
7.158475
7.171
7.231025
7.23675
7.25375
7.26105
7.283425
7.301925
7.304825
7.313475
7.316475
7.328425
7.33455
7.33575
7.34075
7.343425
7.358875
7.36295
7.363325
7.37405
7.3816
7.393425
7.39525
7.419675
7.42115
7.43025
7.431225
7.432325
7.477575
7.5509
7.57975
7.58945
7.59115
7.60135
7.606975
7.608325
7.621875
7.632375
7.6351
7.638375
7.640075
7.645425
7.647525
7.650425
7.6557
7.661925
7.664225
7.667675
7.670475
7.682275
7.6826
7.699975
7.700525
7.70305
7.710675
7.724125
7.730725
7.735875
7.7407
7.7793
7.78955
7.80015
7.8526
7.854
7.862975
7.909475
7.92645
7.95575
7.962125
7.970225
7.974875
7.98775
7.9909
7.9926
8.00225
8.0042
8.004425
8.0057
8.007625
8.007925
8.01785
8.02465
8.042825
8.048425
8.04905
8.051525
8.060125
8.064575
8.066975
8.0752
8.092575
8.12095
8.127725
8.20215
8.205175
8.2154
8.226575
8.2349
8.23575
8.237275
8.247475
8.25975
8.26555
8.271475
8.275975
8.280475
8.3117
8.3135
8.31635
8.3327
8.3372
8.36795
8.375475
8.379125
8.38585
8.399075
8.428175
8.47945
8.501075
8.5033
8.5118
8.536875
8.538525
8.54265
8.5452
8.55945
8.585175
8.602075
8.61775
8.63055
8.669825
8.693725
8.7251
8.74375
8.78285
8.8083
8.810775
8.832475
8.842
8.85105
8.876525
8.880825
8.8971
8.907
8.9361
8.967625
8.99035
8.99175
9.02975
9.03215
9.032625
9.041175
9.052725
9.058825
9.066975
9.081375
738
