0.10065
0.10105
0.1016
0.106475
0.10925
0.111975
0.115275
0.115375
0.121875
0.124125
0.133725
0.14035
0.1457
0.14655
0.1487
0.180625
0.181275
0.185025
0.19055
0.192825
0.19765
0.2001
0.2399
0.2556
0.28245
0.28485
0.297975
0.307825
0.3164
0.33405
0.37965
0.40075
0.40145
0.40195
0.41095
0.416125
0.4517
0.470525
0.474675
0.4753
0.47585
0.478375
0.485325
0.487975
0.488175
0.493025
0.527575
0.53505
0.540475
0.580625
0.60085
0.630075
0.642825
0.66905
0.7023
0.703675
0.709475
0.7184
0.732825
0.733025
0.7594
0.761675
0.768975
0.7816
0.84135
0.846525
0.8562
0.862825
0.86735
0.8837
0.907425
0.917
0.921875
0.9375
0.954025
0.971775
0.9753
1.002525
1.002875
1.0058
1.00725
1.01025
1.02285
1.03385
1.038025
1.0408
1.05125
1.05255
1.0588
1.07525
1.079875
1.08375
1.085325
1.087375
1.0902
1.092775
1.09575
1.130675
1.181175
1.18255
1.203475
1.30395
1.305075
1.30855
1.30885
1.3121
1.31325
1.31615
1.32485
1.33835
1.345275
1.35
1.353775
1.3602
1.364825
1.3667
1.373325
1.385475
1.402625
1.405075
1.40935
1.427475
1.4282
1.432525
1.462875
1.47895
1.49175
1.52085
1.534675
1.5844
1.602425
1.60855
1.612875
1.613475
1.618625
1.636625
1.6454
1.6468
1.66015
1.6749
1.702325
1.74245
1.752325
1.76585
1.7711
1.776275
1.781525
1.789725
1.796925
1.797025
1.8157
1.8199
1.831075
1.83725
1.866125
1.871475
1.8933
1.902
1.91375
1.91705
1.924625
1.935175
1.9364
1.9509
1.955175
1.960625
1.98815
2.0354
2.0448
2.061575
2.063725
2.0954
2.10355
2.1129
2.1197
2.20795
2.215875
2.2214
2.242275
2.2531
2.2578
2.26885
2.287425
2.287475
2.294125
2.3009
2.304175
2.330225
2.332275
2.3495
2.354975
2.3642
2.370875
2.377975
2.398725
2.401725
2.44245
2.4466
2.45165
2.4757
2.50485
2.50565
2.50925
2.519375
2.53125
2.532625
2.533875
2.536825
2.55235
2.55295
2.553775
2.561275
2.5627
2.5803
2.584125
2.58785
2.595825
2.612525
2.622
2.6243
2.6355
2.642925
2.68565
2.6926
2.70215
2.705125
2.7244
2.738225
2.754625
2.803425
2.8037
2.812175
2.81245
2.826425
2.828525
2.829575
2.84295
2.845175
2.846725
2.8473
2.861675
2.886575
2.8895
2.897525
2.8995
2.914675
2.91975
2.941575
2.941675
2.946175
2.960525
2.96185
3.00845
3.0351
3.04395
3.045725
3.076575
3.09145
3.095925
3.107575
3.110225
3.11435
3.1223
3.1306
3.132675
3.150675
3.150825
3.156875
3.1684
3.1809
3.181025
3.18745
3.190975
3.20325
3.203575
3.2109
3.21375
3.22395
3.226
3.24625
3.2672
3.28015
3.28395
3.285075
3.288825
3.35855
3.377875
3.392075
3.40025
3.40605
3.414025
3.418125
3.421925
3.42235
3.4362
3.437075
3.43905
3.43945
3.443125
3.4477
3.4478
3.4482
3.45165
3.4532
3.458175
3.478375
3.486325
3.491075
3.493525
3.499125
3.51495
3.521275
3.529975
3.532425
3.565725
3.573625
3.58325
3.598375
3.633225
3.633625
3.6841
3.701925
3.71465
3.71895
3.732975
3.734375
3.73635
3.7466
3.768075
3.76895
3.770875
3.77505
3.780125
3.791075
3.804525
3.81495
3.815325
3.861825
3.88395
3.890475
3.91915
3.928875
3.9445
3.949025
3.9527
3.95285
3.963225
3.983675
4.0016
4.01115
4.014175
4.01655
4.017525
4.026825
4.032475
4.0468
4.047975
4.050825
4.052525
4.0649
4.065025
4.0711
4.07135
4.085925
4.093425
4.09345
4.0975
4.1034
4.107325
4.112025
4.112325
4.119925
4.124325
4.1287
4.1308
4.13545
4.162675
4.191975
4.19865
4.210775
4.221075
4.229575
4.2321
4.24875
4.2856
4.299125
4.318
4.322625
4.3236
4.331825
4.33725
4.3413
4.3471
4.363775
4.3683
4.37505
4.39735
4.408925
4.409725
4.419275
4.421025
4.433375
4.446
4.44615
4.4577
4.457925
4.470725
4.473625
4.478975
4.488325
4.5303
4.558575
4.5785
4.602925
4.617
4.61795
4.62655
4.636625
4.6506
4.651075
4.6754
4.6868
4.69345
4.69835
4.706
4.706925
4.70815
4.74345
4.7568
4.766225
4.799025
4.8276
4.8785
4.89255
4.9094
4.921575
4.93625
4.94225
4.943275
4.94685
4.95325
4.95925
4.9649
4.978675
4.98335
4.9991
4.99925
4.9998
5.011975
5.0313
5.033175
5.071925
5.08685
5.140825
5.142525
5.24245
5.2433
5.2494
5.268375
5.279775
5.2846
5.297325
5.298325
5.3
5.30605
5.32605
5.3405
5.349775
5.3528
5.358825
5.359425
5.36985
5.380275
5.40245
5.404925
5.405975
5.425375
5.538175
5.547725
5.5495
5.5497
5.5502
5.559825
5.56735
5.567725
5.5797
5.58255
5.592025
5.59495
5.596825
5.60825
5.610525
5.612
5.670275
5.69565
5.72
5.725325
5.727925
5.746975
5.80145
5.807575
5.815575
5.822375
5.82265
5.825525
5.825725
5.839625
5.8503
5.85485
5.863
5.86305
5.875025
5.879775
5.8887
5.8921
5.916225
5.917325
5.9341
5.93645
5.965125
5.9691
5.98675
6.0333
6.06785
6.075975
6.082125
6.09905
6.116825
6.127875
6.137575
6.14145
6.14455
6.1502
6.1516
6.15235
6.1529
6.1562
6.1787
6.212825
6.2329
6.27095
6.271925
6.3338
6.345925
6.3513
6.41295
6.414125
6.415
6.415875
6.42245
6.429575
6.43115
6.4317
6.4345
6.45675
6.458175
6.47795
6.4859
6.48865
6.50205
6.504775
6.5241
6.530875
6.532225
6.567775
6.5851
6.5917
6.608325
6.613425
6.641825
6.642325
6.6447
6.651275
6.666425
6.679
6.685925
6.70425
6.707225
6.707725
6.723675
6.733575
6.746025
6.7542
6.75505
6.75805
6.78155
6.786775
6.7906
6.795675
6.81045
6.8315
6.8648
6.865775
6.86835
6.87935
6.884775
6.8909
6.90345
6.93235
6.948775
6.997325
7.0003
7.00175
7.007075
7.01355
7.01635
7.016975
7.022025
7.039375
7.04115
7.043475
7.0453
7.050225
7.071
7.076525
7.084425
7.08925
7.0908
7.09565
7.109275
7.116375
7.1373
7.166125
7.17655
7.1962
7.2415
7.24265
7.24335
7.243875
7.2739
7.3032
7.30355
7.312425
7.318775
7.328
7.334225
7.349525
7.351375
7.35465
7.3577
7.3586
7.3686
7.388775
7.39595
7.412
7.41225
7.4218
7.432175
7.441775
7.446425
7.4621
7.476825
7.482825
7.491425
7.49465
7.51365
7.552625
7.5568
7.560325
7.605575
7.6124
7.613275
7.615675
7.617475
7.6228
7.628825
7.63105
7.6343
7.637875
7.65465
7.666325
7.6803
7.689425
7.69195
7.7101
7.7105
7.710975
7.71245
7.721575
7.724
7.72645
7.7311
7.7724
7.8053
7.850825
7.852025
7.90225
7.90645
7.9081
7.9089
7.916575
7.9266
7.96945
7.9784
7.97945
7.998225
8.014675
8.0149
8.049825
8.050725
8.059375
8.078
8.08345
8.08445
8.08455
8.08995
8.11885
8.118925
8.139675
8.142525
8.217075
8.226525
8.2473
8.2552
8.270025
8.2736
8.3015
8.31025
8.317925
8.3384
8.34805
8.357375
8.386525
8.3886
8.413175
8.43745
8.449475
8.47235
8.47925
8.483775
8.4904
8.49995
8.504275
8.514925
8.5185
8.5217
8.5364
8.536625
8.5394
8.54435
8.54705
8.5553
8.557175
8.5729
8.618875
8.62865
8.63605
8.640375
8.647125
8.658375
8.6635
8.666375
8.692025
8.709
8.7196
8.744175
8.755025
8.761875
8.803225
8.8064
8.840075
8.841875
8.848375
8.85515
8.865125
8.87475
8.8913
8.9015
8.9023
8.91075
8.93145
8.934775
8.93525
8.945125
8.966875
8.9843
9.018475
9.0229
9.023325
779
