0.04445
0.09405
0.100125
0.10155
0.10795
0.112275
0.11495
0.1255
0.130575
0.134
0.135725
0.151825
0.1531
0.15315
0.15725
0.1602
0.160975
0.167825
0.1708
0.174075
0.174825
0.179675
0.18555
0.19205
0.198975
0.20705
0.211175
0.2182
0.224975
0.2283
0.2338
0.254
0.2838
0.285225
0.286125
0.287875
0.304575
0.306375
0.327625
0.34225
0.349375
0.37375
0.3753
0.390725
0.3987
0.410975
0.412
0.41745
0.421375
0.4216
0.4516
0.4702
0.470375
0.487475
0.490625
0.49665
0.503825
0.5053
0.515525
0.548375
0.54995
0.56105
0.56875
0.601425
0.6299
0.66005
0.683275
0.701275
0.714925
0.716775
0.724075
0.7263
0.744025
0.745
0.74775
0.7568
0.757325
0.766125
0.7904
0.79495
0.81865
0.8263
0.82915
0.835625
0.852275
0.856325
0.92645
0.947675
0.95725
0.9597
0.9778
0.979025
1.01595
1.022625
1.024875
1.026825
1.030075
1.03975
1.042525
1.04355
1.050975
1.0537
1.05895
1.0634
1.06425
1.073475
1.083625
1.106625
1.111775
1.122225
1.144325
1.171125
1.2041
1.218875
1.281375
1.300425
1.30415
1.306325
1.31835
1.32075
1.327975
1.33045
1.331875
1.348575
1.350575
1.354975
1.355375
1.363025
1.3635
1.364075
1.38285
1.4242
1.442075
1.498225
1.5311
1.597075
1.617375
1.62355
1.62395
1.6256
1.630275
1.631025
1.63335
1.63775
1.6467
1.652175
1.65695
1.65715
1.65965
1.668525
1.672975
1.688975
1.693325
1.711525
1.72685
1.76085
1.780725
1.806925
1.816425
1.817275
1.82785
1.868225
1.8818
1.88255
1.9058
1.90725
1.913525
1.9242
1.93915
1.947425
1.950475
1.956475
1.9728
1.9751
1.97665
1.9783
1.98005
1.992425
1.99395
2.001975
2.0039
2.00455
2.005875
2.0359
2.07845
2.091775
2.099025
2.130075
2.1337
2.1454
2.161325
2.17765
2.190225
2.2054
2.207
2.214025
2.2163
2.217475
2.241075
2.24135
2.244725
2.2489
2.2533
2.274925
2.279575
2.284725
2.2871
2.290825
2.2918
2.301925
2.315425
2.319925
2.321725
2.331325
2.374975
2.50335
2.505275
2.51695
2.51845
2.537225
2.55085
2.55225
2.56705
2.574375
2.59445
2.604525
2.6425
2.646275
2.6662
2.67555
2.687675
2.7008
2.70185
2.7391
2.8084
2.825525
2.8292
2.83165
2.83245
2.8335
2.84025
2.84755
2.8556
2.856325
2.8572
2.8639
2.8684
2.903525
2.923675
2.92465
2.928825
2.931925
2.95125
2.95185
2.957625
2.962875
2.997725
3.009575
3.016175
3.0199
3.04685
3.088125
3.100575
3.102225
3.10695
3.10825
3.1156
3.12485
3.128425
3.12915
3.13105
3.131275
3.13275
3.135075
3.136
3.137475
3.1454
3.157225
3.1848
3.19885
3.20315
3.209525
3.2119
3.21285
3.21935
3.25005
3.2508
3.2534
3.258075
3.277975
3.2798
3.296425
3.305775
3.316325
3.336175
3.34665
3.383725
3.397225
3.401125
3.40555
3.405675
3.41905
3.42305
3.4232
3.4255
3.430025
3.44605
3.4579
3.470925
3.476825
3.536425
3.53655
3.543775
3.546325
3.549
3.569575
3.576275
3.577625
3.601575
3.6507
3.705625
3.706225
3.71945
3.7213
3.739475
3.7406
3.74545
3.750375
3.757425
3.7577
3.76025
3.78585
3.7943
3.796875
3.80485
3.80645
3.8215
3.8299
3.842175
3.8601
3.89645
3.928875
3.9603
4.000425
4.027025
4.0365
4.0393
4.044125
4.047975
4.0525
4.067525
4.069925
4.082525
4.08405
4.092
4.128675
4.12885
4.139825
4.14895
4.1505
4.164475
4.21395
4.232025
4.250225
4.28675
4.30725
4.315525
4.3226
4.3262
4.334675
4.35005
4.351125
4.35435
4.3631
4.364975
4.36895
4.377625
4.390525
4.3908
4.392475
4.401625
4.414
4.4332
4.464275
4.464975
4.482375
4.484625
4.49115
4.50075
4.52975
4.550025
4.567025
4.5814
4.600325
4.60665
4.608575
4.6093
4.6128
4.623425
4.6241
4.6246
4.633575
4.645025
4.6643
4.676875
4.686
4.68645
4.70495
4.706125
4.71075
4.720125
4.73905
4.745625
4.7623
4.76735
4.800475
4.838325
4.8579
4.89225
4.89795
4.9074
4.910675
4.916225
4.935475
4.937275
4.942475
4.9511
4.9525
4.9534
4.954325
4.954925
4.956425
4.96325
4.97075
4.9712
4.9728
4.974925
4.996475
4.998425
5.024925
5.0332
5.0378
5.042125
5.044975
5.045325
5.05525
5.06245
5.076825
5.078175
5.11985
5.162
5.173975
5.18725
5.200925
5.204175
5.206425
5.21235
5.212625
5.2196
5.23825
5.240625
5.2429
5.250975
5.270375
5.2742
5.2858
5.301325
5.304025
5.306425
5.313225
5.3322
5.3742
5.38385
5.395575
5.397275
5.4152
5.487575
5.50675
5.509325
5.518075
5.5274
5.538675
5.541875
5.54245
5.544925
5.54615
5.546775
5.555825
5.564525
5.565975
5.571275
5.57465
5.5816
5.582175
5.587325
5.591125
5.601175
5.6276
5.635925
5.637325
5.66585
5.672575
5.675325
5.68465
5.703275
5.707875
5.71225
5.739525
5.739925
5.747425
5.755425
5.761075
5.781025
5.80565
5.812075
5.81525
5.81805
5.818075
5.8224
5.827025
5.831325
5.837975
5.840175
5.8488
5.857525
5.8649
5.8986
5.913625
5.91615
5.91925
5.92415
5.9303
5.9429
5.943575
5.950575
5.9616
5.97135
6.0315
6.066375
6.1
6.100225
6.1014
6.102675
6.1119
6.11355
6.119
6.12015
6.12065
6.128425
6.130025
6.132975
6.141775
6.14385
6.169375
6.1988
6.20875
6.211775
6.21265
6.2403
6.2555
6.25715
6.291825
6.3218
6.332075
6.362975
6.36925
6.40015
6.4063
6.411975
6.427825
6.4375
6.442
6.44445
6.453975
6.4551
6.46285
6.4665
6.473775
6.487775
6.49125
6.5247
6.55355
6.5547
6.55935
6.567275
6.575725
6.59145
6.609575
6.633825
6.635975
6.641475
6.6524
6.676575
6.69345
6.7164
6.72555
6.736225
6.739175
6.7444
6.74805
6.751825
6.7528
6.76755
6.7791
6.7802
6.78125
6.79895
6.81185
6.8465
6.848575
6.849475
6.87965
6.889425
6.895325
6.8989
6.91405
6.93035
6.9953
7.00375
7.009575
7.0234
7.03315
7.0357
7.0595
7.0625
7.0666
7.0681
7.070775
7.078
7.079475
7.0921
7.096125
7.100425
7.11095
7.139925
7.140525
7.153225
7.172875
7.1759
7.177125
7.182025
7.18975
7.204875
7.261625
7.303325
7.304375
7.31805
7.3247
7.3512
7.3531
7.357725
7.3699
7.372475
7.378425
7.380975
7.3864
7.38655
7.434425
7.445875
7.470025
7.480625
7.495075
7.5114
7.573175
7.5883
7.5907
7.610925
7.61305
7.613775
7.63205
7.63345
7.636175
7.6538
7.660225
7.663475
7.670325
7.674575
7.6933
7.724175
7.725625
7.728075
7.7344
7.7455
7.749875
7.76685
7.8578
7.86375
7.87065
7.900575
7.906025
7.948175
7.953425
7.95705
7.968475
7.998475
8.004425
8.00985
8.022075
8.0263
8.031375
8.0355
8.058
8.0813
8.09875
8.103775
8.1068
8.110475
8.1168
8.120325
8.130725
8.1476
8.18895
8.196725
8.197025
8.20295
8.208
8.212525
8.218225
8.2367
8.2424
8.25015
8.26915
8.271025
8.29125
8.2921
8.2931
8.306775
8.322875
8.34015
8.352825
8.365625
8.41965
8.424275
8.45175
8.503025
8.503925
8.50785
8.51405
8.518775
8.53555
8.537075
8.53945
8.556275
8.556325
8.578225
8.578675
8.58105
8.5947
8.601525
8.6092
8.611325
8.6326
8.637475
8.647325
8.678325
8.68725
8.691025
8.7009
8.704
8.7051
8.724875
8.7263
8.789925
8.79135
8.8015
8.805275
8.816125
8.81905
8.819575
8.820125
8.8296
8.835975
8.841975
8.8436
8.845675
8.859475
8.8716
8.892
8.92265
8.92465
8.9295
8.937125
8.9452
8.9568
8.9712
8.9747
8.975875
8.98165
9.00495
9.012425
9.03015
9.0604
9.06315
9.06645
9.0813
9.0886
9.09725
9.099675
798
