0.08445
0.10125
0.1026
0.110225
0.110275
0.116325
0.123725
0.128
0.128925
0.132
0.135825
0.141075
0.143225
0.143925
0.147625
0.150475
0.156125
0.1568
0.157525
0.16615
0.188325
0.202475
0.216575
0.230075
0.230575
0.239725
0.2405
0.24615
0.266825
0.308025
0.342275
0.35815
0.3757
0.377325
0.385925
0.3872
0.404725
0.408825
0.4276
0.43115
0.4315
0.4335
0.43965
0.4409
0.45485
0.4669
0.475225
0.47525
0.48585
0.513125
0.54055
0.550875
0.57465
0.5975
0.68235
0.70945
0.713975
0.71635
0.724575
0.730175
0.731225
0.734275
0.738525
0.740075
0.747975
0.749225
0.753275
0.76175
0.7832
0.794575
0.79735
0.799925
0.814875
0.834625
0.847075
0.856925
0.874025
0.8994
0.90045
0.906425
0.92105
0.92235
0.92475
0.92675
0.9403
0.94715
0.9503
0.95505
0.98625
0.992575
1.003625
1.0048
1.00665
1.015475
1.0316
1.03255
1.040025
1.0452
1.0561
1.05905
1.061575
1.062025
1.080775
1.0845
1.0912
1.094075
1.0963
1.10765
1.110325
1.110775
1.11725
1.13365
1.1436
1.23465
1.278175
1.299725
1.301325
1.31315
1.31485
1.319975
1.324525
1.33425
1.34425
1.354925
1.377325
1.384325
1.396
1.39775
1.411
1.416
1.42175
1.4296
1.479625
1.48915
1.4898
1.49965
1.515925
1.5536
1.55725
1.562775
1.58325
1.5888
1.5986
1.599275
1.612475
1.6133
1.613675
1.6156
1.61755
1.61825
1.629
1.634125
1.6513
1.669
1.67025
1.6863
1.689075
1.691375
1.698575
1.703075
1.730275
1.74325
1.746275
1.760475
1.77005
1.786225
1.795025
1.82345
1.857525
1.8596
1.90355
1.909225
1.912025
1.9276
1.93015
1.933075
1.9753
1.98505
2.011725
2.014575
2.037325
2.042475
2.088625
2.0968
2.09835
2.1048
2.11335
2.153
2.168075
2.2005
2.21275
2.215275
2.227275
2.2534
2.256775
2.264325
2.26615
2.280375
2.292025
2.2933
2.3008
2.30185
2.31735
2.399975
2.460475
2.4811
2.4875
2.497
2.506425
2.514125
2.5162
2.537475
2.5577
2.558575
2.5616
2.57845
2.57855
2.598025
2.60385
2.60755
2.611025
2.61655
2.62415
2.64695
2.647
2.64755
2.6525
2.67835
2.71425
2.716575
2.8006
2.80225
2.80545
2.812525
2.81275
2.825575
2.833825
2.853275
2.860675
2.86125
2.863925
2.86615
2.86855
2.873275
2.878975
2.880375
2.88515
2.88615
2.88675
2.88935
2.915
2.939125
2.94775
2.96395
2.97455
2.9917
2.99745
3.01405
3.01455
3.0273
3.091125
3.10205
3.102975
3.1053
3.105625
3.11095
3.1122
3.119775
3.12955
3.144775
3.147625
3.153775
3.156
3.164825
3.164875
3.166275
3.1719
3.202425
3.2108
3.2112
3.239875
3.242325
3.256325
3.268225
3.271825
3.2809
3.288125
3.313225
3.32055
3.36005
3.379175
3.385475
3.40945
3.41055
3.41625
3.4241
3.428175
3.4331
3.43855
3.4412
3.441475
3.4499
3.4531
3.457075
3.46665
3.473325
3.48605
3.4894
3.50355
3.5054
3.52685
3.53155
3.544025
3.54865
3.54975
3.586625
3.6198
3.6449
3.650525
3.655725
3.665775
3.70045
3.707725
3.708525
3.73005
3.7313
3.731875
3.7353
3.736825
3.73715
3.740325
3.7557
3.761475
3.7675
3.78275
3.80355
3.83395
3.84665
3.848925
3.858925
3.866225
3.87125
3.88225
3.887675
3.8885
3.89815
3.91015
3.922925
3.9389
3.945825
4.002125
4.0039
4.010825
4.012225
4.01895
4.03
4.03845
4.039675
4.0494
4.0554
4.073775
4.07905
4.086625
4.1083
4.108475
4.110275
4.123325
4.12885
4.131925
4.143375
4.1529
4.1535
4.15765
4.1581
4.159225
4.1856
4.20015
4.2002
4.214075
4.215525
4.21645
4.222575
4.240675
4.2559
4.2702
4.294675
4.30175
4.30325
4.307625
4.312925
4.3133
4.314475
4.3224
4.326
4.326175
4.343975
4.344325
4.365475
4.3818
4.388225
4.39085
4.399325
4.401575
4.406625
4.41065
4.420125
4.42395
4.424075
4.44015
4.440425
4.44925
4.459925
4.4671
4.47715
4.552425
4.568975
4.577175
4.616575
4.6199
4.641175
4.64195
4.647575
4.647725
4.6482
4.655625
4.665875
4.675875
4.7296
4.7578
4.773425
4.839225
4.8717
4.874875
4.886775
4.90945
4.910975
4.911225
4.9147
4.917875
4.92595
4.9324
4.936375
4.945575
4.950625
4.9796
4.984825
5.024975
5.0301
5.041025
5.06905
5.07215
5.088325
5.094725
5.13435
5.180225
5.192275
5.203725
5.21045
5.21275
5.231625
5.249325
5.256575
5.2613
5.264
5.266675
5.26845
5.290775
5.2932
5.29665
5.307475
5.3082
5.31305
5.326675
5.331125
5.34525
5.367725
5.373975
5.3744
5.382175
5.403925
5.43425
5.4627
5.4655
5.466775
5.467325
5.48015
5.48995
5.505825
5.512725
5.5144
5.516275
5.520525
5.5212
5.521525
5.532825
5.5358
5.537675
5.543125
5.558825
5.563125
5.56715
5.56785
5.5739
5.57435
5.594925
5.625275
5.65315
5.67445
5.6829
5.68365
5.6862
5.722425
5.7365
5.77485
5.7866
5.805875
5.80605
5.8076
5.811925
5.83195
5.8524
5.855325
5.857
5.8672
5.875625
5.88065
5.910725
5.918825
5.924225
5.93075
5.932325
5.93825
5.93925
5.9727
5.98155
5.989175
5.9933
6.00515
6.045825
6.047725
6.067
6.08635
6.100725
6.11785
6.12355
6.1237
6.127025
6.129175
6.13725
6.1378
6.141075
6.143175
6.150525
6.161475
6.16425
6.1648
6.164825
6.1736
6.182725
6.184675
6.194925
6.19975
6.204125
6.2068
6.2159
6.224925
6.25525
6.289175
6.3193
6.3302
6.3606
6.401725
6.40655
6.408975
6.410975
6.41525
6.4153
6.424175
6.4273
6.4308
6.43175
6.434175
6.468625
6.47145
6.4831
6.486675
6.4937
6.503475
6.506675
6.510725
6.51885
6.52845
6.544625
6.54705
6.56175
6.57105
6.582375
6.591975
6.643175
6.6492
6.7054
6.7086
6.7141
6.715575
6.716075
6.732125
6.733575
6.73835
6.745225
6.750325
6.75345
6.75415
6.767825
6.771275
6.772125
6.7793
6.78095
6.79705
6.8091
6.8168
6.820725
6.8417
6.8502
6.858825
6.8687
6.90215
6.90555
6.921325
6.945475
6.985125
6.989325
7.001525
7.002975
7.00325
7.0047
7.030575
7.0374
7.04015
7.041175
7.04345
7.0449
7.057675
7.065325
7.0764
7.09165
7.10825
7.1101
7.11935
7.1341
7.151775
7.1601
7.167025
7.16915
7.17735
7.216675
7.23035
7.24255
7.294125
7.310825
7.3199
7.327175
7.3311
7.340625
7.3432
7.3458
7.3541
7.3628
7.363725
7.3714
7.37405
7.38065
7.38405
7.3994
7.41285
7.438875
7.47245
7.476025
7.490875
7.5218
7.552325
7.561225
7.574175
7.579
7.600825
7.601425
7.6068
7.608425
7.6114
7.6126
7.621975
7.63305
7.6343
7.63565
7.6365
7.64315
7.644
7.653175
7.653525
7.65415
7.677475
7.7111
7.7147
7.716875
7.71735
7.723325
7.765125
7.76715
7.789975
7.79775
7.81705
7.843025
7.865125
7.9008
7.916175
7.918575
7.927075
7.928175
7.936875
7.9612
7.964225
7.979725
7.98065
7.99115
8.015025
8.0194
8.026525
8.026875
8.033325
8.046875
8.04895
8.055225
8.0646
8.069275
8.081975
8.0876
8.102925
8.1609
8.22255
8.228125
8.23175
8.23965
8.243275
8.25095
8.253275
8.2693
8.27125
8.272575
8.2753
8.276025
8.295975
8.297475
8.314475
8.319425
8.32765
8.33485
8.34065
8.385075
8.388975
8.426
8.4394
8.4569
8.483025
8.487925
8.495675
8.50785
8.508075
8.50875
8.508775
8.516475
8.522
8.5251
8.52575
8.528725
8.533475
8.5351
8.5361
8.5407
8.5418
8.543025
8.548325
8.56455
8.59125
8.597375
8.604475
8.617725
8.621425
8.625
8.643075
8.649325
8.661175
8.676425
8.679975
8.687175
8.71365
8.71735
8.7843
8.803875
8.8049
8.806975
8.81255
8.8134
8.815
8.832325
8.833325
8.839075
8.84
8.8422
8.8426
8.843775
8.847625
8.850125
8.851625
8.8649
8.87255
8.8741
8.902675
8.906625
8.9135
8.914
8.9395
8.939725
8.9434
8.963075
8.9674
8.988375
8.997
9.014075
9.039525
9.039825
9.041525
9.0535
9.066275
9.079925
9.09945
834
