0.1008
0.101125
0.107
0.108325
0.1197
0.12185
0.127225
0.1305
0.144875
0.14645
0.15415
0.1552
0.172075
0.18255
0.187075
0.18985
0.1966
0.19875
0.200775
0.201525
0.227825
0.2287
0.230625
0.233725
0.236925
0.245225
0.2516
0.2656
0.319375
0.328325
0.37545
0.38115
0.3971
0.4007
0.412725
0.41285
0.420925
0.4285
0.437475
0.438225
0.441175
0.44565
0.4501
0.45625
0.473375
0.49075
0.493925
0.514625
0.522225
0.529775
0.536575
0.545325
0.549625
0.5558
0.586275
0.632925
0.6412
0.65705
0.6676
0.6812
0.681975
0.69425
0.700775
0.70635
0.70775
0.70785
0.7152
0.7278
0.73255
0.7381
0.741875
0.758025
0.772475
0.7748
0.78815
0.791475
0.792425
0.811275
0.822875
0.8306
0.830875
0.85965
0.861175
0.877475
0.878325
0.879225
0.905575
0.966675
0.969425
1.0022
1.010475
1.012525
1.022175
1.0364
1.047675
1.05585
1.07215
1.07365
1.083475
1.128625
1.140025
1.150625
1.155275
1.163275
1.171225
1.17645
1.187975
1.194375
1.198575
1.20665
1.2328
1.3003
1.30625
1.3073
1.309225
1.30985
1.315125
1.3165
1.318975
1.32135
1.322975
1.32495
1.337275
1.344825
1.364025
1.364975
1.37345
1.3774
1.386275
1.4305
1.447875
1.461825
1.483525
1.489875
1.495025
1.522575
1.525525
1.534625
1.53955
1.541375
1.5468
1.5659
1.5674
1.60655
1.606625
1.61745
1.63315
1.643525
1.64405
1.645925
1.6644
1.66875
1.677775
1.6953
1.700775
1.7064
1.707975
1.718575
1.723675
1.73975
1.74215
1.755325
1.7562
1.783225
1.791425
1.7985
1.81145
1.8622
1.87305
1.88035
1.909225
1.9217
1.9264
1.935475
1.936375
1.9444
1.96325
1.966175
1.9688
1.980875
1.98465
1.985325
1.99045
1.998025
2.0105
2.020975
2.032225
2.07965
2.097875
2.11905
2.166525
2.167325
2.203475
2.2042
2.2144
2.23185
2.2446
2.2535
2.2719
2.3075
2.3106
2.316875
2.337875
2.379825
2.37985
2.3887
2.390425
2.3968
2.42835
2.432175
2.433825
2.51035
2.51735
2.52335
2.52575
2.5279
2.54075
2.54595
2.572275
2.5733
2.579175
2.581275
2.59845
2.602825
2.61665
2.62025
2.620625
2.62625
2.635675
2.63845
2.645125
2.650125
2.6614
2.670975
2.7012
2.7333
2.736625
2.7458
2.745925
2.7793
2.7866
2.8003
2.805575
2.80735
2.8136
2.831525
2.84685
2.869625
2.882825
2.885
2.923125
2.92825
2.9331
2.9533
2.993025
3.003725
3.0163
3.081575
3.08195
3.101975
3.11175
3.118825
3.12225
3.1229
3.1261
3.12805
3.128825
3.13815
3.142875
3.16105
3.162
3.167225
3.174475
3.177475
3.1843
3.186125
3.186575
3.18835
3.188525
3.19895
3.21005
3.215825
3.223675
3.227775
3.24545
3.2731
3.2928
3.318925
3.325375
3.345525
3.34805
3.4014
3.4038
3.4087
3.420325
3.422925
3.424025
3.438475
3.4418
3.442175
3.464625
3.4863
3.49405
3.4979
3.502
3.504275
3.5111
3.5121
3.517675
3.518625
3.535975
3.5363
3.540625
3.54105
3.5513
3.5544
3.576675
3.57825
3.58125
3.58585
3.58945
3.622525
3.634275
3.63535
3.65715
3.703675
3.713325
3.7162
3.7169
3.718125
3.719925
3.74055
3.747225
3.755125
3.7707
3.771425
3.77765
3.78365
3.78535
3.798975
3.82615
3.827925
3.84365
3.8532
3.8618
3.863325
3.86855
3.871375
3.8716
3.87715
3.877325
3.878925
3.885075
3.8911
3.891125
3.90215
3.918975
3.946725
3.957025
3.957325
4.00495
4.011475
4.020325
4.025375
4.025925
4.03535
4.036325
4.03855
4.04155
4.0432
4.044875
4.04735
4.063425
4.074375
4.1008
4.118975
4.131225
4.13335
4.150575
4.155125
4.181525
4.228125
4.229125
4.270125
4.279225
4.28275
4.301325
4.30245
4.31145
4.31585
4.320925
4.330725
4.348
4.357525
4.358375
4.3608
4.37275
4.37385
4.38435
4.3987
4.415825
4.4187
4.425475
4.44995
4.45555
4.460325
4.4651
4.473025
4.485075
4.497325
4.507275
4.508425
4.54135
4.557625
4.55905
4.577025
4.578275
4.618625
4.618875
4.624875
4.629475
4.632375
4.63595
4.64405
4.6807
4.694975
4.7046
4.726025
4.7271
4.7442
4.770775
4.7911
4.809225
4.80965
4.81945
4.82255
4.823025
4.8237
4.83545
4.839975
4.897175
4.89795
4.90025
4.9166
4.92355
4.92685
4.93145
4.932325
4.937075
4.94125
4.95335
4.954325
4.959775
4.962725
4.966675
4.9686
4.98085
4.9855
4.996125
5.000275
5.0005
5.012325
5.030025
5.038475
5.042825
5.052975
5.105125
5.12855
5.1294
5.204425
5.2063
5.21
5.210075
5.21295
5.21405
5.2216
5.239925
5.258225
5.2608
5.265725
5.267325
5.269875
5.273925
5.281325
5.284875
5.28995
5.2954
5.30635
5.33705
5.341875
5.343675
5.34515
5.355275
5.35995
5.3705
5.378825
5.38135
5.460525
5.467975
5.47385
5.478575
5.485725
5.48605
5.5039
5.5196
5.528075
5.536275
5.537375
5.54285
5.546875
5.556475
5.55945
5.564675
5.5659
5.566475
5.574725
5.57505
5.58445
5.588275
5.59035
5.610975
5.636275
5.659775
5.668375
5.677675
5.700275
5.7013
5.738775
5.742425
5.74645
5.783275
5.798775
5.79925
5.803025
5.8043
5.804575
5.81445
5.81965
5.8263
5.836125
5.837175
5.852075
5.86335
5.87185
5.8803
5.883275
5.894175
5.9241
5.925175
5.926975
5.9311
5.940225
5.94705
5.949575
5.968825
5.97125
5.985425
5.998875
6.002375
6.009825
6.014225
6.014525
6.014775
6.0207
6.0356
6.036825
6.090075
6.100025
6.106725
6.1084
6.11245
6.112575
6.113475
6.1249
6.127475
6.131525
6.13475
6.13565
6.136225
6.162125
6.1764
6.179075
6.190275
6.195175
6.200875
6.207225
6.208875
6.219675
6.22225
6.2247
6.226275
6.23285
6.238875
6.24395
6.25955
6.291625
6.301675
6.3149
6.3281
6.346875
6.349375
6.381175
6.4119
6.418575
6.432075
6.433475
6.441525
6.44165
6.448775
6.452075
6.468975
6.474325
6.475525
6.4786
6.4822
6.488075
6.49405
6.511925
6.5148
6.516825
6.520825
6.5227
6.53145
6.540075
6.5687
6.584875
6.5962
6.616925
6.629025
6.629175
6.650025
6.65735
6.664325
6.665975
6.70515
6.71095
6.7157
6.7171
6.72365
6.73085
6.730875
6.741525
6.768075
6.7763
6.797725
6.799975
6.813775
6.821225
6.826475
6.826775
6.8673
6.87955
6.88305
6.883975
6.887625
6.8915
6.9002
6.91175
6.912075
6.9159
6.920125
6.93675
6.970075
6.971825
7.0084
7.021625
7.022425
7.024375
7.02835
7.037825
7.03795
7.03975
7.041275
7.0597
7.07195
7.075375
7.0792
7.088475
7.10425
7.114
7.1519
7.160225
7.301975
7.302325
7.304125
7.3075
7.310775
7.3142
7.320825
7.32645
7.340725
7.34185
7.35405
7.362125
7.366675
7.371625
7.372575
7.386025
7.389875
7.4269
7.43885
7.442775
7.444875
7.45365
7.4554
7.473075
7.49145
7.492025
7.492175
7.509
7.51855
7.526325
7.57905
7.603775
7.609625
7.61185
7.618
7.619325
7.623
7.623975
7.6255
7.64645
7.649275
7.666075
7.669075
7.674775
7.6767
7.68015
7.68365
7.70175
7.702175
7.733075
7.792525
7.81245
7.83305
7.847525
7.866325
7.902225
7.9032
7.909025
7.910525
7.9146
7.9207
7.933875
7.9408
7.9596
7.9845
7.985875
7.987825
7.9989
8.015225
8.0156
8.031575
8.03985
8.040975
8.054
8.05415
8.06005
8.07955
8.08615
8.10435
8.166275
8.18075
8.215675
8.219075
8.2202
8.220525
8.23895
8.260425
8.270225
8.27765
8.2966
8.316275
8.327275
8.335625
8.336725
8.359675
8.502425
8.5058
8.510375
8.518275
8.5203
8.5248
8.53365
8.54755
8.55685
8.5735
8.5746
8.582325
8.597575
8.61735
8.619825
8.625325
8.62565
8.644075
8.664325
8.6676
8.6677
8.69015
8.713775
8.73635
8.7436
8.79555
8.8033
8.80695
8.80855
8.81035
8.81325
8.82265
8.825075
8.851575
8.896025
8.917325
8.91735
8.9354
8.93915
8.944475
8.955575
9.04345
9.075525
9.089825
821
