0.10445
0.10625
0.109325
0.1113
0.112675
0.114825
0.117375
0.12185
0.123325
0.17275
0.174625
0.19035
0.1962
0.220125
0.253325
0.270075
0.27375
0.345475
0.347675
0.366375
0.3958
0.4159
0.420525
0.424975
0.431925
0.436475
0.4372
0.446675
0.44815
0.458475
0.46
0.4631
0.474925
0.479475
0.484425
0.494025
0.519025
0.524175
0.5326
0.536025
0.53905
0.551725
0.678675
0.687725
0.703
0.70525
0.70945
0.71105
0.714125
0.718825
0.724225
0.74705
0.757325
0.775725
0.776525
0.779575
0.7856
0.787725
0.79
0.823575
0.834525
0.838475
0.851525
0.852825
0.8612
0.862425
0.862575
0.862625
0.872425
0.872825
0.8802
0.89945
0.926275
0.92815
0.9412
0.944575
0.971175
0.9955
0.999525
1.003425
1.0062
1.017975
1.02145
1.02405
1.053125
1.06665
1.0746
1.0852
1.108
1.11055
1.11575
1.121425
1.126875
1.128275
1.15365
1.158475
1.167325
1.196625
1.2064
1.222925
1.27465
1.2906
1.300675
1.3157
1.315975
1.333125
1.339325
1.34265
1.344875
1.352525
1.362825
1.374975
1.39395
1.3992
1.4006
1.404325
1.4084
1.40865
1.4132
1.464475
1.464875
1.46565
1.474925
1.48155
1.5017
1.521025
1.60125
1.60755
1.6095
1.612775
1.616875
1.622625
1.625075
1.63635
1.6377
1.63835
1.643075
1.6472
1.65255
1.667775
1.67215
1.677075
1.7
1.711
1.7157
1.723625
1.740875
1.76265
1.764625
1.7935
1.806925
1.8203
1.843375
1.852575
1.900875
1.91225
1.91685
1.916875
1.920925
1.9347
1.9381
1.94335
1.9549
1.961275
1.967825
1.97485
1.97535
1.98165
1.982525
1.983
1.987625
1.992275
1.9976
2.023625
2.028425
2.04185
2.06805
2.082725
2.084525
2.08515
2.090525
2.0933
2.099
2.133075
2.144875
2.1692
2.18825
2.2038
2.2064
2.209175
2.209825
2.21895
2.220375
2.2213
2.223375
2.22775
2.23785
2.23815
2.251025
2.257475
2.259275
2.2699
2.27555
2.289225
2.293575
2.307975
2.343525
2.36995
2.37925
2.381125
2.391425
2.3948
2.442925
2.470275
2.480125
2.502925
2.504425
2.509925
2.51065
2.523275
2.534175
2.5586
2.56725
2.57225
2.5793
2.587825
2.602175
2.6024
2.61295
2.615275
2.61605
2.618825
2.6284
2.64115
2.666225
2.67275
2.74855
2.80175
2.8091
2.8344
2.8363
2.84745
2.85505
2.864725
2.872925
2.8789
2.883975
2.893775
2.894625
2.8949
2.903775
2.9161
2.94975
2.95125
2.96655
2.969875
2.97715
3.017325
3.0231
3.035775
3.07365
3.0737
3.106
3.122525
3.127625
3.132425
3.147
3.152575
3.162525
3.162675
3.166825
3.184825
3.1917
3.198575
3.2132
3.2186
3.2204
3.25635
3.257175
3.2586
3.26195
3.266075
3.268775
3.269975
3.27045
3.276975
3.2822
3.299
3.319025
3.331825
3.33315
3.3529
3.354825
3.36945
3.38685
3.394675
3.403275
3.404325
3.409025
3.417475
3.420725
3.42305
3.4232
3.423625
3.428075
3.43305
3.44185
3.446425
3.451425
3.464875
3.4747
3.475175
3.486
3.5048
3.511375
3.526475
3.573525
3.59175
3.5984
3.599275
3.607225
3.620225
3.64265
3.654725
3.7064
3.7084
3.717175
3.7258
3.7289
3.7415
3.746925
3.748425
3.766125
3.772525
3.794375
3.8004
3.813
3.827375
3.829
3.834625
3.8487
3.853025
3.860775
3.882475
3.915575
3.91935
3.9259
3.95775
3.983025
4.0
4.005825
4.005925
4.006575
4.0096
4.010675
4.016575
4.017925
4.019325
4.024225
4.027075
4.03105
4.03495
4.036375
4.044125
4.0492
4.06395
4.066525
4.10225
4.102725
4.1076
4.116825
4.129275
4.137325
4.141775
4.143725
4.145325
4.160475
4.185275
4.25135
4.2569
4.26055
4.30805
4.32465
4.325975
4.34015
4.358925
4.361325
4.369125
4.369775
4.372325
4.378
4.3854
4.385525
4.3958
4.410925
4.411625
4.43275
4.434775
4.4348
4.443325
4.44695
4.4511
4.46415
4.467075
4.4879
4.505825
4.51645
4.52795
4.556925
4.5672
4.61135
4.612875
4.62875
4.6297
4.6334
4.6642
4.675575
4.74445
4.75435
4.7569
4.7658
4.7707
4.775975
4.79725
4.8127
4.855675
4.868075
4.88275
4.88365
4.89475
4.902175
4.908325
4.9093
4.912625
4.915825
4.9189
4.922
4.9228
4.929425
4.941425
4.956425
4.9774
4.982325
4.98315
4.98375
4.987825
4.99695
4.99785
5.00935
5.0138
5.021175
5.022525
5.033725
5.07635
5.09195
5.106325
5.146625
5.14755
5.16685
5.17775
5.19885
5.1998
5.20515
5.205375
5.21795
5.2205
5.223125
5.226075
5.2315
5.24155
5.2422
5.243225
5.2621
5.2656
5.26655
5.2723
5.275375
5.28365
5.289025
5.3253
5.3272
5.339275
5.3405
5.353125
5.3733
5.37375
5.383975
5.40405
5.413275
5.41605
5.4354
5.4366
5.4369
5.46875
5.501525
5.504325
5.505175
5.50765
5.508
5.516175
5.525025
5.5276
5.531625
5.5326
5.5476
5.560075
5.573125
5.580975
5.59635
5.650625
5.672225
5.67365
5.679975
5.71795
5.721275
5.734
5.751775
5.7803
5.810725
5.8141
5.8258
5.8287
5.831925
5.831975
5.833025
5.8403
5.84085
5.84275
5.84285
5.8467
5.84915
5.8687
5.869125
5.88555
5.89085
5.897175
5.91005
5.941025
5.95685
5.965625
5.976625
5.986775
6.01885
6.03905
6.08605
6.100875
6.1081
6.10885
6.109225
6.113725
6.11755
6.117725
6.125325
6.146525
6.158075
6.169475
6.180425
6.18865
6.213625
6.21795
6.2345
6.244325
6.249125
6.259175
6.266125
6.29945
6.354025
6.4025
6.40415
6.4057
6.408875
6.4141
6.424325
6.424425
6.426725
6.4293
6.431325
6.434825
6.43575
6.4363
6.437
6.441475
6.4452
6.449625
6.453675
6.473825
6.482275
6.4825
6.521625
6.525475
6.528775
6.537825
6.540375
6.540875
6.547925
6.56565
6.580125
6.604575
6.614875
6.61885
6.61915
6.634425
6.6369
6.640225
6.68825
6.701275
6.70745
6.714175
6.72025
6.721775
6.722325
6.72255
6.72715
6.7285
6.7522
6.75985
6.762125
6.793325
6.804375
6.808375
6.812375
6.824975
6.825825
6.836725
6.867325
6.8676
6.871575
6.897075
6.927275
6.937075
6.944125
6.947975
6.989975
7.02215
7.022325
7.030525
7.034575
7.041
7.042875
7.052925
7.056325
7.0618
7.06615
7.0674
7.0724
7.0807
7.08185
7.084625
7.086975
7.095125
7.098425
7.100325
7.103525
7.115825
7.11635
7.122225
7.1237
7.1317
7.153825
7.164425
7.180225
7.182825
7.1982
7.241825
7.261725
7.2956
7.3033
7.312425
7.313625
7.320275
7.3229
7.327125
7.330075
7.33115
7.33345
7.338725
7.340475
7.341275
7.361875
7.371875
7.397775
7.3983
7.401975
7.442175
7.452025
7.45855
7.464425
7.465975
7.4818
7.4918
7.5097
7.60485
7.63655
7.64055
7.64095
7.6427
7.64475
7.648825
7.648975
7.652525
7.658425
7.661525
7.682
7.7169
7.725175
7.7426
7.74265
7.750375
7.758175
7.76225
7.791475
7.796725
7.797525
7.81485
7.853025
7.862525
7.901775
7.903175
7.91265
7.915725
7.921875
7.930375
7.945625
7.9474
7.9525
7.95585
7.9694
7.977675
7.9939
8.006075
8.00885
8.02315
8.051175
8.062025
8.112475
8.119125
8.1273
8.131825
8.150525
8.162725
8.16515
8.18575
8.187825
8.20875
8.2096
8.210025
8.211675
8.22035
8.22085
8.227725
8.240175
8.25615
8.2653
8.2799
8.282225
8.2956
8.2965
8.29895
8.29925
8.306925
8.344125
8.363975
8.373025
8.37455
8.388975
8.4279
8.431225
8.4429
8.50015
8.502825
8.508025
8.512
8.5156
8.521475
8.524225
8.536325
8.538625
8.545225
8.54695
8.5516
8.560375
8.561625
8.5672
8.5807
8.594875
8.603275
8.6035
8.608225
8.620225
8.63805
8.67225
8.71365
8.7171
8.73085
8.806525
8.8127
8.814375
8.82375
8.84865
8.857225
8.8604
8.863375
8.865425
8.8691
8.879675
8.8797
8.884175
8.886275
8.892325
8.901275
8.90735
8.9101
8.915975
8.9848
9.005225
9.0115
9.0123
9.02485
9.047925
9.089825
9.09455
9.09885
822
