0.0137
0.1034
0.1131
0.1142
0.134225
0.1472
0.1723
0.175175
0.183775
0.184175
0.191825
0.1953
0.229825
0.23605
0.25425
0.26975
0.274275
0.276675
0.28185
0.293275
0.339075
0.34755
0.359075
0.4068
0.410775
0.416675
0.4219
0.42315
0.4266
0.430025
0.439575
0.463625
0.465775
0.467775
0.4683
0.472575
0.5296
0.5431
0.54385
0.54765
0.549
0.553
0.562125
0.5763
0.58055
0.59165
0.629725
0.64425
0.699475
0.703325
0.710025
0.722525
0.723925
0.724525
0.74455
0.746225
0.754325
0.763225
0.772275
0.779275
0.792925
0.80635
0.826175
0.8481
0.8489
0.8651
0.893775
0.9174
0.92405
0.99635
1.00355
1.00995
1.01055
1.013575
1.01465
1.0202
1.021125
1.02465
1.033275
1.0354
1.037925
1.04285
1.043825
1.068025
1.068275
1.072525
1.0856
1.0857
1.086275
1.0884
1.09235
1.092825
1.09485
1.103325
1.104
1.108975
1.11575
1.123125
1.1421
1.202175
1.2102
1.22945
1.275525
1.27685
1.3105
1.3121
1.320875
1.323875
1.3463
1.3608
1.3836
1.389775
1.394075
1.398125
1.399275
1.40025
1.406825
1.417275
1.417975
1.4237
1.432875
1.43295
1.448275
1.483575
1.554525
1.56555
1.581825
1.5923
1.59355
1.600175
1.609175
1.61165
1.622625
1.6233
1.6272
1.636525
1.638275
1.643075
1.64675
1.653725
1.653975
1.663
1.665725
1.677025
1.67725
1.6951
1.699775
1.7553
1.7586
1.7618
1.764975
1.767
1.77285
1.790475
1.804525
1.8381
1.872525
1.889375
1.903675
1.911975
1.913425
1.915675
1.917875
1.939075
1.957025
1.96385
1.978875
1.98865
2.011
2.021575
2.033725
2.042325
2.049875
2.053775
2.061825
2.075925
2.07985
2.085475
2.0863
2.0946
2.1405
2.179825
2.20435
2.211
2.211875
2.224575
2.24025
2.264475
2.2842
2.290375
2.29205
2.363725
2.375275
2.3866
2.389
2.41665
2.44215
2.44385
2.44615
2.4682
2.47585
2.504525
2.50555
2.510625
2.510825
2.517025
2.525675
2.528825
2.529425
2.529775
2.554475
2.55785
2.560625
2.565625
2.582725
2.601525
2.6079
2.625375
2.643525
2.649825
2.650875
2.735975
2.743025
2.775025
2.801975
2.8031
2.8065
2.81815
2.825025
2.8524
2.86295
2.871725
2.878575
2.882525
2.887
2.88905
2.901075
2.9038
2.92015
2.920575
2.950375
2.9635
2.987375
3.002175
3.00275
3.00635
3.01765
3.023775
3.069125
3.08305
3.091
3.10085
3.102925
3.108425
3.1133
3.11755
3.119675
3.137175
3.138325
3.143525
3.14565
3.1473
3.149675
3.151575
3.156675
3.161775
3.1658
3.1664
3.1747
3.23655
3.28035
3.338475
3.3801
3.4051
3.40675
3.406775
3.41395
3.4151
3.415325
3.4178
3.4193
3.422825
3.4329
3.45465
3.462125
3.4667
3.469075
3.47495
3.477725
3.484425
3.506875
3.523725
3.524175
3.5261
3.539425
3.54555
3.54705
3.553775
3.583175
3.61275
3.6344
3.7034
3.706125
3.71235
3.71755
3.73315
3.74495
3.757875
3.75935
3.7734
3.77675
3.82545
3.869925
3.878125
3.90025
3.901225
3.924725
3.95175
3.9701
3.984325
3.9988
4.009775
4.012075
4.01985
4.026
4.027375
4.0638
4.063825
4.0725
4.093375
4.0977
4.112675
4.161725
4.1631
4.176225
4.195925
4.22075
4.266625
4.2735
4.283425
4.284675
4.305375
4.31985
4.3199
4.342625
4.3527
4.37085
4.387475
4.389125
4.39035
4.40995
4.414275
4.418375
4.424775
4.426625
4.4492
4.47175
4.485175
4.495675
4.527325
4.544275
4.5502
4.589175
4.6055
4.605575
4.609275
4.610325
4.61575
4.62765
4.628825
4.630275
4.63375
4.63415
4.641275
4.64575
4.64875
4.65215
4.6523
4.655675
4.668275
4.690275
4.711275
4.73025
4.7331
4.737325
4.746475
4.780425
4.799625
4.8213
4.855575
4.896125
4.900525
4.901525
4.91045
4.91095
4.9317
4.948275
4.94905
4.95245
4.9537
4.958475
4.964825
4.9806
4.986525
4.988525
4.998525
5.036375
5.048125
5.07415
5.07685
5.07875
5.093425
5.104525
5.1119
5.12855
5.13155
5.131725
5.1505
5.16775
5.18815
5.201425
5.210975
5.21125
5.21655
5.2193
5.22795
5.229825
5.230475
5.258425
5.26605
5.27445
5.27785
5.27975
5.28145
5.2875
5.2902
5.34225
5.352075
5.3529
5.3703
5.37555
5.3778
5.400275
5.400925
5.41225
5.43925
5.47185
5.50165
5.503925
5.50565
5.512425
5.514925
5.518325
5.520825
5.521125
5.533525
5.546
5.574025
5.57735
5.577925
5.594125
5.596775
5.59815
5.599975
5.6125
5.6214
5.635925
5.66865
5.67315
5.74155
5.759825
5.767525
5.770225
5.780825
5.786925
5.80135
5.806675
5.810075
5.81025
5.816175
5.8257
5.83355
5.843275
5.85175
5.858725
5.859075
5.860175
5.862125
5.862275
5.8644
5.88185
5.905575
5.908475
5.9099
5.91895
5.931975
5.94355
5.947675
5.9719
5.982725
6.00005
6.002975
6.028575
6.051925
6.106675
6.107125
6.111175
6.114
6.1148
6.115575
6.122825
6.140525
6.15145
6.1616
6.1667
6.16705
6.168325
6.169925
6.172025
6.186775
6.18695
6.19255
6.208625
6.215125
6.251075
6.263275
6.2874
6.302075
6.3248
6.334775
6.3388
6.352625
6.3613
6.37555
6.38575
6.4002
6.401875
6.416175
6.418925
6.419475
6.419675
6.4209
6.425975
6.4299
6.4305
6.443075
6.44895
6.464025
6.47055
6.4763
6.479225
6.484225
6.491875
6.499575
6.5174
6.5254
6.52935
6.530825
6.53195
6.545125
6.5457
6.568675
6.5877
6.609025
6.627375
6.6281
6.656475
6.693025
6.7043
6.704475
6.709075
6.71755
6.727075
6.728425
6.73335
6.734725
6.751525
6.753275
6.757225
6.77235
6.775875
6.7831
6.805025
6.806
6.81055
6.8186
6.856
6.856775
6.866125
6.876275
6.883475
6.8983
6.909525
6.916825
6.921025
6.94795
6.9993
7.00925
7.033075
7.0349
7.04705
7.049525
7.053725
7.05905
7.0658
7.06655
7.075225
7.077875
7.08415
7.0884
7.09635
7.106675
7.10785
7.10925
7.110025
7.112175
7.122225
7.122525
7.131275
7.146325
7.168125
7.18785
7.25265
7.272725
7.312975
7.321325
7.3287
7.334425
7.350175
7.359775
7.365825
7.379975
7.384775
7.38925
7.403025
7.4051
7.40765
7.4097
7.417575
7.432775
7.43905
7.47625
7.478325
7.48575
7.490025
7.494325
7.531225
7.533275
7.5768
7.5803
7.586
7.6052
7.609575
7.61595
7.621525
7.639975
7.6488
7.65065
7.662675
7.669675
7.68845
7.693825
7.6979
7.703275
7.70485
7.717775
7.754625
7.764175
7.812
7.903625
7.90455
7.919475
7.922675
7.92855
7.947525
7.94965
7.99825
8.011175
8.01705
8.0405
8.066975
8.0734
8.079525
8.093525
8.09685
8.103625
8.1053
8.1105
8.11165
8.134625
8.2
8.20365
8.231825
8.234125
8.23435
8.2529
8.25845
8.273675
8.279425
8.2802
8.2918
8.29875
8.3066
8.324275
8.332575
8.3444
8.377075
8.3805
8.4038
8.4192
8.43245
8.446925
8.449875
8.4506
8.45065
8.4879
8.4939
8.499475
8.500025
8.51495
8.52415
8.525875
8.533875
8.546675
8.559125
8.561725
8.573825
8.57615
8.582925
8.591525
8.594675
8.597525
8.6011
8.6118
8.61555
8.623975
8.65315
8.69805
8.7032
8.719975
8.7257
8.757275
8.773775
8.7759
8.790425
8.7972
8.804575
8.809525
8.818925
8.824525
8.82735
8.837075
8.852325
8.8968
8.898425
8.909
8.90945
8.91375
8.915375
8.926475
8.944875
8.9569
8.961875
9.02265
9.06415
9.066825
9.07675
9.09515
9.0974
769
