0.10095
0.10515
0.1061
0.1179
0.12475
0.12625
0.12815
0.1465
0.1529
0.164
0.164525
0.169175
0.179475
0.180975
0.185275
0.19445
0.197075
0.20105
0.219225
0.220325
0.22095
0.22175
0.222075
0.2486
0.250425
0.26305
0.315975
0.316425
0.39015
0.41095
0.419475
0.42015
0.4236
0.425025
0.43305
0.4665
0.47245
0.477225
0.49405
0.515475
0.543725
0.5594
0.5862
0.6042
0.6098
0.641525
0.641825
0.646975
0.675425
0.6784
0.70105
0.7055
0.7068
0.713875
0.720575
0.7231
0.737525
0.7381
0.74255
0.753725
0.757375
0.7626
0.767525
0.772
0.779725
0.789225
0.7905
0.793275
0.80415
0.82795
0.865125
0.876225
0.884975
0.89115
0.912725
0.97245
0.97535
0.990975
1.003575
1.004475
1.024575
1.028
1.035575
1.04705
1.0521
1.055875
1.056075
1.09685
1.107225
1.109275
1.128425
1.151225
1.165925
1.1692
1.17375
1.200675
1.215225
1.251125
1.2579
1.2595
1.265825
1.27585
1.28385
1.30065
1.303875
1.3068
1.31245
1.318175
1.3269
1.336725
1.33905
1.3486
1.356425
1.364
1.3763
1.384025
1.384975
1.388575
1.41215
1.424225
1.43055
1.436325
1.441525
1.452075
1.46285
1.46885
1.471475
1.47255
1.480725
1.4833
1.507475
1.526475
1.544225
1.557375
1.570075
1.57575
1.5804
1.59265
1.60075
1.6073
1.607325
1.610275
1.61055
1.61265
1.619975
1.631475
1.635375
1.643775
1.649
1.66195
1.667425
1.670925
1.6711
1.6967
1.7325
1.73575
1.745
1.747125
1.77085
1.805
1.819725
1.823475
1.88335
1.90645
1.910525
1.926175
1.933425
1.9615
1.973525
1.974075
1.9816
1.991575
2.0024
2.00975
2.017175
2.021075
2.0247
2.03125
2.051275
2.060875
2.0679
2.0715
2.07205
2.08345
2.116675
2.147975
2.1815
2.1846
2.203375
2.2116
2.219925
2.221425
2.22165
2.2331
2.238625
2.248075
2.251875
2.260375
2.2716
2.2808
2.2896
2.292725
2.293325
2.30375
2.305725
2.31025
2.335825
2.3568
2.381
2.38245
2.3971
2.399875
2.5147
2.5157
2.530725
2.532575
2.53495
2.5392
2.544425
2.5455
2.560525
2.579525
2.580925
2.5847
2.589525
2.5934
2.598525
2.608575
2.61135
2.640375
2.662625
2.675
2.68075
2.69445
2.7024
2.703925
2.7042
2.730525
2.734275
2.759125
2.760525
2.7681
2.7719
2.80955
2.80985
2.8222
2.82325
2.8264
2.8304
2.846075
2.847475
2.8535
2.862875
2.8699
2.880575
2.8989
2.913725
2.915575
2.924225
2.946725
2.9476
2.95415
2.9592
2.970425
2.977575
3.018125
3.067725
3.068125
3.068275
3.095125
3.10105
3.103525
3.1077
3.110025
3.114425
3.121
3.122525
3.1257
3.1282
3.129425
3.132175
3.146
3.1575
3.1604
3.166225
3.16725
3.1696
3.17325
3.18915
3.196475
3.205725
3.22705
3.234925
3.272775
3.289375
3.32105
3.32925
3.386325
3.391275
3.4007
3.4074
3.40775
3.41665
3.420075
3.424975
3.43515
3.458575
3.47835
3.48055
3.50585
3.507425
3.507875
3.5115
3.513875
3.532225
3.554425
3.592225
3.599225
3.63615
3.63685
3.64295
3.6521
3.65635
3.658625
3.671325
3.67625
3.6789
3.70125
3.706225
3.7075
3.709625
3.711525
3.726725
3.735475
3.743125
3.745475
3.747825
3.77785
3.789425
3.796225
3.800225
3.82335
3.834925
3.84665
3.854075
3.882075
3.9021
3.9198
3.953175
3.9677
3.98065
3.991725
3.9935
4.00125
4.0084
4.010625
4.017625
4.025475
4.044175
4.045925
4.05265
4.062075
4.062475
4.06315
4.0676
4.0736
4.078575
4.1418
4.14345
4.1458
4.167375
4.17035
4.17505
4.19355
4.222875
4.22655
4.2294
4.240175
4.2537
4.290825
4.303225
4.30675
4.308025
4.3095
4.316625
4.31755
4.31885
4.32345
4.327625
4.33285
4.336725
4.34735
4.348225
4.357575
4.368125
4.38715
4.392625
4.39475
4.394875
4.401725
4.40455
4.4065
4.4085
4.412125
4.420775
4.451825
4.464625
4.489125
4.49185
4.516075
4.53435
4.5628
4.614525
4.62405
4.6341
4.6354
4.6364
4.6402
4.6423
4.643425
4.651175
4.666425
4.671725
4.6953
4.696475
4.7018
4.70325
4.70965
4.72485
4.7364
4.794875
4.806
4.81435
4.81685
4.8773
4.888325
4.902625
4.904925
4.90665
4.909075
4.916375
4.91925
4.919475
4.922975
4.9372
4.9431
4.947375
4.984875
4.994625
4.99835
5.004025
5.008225
5.053775
5.077925
5.106425
5.16375
5.210225
5.210775
5.214125
5.2153
5.2175
5.218725
5.22065
5.223825
5.231925
5.2357
5.236375
5.256625
5.2616
5.263925
5.2671
5.27745
5.289875
5.2901
5.314525
5.32495
5.32855
5.335025
5.33935
5.34095
5.3518
5.36705
5.37305
5.387725
5.4029
5.410875
5.481175
5.497725
5.507125
5.511675
5.516
5.5219
5.526425
5.528875
5.538775
5.541275
5.5461
5.552
5.553875
5.562125
5.57745
5.59035
5.614475
5.621375
5.629775
5.63255
5.633925
5.65385
5.737125
5.7528
5.80435
5.807275
5.8135
5.81665
5.823425
5.824025
5.82805
5.83555
5.835575
5.839425
5.841875
5.8441
5.8517
5.85765
5.867525
5.8715
5.87935
5.881875
5.883825
5.890525
5.8971
5.9187
5.9217
5.932475
5.93895
5.963475
5.968625
5.9725
5.97865
5.9905
5.9947
6.030875
6.1025
6.110925
6.115825
6.1327
6.13595
6.136875
6.147
6.1527
6.16
6.1676
6.1921
6.217625
6.2326
6.235825
6.238875
6.24145
6.2586
6.266675
6.277775
6.28275
6.297
6.29985
6.31265
6.3616
6.401525
6.4016
6.408425
6.421225
6.423575
6.424725
6.4273
6.4382
6.443475
6.448375
6.45705
6.462975
6.465
6.46535
6.495125
6.495475
6.4993
6.5033
6.504425
6.534475
6.542075
6.55035
6.5551
6.563475
6.5796
6.5933
6.606075
6.651675
6.65565
6.6716
6.69315
6.693825
6.699375
6.7006
6.707225
6.7113
6.727625
6.728925
6.732725
6.733425
6.738925
6.740925
6.751975
6.7537
6.77265
6.78395
6.788125
6.793375
6.80005
6.814975
6.82165
6.8229
6.83865
6.8476
6.852925
6.8553
6.85865
6.8761
6.9023
6.914475
6.9186
6.931525
6.9407
6.941025
6.9622
6.9658
6.977125
7.00945
7.015875
7.01895
7.02735
7.0299
7.034725
7.03765
7.0453
7.045925
7.047125
7.049875
7.052025
7.073525
7.08645
7.1355
7.1745
7.194375
7.19495
7.194975
7.1954
7.22145
7.251025
7.259125
7.2734
7.278325
7.3065
7.308
7.320425
7.3239
7.32705
7.343175
7.34745
7.352025
7.362625
7.3636
7.3729
7.3734
7.3787
7.405375
7.405775
7.4129
7.438675
7.48345
7.4966
7.51285
7.519975
7.5255
7.531675
7.561525
7.5721
7.587125
7.6017
7.6058
7.6128
7.617325
7.621425
7.630775
7.6326
7.6357
7.6384
7.66295
7.6668
7.6759
7.681075
7.684525
7.693825
7.70975
7.718425
7.720575
7.7244
7.734825
7.74005
7.744275
7.776575
7.77775
7.782075
7.7924
7.8004
7.82755
7.8276
7.835425
7.8427
7.858225
7.908725
7.909225
7.910075
7.922175
7.923575
7.931025
7.934425
7.93545
7.940525
7.94295
7.9435
7.944275
7.94575
7.94935
7.9633
7.96465
7.9685
7.977525
7.97855
7.983475
7.99395
7.996675
8.006325
8.02385
8.029475
8.09915
8.1213
8.12185
8.16845
8.1765
8.18305
8.183675
8.192525
8.20335
8.231175
8.23435
8.267825
8.270675
8.27675
8.2788
8.287125
8.295975
8.327525
8.3371
8.360625
8.395025
8.4203
8.425075
8.437075
8.4635
8.479675
8.492775
8.505275
8.5059
8.508225
8.51315
8.522825
8.5328
8.540575
8.542775
8.566225
8.566925
8.568175
8.5758
8.59705
8.620175
8.6248
8.635175
8.6475
8.6489
8.662425
8.66835
8.68175
8.68285
8.6887
8.6952
8.6978
8.712525
8.713675
8.749625
8.77055
8.7717
8.789475
8.80815
8.809025
8.829675
8.838325
8.846825
8.86445
8.872875
8.882875
8.8921
8.898175
8.904425
8.928475
8.933625
8.93645
8.941725
8.956225
8.960275
8.9812
8.99165
9.011475
9.039825
9.048125
9.049975
822
