0.102125
0.1133
0.113825
0.118725
0.1396
0.141175
0.14685
0.16365
0.166525
0.192325
0.201075
0.203975
0.206275
0.242825
0.25195
0.26055
0.267925
0.290275
0.30115
0.31545
0.376125
0.38245
0.401975
0.40865
0.412375
0.415875
0.420925
0.428625
0.43165
0.435075
0.442
0.44625
0.4502
0.469675
0.47625
0.4932
0.4937
0.4971
0.511625
0.5331
0.5386
0.5638
0.59005
0.60105
0.667525
0.701475
0.724075
0.727125
0.7334
0.741375
0.749075
0.76565
0.77835
0.78165
0.788625
0.789
0.7902
0.791575
0.792575
0.793
0.796175
0.800125
0.8194
0.82215
0.838425
0.845275
0.867325
0.879925
0.90225
0.916075
0.922075
0.926775
0.9278
0.948025
0.952375
0.953875
0.9819
1.00395
1.00645
1.011025
1.021225
1.025575
1.030475
1.038025
1.041275
1.041475
1.0469
1.055075
1.092675
1.099075
1.10545
1.109775
1.12795
1.134
1.148675
1.155075
1.30085
1.30135
1.30525
1.305625
1.30785
1.30875
1.31265
1.31355
1.3151
1.31835
1.320875
1.3327
1.3474
1.351425
1.3622
1.37225
1.38045
1.39995
1.410675
1.417825
1.4252
1.4373
1.437525
1.459025
1.459775
1.46305
1.466625
1.4799
1.489825
1.51775
1.603525
1.60715
1.615225
1.619775
1.622775
1.639375
1.647575
1.66175
1.6701
1.677325
1.688575
1.6893
1.691175
1.696775
1.6978
1.710825
1.71905
1.73205
1.736125
1.740175
1.775825
1.81615
1.858325
1.891725
1.896525
1.900675
1.922725
1.925775
1.9512
1.95435
1.9637
1.984575
1.986125
1.98665
1.989375
2.015125
2.02625
2.026325
2.030525
2.0371
2.05485
2.06445
2.064875
2.09445
2.134175
2.135325
2.15125
2.1575
2.161625
2.21275
2.21505
2.21535
2.2165
2.220325
2.220525
2.228825
2.230975
2.234825
2.2666
2.268125
2.271375
2.2811
2.282075
2.2851
2.2873
2.303425
2.3081
2.30855
2.327025
2.3498
2.388075
2.388175
2.389475
2.414825
2.4252
2.447125
2.5093
2.51385
2.51625
2.52985
2.537175
2.5536
2.5732
2.5815
2.587825
2.592425
2.627925
2.62955
2.649625
2.6513
2.673825
2.67575
2.675975
2.695175
2.69725
2.708875
2.726225
2.801225
2.804325
2.8048
2.805175
2.812125
2.819725
2.82155
2.82635
2.831875
2.83355
2.844225
2.8483
2.8526
2.85555
2.859925
2.8862
2.89215
2.89295
2.8996
2.908125
2.909675
2.918725
2.91875
2.92455
2.973075
2.97445
2.982875
2.989675
2.9919
2.993975
3.036025
3.03885
3.04225
3.057
3.06855
3.0738
3.076475
3.0873
3.100125
3.1037
3.10475
3.10865
3.11375
3.121325
3.1312
3.13475
3.136975
3.138125
3.1425
3.14395
3.1463
3.1494
3.1532
3.15375
3.1668
3.170125
3.17215
3.17265
3.178725
3.205775
3.2089
3.2297
3.231375
3.24555
3.249425
3.264125
3.29325
3.301025
3.305925
3.3264
3.3912
3.4069
3.4071
3.416775
3.42575
3.42715
3.430275
3.444475
3.4456
3.44725
3.45585
3.458375
3.470725
3.4867
3.489175
3.501925
3.50455
3.51
3.510025
3.51985
3.52845
3.53275
3.557125
3.5639
3.566775
3.573825
3.610525
3.6573
3.677775
3.69125
3.692775
3.706425
3.71295
3.7326
3.733075
3.736925
3.73745
3.739975
3.75275
3.754625
3.756725
3.759175
3.774
3.7773
3.797825
3.799425
3.802975
3.8274
3.9229
3.9258
3.9308
3.949675
3.972975
3.981575
4.00325
4.00555
4.0105
4.013025
4.016225
4.035175
4.03865
4.041825
4.0528
4.057975
4.059025
4.067225
4.068
4.07535
4.075725
4.09105
4.104025
4.122975
4.1276
4.134775
4.14
4.224275
4.228
4.29425
4.304675
4.309975
4.311625
4.318275
4.31925
4.321975
4.33245
4.342075
4.342925
4.34445
4.347025
4.357425
4.38345
4.3908
4.417625
4.4251
4.42785
4.43015
4.440375
4.48085
4.49795
4.500975
4.51225
4.5135
4.514875
4.5433
4.59835
4.60385
4.6145
4.620325
4.622775
4.640025
4.6582
4.6769
4.68475
4.69175
4.70605
4.7104
4.72655
4.75525
4.77215
4.832825
4.896125
4.904775
4.9099
4.914225
4.91785
4.931125
4.94695
4.949425
4.978125
4.9861
5.007925
5.01585
5.029225
5.035025
5.04365
5.0576
5.0962
5.1011
5.146175
5.16275
5.207475
5.21085
5.217475
5.22725
5.2279
5.228425
5.239425
5.25875
5.2679
5.278525
5.305125
5.313325
5.322275
5.323125
5.334025
5.3383
5.348225
5.36475
5.3793
5.4031
5.409
5.41215
5.41555
5.4161
5.419225
5.429425
5.430075
5.430675
5.508025
5.54625
5.547575
5.550725
5.553475
5.55445
5.564075
5.5706
5.58955
5.598325
5.60835
5.641875
5.6478
5.651825
5.65625
5.6658
5.670075
5.67575
5.677575
5.694925
5.69885
5.7042
5.7151
5.723325
5.734925
5.744825
5.7707
5.78915
5.801975
5.829125
5.8399
5.872525
5.87875
5.886375
5.901125
5.90395
5.90895
5.910525
5.914175
5.93625
5.949625
5.972225
5.972625
5.989525
5.991375
5.994625
6.0211
6.0542
6.1003
6.107875
6.111
6.1146
6.115775
6.118725
6.134125
6.139925
6.146125
6.146625
6.148825
6.1792
6.18165
6.195625
6.20215
6.2041
6.204125
6.21335
6.217175
6.2411
6.26955
6.269975
6.28185
6.288875
6.30105
6.309625
6.325825
6.33175
6.340625
6.34415
6.388625
6.391775
6.4151
6.421325
6.43185
6.437125
6.438
6.44035
6.440825
6.445125
6.446875
6.456425
6.47105
6.474
6.48995
6.492225
6.5107
6.512675
6.52085
6.53555
6.546925
6.5564
6.563025
6.57175
6.590375
6.63055
6.64655
6.6537
6.674925
6.691175
6.700925
6.70415
6.7127
6.71725
6.72115
6.7283
6.745775
6.7492
6.79775
6.814875
6.871875
6.8925
6.902875
6.91255
6.9622
6.9707
7.0054
7.0128
7.023025
7.03835
7.053075
7.0541
7.0547
7.062075
7.062175
7.06985
7.070875
7.07185
7.077975
7.083125
7.0956
7.1066
7.106825
7.107325
7.1088
7.142025
7.1518
7.163975
7.169125
7.169975
7.170725
7.1731
7.1822
7.19895
7.218475
7.2288
7.241975
7.25725
7.273575
7.274875
7.28215
7.30555
7.307125
7.3158
7.316775
7.319575
7.34065
7.346025
7.39085
7.4082
7.446525
7.449725
7.454825
7.46235
7.475575
7.475875
7.481575
7.4908
7.496875
7.497
7.50115
7.54585
7.54815
7.55265
7.559675
7.586625
7.607225
7.6118
7.62165
7.626975
7.631725
7.6326
7.6357
7.6493
7.650175
7.6589
7.666
7.670275
7.6736
7.687975
7.698825
7.700125
7.701925
7.7024
7.708925
7.70935
7.711875
7.714525
7.729175
7.749125
7.76615
7.821
7.835925
7.84005
7.840425
7.885525
7.906925
7.9112
7.9212
7.922875
7.925675
7.935025
7.937125
7.944225
7.94685
7.958425
7.9644
8.01065
8.0123
8.0239
8.030225
8.06395
8.084125
8.08765
8.0976
8.126025
8.1518
8.164225
8.17225
8.20285
8.209075
8.215
8.21565
8.21865
8.243875
8.244425
8.255275
8.25575
8.26145
8.26485
8.273375
8.28125
8.28505
8.2919
8.3029
8.3054
8.33315
8.3337
8.358525
8.36075
8.3872
8.3952
8.429125
8.488175
8.494825
8.505425
8.51635
8.521175
8.521775
8.532075
8.541325
8.541775
8.56285
8.574375
8.58455
8.586075
8.597125
8.59865
8.6005
8.603675
8.60575
8.61455
8.62325
8.6281
8.639125
8.6478
8.6665
8.68625
8.7452
8.801025
8.8028
8.804575
8.8093
8.816725
8.82095
8.823175
8.831075
8.831325
8.845475
8.849425
8.862675
8.869525
8.87455
8.878675
8.91555
8.9245
8.92765
8.928025
8.930575
8.933925
8.940575
8.948175
9.00905
9.011725
9.039325
9.05615
9.0658
776
