0.10065
0.1036
0.1121
0.11445
0.11525
0.11805
0.1199
0.12965
0.138325
0.142925
0.145875
0.151625
0.163025
0.163175
0.174775
0.18315
0.19195
0.207275
0.210575
0.216325
0.229775
0.242875
0.243975
0.253425
0.269675
0.270775
0.278125
0.296525
0.302225
0.3141
0.320075
0.339875
0.3441
0.3869
0.394175
0.40855
0.410525
0.423725
0.428025
0.431675
0.437325
0.447575
0.4532
0.457575
0.4657
0.47245
0.54185
0.545125
0.558675
0.5661
0.567325
0.574775
0.619125
0.64395
0.681975
0.703475
0.709825
0.711275
0.7238
0.747125
0.75445
0.75525
0.766075
0.78765
0.7965
0.840075
0.841675
0.8511
0.888525
0.961575
1.009275
1.01425
1.014575
1.01575
1.0179
1.0186
1.0264
1.036525
1.049275
1.051475
1.0529
1.055225
1.055575
1.0601
1.068125
1.074275
1.087875
1.09215
1.116625
1.1202
1.13355
1.144275
1.161275
1.19505
1.2106
1.267425
1.2856
1.292175
1.2971
1.3016
1.32415
1.32505
1.329525
1.336475
1.337275
1.3405
1.3493
1.355525
1.371625
1.380475
1.406
1.4275
1.456325
1.461175
1.465575
1.49515
1.5065
1.53055
1.5377
1.54965
1.585525
1.5985
1.6002
1.607025
1.6094
1.611125
1.614675
1.628475
1.637725
1.640325
1.65005
1.6504
1.6563
1.6602
1.664825
1.679375
1.685275
1.693925
1.70465
1.723875
1.733075
1.751625
1.75825
1.769375
1.779225
1.783675
1.80565
1.80815
1.8537
1.87575
1.877925
1.884125
1.92585
1.929
1.9329
1.941025
1.95705
1.977525
1.98015
1.98115
2.00175
2.032475
2.03315
2.038725
2.0473
2.0565
2.066375
2.068025
2.0868
2.08955
2.13995
2.163225
2.188225
2.19875
2.203025
2.203825
2.20755
2.20775
2.214725
2.21505
2.2199
2.229325
2.23625
2.25415
2.2608
2.28095
2.29205
2.304125
2.3072
2.32395
2.3291
2.32965
2.334225
2.33885
2.357875
2.358175
2.36055
2.367325
2.382725
2.440225
2.47685
2.50215
2.505125
2.505175
2.50525
2.5056
2.51355
2.521275
2.522575
2.539075
2.550975
2.551225
2.562175
2.58465
2.618925
2.63005
2.632175
2.64255
2.668675
2.674325
2.67505
2.6793
2.68795
2.69905
2.70955
2.727575
2.745275
2.7687
2.776675
2.777425
2.789325
2.800575
2.813325
2.81445
2.827375
2.8318
2.83845
2.838675
2.84505
2.84725
2.858675
2.866
2.87005
2.876775
2.9099
2.9124
2.92415
2.946675
2.990275
3.006375
3.007025
3.02265
3.033775
3.043425
3.060425
3.099175
3.0993
3.103375
3.121125
3.1213
3.128575
3.147325
3.1569
3.1644
3.187975
3.188625
3.204
3.23435
3.259925
3.2678
3.282975
3.28455
3.288225
3.320625
3.332825
3.335025
3.3357
3.3763
3.390175
3.40035
3.40335
3.405075
3.408475
3.412225
3.417575
3.4202
3.43235
3.4574
3.465475
3.48455
3.485825
3.49295
3.502875
3.528325
3.531275
3.539575
3.540025
3.541475
3.5552
3.570325
3.58515
3.5933
3.596575
3.59775
3.61455
3.6179
3.678825
3.716775
3.722125
3.732575
3.732625
3.7524
3.753575
3.757975
3.759975
3.764475
3.794575
3.811975
3.832625
3.842375
3.84475
3.856
3.870675
3.883075
3.89235
3.9117
3.93615
3.94965
3.955
3.957025
4.00585
4.00805
4.019
4.0215
4.0314
4.0598
4.0656
4.076625
4.08545
4.095975
4.105975
4.10835
4.117525
4.119475
4.1209
4.12565
4.15855
4.16005
4.171325
4.1861
4.20685
4.2069
4.217425
4.22595
4.2462
4.254075
4.26895
4.29725
4.300825
4.305275
4.31215
4.3208
4.3248
4.326375
4.332175
4.3409
4.34985
4.35145
4.364325
4.364925
4.373375
4.37785
4.378775
4.3902
4.391125
4.39285
4.40025
4.40335
4.4061
4.42755
4.4413
4.445325
4.468475
4.482025
4.5318
4.564475
4.57025
4.60285
4.60655
4.606725
4.616725
4.619525
4.623225
4.63005
4.640525
4.654775
4.658925
4.668425
4.675275
4.7005
4.7031
4.70985
4.71725
4.74705
4.748575
4.774625
4.80175
4.811025
4.8181
4.886
4.889925
4.916425
4.916975
4.927425
4.9411
4.943275
4.9464
4.95135
4.954125
4.96985
5.011425
5.03075
5.0397
5.05155
5.0598
5.071325
5.0973
5.149375
5.160575
5.204975
5.2051
5.225425
5.226475
5.2621
5.264325
5.269175
5.269475
5.2697
5.28225
5.28685
5.303375
5.315875
5.322875
5.336875
5.339575
5.344525
5.353225
5.3566
5.356875
5.3796
5.391325
5.434225
5.43705
5.4383
5.5025
5.507075
5.521175
5.52195
5.526075
5.5294
5.5305
5.536325
5.537775
5.54655
5.548475
5.556675
5.55675
5.559225
5.5701
5.571775
5.573
5.573825
5.57555
5.5797
5.62045
5.625025
5.6262
5.6265
5.629425
5.629575
5.63135
5.63625
5.666225
5.66635
5.667075
5.69165
5.71095
5.724775
5.738225
5.746925
5.78345
5.787075
5.8001
5.81125
5.82425
5.825875
5.82765
5.847925
5.86815
5.872025
5.879225
5.8861
5.89735
5.897925
5.902725
5.9164
5.93
5.941075
5.94305
5.962225
5.964025
5.9795
6.020975
6.057175
6.085525
6.10265
6.10635
6.11165
6.113125
6.11565
6.1162
6.116475
6.1193
6.134325
6.13595
6.14075
6.143625
6.1489
6.14975
6.189525
6.2227
6.22615
6.229625
6.241175
6.265325
6.276075
6.33515
6.349075
6.353725
6.35525
6.39845
6.4068
6.40905
6.4096
6.411525
6.4126
6.42415
6.4258
6.433525
6.4367
6.43755
6.445
6.449875
6.455875
6.486625
6.49495
6.4969
6.502775
6.51185
6.5188
6.527825
6.531
6.55745
6.595975
6.59805
6.600375
6.608125
6.61425
6.70075
6.702225
6.715225
6.718675
6.722825
6.727075
6.7291
6.741075
6.743025
6.743575
6.74425
6.749275
6.76065
6.763125
6.7699
6.793825
6.7944
6.821225
6.834975
6.8553
6.862825
6.885675
6.8904
6.90835
6.915075
6.927075
6.932075
6.965425
7.015375
7.029575
7.030325
7.040175
7.04445
7.0476
7.0539
7.061975
7.0715
7.073125
7.07955
7.0807
7.086475
7.0975
7.1258
7.1294
7.13005
7.131125
7.14425
7.151
7.186675
7.199975
7.221175
7.236675
7.2915
7.302825
7.3092
7.31335
7.31595
7.3408
7.3467
7.346775
7.3503
7.354225
7.357075
7.36585
7.36775
7.3885
7.412175
7.4183
7.419175
7.41985
7.424675
7.426
7.4317
7.4488
7.4684
7.4731
7.473675
7.479475
7.5077
7.52885
7.54665
7.59125
7.592075
7.603325
7.605025
7.606975
7.611675
7.618875
7.621675
7.6374
7.639575
7.64665
7.654325
7.660125
7.668
7.668725
7.67595
7.68755
7.687575
7.695375
7.700975
7.714925
7.721975
7.737425
7.750025
7.773525
7.8193
7.87955
7.9018
7.909325
7.917125
7.91725
7.923375
7.925075
7.928325
7.9433
7.953775
7.957425
7.960225
7.964775
7.969225
7.969625
7.979825
7.9801
7.984625
7.993725
7.993825
7.99715
8.000125
8.015025
8.05155
8.05265
8.06545
8.09175
8.107575
8.119775
8.1222
8.1252
8.1275
8.142575
8.178125
8.206825
8.208175
8.217425
8.2244
8.225775
8.2261
8.226175
8.2332
8.23495
8.237275
8.244825
8.2507
8.25345
8.262175
8.26395
8.2884
8.3165
8.324275
8.333
8.34415
8.35755
8.371875
8.373975
8.3828
8.40415
8.412675
8.449025
8.46285
8.4707
8.4801
8.483325
8.486025
8.5003
8.503325
8.516575
8.520775
8.53875
8.54315
8.543475
8.5459
8.55035
8.554075
8.55735
8.5938
8.594375
8.594525
8.6165
8.6205
8.629525
8.637925
8.65295
8.67795
8.6881
8.71395
8.7268
8.7917
8.801
8.80985
8.8165
8.816825
8.8256
8.82795
8.839825
8.8407
8.8416
8.863925
8.898775
8.915275
8.91765
8.9215
8.9304
8.93075
8.9464
8.950925
8.95625
8.9583
8.961375
8.96785
8.971275
8.9738
8.97615
9.045825
9.05285
9.0713
9.076675
9.083525
9.08465
9.0942
797
