0.10625
0.113425
0.1305
0.1323
0.14135
0.14445
0.1572
0.1579
0.1639
0.166125
0.168525
0.170775
0.1744
0.1853
0.18715
0.192575
0.204275
0.20515
0.24885
0.255175
0.26435
0.2786
0.305925
0.321325
0.36755
0.40765
0.41375
0.419625
0.425775
0.425925
0.435025
0.43505
0.4536
0.48845
0.4911
0.50235
0.508775
0.5183
0.532
0.574725
0.6456
0.665075
0.690775
0.712575
0.7131
0.721325
0.73175
0.7333
0.738625
0.76575
0.7821
0.79655
0.812475
0.81475
0.81985
0.820425
0.821125
0.832525
0.83875
0.85565
0.85855
0.902025
0.924075
0.927
0.947375
0.949425
1.003175
1.004
1.00405
1.019175
1.019275
1.0237
1.03045
1.0341
1.0351
1.04125
1.042525
1.045025
1.0565
1.061725
1.06615
1.07255
1.09265
1.10525
1.110775
1.1376
1.143125
1.18875
1.197775
1.224225
1.226725
1.247425
1.254725
1.25645
1.299275
1.305925
1.306475
1.329075
1.343225
1.35985
1.36785
1.3729
1.374075
1.3759
1.38225
1.3878
1.392175
1.4015
1.40365
1.410575
1.412675
1.416175
1.4589
1.45905
1.495
1.520075
1.5335
1.5489
1.580175
1.601675
1.604375
1.60735
1.61605
1.6179
1.6194
1.626425
1.62905
1.6327
1.63955
1.65965
1.6599
1.666675
1.668425
1.683375
1.6927
1.696375
1.709225
1.7188
1.721825
1.72675
1.73665
1.740075
1.741825
1.74815
1.758975
1.763125
1.78345
1.8048
1.805125
1.81515
1.82385
1.831425
1.8416
1.852875
1.901925
1.90745
1.908725
1.909825
1.913025
1.91395
1.917825
1.919525
1.92025
1.922025
1.923175
1.9254
1.92585
1.926775
1.9271
1.931475
1.933925
1.938025
1.939775
1.939975
1.94405
1.947775
1.95605
1.968775
1.9967
2.0051
2.031675
2.039075
2.05065
2.056675
2.062575
2.07085
2.0792
2.086125
2.09625
2.097625
2.101725
2.1034
2.110775
2.1363
2.14595
2.16095
2.161725
2.187575
2.200175
2.203275
2.20525
2.20725
2.209775
2.218575
2.22795
2.2288
2.231025
2.2331
2.24985
2.254825
2.255475
2.27875
2.28805
2.314075
2.316075
2.350275
2.35615
2.357125
2.358075
2.380025
2.395725
2.3978
2.426875
2.43995
2.453725
2.456075
2.4681
2.4877
2.50655
2.51215
2.513625
2.519775
2.521675
2.523525
2.52515
2.5283
2.54175
2.54315
2.5449
2.556375
2.55905
2.5614
2.5646
2.56625
2.574875
2.5752
2.576375
2.579725
2.583
2.595225
2.59825
2.6128
2.627375
2.6592
2.659425
2.72
2.74935
2.749425
2.749575
2.764225
2.76825
2.778675
2.78115
2.808775
2.8301
2.834925
2.83585
2.839525
2.841825
2.845525
2.856525
2.859425
2.864775
2.88305
2.88535
2.89605
2.908675
2.947225
2.971375
2.989525
3.031025
3.06885
3.07045
3.074225
3.094575
3.102375
3.102775
3.125125
3.136225
3.14385
3.149625
3.152225
3.1651
3.17615
3.179175
3.216425
3.224075
3.225225
3.2327
3.241075
3.243075
3.244425
3.250825
3.281925
3.2873
3.29465
3.32625
3.417075
3.423025
3.424925
3.434625
3.435025
3.44285
3.44975
3.4668
3.4862
3.491475
3.5012
3.512275
3.52195
3.532325
3.54045
3.54515
3.559175
3.56465
3.606975
3.612975
3.6172
3.63695
3.641975
3.64285
3.66825
3.6804
3.68555
3.69245
3.701225
3.706225
3.707775
3.71285
3.716175
3.7218
3.734325
3.745425
3.76765
3.77185
3.779275
3.784925
3.786675
3.79175
3.81125
3.824625
3.827225
3.9122
3.9233
3.936575
3.9424
3.9626
4.001425
4.010375
4.01105
4.036325
4.041025
4.04305
4.0439
4.047375
4.05325
4.055075
4.0841
4.08525
4.08685
4.113475
4.14275
4.161025
4.170975
4.17645
4.1996
4.19975
4.206025
4.225375
4.2657
4.30115
4.304
4.30605
4.332675
4.3355
4.342975
4.345675
4.368175
4.37095
4.380675
4.380975
4.409275
4.410025
4.4138
4.43325
4.456175
4.4608
4.495775
4.50735
4.51435
4.55665
4.56225
4.568325
4.589875
4.5943
4.60205
4.6129
4.61525
4.6172
4.6177
4.626075
4.62815
4.6293
4.63875
4.644875
4.65315
4.656475
4.670275
4.678975
4.69705
4.704975
4.71035
4.719275
4.72185
4.773625
4.80575
4.81195
4.818875
4.863625
4.889175
4.90375
4.905975
4.911025
4.91785
4.92235
4.92375
4.924525
4.9256
4.929725
4.93005
4.938225
4.9388
4.94095
4.947675
4.957175
4.96605
4.966375
4.9696
5.01265
5.012875
5.0347
5.043225
5.04975
5.064475
5.076975
5.090225
5.091275
5.0988
5.098825
5.155225
5.167775
5.171775
5.2014
5.207375
5.242125
5.24815
5.251875
5.25265
5.259525
5.26835
5.279375
5.290975
5.294325
5.319725
5.32155
5.330675
5.330775
5.35125
5.353075
5.391375
5.3916
5.40485
5.41855
5.421725
5.44955
5.475375
5.485975
5.501775
5.50215
5.507275
5.5135
5.530125
5.5377
5.54545
5.555075
5.5752
5.57755
5.58215
5.5959
5.60685
5.631975
5.64985
5.67085
5.678525
5.70855
5.71665
5.75345
5.764325
5.766075
5.8106
5.819125
5.8246
5.827775
5.833325
5.839225
5.854925
5.858675
5.879025
5.896425
5.899225
5.9141
5.9253
5.9272
5.942
5.9606
5.9716
5.991125
5.99825
6.0218
6.03325
6.073075
6.074
6.08005
6.0906
6.108825
6.116375
6.11875
6.119075
6.135175
6.1466
6.147175
6.16195
6.164775
6.179325
6.18765
6.2068
6.20785
6.208425
6.2316
6.23215
6.2428
6.258125
6.2604
6.2832
6.292875
6.29895
6.30045
6.312225
6.317825
6.374675
6.40465
6.415525
6.416
6.42475
6.425425
6.4369
6.462675
6.4657
6.4694
6.476775
6.48555
6.494975
6.4987
6.512525
6.5126
6.513125
6.523075
6.62815
6.6403
6.6527
6.661725
6.666275
6.683325
6.683475
6.700425
6.700675
6.7114
6.714525
6.718525
6.736725
6.740725
6.74515
6.747475
6.75725
6.78295
6.78845
6.793775
6.8
6.8023
6.8038
6.80405
6.81335
6.819125
6.8734
6.87825
6.880875
6.896
6.897875
6.96115
6.975325
6.9818
6.994325
7.0008
7.00175
7.0107
7.0113
7.018
7.0225
7.031675
7.05155
7.0591
7.099975
7.1002
7.10755
7.115975
7.126175
7.128
7.128075
7.1394
7.14985
7.191625
7.195175
7.2109
7.2391
7.24535
7.25155
7.2604
7.3116
7.311975
7.31425
7.3186
7.326725
7.3271
7.337225
7.339425
7.340475
7.35055
7.361325
7.3628
7.37375
7.37415
7.3767
7.384475
7.384975
7.387375
7.387725
7.408625
7.409125
7.4182
7.428975
7.430875
7.465125
7.465875
7.4698
7.499425
7.510475
7.51785
7.520775
7.5274
7.5349
7.55715
7.57405
7.61425
7.622825
7.633675
7.645275
7.660275
7.660775
7.662075
7.666225
7.687075
7.69025
7.7023
7.703925
7.70855
7.713325
7.726275
7.7516
7.75805
7.805475
7.805725
7.833
7.839275
7.83955
7.86195
7.8837
7.9064
7.914
7.9284
7.9301
7.938
7.941775
7.958925
7.962225
7.968225
7.9725
8.00405
8.00525
8.013625
8.03645
8.04085
8.044425
8.05865
8.0628
8.063575
8.07215
8.095925
8.1662
8.201175
8.205675
8.2125
8.212725
8.220475
8.221475
8.223875
8.229725
8.232875
8.24
8.264725
8.2725
8.28255
8.2851
8.290275
8.3009
8.309875
8.315075
8.3371
8.3669
8.3723
8.395475
8.418675
8.4612
8.478825
8.483275
8.49055
8.516775
8.5193
8.52175
8.52815
8.54505
8.5457
8.547575
8.555675
8.584175
8.585175
8.587275
8.599275
8.6031
8.605075
8.614
8.619775
8.6235
8.631375
8.648125
8.654975
8.682375
8.686075
8.69375
8.7105
8.73905
8.770375
8.779675
8.7975
8.80715
8.811025
8.814725
8.82685
8.83465
8.83505
8.8351
8.8444
8.8484
8.902575
8.9204
8.9289
8.938025
8.958375
8.975825
8.989475
8.989525
8.997725
9.0134
9.04035
793
