0.05585
0.103925
0.108325
0.122875
0.13355
0.140125
0.1597
0.162275
0.169375
0.19505
0.197475
0.2037
0.208875
0.213125
0.2152
0.237325
0.2403
0.2407
0.2543
0.261275
0.334475
0.4128
0.4141
0.41945
0.420225
0.42295
0.429625
0.438375
0.45305
0.460875
0.4711
0.47425
0.483325
0.483625
0.4931
0.494175
0.522675
0.5228
0.54725
0.571575
0.57265
0.573375
0.596825
0.625775
0.643325
0.669325
0.67035
0.708575
0.71425
0.72035
0.72045
0.7223
0.73105
0.733625
0.739175
0.7475
0.748525
0.768825
0.788725
0.80525
0.813025
0.824425
0.83465
0.837625
0.850225
0.866275
0.870575
0.873625
0.88205
0.920275
0.9464
0.99625
1.00305
1.006725
1.02615
1.0291
1.037825
1.04305
1.048425
1.052725
1.054175
1.054575
1.059325
1.0616
1.076525
1.090825
1.14635
1.151575
1.16585
1.166425
1.21425
1.21905
1.22835
1.23915
1.29765
1.301025
1.3067
1.310775
1.32375
1.3283
1.329225
1.355125
1.355825
1.365325
1.368825
1.369075
1.38955
1.431175
1.446125
1.452575
1.455475
1.467175
1.4748
1.589025
1.606125
1.607875
1.6418
1.6424
1.6487
1.66065
1.66265
1.69805
1.70195
1.708675
1.720025
1.727075
1.7311
1.740075
1.746725
1.757425
1.76105
1.76885
1.775125
1.7825
1.78675
1.797975
1.80405
1.825875
1.82705
1.852325
1.893075
1.894
1.90235
1.90375
1.9039
1.91045
1.919575
1.93215
1.9325
1.93335
1.95275
1.964575
1.96575
1.98255
1.989425
1.9952
1.998525
2.009425
2.029275
2.03545
2.037725
2.037825
2.13835
2.156425
2.2024
2.208625
2.21105
2.22605
2.239725
2.244075
2.251425
2.254375
2.25495
2.267175
2.2791
2.291475
2.29545
2.312075
2.323825
2.35025
2.36565
2.373925
2.37415
2.38165
2.4054
2.420025
2.44395
2.469125
2.4709
2.493075
2.50655
2.5133
2.522175
2.524025
2.5318
2.532975
2.5364
2.54335
2.5437
2.54575
2.553525
2.553925
2.5562
2.566775
2.5673
2.572825
2.573
2.574375
2.5751
2.576325
2.580325
2.60415
2.622225
2.626025
2.6731
2.686375
2.6894
2.72685
2.75205
2.802325
2.811575
2.814625
2.816375
2.81665
2.821225
2.8235
2.8357
2.841375
2.845675
2.848925
2.85695
2.864325
2.87705
2.87915
2.886875
2.888525
2.898175
2.90445
2.905675
2.9063
2.932625
2.942875
2.970225
2.97655
3.0017
3.007675
3.019625
3.022975
3.05715
3.058775
3.06225
3.098325
3.10485
3.105125
3.1067
3.10865
3.109975
3.127825
3.131
3.13665
3.1414
3.1456
3.146525
3.1468
3.15625
3.160825
3.1627
3.163675
3.1827
3.19245
3.201575
3.2347
3.2355
3.250225
3.278675
3.294475
3.297625
3.302375
3.310225
3.31705
3.31865
3.34835
3.366
3.374625
3.387
3.409275
3.409775
3.43105
3.431225
3.435425
3.4374
3.43975
3.441775
3.446075
3.455325
3.478925
3.490225
3.49165
3.5006
3.522825
3.568
3.59315
3.596925
3.59705
3.601925
3.605525
3.609675
3.710025
3.7152
3.7171
3.73055
3.73515
3.7393
3.746025
3.7476
3.7521
3.7567
3.76535
3.77305
3.784375
3.823475
3.86955
3.90275
3.9812
4.00005
4.0163
4.0166
4.02065
4.0258
4.026625
4.0274
4.053825
4.0543
4.05615
4.063825
4.089225
4.0971
4.10265
4.111775
4.122425
4.13925
4.144925
4.15455
4.170925
4.207175
4.238075
4.25985
4.3103
4.327
4.330925
4.3333
4.335075
4.33535
4.3354
4.338975
4.34095
4.35615
4.356575
4.36095
4.376425
4.39025
4.394775
4.39875
4.42445
4.425525
4.42775
4.4317
4.443
4.4566
4.4607
4.479975
4.485375
4.50935
4.5105
4.528225
4.535675
4.554425
4.56335
4.570125
4.58475
4.611625
4.61285
4.61725
4.62095
4.621975
4.62465
4.638725
4.639
4.643175
4.65225
4.655225
4.65595
4.659525
4.6614
4.6733
4.677925
4.682475
4.69935
4.722475
4.754475
4.78105
4.78125
4.786225
4.79565
4.8254
4.82755
4.850125
4.877825
4.89265
4.92245
4.923475
4.928075
4.9298
4.931525
4.9316
4.934325
4.96935
4.974525
4.98295
4.989075
5.00075
5.019975
5.04385
5.04835
5.052975
5.05995
5.066775
5.11805
5.20045
5.20095
5.208425
5.216
5.2162
5.222875
5.230525
5.23585
5.243425
5.2484
5.261825
5.2621
5.270975
5.272325
5.274
5.274675
5.309375
5.33865
5.3524
5.3551
5.380175
5.395825
5.4143
5.42885
5.4314
5.46675
5.477975
5.480375
5.4839
5.4858
5.49685
5.50655
5.509075
5.509575
5.511875
5.517675
5.5237
5.536525
5.5372
5.54195
5.54485
5.546525
5.547025
5.553225
5.5595
5.565075
5.5652
5.5687
5.5855
5.590675
5.602
5.60565
5.60735
5.63335
5.64335
5.647425
5.684325
5.686125
5.6874
5.703425
5.7118
5.726425
5.728575
5.736675
5.74905
5.79845
5.80025
5.808725
5.81705
5.82195
5.83175
5.835325
5.8419
5.84305
5.84855
5.857875
5.865725
5.8701
5.8702
5.876575
5.895575
5.90525
5.90965
5.91535
5.92365
5.928475
5.940675
5.95915
5.982175
5.982325
6.00075
6.016975
6.02215
6.042525
6.08615
6.096425
6.0971
6.1034
6.106225
6.107925
6.1107
6.113525
6.1165
6.1431
6.17235
6.19125
6.195675
6.205275
6.2062
6.217775
6.2254
6.24845
6.3039
6.313275
6.33205
6.370225
6.3914
6.4
6.4072
6.414175
6.419275
6.43125
6.443775
6.447525
6.450025
6.45505
6.46765
6.469525
6.48895
6.497725
6.50255
6.528925
6.535275
6.53795
6.555
6.56645
6.5692
6.582925
6.6432
6.678275
6.7003
6.70425
6.705525
6.72565
6.730975
6.77785
6.78095
6.783275
6.7953
6.79905
6.7992
6.810425
6.8141
6.82205
6.825575
6.8281
6.836375
6.85085
6.8666
6.86675
6.870575
6.91865
6.931075
6.933375
7.002625
7.013875
7.01425
7.0168
7.0212
7.0305
7.0308
7.035325
7.0388
7.03905
7.0479
7.056625
7.0617
7.068375
7.07015
7.0721
7.07735
7.096725
7.099025
7.11165
7.13315
7.15985
7.166825
7.168325
7.1856
7.204625
7.213625
7.219825
7.220525
7.242925
7.264275
7.302475
7.30485
7.30575
7.313075
7.3149
7.3197
7.333725
7.3346
7.352875
7.3672
7.37065
7.3723
7.376925
7.37745
7.385275
7.3867
7.39275
7.407025
7.407925
7.4138
7.428725
7.468525
7.47085
7.48335
7.4872
7.48755
7.513375
7.53195
7.551425
7.562825
7.563075
7.58385
7.586275
7.6108
7.61545
7.61705
7.637975
7.644075
7.652775
7.653525
7.672175
7.6855
7.689975
7.6915
7.7142
7.71635
7.723275
7.75525
7.769825
7.82205
7.85585
7.88445
7.901575
7.905725
7.906875
7.9135
7.91515
7.917875
7.91955
7.924375
7.937575
7.94065
7.946375
7.9631
7.9758
7.978925
8.001975
8.01035
8.0287
8.034175
8.03495
8.085925
8.090425
8.11555
8.124425
8.1283
8.15025
8.20295
8.20595
8.20975
8.222525
8.2358
8.2417
8.2548
8.259325
8.272025
8.289
8.289125
8.294625
8.310725
8.311975
8.32745
8.3334
8.34335
8.355425
8.36255
8.38345
8.42315
8.444575
8.462475
8.5064
8.5114
8.512825
8.51395
8.525375
8.52885
8.53485
8.539875
8.541725
8.550925
8.551475
8.552575
8.5571
8.56745
8.581525
8.59195
8.600675
8.601375
8.602
8.61475
8.6157
8.622
8.622375
8.629475
8.6478
8.6538
8.65585
8.687975
8.689025
8.69615
8.70035
8.7107
8.72535
8.738125
8.746
8.80595
8.8074
8.815125
8.81845
8.830425
8.835625
8.862875
8.87655
8.89055
8.904825
8.910225
8.9175
8.935475
8.954225
8.95585
8.9762
8.990075
9.013775
9.02725
9.0303
9.057
779
