0.1002
0.1079
0.1094
0.116625
0.1192
0.1663
0.18065
0.18295
0.1834
0.188375
0.19135
0.201425
0.2063
0.22265
0.226275
0.2365
0.242575
0.2427
0.25095
0.25145
0.252525
0.2533
0.304275
0.311
0.314475
0.382375
0.39275
0.40055
0.4144
0.41965
0.434
0.43415
0.4369
0.445725
0.445975
0.459275
0.467275
0.490025
0.497
0.502125
0.5099
0.549125
0.56325
0.571675
0.574925
0.575975
0.5782
0.5934
0.6057
0.61935
0.7094
0.71325
0.727625
0.728175
0.7284
0.7376
0.771975
0.783
0.79155
0.796975
0.80015
0.81045
0.812725
0.8621
0.8764
0.8814
0.883175
0.883475
0.8835
0.9036
0.907225
0.908825
0.9304
0.940725
0.96705
0.968775
0.97
0.982725
1.0006
1.005575
1.008825
1.012825
1.01685
1.02505
1.026025
1.044525
1.05375
1.05645
1.063725
1.064025
1.070925
1.0757
1.084
1.10085
1.147075
1.15925
1.176075
1.1878
1.196675
1.200775
1.23835
1.27655
1.3079
1.3186
1.32925
1.3353
1.337525
1.338675
1.344375
1.345325
1.355225
1.359725
1.361475
1.372525
1.377275
1.3994
1.4314
1.441275
1.45355
1.478475
1.517775
1.521675
1.53225
1.532625
1.5414
1.57355
1.5892
1.610425
1.6279
1.6284
1.6295
1.65745
1.661075
1.66335
1.670975
1.706925
1.71765
1.727775
1.729125
1.73685
1.7381
1.741025
1.753325
1.757525
1.76185
1.769125
1.78455
1.812775
1.816825
1.836875
1.8401
1.85335
1.861825
1.89195
1.892425
1.904425
1.909075
1.909875
1.911075
1.911375
1.915975
1.9325
1.933325
1.93505
1.9392
1.941675
1.942975
1.94525
1.946025
1.947075
1.9561
1.963025
1.96885
1.975975
1.97975
2.000125
2.008725
2.015775
2.016275
2.021175
2.025775
2.03095
2.04285
2.055825
2.0804
2.0915
2.0916
2.13545
2.15265
2.20505
2.209575
2.2109
2.2152
2.2266
2.236325
2.253725
2.260825
2.267775
2.2703
2.2879
2.30945
2.3271
2.332875
2.334475
2.335475
2.356775
2.36365
2.366125
2.3777
2.3968
2.40555
2.4108
2.4142
2.4283
2.457325
2.4592
2.469625
2.4878
2.503975
2.505775
2.50895
2.524575
2.55415
2.56375
2.573075
2.57975
2.587275
2.594725
2.6381
2.6388
2.64225
2.64605
2.65325
2.655125
2.687025
2.70305
2.709225
2.718175
2.739375
2.7471
2.800625
2.801775
2.804375
2.808425
2.815225
2.828
2.843675
2.84515
2.8466
2.84705
2.852675
2.853975
2.866825
2.9147
2.916525
2.9184
2.9273
3.0054
3.020575
3.07525
3.09625
3.116525
3.12695
3.1303
3.1312
3.1337
3.134425
3.134925
3.1354
3.14265
3.143625
3.14545
3.1554
3.1626
3.185025
3.2148
3.215075
3.2396
3.271725
3.3016
3.309975
3.328125
3.37565
3.394475
3.40755
3.4196
3.440725
3.444225
3.447325
3.451325
3.46385
3.46905
3.480475
3.4848
3.48765
3.503125
3.514175
3.51525
3.529275
3.54035
3.544575
3.54695
3.568675
3.57605
3.577525
3.58655
3.5964
3.632
3.635925
3.648325
3.6651
3.70905
3.72545
3.7294
3.729875
3.7439
3.745975
3.766575
3.776025
3.78315
3.805825
3.81075
3.817825
3.818325
3.83105
3.839575
3.847725
3.8688
3.897025
3.924375
4.00325
4.01445
4.0281
4.0304
4.04695
4.05185
4.054275
4.055325
4.05755
4.0654
4.070525
4.0748
4.10585
4.1097
4.117775
4.1219
4.126025
4.131825
4.132925
4.1468
4.1512
4.1573
4.177025
4.21355
4.225375
4.23465
4.237675
4.27595
4.32065
4.32085
4.331575
4.3342
4.3369
4.337375
4.3489
4.35265
4.354125
4.35975
4.3708
4.39135
4.448025
4.45925
4.46355
4.508925
4.523025
4.52495
4.5261
4.573025
4.5823
4.603275
4.6191
4.62105
4.635175
4.63705
4.649175
4.6504
4.6551
4.656925
4.660875
4.668
4.700175
4.706275
4.72625
4.759
4.772875
4.78455
4.7993
4.819125
4.820625
4.8505
4.8563
4.902525
4.90495
4.9113
4.911375
4.9143
4.915675
4.917425
4.918575
4.918825
4.923875
4.926125
4.94805
4.95635
4.961575
4.96755
4.98205
5.009725
5.021625
5.0542
5.055525
5.05685
5.057275
5.065
5.082475
5.089125
5.107775
5.11815
5.1293
5.151175
5.172975
5.198325
5.20195
5.208
5.209875
5.235375
5.24335
5.2479
5.25345
5.26865
5.27455
5.28245
5.295075
5.333375
5.3381
5.363975
5.37395
5.41255
5.430975
5.431425
5.445525
5.491775
5.497425
5.505875
5.518125
5.52185
5.5605
5.56245
5.56345
5.5655
5.569925
5.57065
5.578525
5.585
5.596425
5.625425
5.630875
5.633525
5.670425
5.674725
5.68665
5.6907
5.733675
5.794325
5.81185
5.81305
5.8227
5.826075
5.842675
5.8496
5.854075
5.857375
5.861725
5.863925
5.868525
5.87385
5.879525
5.879675
5.884675
5.893275
5.893675
5.894375
5.898825
5.90475
5.910775
5.9121
5.91995
5.926
5.940025
5.9452
5.947125
5.960425
5.96635
5.9849
6.007025
6.007175
6.0076
6.0595
6.068775
6.088075
6.09455
6.10515
6.10725
6.112075
6.1168
6.11895
6.125225
6.1259
6.131825
6.150325
6.18475
6.185875
6.19465
6.196975
6.198725
6.2008
6.20495
6.218975
6.224225
6.2542
6.2562
6.267875
6.27345
6.295525
6.304275
6.359775
6.407475
6.409575
6.412175
6.41715
6.417875
6.418775
6.42415
6.434225
6.43505
6.435525
6.435925
6.445625
6.448375
6.461975
6.466825
6.47085
6.494125
6.49765
6.498725
6.501875
6.5173
6.53065
6.53575
6.571125
6.58065
6.593025
6.595775
6.6026
6.60325
6.61295
6.631975
6.643275
6.646225
6.647275
6.657275
6.6597
6.6825
6.70105
6.7264
6.7338
6.73915
6.7443
6.752375
6.763475
6.773475
6.77765
6.785575
6.78735
6.797925
6.80745
6.825775
6.8354
6.88385
6.889425
6.89045
6.90055
6.933075
6.934875
6.941725
6.9425
6.971025
7.004475
7.016175
7.03095
7.0352
7.04115
7.055275
7.06555
7.0726
7.0845
7.085525
7.0889
7.09185
7.0921
7.104075
7.113575
7.135175
7.14765
7.271975
7.27645
7.31185
7.324175
7.325225
7.335375
7.35435
7.355825
7.370025
7.3731
7.4063
7.407025
7.432975
7.455525
7.45785
7.502575
7.5633
7.5756
7.592075
7.595225
7.59965
7.603725
7.617725
7.62925
7.635625
7.646
7.649275
7.653125
7.6566
7.660325
7.674175
7.674375
7.67605
7.6768
7.67795
7.691225
7.711275
7.714325
7.7195
7.722425
7.738025
7.73935
7.7735
7.781625
7.877425
7.89225
7.89345
7.907925
7.909075
7.9201
7.922475
7.9258
7.931975
7.932625
7.933525
7.933975
7.94035
7.943325
7.9448
7.94825
7.94885
7.952075
7.956275
7.9599
7.979725
7.996225
7.9968
7.99835
8.017175
8.029175
8.04125
8.066225
8.066425
8.07565
8.105575
8.109225
8.1189
8.123425
8.13005
8.137
8.1521
8.164725
8.218925
8.220025
8.223075
8.2252
8.230425
8.235525
8.235925
8.239125
8.24015
8.242125
8.24955
8.2579
8.258
8.260375
8.260425
8.265925
8.276975
8.2882
8.3162
8.342575
8.348375
8.3554
8.360375
8.36735
8.3769
8.392875
8.4224
8.42535
8.425625
8.43195
8.44425
8.453375
8.460925
8.467225
8.5005
8.50615
8.5102
8.51215
8.515425
8.517775
8.5239
8.524375
8.53645
8.54695
8.549675
8.55275
8.553075
8.553825
8.555425
8.55655
8.564625
8.567675
8.579975
8.580975
8.5933
8.59435
8.5977
8.599425
8.600925
8.616475
8.617025
8.62795
8.64275
8.66665
8.695475
8.713175
8.738425
8.8046
8.806625
8.806875
8.8207
8.824975
8.828225
8.831425
8.832825
8.8403
8.846525
8.852675
8.8723
8.872575
8.874925
8.87755
8.901575
8.903625
8.905925
8.909125
8.9149
8.918125
8.949475
8.9646
8.973575
8.975275
8.9903
9.019175
9.0729
9.085125
792
