0.105825
0.1166
0.1184
0.1185
0.13005
0.13105
0.138
0.149275
0.15205
0.15295
0.183525
0.1932
0.206
0.2132
0.232825
0.250675
0.264275
0.2672
0.276975
0.2811
0.2986
0.298825
0.3051
0.329475
0.34025
0.364725
0.4425
0.4449
0.459275
0.46135
0.4641
0.474675
0.499975
0.5
0.566675
0.6266
0.648225
0.649525
0.668125
0.71025
0.714175
0.714375
0.721
0.72165
0.72295
0.7343
0.754475
0.756525
0.75695
0.770275
0.77625
0.776875
0.780825
0.785725
0.789075
0.7903
0.797675
0.79785
0.814825
0.81655
0.82825
0.833025
0.839175
0.839775
0.857825
0.8688
0.870425
0.88785
0.900375
0.90065
0.915475
0.93615
0.9474
0.9505
0.9622
1.00505
1.006975
1.007975
1.008125
1.021525
1.026525
1.032675
1.03965
1.0398
1.044575
1.065425
1.083425
1.088025
1.098175
1.11375
1.1281
1.130275
1.1317
1.134425
1.15385
1.159225
1.165725
1.181875
1.185875
1.217675
1.2359
1.237025
1.241525
1.248
1.249925
1.264775
1.267675
1.291075
1.30705
1.3159
1.3186
1.333625
1.357525
1.358875
1.383475
1.3957
1.402525
1.412
1.418175
1.427725
1.43065
1.46935
1.47305
1.486275
1.5062
1.50665
1.549125
1.598275
1.60035
1.601075
1.604025
1.613375
1.617325
1.6242
1.6342
1.6564
1.6585
1.71215
1.7138
1.798025
1.803625
1.81955
1.82205
1.851225
1.901675
1.9067
1.913075
1.9223
1.94225
1.9492
1.952875
1.961175
1.961275
1.99325
1.996
2.0044
2.004925
2.00645
2.024775
2.05695
2.063425
2.08655
2.09125
2.116025
2.146325
2.148425
2.1679
2.1718
2.17445
2.17925
2.201
2.2268
2.2292
2.245575
2.246975
2.252375
2.25325
2.272725
2.293075
2.298575
2.304275
2.3212
2.326775
2.327225
2.33265
2.333775
2.353225
2.3894
2.40855
2.429475
2.4683
2.483625
2.50355
2.508625
2.511075
2.516475
2.52855
2.5324
2.547375
2.549475
2.5505
2.5551
2.557825
2.584475
2.600075
2.6006
2.6074
2.6118
2.64855
2.6542
2.656075
2.688825
2.696575
2.720875
2.7555
2.806625
2.80805
2.808525
2.809575
2.811175
2.811225
2.83245
2.83795
2.838675
2.839675
2.848725
2.85625
2.862075
2.876
2.893125
2.89535
2.929925
2.9478
2.96365
2.966325
3.01515
3.0212
3.0613
3.0969
3.100375
3.103875
3.1074
3.114275
3.11475
3.121275
3.1228
3.1241
3.132
3.13385
3.1363
3.1395
3.141475
3.14845
3.16115
3.19405
3.20065
3.20305
3.2245
3.226375
3.24195
3.269275
3.269425
3.287675
3.2932
3.377775
3.4044
3.4093
3.42205
3.424725
3.429025
3.431475
3.436875
3.439975
3.444675
3.461525
3.4713
3.486175
3.49605
3.49845
3.4985
3.516575
3.51815
3.521
3.53525
3.5491
3.57735
3.57935
3.60475
3.606925
3.703725
3.7201
3.7243
3.753975
3.803375
3.8094
3.8215
3.826325
3.834
3.8388
3.844725
3.862425
3.876275
3.87745
3.9236
3.93805
3.9485
4.000975
4.001325
4.01565
4.0187
4.019775
4.0231
4.02515
4.0253
4.02725
4.0328
4.046625
4.0637
4.063775
4.07005
4.0795
4.083875
4.0846
4.09175
4.096475
4.098225
4.124025
4.129625
4.169175
4.170875
4.172
4.18165
4.18325
4.2043
4.238925
4.248875
4.304725
4.313975
4.314175
4.31995
4.326575
4.326625
4.328575
4.328925
4.33405
4.3344
4.346525
4.349425
4.353925
4.356425
4.357325
4.362875
4.385225
4.394975
4.44555
4.480725
4.50395
4.522425
4.538875
4.544925
4.560975
4.5891
4.604175
4.605525
4.605925
4.611575
4.638875
4.64145
4.64675
4.6578
4.659475
4.6648
4.6712
4.6927
4.70835
4.711575
4.7154
4.7224
4.790125
4.7908
4.805025
4.826425
4.83195
4.8433
4.88375
4.893075
4.9037
4.90485
4.90865
4.91735
4.924175
4.9339
4.9394
4.9408
4.945425
4.947225
4.94935
4.9531
4.98
4.9845
4.9991
4.9999
5.021425
5.0337
5.03855
5.0519
5.1087
5.10885
5.1112
5.2064
5.208025
5.21255
5.214525
5.216375
5.21815
5.22285
5.226125
5.228575
5.23785
5.255225
5.2565
5.260575
5.26345
5.274025
5.27875
5.2795
5.28315
5.292525
5.298775
5.29975
5.309325
5.3265
5.3461
5.347075
5.350025
5.352425
5.35935
5.4048
5.414425
5.4388
5.46225
5.4764
5.506325
5.515725
5.5207
5.53985
5.54055
5.544025
5.557025
5.56245
5.562825
5.582825
5.589325
5.600075
5.6038
5.613775
5.634225
5.6389
5.645425
5.65865
5.6663
5.66855
5.672575
5.6747
5.680525
5.690075
5.698325
5.70785
5.743125
5.772325
5.77895
5.7839
5.79865
5.80105
5.80135
5.801575
5.802
5.8023
5.81165
5.82365
5.83045
5.843025
5.85435
5.854775
5.874875
5.883525
5.885075
5.9373
5.9502
5.95385
5.961575
5.96615
5.972475
6.0943
6.111875
6.113225
6.1149
6.12295
6.123875
6.13585
6.1359
6.139625
6.143775
6.155275
6.160425
6.162475
6.1638
6.1711
6.184375
6.185
6.185725
6.2037
6.25745
6.290075
6.300625
6.304775
6.3055
6.30755
6.312825
6.33605
6.33965
6.3433
6.349375
6.355625
6.356525
6.3611
6.397975
6.40155
6.40315
6.4132
6.417675
6.418975
6.422325
6.424775
6.426075
6.42685
6.44175
6.4441
6.460775
6.4753
6.477325
6.480975
6.481625
6.514775
6.516225
6.572925
6.57765
6.5932
6.647825
6.6852
6.7025
6.703
6.714925
6.7151
6.722625
6.722675
6.745125
6.757325
6.75755
6.75835
6.7717
6.787075
6.7949
6.80485
6.81395
6.84795
6.87295
6.876125
6.8902
6.892425
6.902825
6.9328
6.93855
6.9407
6.964725
6.970025
7.000075
7.01475
7.019575
7.02205
7.0324
7.0342
7.036425
7.0367
7.039025
7.039075
7.0401
7.0462
7.046775
7.0529
7.0595
7.07545
7.081225
7.081975
7.084
7.1012
7.1283
7.134875
7.1375
7.13765
7.15305
7.161425
7.166425
7.1668
7.185525
7.224775
7.2354
7.29675
7.3021
7.3071
7.31325
7.33255
7.33355
7.3415
7.350325
7.3541
7.367675
7.385775
7.396775
7.4001
7.41575
7.421525
7.4239
7.459625
7.48565
7.499425
7.52765
7.558725
7.5705
7.601275
7.6057
7.611025
7.613625
7.618975
7.62055
7.6257
7.626525
7.629175
7.642525
7.6447
7.64915
7.65545
7.660375
7.6606
7.668725
7.6724
7.67315
7.676575
7.67735
7.6846
7.69035
7.69635
7.696475
7.7038
7.70895
7.709425
7.71085
7.7344
7.73625
7.753475
7.76045
7.7904
7.81075
7.8298
7.8315
7.840425
7.885425
7.9159
7.924125
7.9249
7.926525
7.930925
7.933625
7.93525
7.93915
7.94075
7.9447
7.946275
7.952925
7.966775
7.96725
7.9708
7.971825
7.973375
7.974025
7.9792
7.98115
7.983125
7.9873
7.9975
8.002125
8.024025
8.036775
8.06805
8.081025
8.08885
8.09275
8.093825
8.127325
8.14005
8.151425
8.15625
8.200375
8.202125
8.203825
8.206675
8.21675
8.225025
8.23525
8.241525
8.259175
8.264325
8.269375
8.281525
8.2873
8.289725
8.30645
8.338275
8.338875
8.359375
8.3698
8.3909
8.390925
8.392625
8.396725
8.41815
8.431275
8.455025
8.46665
8.5004
8.513375
8.522275
8.54245
8.5477
8.55645
8.559125
8.562275
8.580275
8.5914
8.5981
8.60565
8.618875
8.61975
8.6557
8.67435
8.755225
8.77045
8.788825
8.80245
8.803725
8.805725
8.807725
8.808825
8.83005
8.83675
8.838025
8.849275
8.85415
8.854175
8.856775
8.8664
8.86645
8.8735
8.900875
8.912925
8.92275
8.9424
8.955975
8.980975
9.0541
770
