0.107975
0.10875
0.114725
0.121025
0.121375
0.122
0.128175
0.130075
0.13575
0.15045
0.165575
0.1769
0.180525
0.207975
0.218025
0.227625
0.2325
0.234225
0.243075
0.2545
0.258625
0.288925
0.316
0.316175
0.32575
0.328175
0.343825
0.364875
0.406025
0.41175
0.413725
0.421725
0.450325
0.4534
0.473575
0.483975
0.48615
0.49115
0.493925
0.502425
0.5112
0.54125
0.5432
0.55255
0.5526
0.55595
0.563625
0.628525
0.679625
0.7168
0.731925
0.732075
0.738825
0.7612
0.7736
0.77985
0.782375
0.786325
0.790025
0.798575
0.8259
0.828975
0.83165
0.84105
0.8418
0.844775
0.86
0.8841
0.8889
0.899025
0.9575
0.979575
0.999975
1.013925
1.019325
1.019425
1.025975
1.02785
1.033325
1.035575
1.036075
1.04155
1.043525
1.0522
1.052475
1.055575
1.083025
1.083125
1.087375
1.0969
1.0972
1.0988
1.100225
1.127
1.1528
1.16315
1.16735
1.16815
1.19765
1.2054
1.22895
1.22955
1.23135
1.255425
1.288
1.300025
1.30035
1.303025
1.3039
1.30565
1.3185
1.3211
1.327125
1.337375
1.337425
1.34805
1.34915
1.3533
1.355675
1.357025
1.35835
1.370475
1.38335
1.386375
1.415125
1.418575
1.421775
1.466425
1.466775
1.47295
1.480975
1.48825
1.521175
1.530725
1.541175
1.554575
1.603875
1.6048
1.623325
1.624625
1.62825
1.6287
1.630175
1.692525
1.698725
1.7045
1.7143
1.738125
1.74595
1.7477
1.7584
1.7818
1.793825
1.90425
1.9115
1.9152
1.917425
1.92195
1.9237
1.9286
1.932425
1.934125
1.936
1.938275
1.9387
1.9482
1.955125
2.0085
2.021125
2.0277
2.0294
2.038575
2.04635
2.054825
2.059475
2.0922
2.1053
2.115975
2.151725
2.16235
2.182575
2.221275
2.231625
2.2386
2.24
2.241275
2.241625
2.2458
2.252075
2.2533
2.255225
2.317575
2.320025
2.331825
2.3329
2.3434
2.3449
2.346375
2.3535
2.357525
2.379375
2.382475
2.391925
2.39895
2.41735
2.48175
2.52835
2.52975
2.544025
2.55595
2.560025
2.58105
2.58425
2.589825
2.5935
2.605325
2.616575
2.64955
2.65825
2.6668
2.677475
2.679775
2.70735
2.75225
2.762625
2.79575
2.820075
2.82045
2.8205
2.848225
2.8551
2.871025
2.885325
2.895075
2.91275
2.92835
2.95295
2.964125
3.02355
3.03
3.057225
3.0628
3.0654
3.068925
3.116225
3.140175
3.150775
3.15925
3.201175
3.207925
3.2128
3.2209
3.221275
3.2221
3.225525
3.2261
3.23055
3.2354
3.269575
3.3005
3.322825
3.329875
3.334525
3.354825
3.366225
3.395325
3.40195
3.403
3.40665
3.422075
3.42215
3.42525
3.435625
3.445375
3.446775
3.447025
3.456275
3.4784
3.47975
3.50995
3.5215
3.521675
3.5308
3.537825
3.554775
3.562075
3.565175
3.571575
3.624825
3.62935
3.634325
3.68485
3.706675
3.7127
3.737275
3.7386
3.747225
3.751425
3.764425
3.765875
3.796075
3.807075
3.81255
3.81815
3.823975
3.84235
3.853775
3.87515
3.888325
3.91245
3.914125
4.009025
4.01115
4.012425
4.01625
4.017525
4.018275
4.022
4.022775
4.02485
4.029
4.0328
4.0418
4.043475
4.0476
4.05205
4.0579
4.090075
4.107675
4.110975
4.12385
4.13445
4.1464
4.183675
4.18985
4.2172
4.31065
4.313675
4.31495
4.3165
4.3226
4.329975
4.343075
4.379775
4.382425
4.39445
4.396475
4.39735
4.43485
4.453025
4.46105
4.5231
4.52475
4.5318
4.571525
4.597175
4.606125
4.616825
4.617125
4.63145
4.631625
4.632475
4.6332
4.6349
4.641725
4.643825
4.654325
4.656825
4.658075
4.65835
4.65985
4.665025
4.694325
4.724575
4.740375
4.7483
4.75935
4.760125
4.776425
4.806
4.833075
4.833525
4.849125
4.870575
4.9017
4.90215
4.90805
4.9126
4.9185
4.91945
4.920775
4.926025
4.940675
4.942775
4.9526
4.953675
4.954875
4.96595
4.9719
4.9986
5.010325
5.027825
5.037125
5.03765
5.04055
5.049925
5.08835
5.120925
5.132625
5.17655
5.181375
5.225575
5.23185
5.236375
5.237425
5.242775
5.248575
5.24885
5.261025
5.277375
5.2907
5.2959
5.341825
5.3811
5.3964
5.405775
5.405875
5.426125
5.4275
5.435525
5.461475
5.51165
5.51495
5.515725
5.5186
5.51965
5.52035
5.521825
5.5369
5.571375
5.5937
5.602025
5.60205
5.617975
5.62795
5.6463
5.648275
5.699325
5.7484
5.7509
5.75675
5.79425
5.807
5.820225
5.8364
5.837525
5.8382
5.8515
5.85585
5.88655
5.891375
5.9002
5.902325
5.922725
5.935575
5.93805
5.95695
5.978725
6.000075
6.026275
6.055625
6.059075
6.105075
6.11175
6.1158
6.117175
6.136125
6.146625
6.147925
6.15015
6.157925
6.1692
6.176625
6.1769
6.177875
6.180775
6.190525
6.205475
6.20915
6.215325
6.219175
6.2232
6.237825
6.23785
6.27045
6.273575
6.290925
6.2947
6.2993
6.3218
6.3269
6.33515
6.3665
6.40305
6.411075
6.42425
6.43015
6.435425
6.440175
6.444175
6.451975
6.466225
6.48085
6.499975
6.502075
6.5065
6.53795
6.53935
6.5407
6.547025
6.579225
6.580825
6.595425
6.614175
6.6249
6.629825
6.630375
6.703
6.7051
6.707325
6.727175
6.728375
6.7373
6.738575
6.741225
6.74515
6.749425
6.750875
6.751575
6.75505
6.7575
6.758225
6.759075
6.7825
6.79575
6.7975
6.8332
6.8535
6.872825
6.8798
6.899125
6.900475
6.908675
6.909
6.91665
6.983775
6.98925
6.99325
7.006075
7.006425
7.011725
7.01275
7.032675
7.034425
7.036
7.040625
7.045675
7.048475
7.0567
7.0605
7.082175
7.084425
7.0882
7.110375
7.135525
7.142325
7.1586
7.17885
7.198925
7.226825
7.229525
7.2407
7.26165
7.267275
7.286325
7.308575
7.31945
7.320725
7.3377
7.339125
7.365225
7.3779
7.38175
7.383525
7.39035
7.399975
7.40175
7.4074
7.412475
7.41775
7.440075
7.44145
7.445675
7.45025
7.453425
7.505175
7.509825
7.5183
7.577425
7.616575
7.6278
7.635125
7.63585
7.637975
7.639475
7.65045
7.66425
7.666025
7.66815
7.669975
7.6755
7.6783
7.678825
7.6964
7.705675
7.70735
7.735675
7.73815
7.740575
7.7645
7.769075
7.78915
7.827375
7.84875
7.857
7.87455
7.89155
7.901125
7.90145
7.903725
7.906725
7.9126
7.91815
7.9323
7.936525
7.93755
7.937875
7.942875
7.944625
7.97025
7.97625
7.986175
7.99895
8.023925
8.025525
8.044175
8.04525
8.08275
8.101725
8.12095
8.13195
8.141125
8.143
8.14465
8.19855
8.201625
8.23595
8.241875
8.243175
8.2444
8.2528
8.2545
8.256575
8.25885
8.276125
8.289475
8.2944
8.2969
8.30295
8.30355
8.304725
8.312425
8.328525
8.3343
8.4097
8.43635
8.46465
8.464725
8.48785
8.504025
8.50445
8.512
8.5145
8.5159
8.518275
8.518925
8.5207
8.5428
8.5634
8.56455
8.58145
8.60975
8.64105
8.64425
8.69135
8.69965
8.704475
8.729325
8.7509
8.751275
8.756
8.77805
8.783425
8.804475
8.808375
8.814425
8.823
8.826575
8.82765
8.8371
8.837375
8.83935
8.844275
8.844425
8.868475
8.8812
8.888125
8.89505
8.912275
8.91555
8.940625
8.987325
8.991625
9.0011
9.019175
9.062775
736
