0.105975
0.10655
0.112475
0.11435
0.1206
0.12915
0.143375
0.1513
0.15145
0.180025
0.193675
0.207875
0.2141
0.229125
0.251
0.29275
0.294025
0.306975
0.317925
0.318525
0.319825
0.352725
0.37205
0.37335
0.39115
0.403625
0.410325
0.412325
0.418075
0.42045
0.4223
0.423675
0.42515
0.43575
0.43895
0.44675
0.44705
0.45005
0.472475
0.473425
0.4782
0.4845
0.494625
0.520625
0.5247
0.542925
0.551575
0.561175
0.58485
0.6125
0.61825
0.61935
0.62135
0.653825
0.690225
0.695875
0.700125
0.709325
0.7146
0.715975
0.718475
0.719425
0.723075
0.723425
0.72595
0.736775
0.7385
0.7472
0.74975
0.76965
0.788
0.804225
0.806975
0.828075
0.83165
0.857125
0.86255
0.8659
0.86895
0.877625
0.950925
0.972125
0.980075
1.00175
1.0105
1.012
1.019825
1.0199
1.023225
1.02695
1.030225
1.030675
1.03435
1.044175
1.044575
1.049525
1.051125
1.056775
1.05865
1.059825
1.065975
1.077275
1.07915
1.082625
1.096575
1.13425
1.1534
1.21075
1.2512
1.260925
1.2697
1.29265
1.30435
1.308575
1.3114
1.316875
1.318375
1.3553
1.379225
1.384425
1.38945
1.407175
1.4121
1.45835
1.458775
1.4661
1.500875
1.506925
1.601275
1.608025
1.633675
1.635375
1.640475
1.64185
1.65345
1.6576
1.6634
1.6861
1.700375
1.7008
1.719975
1.72365
1.729275
1.733125
1.735825
1.737125
1.74195
1.74635
1.752975
1.782675
1.79865
1.801075
1.850975
1.861275
1.9017
1.903675
1.9073
1.914525
1.916825
1.926475
1.94085
1.941675
1.94315
1.947975
1.98965
2.00075
2.01175
2.02035
2.024175
2.0272
2.029
2.0309
2.055075
2.06035
2.0899
2.11885
2.142575
2.156375
2.20695
2.21025
2.215775
2.218825
2.23075
2.23875
2.263475
2.266375
2.2717
2.27845
2.282375
2.30525
2.3248
2.325975
2.34935
2.35755
2.369125
2.37315
2.40635
2.41035
2.4364
2.439625
2.50035
2.512775
2.516075
2.519025
2.54045
2.54925
2.549375
2.551475
2.570475
2.57315
2.5885
2.59365
2.6082
2.6501
2.6512
2.6522
2.655125
2.6553
2.697025
2.712775
2.714525
2.72885
2.75205
2.7713
2.778975
2.781775
2.78555
2.801975
2.804375
2.805475
2.810775
2.812075
2.8157
2.81605
2.817825
2.817925
2.8211
2.8219
2.826575
2.82745
2.828925
2.843225
2.84495
2.847075
2.8493
2.8509
2.855275
2.85665
2.86405
2.866075
2.8787
2.881775
2.91675
2.919425
2.9197
2.93195
2.9529
2.96565
2.967
2.96765
2.970325
2.97075
2.9776
2.984325
3.0163
3.109625
3.117275
3.118725
3.120225
3.12565
3.129975
3.1422
3.151125
3.15175
3.1518
3.153
3.15595
3.1592
3.1599
3.161325
3.1694
3.176325
3.186875
3.1869
3.210775
3.2177
3.221125
3.2227
3.228575
3.236575
3.2455
3.320525
3.344925
3.362475
3.364925
3.370625
3.37595
3.37635
3.39375
3.4005
3.4061
3.414275
3.421675
3.447675
3.4546
3.46515
3.475825
3.495675
3.499175
3.503925
3.603175
3.607275
3.700125
3.70145
3.705075
3.70985
3.720275
3.724625
3.72545
3.727125
3.73275
3.745525
3.75605
3.759325
3.760025
3.776875
3.78355
3.784825
3.79255
3.79295
3.800125
3.81385
3.81795
3.828575
3.829675
3.862075
3.876075
3.880875
3.891275
3.898775
3.9063
3.9301
3.933025
4.0137
4.014775
4.01975
4.0259
4.02895
4.0345
4.04175
4.05045
4.0531
4.05595
4.06285
4.070075
4.086175
4.0892
4.1013
4.102125
4.1148
4.126525
4.142425
4.161575
4.1656
4.1924
4.199375
4.22205
4.2318
4.25485
4.27985
4.284375
4.306175
4.316375
4.33055
4.331375
4.33165
4.34855
4.355775
4.355825
4.3602
4.3627
4.374075
4.38215
4.388425
4.390925
4.39455
4.4208
4.4211
4.446425
4.45485
4.468225
4.4826
4.501525
4.517175
4.519925
4.522775
4.5306
4.53445
4.569525
4.5733
4.5773
4.60865
4.616
4.616875
4.624675
4.6375
4.64775
4.651325
4.6789
4.6896
4.702075
4.7066
4.72155
4.726225
4.726425
4.72845
4.73715
4.746525
4.77805
4.781825
4.7881
4.801625
4.8411
4.891575
4.90275
4.91825
4.919025
4.93485
4.938275
4.942325
4.95435
4.957425
4.96645
4.9757
4.978425
4.98035
5.008775
5.010725
5.04625
5.046425
5.050125
5.05505
5.08345
5.0853
5.08705
5.132025
5.164375
5.200475
5.2047
5.206175
5.2184
5.24085
5.241025
5.242675
5.258475
5.260825
5.26645
5.26735
5.268425
5.2703
5.27915
5.2835
5.3204
5.34895
5.371575
5.399075
5.4029
5.418425
5.4273
5.439675
5.47875
5.483625
5.5026
5.5109
5.51745
5.5232
5.553075
5.558125
5.5943
5.6053
5.624975
5.63135
5.635025
5.657
5.6744
5.685525
5.69875
5.69885
5.719225
5.72855
5.73235
5.78635
5.79235
5.800475
5.818225
5.823875
5.825675
5.847175
5.8484
5.8511
5.857525
5.866025
5.870775
5.873075
5.8784
5.889675
5.893425
5.895625
5.9054
5.90615
5.949275
5.96215
5.96445
5.9718
5.997225
6.0234
6.056375
6.080925
6.086175
6.100875
6.114825
6.115275
6.125425
6.12795
6.1308
6.1354
6.1383
6.138675
6.14735
6.152675
6.1767
6.178975
6.190225
6.201125
6.2042
6.20885
6.210175
6.22765
6.232125
6.2495
6.254
6.28115
6.29035
6.308625
6.36655
6.402625
6.408325
6.4127
6.4205
6.4254
6.4286
6.429575
6.43285
6.434925
6.435575
6.43795
6.44095
6.442625
6.44355
6.448875
6.450975
6.452075
6.45545
6.45895
6.4609
6.46285
6.47145
6.471925
6.475075
6.4799
6.4808
6.483425
6.48485
6.4854
6.4927
6.494675
6.51035
6.518375
6.530225
6.551175
6.59325
6.603775
6.64755
6.681825
6.70215
6.702475
6.7069
6.711825
6.7142
6.722025
6.7371
6.7397
6.743325
6.756475
6.763675
6.765875
6.797675
6.802475
6.8038
6.806075
6.828525
6.855025
6.86055
6.8689
6.904075
6.9091
6.949825
6.9927
6.996175
7.0038
7.0069
7.0176
7.02815
7.029825
7.03265
7.037875
7.038925
7.05455
7.074
7.078225
7.0917
7.091775
7.09795
7.100425
7.12505
7.16375
7.167675
7.1684
7.1984
7.209275
7.2275
7.23045
7.2675
7.3034
7.31265
7.3276
7.32955
7.34115
7.34125
7.341525
7.343175
7.355325
7.358125
7.37575
7.399175
7.399725
7.404125
7.40505
7.428725
7.4583
7.4694
7.476125
7.477225
7.488
7.506975
7.528925
7.538075
7.5695
7.5787
7.602075
7.603425
7.606175
7.607175
7.607425
7.6113
7.620625
7.629175
7.63985
7.651875
7.6563
7.657725
7.66205
7.698375
7.70045
7.705425
7.74645
7.753575
7.76015
7.785125
7.805225
7.838775
7.847325
7.8499
7.88795
7.906975
7.910775
7.912775
7.914375
7.91815
7.922825
7.92915
7.9356
7.9377
7.94395
7.969625
7.972025
7.9827
7.9848
8.0173
8.0254
8.0298
8.03515
8.047
8.047675
8.0562
8.07795
8.095875
8.109225
8.113525
8.117075
8.1173
8.126325
8.20335
8.203525
8.20385
8.204775
8.206825
8.209225
8.220375
8.2244
8.2406
8.245625
8.25485
8.2662
8.267075
8.272325
8.272575
8.28485
8.30475
8.305025
8.323425
8.32765
8.327775
8.3316
8.335925
8.33725
8.351725
8.388775
8.390975
8.425075
8.464125
8.47215
8.479875
8.4969
8.50205
8.505275
8.505575
8.50885
8.5445
8.553375
8.554825
8.5686
8.57915
8.57935
8.617525
8.61765
8.642075
8.6423
8.6672
8.69025
8.780275
8.802875
8.8046
8.806575
8.814875
8.822625
8.83175
8.840575
8.842375
8.844325
8.8493
8.853125
8.857875
8.865625
8.8669
8.866925
8.866975
8.868075
8.875225
8.88065
8.885825
8.891825
8.89935
8.9069
8.91025
8.93255
8.938625
8.96835
8.97035
8.9709
8.97705
8.9844
8.98795
8.99235
9.0132
9.03455
9.0525
797
