0.009975
0.063825
0.11255
0.130025
0.141775
0.14485
0.1488
0.156175
0.16355
0.177525
0.18915
0.189525
0.1937
0.22285
0.2238
0.22705
0.24475
0.245225
0.264075
0.268525
0.2729
0.272925
0.2898
0.295075
0.32055
0.366475
0.388875
0.394975
0.40225
0.403675
0.424325
0.4253
0.430725
0.442975
0.44495
0.4519
0.460125
0.460925
0.461625
0.47055
0.4731
0.487025
0.48725
0.4918
0.5024
0.50945
0.519175
0.520175
0.5372
0.542925
0.5484
0.57315
0.577775
0.630825
0.636375
0.637575
0.63805
0.64485
0.65295
0.704925
0.713775
0.746
0.746275
0.7653
0.77845
0.79795
0.8658
0.89285
0.90295
0.91715
0.925225
0.953975
1.000425
1.003925
1.007175
1.02585
1.0305
1.0312
1.037925
1.041775
1.0566
1.070375
1.0707
1.0795
1.090975
1.0924
1.117425
1.1219
1.122825
1.135925
1.1363
1.1461
1.1587
1.188975
1.195225
1.252025
1.28565
1.2864
1.287075
1.2905
1.3023
1.3059
1.305925
1.309875
1.315525
1.316925
1.321075
1.323475
1.326275
1.331775
1.33925
1.340425
1.349175
1.374475
1.3746
1.377625
1.410075
1.4114
1.419975
1.47565
1.47985
1.48055
1.49195
1.493525
1.51085
1.53435
1.544
1.566375
1.56775
1.605575
1.6075
1.61015
1.61225
1.616425
1.61965
1.626825
1.6286
1.63095
1.63815
1.64405
1.655575
1.65625
1.657375
1.662275
1.676875
1.6873
1.695225
1.704325
1.70605
1.7088
1.711375
1.7152
1.717825
1.718125
1.737825
1.7389
1.747275
1.747475
1.7815
1.78545
1.8085
1.81315
1.8179
1.842475
1.84405
1.89285
1.903025
1.910525
1.914925
1.94275
2.01705
2.033925
2.052075
2.059125
2.089325
2.110625
2.15505
2.159325
2.17075
2.18165
2.202775
2.206875
2.2142
2.215125
2.21655
2.2178
2.219425
2.219775
2.228775
2.2345
2.24095
2.24605
2.250225
2.250425
2.26755
2.26805
2.26995
2.276575
2.298075
2.298125
2.304575
2.313975
2.3167
2.326075
2.3339
2.348
2.375675
2.440025
2.446925
2.4501
2.46995
2.50115
2.502775
2.504875
2.51395
2.5297
2.53385
2.538975
2.542225
2.542375
2.543025
2.562325
2.5655
2.57045
2.5719
2.5805
2.592975
2.5938
2.5961
2.6126
2.613875
2.6145
2.619925
2.620525
2.6286
2.6441
2.646525
2.662975
2.67965
2.721325
2.726325
2.730125
2.740625
2.754325
2.782375
2.801825
2.809825
2.81275
2.816375
2.830125
2.842175
2.8656
2.88775
2.891525
2.928075
2.934725
2.936375
2.942325
2.9504
2.97315
2.978425
2.979025
2.986625
3.03985
3.058225
3.1009
3.10215
3.1164
3.11745
3.1176
3.122625
3.123525
3.1266
3.12755
3.138
3.1479
3.154625
3.157925
3.1844
3.18715
3.189125
3.198525
3.236775
3.2511
3.266525
3.28155
3.312125
3.330025
3.35655
3.39455
3.40035
3.41705
3.4251
3.436325
3.436975
3.437375
3.4389
3.44235
3.451775
3.45355
3.454975
3.4596
3.463575
3.466625
3.4672
3.477725
3.4835
3.485375
3.4886
3.4902
3.49195
3.51335
3.51805
3.519675
3.537925
3.54105
3.5798
3.60615
3.607175
3.60785
3.6154
3.631
3.65905
3.666625
3.67665
3.7048
3.7057
3.71405
3.715175
3.717075
3.730875
3.742975
3.7442
3.747625
3.764775
3.76945
3.7752
3.780775
3.78435
3.7893
3.79705
3.8046
3.810625
3.8236
3.82715
3.853525
3.8585
3.8605
3.910475
3.927125
3.970625
4.00475
4.015025
4.0249
4.04265
4.0446
4.045625
4.059525
4.062575
4.069925
4.076225
4.079725
4.0813
4.094425
4.109775
4.1258
4.13875
4.139725
4.215
4.260075
4.327775
4.3441
4.35655
4.364975
4.3849
4.396525
4.407675
4.4078
4.421125
4.423
4.445125
4.4801
4.515225
4.5266
4.570575
4.586175
4.59295
4.59695
4.602
4.60235
4.6104
4.6341
4.6591
4.6802
4.6885
4.690125
4.696
4.70025
4.708725
4.7139
4.724725
4.72715
4.7274
4.733025
4.743675
4.774675
4.79455
4.81445
4.8344
4.862125
4.862575
4.878725
4.88535
4.9015
4.906225
4.93615
4.941325
4.951575
4.962875
4.969475
4.9734
4.98175
5.0021
5.0035
5.005275
5.0298
5.0775
5.1079
5.127675
5.15015
5.150175
5.179575
5.201425
5.208725
5.211275
5.2496
5.2551
5.25575
5.2619
5.2657
5.2681
5.3162
5.3488
5.3685
5.378325
5.388825
5.40055
5.4035
5.403725
5.4104
5.4177
5.423025
5.43535
5.47705
5.520775
5.522175
5.5228
5.539125
5.541725
5.54745
5.559625
5.5644
5.576225
5.57705
5.580675
5.6098
5.61075
5.6279
5.642425
5.67265
5.6746
5.7128
5.723475
5.743
5.7479
5.7774
5.817025
5.81855
5.825675
5.836175
5.838125
5.839325
5.842025
5.85165
5.8604
5.872225
5.88345
5.920275
5.930525
5.9376
5.947575
6.0078
6.00925
6.010425
6.0116
6.0281
6.02815
6.03425
6.041075
6.05365
6.071025
6.096775
6.104775
6.1067
6.1101
6.11625
6.1206
6.1229
6.125
6.125675
6.12625
6.127925
6.128775
6.1292
6.136025
6.1393
6.14265
6.14825
6.154175
6.15455
6.1697
6.178075
6.182525
6.183475
6.1845
6.191275
6.2148
6.26435
6.27395
6.2744
6.28705
6.33365
6.344275
6.3799
6.389725
6.40645
6.407375
6.418625
6.424275
6.432475
6.4374
6.437575
6.440475
6.441425
6.4588
6.46325
6.511575
6.53235
6.55265
6.568575
6.5704
6.6149
6.62615
6.6336
6.682275
6.6855
6.70005
6.702625
6.7059
6.70875
6.716325
6.724175
6.728925
6.731
6.731575
6.744775
6.7451
6.7642
6.782725
6.787475
6.788975
6.7942
6.79495
6.8046
6.81185
6.8242
6.902075
6.9113
6.931475
6.959875
6.984
6.98515
7.006575
7.01215
7.018825
7.01925
7.02445
7.054825
7.060125
7.083525
7.093825
7.107975
7.1135
7.1171
7.11895
7.128875
7.13495
7.197375
7.21295
7.229675
7.281975
7.300275
7.314625
7.3339
7.3342
7.33885
7.34655
7.3583
7.37475
7.3775
7.404225
7.41775
7.424275
7.424675
7.42615
7.429425
7.44805
7.458
7.48465
7.48515
7.532125
7.5441
7.54445
7.56745
7.568725
7.5714
7.578125
7.60305
7.607325
7.61425
7.6179
7.6191
7.6237
7.625075
7.626425
7.6265
7.630825
7.63515
7.64835
7.652325
7.65795
7.659
7.6719
7.710175
7.7108
7.71845
7.722325
7.73365
7.746575
7.75515
7.7975
7.799325
7.85165
7.889025
7.9017
7.9034
7.910575
7.927175
7.932675
7.9386
7.95225
7.9524
7.95665
7.9588
7.9744
7.9759
7.9901
7.991675
7.993525
7.993625
8.004225
8.011125
8.018025
8.01915
8.0209
8.021125
8.03435
8.053225
8.0542
8.0708
8.0745
8.138125
8.151475
8.219975
8.2274
8.239175
8.244225
8.2458
8.265025
8.268525
8.2688
8.27255
8.297125
8.32495
8.33325
8.338925
8.399975
8.4002
8.420375
8.47065
8.471875
8.50075
8.502125
8.50755
8.51115
8.516825
8.537975
8.53925
8.539475
8.540675
8.553725
8.579475
8.5906
8.593175
8.601975
8.60635
8.63165
8.63995
8.641325
8.641725
8.657725
8.663625
8.6677
8.67225
8.70145
8.7025
8.707425
8.716475
8.719075
8.73315
8.778075
8.788725
8.804025
8.814325
8.8177
8.818775
8.820175
8.8261
8.833575
8.839425
8.84125
8.846
8.8749
8.87515
8.87815
8.886625
8.88665
8.890625
8.89125
8.9037
8.908475
8.9307
8.936025
8.9379
8.9388
8.978425
8.990925
8.9992
9.029275
9.0593
9.085725
761
