0.104
0.11265
0.11385
0.115875
0.13125
0.1516
0.15715
0.16095
0.1827
0.1876
0.190475
0.191825
0.1923
0.1977
0.206525
0.20735
0.22525
0.23455
0.258775
0.271825
0.27875
0.2819
0.283675
0.285675
0.309075
0.3121
0.314
0.3231
0.34625
0.37705
0.3842
0.4032
0.417425
0.4218
0.434475
0.4368
0.440825
0.4672
0.470825
0.490575
0.495475
0.5006
0.5075
0.512375
0.548875
0.580825
0.58895
0.591975
0.60085
0.622975
0.623575
0.665375
0.677675
0.72405
0.7323
0.739825
0.741
0.75135
0.7515
0.769925
0.804125
0.807375
0.80835
0.8144
0.819
0.82475
0.833325
0.84635
0.869975
0.8757
0.8774
0.90975
0.9102
0.946875
0.94755
0.960675
0.977425
1.001075
1.0058
1.00715
1.008575
1.009425
1.010175
1.020175
1.022025
1.024275
1.025925
1.034975
1.0368
1.0391
1.04535
1.046425
1.055925
1.065225
1.0655
1.07075
1.093
1.106375
1.112025
1.113275
1.128125
1.137125
1.140625
1.1654
1.195225
1.19835
1.2583
1.300075
1.303475
1.311375
1.3151
1.317075
1.32
1.32355
1.32435
1.328775
1.3366
1.34925
1.351475
1.382
1.3832
1.386225
1.395125
1.400475
1.418925
1.424525
1.4526
1.458925
1.464075
1.48355
1.48735
1.51305
1.524225
1.53865
1.543025
1.575575
1.584975
1.58535
1.6124
1.61345
1.616675
1.616975
1.623675
1.627225
1.641375
1.668925
1.67895
1.690275
1.696925
1.697275
1.700775
1.712
1.720375
1.724975
1.72775
1.7356
1.756325
1.75975
1.77355
1.786375
1.835625
1.8433
1.90575
1.912175
1.918625
1.92
1.923275
1.928275
1.937675
1.940375
1.94445
1.96775
1.973125
1.97325
1.97365
1.980525
1.985225
1.987975
1.9903
2.010425
2.013525
2.015475
2.03625
2.05285
2.0552
2.0572
2.07095
2.085625
2.1116
2.125825
2.152075
2.202875
2.203825
2.204
2.21
2.22805
2.2513
2.3051
2.308975
2.332725
2.354775
2.3735
2.379275
2.396825
2.4141
2.42055
2.431975
2.43565
2.469875
2.480775
2.50035
2.5103
2.522
2.5262
2.52995
2.559
2.559025
2.56545
2.5664
2.5672
2.56995
2.572
2.57455
2.577575
2.5814
2.613
2.616125
2.616225
2.6184
2.640275
2.644775
2.64725
2.649875
2.651575
2.7099
2.79
2.80665
2.8166
2.8278
2.832225
2.832375
2.84975
2.8714
2.8762
2.879175
2.89685
2.90345
2.921225
2.9385
2.95155
3.00695
3.0385
3.054575
3.0562
3.086125
3.105025
3.121325
3.136575
3.1429
3.14475
3.15215
3.155575
3.15925
3.167825
3.21325
3.28435
3.28955
3.30095
3.3134
3.313825
3.324625
3.330275
3.35485
3.3599
3.371775
3.4004
3.406325
3.406725
3.410325
3.412875
3.42225
3.422325
3.43815
3.438525
3.4452
3.4488
3.451525
3.4627
3.463175
3.464425
3.471625
3.47345
3.48265
3.4867
3.52165
3.55655
3.56635
3.57735
3.613425
3.618425
3.62055
3.623
3.625
3.655675
3.6721
3.699775
3.7171
3.720075
3.724625
3.727175
3.741875
3.744225
3.7501
3.7574
3.7695
3.77615
3.77815
3.779625
3.789675
3.7952
3.8108
3.833275
3.847675
3.859525
3.872075
3.87495
3.96575
3.96705
4.00375
4.010325
4.010625
4.021725
4.02535
4.0317
4.034
4.036325
4.03865
4.04465
4.04585
4.064475
4.0759
4.0764
4.097725
4.098775
4.123825
4.13015
4.1737
4.188975
4.19245
4.19435
4.2124
4.23235
4.2707
4.297675
4.3
4.305625
4.305975
4.308025
4.308625
4.31035
4.312225
4.318575
4.3412
4.358875
4.37465
4.374875
4.3788
4.38405
4.3967
4.40225
4.4109
4.415425
4.4427
4.443375
4.45815
4.4635
4.4836
4.500175
4.52695
4.536
4.568175
4.589775
4.6011
4.601275
4.601875
4.60305
4.605625
4.60965
4.614725
4.6156
4.617675
4.621
4.6359
4.645
4.64785
4.65135
4.669675
4.6717
4.694775
4.721125
4.7214
4.724375
4.733425
4.76155
4.771975
4.7852
4.799275
4.832825
4.84115
4.863475
4.908125
4.90965
4.912675
4.91405
4.915825
4.918725
4.926925
4.940225
4.9449
4.94555
4.9532
4.9557
4.967425
4.974675
4.979375
4.98725
4.99705
5.00455
5.007375
5.03535
5.05895
5.073775
5.074825
5.15905
5.1592
5.2003
5.201075
5.2059
5.21065
5.2129
5.218225
5.2216
5.22425
5.248725
5.256
5.2774
5.2788
5.2895
5.3164
5.3201
5.320525
5.339225
5.356125
5.365875
5.3829
5.40015
5.41015
5.43305
5.45375
5.48
5.503375
5.508625
5.514175
5.5145
5.514975
5.517675
5.51895
5.5235
5.534025
5.56285
5.56545
5.57785
5.587525
5.587775
5.593575
5.62205
5.63275
5.654825
5.6909
5.699275
5.705325
5.709175
5.7138
5.7279
5.766
5.777975
5.78535
5.79415
5.8233
5.824675
5.826525
5.829675
5.832825
5.848425
5.855225
5.88365
5.88725
5.896775
5.916975
5.941125
5.9977
6.018475
6.037775
6.0422
6.063025
6.101225
6.10245
6.103275
6.115075
6.11625
6.124125
6.12775
6.13015
6.133925
6.13825
6.139525
6.1498
6.16045
6.162475
6.17195
6.1732
6.1756
6.17725
6.180975
6.202475
6.202675
6.204975
6.214525
6.224575
6.2283
6.22835
6.242125
6.318775
6.344775
6.404425
6.4108
6.41425
6.416375
6.42725
6.452825
6.453775
6.468475
6.469975
6.503025
6.5065
6.512075
6.5193
6.520625
6.52665
6.529225
6.539925
6.546225
6.549
6.551775
6.559425
6.586575
6.593325
6.598125
6.65465
6.686875
6.7105
6.721575
6.74985
6.773
6.776675
6.780425
6.782375
6.79685
6.81235
6.83305
6.833825
6.8449
6.86255
6.88755
6.9367
6.97175
6.9775
7.005675
7.0086
7.01135
7.014
7.015325
7.018175
7.0184
7.031675
7.032475
7.033
7.033475
7.0361
7.048
7.0489
7.069825
7.0826
7.089925
7.1017
7.112975
7.127525
7.143925
7.163275
7.21025
7.21295
7.2484
7.24945
7.261325
7.268125
7.3043
7.312475
7.313775
7.315875
7.3274
7.32755
7.3319
7.3335
7.337625
7.3597
7.3807
7.3837
7.384275
7.40815
7.4327
7.435575
7.4448
7.4623
7.517425
7.5251
7.536625
7.601
7.603275
7.615725
7.616225
7.6191
7.624775
7.6312
7.632925
7.6332
7.643125
7.649875
7.664225
7.674475
7.6901
7.69155
7.6969
7.70465
7.708175
7.7087
7.723275
7.726625
7.729025
7.735525
7.73635
7.7433
7.751875
7.768375
7.781425
7.8777
7.885925
7.8861
7.896725
7.901125
7.9021
7.902475
7.913075
7.92045
7.92155
7.930075
7.939375
7.954325
7.955325
7.958325
7.962975
7.96455
7.979575
7.9847
7.98855
7.994625
8.004475
8.02365
8.0237
8.0697
8.10485
8.11845
8.128375
8.1595
8.181075
8.183025
8.1842
8.21475
8.215275
8.217575
8.222075
8.22925
8.2293
8.234375
8.244275
8.245425
8.25265
8.26045
8.26335
8.2723
8.3138
8.31695
8.33625
8.344875
8.348525
8.354675
8.371225
8.3852
8.401475
8.419525
8.419625
8.423025
8.42435
8.44325
8.4687
8.49415
8.508825
8.518275
8.5193
8.53
8.5349
8.54765
8.5493
8.5632
8.564675
8.577775
8.590525
8.593175
8.5939
8.6009
8.602725
8.60615
8.663325
8.668
8.6718
8.70615
8.710075
8.736825
8.75295
8.759125
8.799375
8.80845
8.810025
8.831375
8.844175
8.851825
8.8586
8.85885
8.86025
8.8679
8.87855
8.8796
8.88585
8.885925
8.8921
8.89715
8.9153
8.9236
8.948425
8.949675
8.956
8.9666
8.967475
8.96885
8.9765
8.988375
9.0297
9.048575
767
