0.107575
0.10815
0.11595
0.123525
0.132625
0.1337
0.14215
0.144575
0.15775
0.158625
0.162375
0.228225
0.230775
0.235575
0.24
0.257625
0.260525
0.2675
0.342975
0.38115
0.403
0.409325
0.411875
0.414425
0.42285
0.4423
0.4441
0.4447
0.456125
0.470525
0.476975
0.4852
0.4975
0.505075
0.508575
0.52025
0.542325
0.55625
0.571225
0.577575
0.586675
0.58755
0.61825
0.636
0.643475
0.6688
0.700425
0.722775
0.753325
0.75775
0.758725
0.76545
0.76805
0.769825
0.7826
0.7915
0.7951
0.803675
0.812475
0.817825
0.8341
0.85225
0.89425
0.894525
0.90715
0.943625
0.963375
1.008975
1.00915
1.010175
1.012275
1.013825
1.014525
1.02155
1.032575
1.03335
1.034375
1.036925
1.046075
1.047175
1.050475
1.0536
1.0584
1.058875
1.0699
1.07175
1.0733
1.0737
1.0978
1.10505
1.12425
1.129825
1.1662
1.1866
1.222375
1.227475
1.228175
1.259575
1.26415
1.26455
1.267425
1.280675
1.29315
1.300425
1.300725
1.30255
1.303625
1.311325
1.317425
1.31885
1.319
1.323375
1.3272
1.328475
1.33
1.331625
1.3326
1.35195
1.3657
1.37585
1.387975
1.39525
1.43035
1.431475
1.547425
1.60125
1.6049
1.61265
1.632425
1.633525
1.64475
1.648975
1.657275
1.6737
1.6939
1.715675
1.716125
1.72005
1.729025
1.749975
1.751425
1.7563
1.756925
1.807375
1.81495
1.82985
1.8541
1.884725
1.889925
1.905925
1.906675
1.907775
1.9097
1.921575
1.9254
1.932175
1.9407
1.94505
1.962275
1.966725
1.97365
1.9787
1.98455
1.9868
1.992125
1.99615
2.003975
2.0092
2.02195
2.041875
2.055125
2.0711
2.075125
2.082675
2.1004
2.1241
2.1273
2.14225
2.17445
2.1823
2.185275
2.210975
2.22335
2.223625
2.224
2.227625
2.23955
2.2401
2.2437
2.2605
2.2612
2.262375
2.265675
2.287725
2.288025
2.314625
2.32005
2.321025
2.357625
2.357975
2.3667
2.392225
2.401075
2.40845
2.40975
2.438725
2.494475
2.498325
2.506025
2.5064
2.5332
2.53595
2.537825
2.557225
2.561925
2.56535
2.57255
2.585075
2.589275
2.595625
2.607975
2.608
2.610275
2.6324
2.63585
2.637975
2.64435
2.6704
2.678
2.727325
2.73185
2.744375
2.8084
2.81335
2.81405
2.815425
2.8264
2.8338
2.835825
2.845025
2.845225
2.849825
2.85685
2.8741
2.886125
2.89205
2.910425
2.9159
2.9242
2.932075
2.937975
2.93875
2.947725
2.959925
2.9613
3.045375
3.1113
3.113525
3.130325
3.149075
3.168775
3.18235
3.19895
3.203875
3.227
3.2452
3.249875
3.254425
3.2686
3.280475
3.294625
3.31915
3.3225
3.343775
3.345775
3.37855
3.3816
3.40785
3.418875
3.42565
3.43955
3.442425
3.461575
3.4618
3.484025
3.4873
3.496475
3.518975
3.522925
3.562025
3.5675
3.571525
3.572575
3.587125
3.58735
3.608275
3.614225
3.63805
3.639075
3.67885
3.7119
3.7121
3.71315
3.71845
3.722525
3.725275
3.729625
3.731275
3.73225
3.73595
3.739225
3.744025
3.75195
3.759625
3.7658
3.7727
3.78135
3.787275
3.79755
3.807025
3.81295
3.81835
3.8591
3.8672
3.88705
3.913425
3.95555
3.96575
3.969675
3.981075
3.997225
4.0082
4.00985
4.00995
4.011525
4.03015
4.0342
4.03545
4.03825
4.040275
4.047925
4.057225
4.063275
4.06695
4.067625
4.08405
4.11305
4.1487
4.159525
4.1725
4.173675
4.2132
4.237625
4.280575
4.299175
4.30925
4.31675
4.318525
4.319425
4.322975
4.329975
4.3309
4.330925
4.336325
4.341375
4.35095
4.355825
4.373525
4.380475
4.38255
4.383225
4.3868
4.387625
4.401575
4.426925
4.445425
4.466225
4.582425
4.607925
4.6084
4.61535
4.616525
4.62045
4.620875
4.627775
4.6291
4.6503
4.657425
4.66355
4.665675
4.672225
4.6775
4.6891
4.702725
4.722225
4.7242
4.7334
4.7477
4.7572
4.7659
4.814475
4.8195
4.820175
4.82975
4.83345
4.85525
4.8671
4.88325
4.898125
4.906275
4.910375
4.913275
4.916225
4.916625
4.919425
4.91975
4.92245
4.928975
4.93395
4.93705
4.94615
4.97735
4.97925
4.979875
5.012525
5.027425
5.02915
5.051125
5.06355
5.066525
5.069525
5.0761
5.11745
5.123
5.1668
5.2175
5.223725
5.2332
5.24465
5.2625
5.26475
5.26935
5.27115
5.27525
5.288525
5.30345
5.304225
5.308725
5.328725
5.336425
5.3392
5.3778
5.388925
5.4023
5.419175
5.4338
5.47655
5.479
5.495075
5.4966
5.496625
5.50305
5.503225
5.503325
5.508325
5.51955
5.522
5.5435
5.552225
5.56325
5.5678
5.582125
5.597475
5.60835
5.609325
5.613075
5.622475
5.6353
5.6386
5.6399
5.644
5.64995
5.6515
5.674025
5.674575
5.683425
5.69715
5.697875
5.7306
5.752775
5.7813
5.78545
5.79415
5.8005
5.81955
5.829525
5.8472
5.8563
5.8961
5.899325
5.901025
5.914475
5.9207
5.9372
5.943525
5.9449
5.94735
5.968925
6.000025
6.1005
6.107675
6.11405
6.1152
6.117925
6.123975
6.12805
6.13315
6.1584
6.162375
6.176275
6.1796
6.185325
6.186325
6.195025
6.2058
6.208825
6.210825
6.2864
6.28835
6.2995
6.300575
6.316575
6.354725
6.374925
6.412225
6.416275
6.42175
6.4372
6.443325
6.44765
6.4506
6.459175
6.4605
6.49085
6.49185
6.500175
6.503475
6.504575
6.544975
6.556175
6.5702
6.579525
6.5796
6.589925
6.599275
6.613425
6.6215
6.6435
6.7022
6.702875
6.70705
6.7076
6.7194
6.727475
6.73885
6.7446
6.7614
6.7628
6.776225
6.7818
6.7878
6.793375
6.79455
6.80595
6.81195
6.81235
6.815225
6.818575
6.821575
6.834675
6.840125
6.86105
6.86155
6.8682
6.89505
6.901375
6.92075
6.96415
6.9967
7.005275
7.012775
7.03195
7.041075
7.04955
7.06095
7.07925
7.090975
7.104225
7.113325
7.120375
7.121125
7.13845
7.1841
7.1922
7.198125
7.234625
7.2437
7.2468
7.27455
7.2931
7.307475
7.313175
7.314725
7.32375
7.34925
7.350325
7.352425
7.355
7.355625
7.36295
7.369
7.3733
7.376225
7.390275
7.39515
7.40565
7.416225
7.41845
7.425775
7.45705
7.4603
7.4661
7.467275
7.5019
7.549025
7.561425
7.57565
7.602075
7.610775
7.613775
7.615675
7.615925
7.632075
7.644175
7.66325
7.664925
7.6677
7.6701
7.684625
7.693025
7.7061
7.7077
7.714575
7.716075
7.71715
7.723025
7.72495
7.734075
7.74765
7.779825
7.783075
7.79145
7.804225
7.811025
7.81875
7.83105
7.837575
7.87615
7.89075
7.900225
7.912775
7.912875
7.913825
7.916475
7.938125
7.9422
7.95155
7.9532
7.958825
7.97
7.976775
8.01425
8.022725
8.0235
8.0243
8.041525
8.077175
8.091125
8.104225
8.118425
8.118725
8.1215
8.13035
8.13405
8.140625
8.1483
8.184975
8.203175
8.205175
8.20925
8.219325
8.226775
8.234075
8.236825
8.240325
8.241675
8.243825
8.252725
8.269825
8.28355
8.286275
8.29645
8.304925
8.3123
8.312725
8.313375
8.32695
8.337225
8.351625
8.378425
8.3881
8.390375
8.425475
8.446125
8.4573
8.488025
8.505325
8.509025
8.5091
8.5142
8.53455
8.5406
8.541575
8.548675
8.54875
8.559325
8.56855
8.57335
8.57825
8.588025
8.60285
8.606325
8.629125
8.63545
8.655325
8.655825
8.684025
8.798475
8.803825
8.803875
8.819625
8.822025
8.824125
8.830325
8.834475
8.838075
8.848825
8.862575
8.867275
8.8673
8.8708
8.87165
8.894025
8.903575
8.923375
8.923675
8.932625
8.941575
8.942325
8.9493
8.951775
8.956075
8.960925
8.978
8.98285
9.00835
9.0354
9.070375
9.088575
9.096925
780
