0.102325
0.102975
0.109675
0.122775
0.129575
0.129675
0.13395
0.13955
0.149
0.155925
0.181475
0.19895
0.208575
0.211
0.21145
0.220325
0.225375
0.22705
0.247675
0.252025
0.26565
0.27525
0.333625
0.360025
0.374025
0.404175
0.404375
0.41905
0.42365
0.436525
0.43675
0.44455
0.444775
0.44745
0.454175
0.46635
0.4744
0.476475
0.4797
0.51575
0.518125
0.549825
0.557525
0.5783
0.595875
0.605725
0.61875
0.653125
0.685775
0.690325
0.696725
0.7013
0.7047
0.7055
0.71765
0.718325
0.733225
0.746375
0.750925
0.767225
0.768425
0.78205
0.7939
0.7978
0.8081
0.810675
0.815425
0.815775
0.825025
0.825725
0.83395
0.841025
0.865725
0.8731
0.890375
0.8917
0.909125
0.909425
0.932625
0.939925
0.95905
0.968625
0.9871
1.0032
1.00755
1.030275
1.0314
1.039425
1.040725
1.0449
1.047975
1.053325
1.070575
1.07875
1.083975
1.10985
1.142175
1.14845
1.151475
1.165675
1.19085
1.20265
1.218475
1.256575
1.265475
1.29185
1.30375
1.3076
1.310875
1.31815
1.3297
1.33855
1.34075
1.341275
1.342925
1.363425
1.3667
1.369925
1.371625
1.3947
1.3991
1.403175
1.42765
1.434325
1.437575
1.531075
1.54495
1.55535
1.5559
1.55655
1.55795
1.563125
1.566675
1.58225
1.634125
1.652825
1.66615
1.69415
1.69985
1.70805
1.711925
1.712475
1.71345
1.72795
1.744475
1.773775
1.78425
1.793875
1.80225
1.8177
1.910225
1.911975
1.9156
1.915725
1.922925
1.926
1.934525
1.93745
1.9434
1.9499
1.97835
1.97925
1.991375
1.9977
1.998225
2.0027
2.01865
2.021425
2.026725
2.033175
2.0433
2.06235
2.08405
2.090925
2.110275
2.11045
2.12395
2.1739
2.178275
2.19405
2.2004
2.21815
2.220425
2.2229
2.240825
2.244225
2.2445
2.245325
2.2626
2.26835
2.273825
2.283125
2.28595
2.294575
2.2973
2.30535
2.31155
2.335375
2.3619
2.37525
2.380325
2.397625
2.401
2.419075
2.4307
2.49895
2.510125
2.52015
2.5207
2.55445
2.5901
2.62165
2.628075
2.62965
2.65165
2.660325
2.660825
2.662975
2.725825
2.731675
2.756225
2.806875
2.817575
2.819975
2.820725
2.84015
2.840575
2.8426
2.8502
2.8522
2.877825
2.878225
2.8838
2.8853
2.88675
2.892475
2.896025
2.916225
2.92165
2.937325
2.95105
2.9532
2.96715
2.97345
2.984075
3.000175
3.0022
3.022325
3.035625
3.04735
3.050375
3.069
3.087225
3.1
3.113175
3.124525
3.1302
3.165075
3.169925
3.17445
3.215275
3.216375
3.237975
3.26275
3.26595
3.283875
3.314275
3.340625
3.365275
3.380775
3.40175
3.415375
3.422775
3.427725
3.427975
3.435725
3.436125
3.442375
3.446875
3.459575
3.47145
3.4719
3.481375
3.4847
3.4881
3.4907
3.49385
3.502425
3.51875
3.51995
3.5231
3.523475
3.524875
3.529375
3.595175
3.617775
3.633175
3.633525
3.64115
3.70195
3.70395
3.7062
3.710775
3.71185
3.71405
3.7164
3.7287
3.735125
3.745925
3.7475
3.756425
3.773025
3.7789
3.78845
3.80535
3.8224
3.8379
3.8547
3.858225
3.93885
3.9407
3.9745
3.989125
4.002275
4.0094
4.017825
4.0265
4.053475
4.06125
4.069475
4.092725
4.14145
4.1417
4.143925
4.169875
4.193525
4.195625
4.20325
4.230275
4.24045
4.300975
4.307325
4.32355
4.324525
4.325275
4.32595
4.33405
4.3416
4.344775
4.35195
4.366975
4.3761
4.4046
4.40715
4.410725
4.4251
4.4307
4.4397
4.4399
4.454825
4.456125
4.466025
4.487075
4.54105
4.547175
4.582975
4.60145
4.605075
4.613225
4.617425
4.618025
4.63095
4.647175
4.656175
4.65675
4.694075
4.695125
4.698675
4.716775
4.726725
4.742975
4.768975
4.794
4.83785
4.847775
4.86325
4.867025
4.910375
4.91065
4.918825
4.926575
4.931925
4.937
4.941475
4.94785
4.96125
4.977125
4.98475
4.990325
5.0336
5.041575
5.060775
5.067175
5.0696
5.070725
5.101575
5.11365
5.13435
5.1452
5.20015
5.2006
5.206025
5.211275
5.218375
5.242575
5.242825
5.24805
5.269675
5.280775
5.3016
5.308925
5.319075
5.3376
5.362225
5.37735
5.38465
5.390875
5.3925
5.401825
5.447025
5.492825
5.498075
5.505925
5.509025
5.510375
5.542525
5.547325
5.5672
5.572325
5.604325
5.61005
5.61195
5.615625
5.62235
5.647275
5.683125
5.6844
5.694025
5.713675
5.742125
5.7763
5.815725
5.81615
5.83545
5.842325
5.843775
5.851725
5.8524
5.8623
5.865075
5.871225
5.878025
5.899625
5.906325
5.920075
5.940575
5.94195
5.95265
5.969975
6.0278
6.046625
6.08135
6.0951
6.106375
6.110975
6.1238
6.129175
6.1363
6.136825
6.144075
6.14675
6.147375
6.15745
6.171475
6.174725
6.180725
6.186125
6.19465
6.19785
6.20155
6.201875
6.20785
6.2581
6.261475
6.266775
6.323375
6.32465
6.3502
6.371725
6.3928
6.4133
6.422625
6.428225
6.440975
6.441775
6.455975
6.466475
6.472825
6.4828
6.49535
6.495825
6.497025
6.511625
6.52895
6.565775
6.57095
6.57125
6.5814
6.582475
6.58515
6.608625
6.660175
6.715775
6.717225
6.718175
6.72225
6.723725
6.7356
6.7381
6.7383
6.7465
6.74735
6.747825
6.753475
6.763675
6.7696
6.772425
6.7754
6.778475
6.7833
6.795825
6.798625
6.805825
6.818
6.8276
6.8306
6.835975
6.849275
6.8651
6.888625
6.922475
6.933
6.943675
6.984375
7.002225
7.006275
7.0065
7.00905
7.0155
7.0321
7.048475
7.051275
7.140125
7.1417
7.14445
7.1596
7.187425
7.214875
7.23395
7.2407
7.2514
7.269875
7.2992
7.305175
7.31005
7.3166
7.3175
7.321
7.3234
7.332725
7.336775
7.337625
7.347675
7.3634
7.3723
7.3728
7.376825
7.38545
7.3897
7.391925
7.40635
7.407875
7.429675
7.430075
7.449725
7.460475
7.4681
7.490525
7.493025
7.5641
7.58985
7.590525
7.60365
7.611825
7.613775
7.614125
7.623925
7.63315
7.63365
7.6347
7.6353
7.65855
7.66475
7.681475
7.6835
7.6963
7.726275
7.751225
7.75665
7.7615
7.7884
7.7903
7.795375
7.846325
7.8477
7.8813
7.90045
7.9079
7.91025
7.92005
7.9237
7.9264
7.933625
7.934325
7.944275
7.970875
7.9718
7.983125
7.9832
7.99455
7.996325
8.0265
8.055525
8.05945
8.0628
8.0823
8.0972
8.1007
8.119875
8.180425
8.19535
8.202225
8.20275
8.2361
8.2365
8.237125
8.2447
8.246225
8.253075
8.260425
8.275675
8.280725
8.2922
8.32775
8.328675
8.35805
8.364675
8.4302
8.476775
8.51575
8.5228
8.52335
8.53285
8.535325
8.53555
8.5421
8.547825
8.55775
8.563475
8.570425
8.57075
8.58425
8.5981
8.604825
8.617725
8.6189
8.6359
8.6423
8.6526
8.656075
8.658
8.66255
8.6675
8.69495
8.70505
8.70955
8.70985
8.714425
8.7162
8.7173
8.7216
8.7227
8.737875
8.747725
8.7632
8.802025
8.803725
8.807875
8.830175
8.835025
8.836525
8.838425
8.840575
8.8417
8.8429
8.845775
8.847875
8.864075
8.876775
8.88555
8.887925
8.88955
8.890225
8.898025
8.90645
8.918625
8.9224
8.946325
8.95365
8.980775
8.986975
9.007575
9.033425
9.038725
9.097775
735
