0.1071
0.1079
0.113225
0.11475
0.1184
0.1318
0.15865
0.160075
0.16115
0.179425
0.18455
0.188475
0.20055
0.203275
0.207325
0.210925
0.221225
0.269725
0.2952
0.3114
0.340725
0.397625
0.40115
0.4012
0.40305
0.417675
0.42145
0.431775
0.438275
0.446175
0.45355
0.472625
0.484725
0.485325
0.48785
0.493875
0.49625
0.513075
0.517375
0.5177
0.529075
0.5448
0.5546
0.562675
0.569675
0.60885
0.6167
0.62975
0.710775
0.72585
0.75535
0.7599
0.765175
0.782175
0.7829
0.788525
0.793275
0.808075
0.8163
0.836725
0.843425
0.859525
0.861725
0.86795
0.901225
0.90305
0.91675
0.92575
0.95955
0.966325
1.001175
1.006
1.008125
1.01095
1.0208
1.0447
1.050275
1.051375
1.074575
1.079525
1.089425
1.0929
1.14885
1.1764
1.208125
1.21155
1.215175
1.243075
1.254375
1.300325
1.316175
1.32405
1.3394
1.352325
1.356775
1.35835
1.366875
1.370425
1.371725
1.373775
1.380525
1.3904
1.39245
1.402025
1.403525
1.42325
1.4288
1.43515
1.450275
1.46505
1.48135
1.52225
1.5315
1.537875
1.559675
1.600575
1.6018
1.6058
1.611375
1.612675
1.614125
1.6153
1.621225
1.629575
1.635
1.636775
1.643675
1.6508
1.653225
1.66755
1.669475
1.670625
1.6919
1.701775
1.71135
1.731325
1.74165
1.752475
1.756775
1.758975
1.779825
1.784475
1.797375
1.8118
1.81205
1.85965
1.9004
1.907625
1.922225
1.922375
1.92455
1.92575
1.936675
1.938125
1.93915
1.940425
1.987025
2.009625
2.0097
2.0111
2.052425
2.071725
2.10585
2.11235
2.1185
2.155525
2.157
2.171
2.20185
2.2079
2.2137
2.214175
2.21775
2.2197
2.220075
2.2319
2.236675
2.24875
2.249025
2.270575
2.276125
2.27995
2.29545
2.302775
2.303775
2.3218
2.3331
2.340925
2.357525
2.368675
2.411775
2.4193
2.430075
2.438875
2.486475
2.501725
2.5154
2.5292
2.54005
2.54245
2.555775
2.5635
2.58425
2.58465
2.599675
2.603625
2.606425
2.60985
2.629525
2.6379
2.662075
2.6688
2.719575
2.730375
2.744075
2.766025
2.7774
2.7907
2.804225
2.817075
2.8178
2.8243
2.82515
2.834825
2.83625
2.836925
2.862
2.865875
2.872475
2.899275
2.9155
2.92325
2.960825
2.972825
2.98345
2.989925
2.9935
3.01665
3.033525
3.049925
3.076225
3.10865
3.11125
3.115825
3.117075
3.1203
3.1256
3.12845
3.129925
3.135475
3.142725
3.143
3.163075
3.1848
3.18585
3.1947
3.19905
3.20175
3.205775
3.20805
3.213325
3.218825
3.223425
3.23555
3.250825
3.261775
3.2705
3.2808
3.3037
3.305775
3.40085
3.40135
3.402625
3.40595
3.40645
3.4075
3.422225
3.43245
3.44955
3.452
3.45265
3.4528
3.45405
3.45535
3.45895
3.4609
3.4635
3.478675
3.4932
3.508
3.5137
3.525475
3.546875
3.575075
3.586775
3.587125
3.608025
3.6433
3.66215
3.67965
3.705725
3.710475
3.718225
3.727325
3.7381
3.741375
3.7416
3.744425
3.747875
3.749275
3.754575
3.76085
3.76295
3.772825
3.773125
3.787225
3.789725
3.7931
3.811675
3.83015
3.831325
3.83445
3.851825
3.88345
3.891625
3.916275
3.936275
3.992775
4.00225
4.0043
4.0061
4.0086
4.024975
4.032375
4.0374
4.04035
4.0604
4.063675
4.0765
4.0982
4.105075
4.1053
4.1064
4.112375
4.117825
4.125175
4.127225
4.148375
4.16195
4.187775
4.190375
4.1935
4.218825
4.2348
4.307375
4.3098
4.3101
4.315775
4.316625
4.3344
4.334875
4.3471
4.349225
4.350075
4.350875
4.36005
4.37505
4.400025
4.4011
4.4039
4.4052
4.41475
4.419575
4.42135
4.434375
4.45225
4.466775
4.47515
4.48875
4.490975
4.492125
4.526275
4.5349
4.575775
4.6062
4.609475
4.6103
4.61675
4.62125
4.633575
4.640825
4.6669
4.667675
4.674475
4.6769
4.7071
4.723975
4.72895
4.733475
4.75175
4.8103
4.815825
4.817775
4.820575
4.83225
4.8415
4.894
4.911475
4.91595
4.926475
4.9297
4.9327
4.932825
4.93475
4.93565
4.93855
4.9403
4.961325
4.975875
4.9773
4.98055
4.99895
5.012525
5.019875
5.02275
5.025325
5.036725
5.10555
5.109925
5.116125
5.14415
5.157425
5.175675
5.183525
5.186875
5.189225
5.223675
5.224525
5.225775
5.2536
5.255475
5.256075
5.26715
5.276525
5.28475
5.305975
5.315175
5.323675
5.334975
5.3354
5.3431
5.356025
5.362525
5.36665
5.36725
5.379725
5.385625
5.387275
5.39715
5.4035
5.408325
5.43105
5.461875
5.490375
5.5003
5.51195
5.515325
5.52765
5.52905
5.5369
5.546925
5.553275
5.5617
5.56315
5.5724
5.57405
5.6142
5.62555
5.6299
5.633225
5.6514
5.6752
5.681
5.70645
5.719975
5.752375
5.755175
5.760575
5.8
5.803375
5.811725
5.8268
5.827975
5.829875
5.83015
5.833725
5.8415
5.84355
5.853975
5.869075
5.877275
5.879925
5.903225
5.907625
5.9163
5.92075
5.94275
5.94315
5.96835
6.03635
6.044675
6.0468
6.04865
6.078325
6.102525
6.1072
6.116775
6.11795
6.1182
6.121225
6.14045
6.146825
6.147175
6.169675
6.1699
6.18695
6.201875
6.20295
6.214475
6.230325
6.2321
6.2339
6.23395
6.245225
6.2907
6.305775
6.37765
6.385325
6.408175
6.41805
6.41855
6.422425
6.43145
6.434775
6.448475
6.449925
6.45465
6.470225
6.476175
6.47825
6.497125
6.500725
6.504125
6.5134
6.513525
6.5233
6.563525
6.5677
6.56795
6.61815
6.626625
6.651575
6.65435
6.675375
6.688025
6.692125
6.7061
6.70645
6.7092
6.730675
6.7383
6.7502
6.76885
6.837825
6.85255
6.860225
6.897375
6.9346
6.95675
7.001025
7.0011
7.00705
7.008225
7.0146
7.0173
7.038625
7.046975
7.051225
7.0615
7.066575
7.067025
7.067675
7.06945
7.100525
7.10955
7.12645
7.138675
7.1732
7.188375
7.189225
7.191425
7.230875
7.23555
7.25465
7.29785
7.30565
7.32305
7.337
7.349975
7.35325
7.374725
7.3769
7.3832
7.393325
7.4099
7.426575
7.443175
7.4497
7.4548
7.46075
7.466175
7.503225
7.5236
7.531
7.541725
7.572775
7.591675
7.608575
7.610275
7.61095
7.61185
7.622425
7.626075
7.635575
7.6574
7.685
7.693725
7.695375
7.698675
7.710625
7.712975
7.717025
7.73025
7.73655
7.73715
7.748325
7.760975
7.768125
7.80205
7.8573
7.8897
7.903825
7.914775
7.91945
7.92925
7.9296
7.935625
7.937075
7.93975
7.960475
7.9614
7.963025
7.964325
7.979575
7.9845
7.99205
8.000475
8.02575
8.034925
8.044325
8.04995
8.0633
8.074075
8.087975
8.093425
8.193325
8.203025
8.203375
8.21005
8.216
8.218875
8.22895
8.229175
8.2371
8.2589
8.261625
8.262025
8.279625
8.333475
8.36045
8.366275
8.4094
8.418
8.432975
8.438975
8.448925
8.4742
8.484225
8.484625
8.5041
8.50445
8.509525
8.513
8.513475
8.5135
8.522925
8.523125
8.524775
8.5259
8.5327
8.539
8.54
8.575175
8.578275
8.590775
8.59755
8.598925
8.6064
8.616475
8.632525
8.675925
8.7084
8.745575
8.80075
8.800975
8.8115
8.81765
8.8178
8.81855
8.81875
8.819425
8.82345
8.828825
8.830825
8.833025
8.8428
8.84815
8.857275
8.863975
8.8695
8.87505
8.87925
8.8824
8.8851
8.89925
8.94015
8.953725
8.97305
8.97385
9.003925
9.006125
9.0216
9.0393
9.04175
9.052175
9.0814
9.08625
757
