0.100525
0.1039
0.10635
0.106575
0.1113
0.116025
0.11735
0.125725
0.130325
0.13205
0.13215
0.1472
0.156
0.1628
0.163925
0.165475
0.17835
0.18245
0.2036
0.20745
0.228375
0.2339
0.2471
0.2521
0.252775
0.273375
0.297175
0.31445
0.321075
0.346675
0.37595
0.406925
0.4289
0.434875
0.4396
0.4486
0.4491
0.450925
0.45725
0.4579
0.459475
0.4656
0.4687
0.477375
0.5052
0.50845
0.5194
0.521825
0.564825
0.58095
0.616375
0.619325
0.630225
0.639475
0.664425
0.665975
0.666275
0.668575
0.687725
0.69855
0.714775
0.7148
0.726825
0.740375
0.7502
0.751625
0.754025
0.7555
0.765375
0.770475
0.776525
0.785275
0.793425
0.814575
0.8154
0.84265
0.85225
0.858375
0.8716
0.8912
0.901875
0.909025
0.91325
0.94345
0.948075
0.959925
0.98085
1.0022
1.0248
1.03245
1.038675
1.04045
1.04315
1.049
1.0493
1.054025
1.061925
1.0667
1.083975
1.096675
1.1048
1.108475
1.11275
1.141675
1.1435
1.18585
1.24515
1.300775
1.30465
1.310925
1.314125
1.3244
1.326625
1.3292
1.3323
1.334225
1.3477
1.3531
1.3598
1.36835
1.36995
1.373875
1.375075
1.37955
1.4127
1.4207
1.473675
1.480475
1.49225
1.497925
1.500425
1.5181
1.5264
1.526975
1.5346
1.536025
1.60215
1.611225
1.63005
1.6305
1.6353
1.639925
1.64315
1.65095
1.65275
1.69785
1.700725
1.709175
1.735
1.75965
1.779275
1.82365
1.8288
1.8374
1.87345
1.888325
1.901875
1.908675
1.9144
1.9164
1.925625
1.9297
1.933675
1.9353
1.944975
1.9599
1.966325
1.96825
1.988425
2.00645
2.01215
2.014525
2.024325
2.064925
2.0877
2.097125
2.1016
2.102275
2.113175
2.137375
2.216
2.220375
2.2226
2.2242
2.22445
2.23255
2.23775
2.2399
2.25345
2.27845
2.305525
2.312825
2.31645
2.3542
2.355925
2.3763
2.379175
2.399725
2.417275
2.432175
2.44525
2.452075
2.456075
2.463075
2.47575
2.476625
2.491975
2.50145
2.51375
2.515025
2.51595
2.5278
2.531525
2.53555
2.539775
2.541525
2.5513
2.564575
2.564925
2.57355
2.589625
2.5984
2.598975
2.60225
2.606625
2.62945
2.63555
2.641575
2.646825
2.662725
2.686425
2.69105
2.699625
2.8021
2.817925
2.82075
2.829875
2.834025
2.8398
2.8443
2.8467
2.850225
2.852375
2.852975
2.860925
2.861525
2.87775
2.88055
2.89965
2.9014
2.911925
2.91455
2.92805
2.935975
2.9467
2.96505
2.976225
2.990525
2.991025
3.000575
3.015775
3.017075
3.02215
3.105575
3.107125
3.125875
3.130775
3.14485
3.1452
3.148875
3.1591
3.162825
3.167625
3.17435
3.1816
3.182725
3.1913
3.1938
3.197
3.2116
3.21165
3.221275
3.223425
3.228775
3.2321
3.23545
3.255325
3.256925
3.25715
3.28685
3.28785
3.311575
3.321075
3.3277
3.331875
3.37515
3.39975
3.404625
3.4057
3.410225
3.410525
3.420675
3.421775
3.441475
3.454675
3.459275
3.471225
3.488075
3.48955
3.49
3.5019
3.504575
3.515075
3.54995
3.559825
3.6621
3.669475
3.6943
3.700725
3.715325
3.718675
3.72005
3.7232
3.746525
3.7561
3.760025
3.773925
3.774425
3.7782
3.79025
3.791875
3.805275
3.83005
3.830525
3.831425
3.839225
3.8427
3.843625
3.852125
3.877925
3.9104
3.9119
3.93715
3.964725
4.003625
4.01645
4.017875
4.020825
4.026375
4.027925
4.02855
4.03595
4.036375
4.039075
4.04155
4.050625
4.0542
4.05515
4.06845
4.074875
4.075925
4.084925
4.0862
4.100825
4.1099
4.113575
4.114725
4.1162
4.118625
4.1195
4.133875
4.164875
4.1916
4.215025
4.217625
4.271225
4.30675
4.307725
4.3093
4.3122
4.363075
4.372525
4.373375
4.4257
4.4316
4.468675
4.504525
4.5358
4.575075
4.5801
4.60205
4.62075
4.624425
4.629
4.63535
4.656
4.658525
4.667625
4.676025
4.696225
4.704225
4.70485
4.709075
4.7196
4.72335
4.726375
4.7693
4.770925
4.775725
4.779375
4.7874
4.805475
4.8099
4.824925
4.8423
4.934425
4.9359
4.939675
4.946775
4.948425
4.96115
4.961775
4.975425
4.975675
4.985325
4.994475
5.005575
5.01515
5.025
5.031075
5.051175
5.0567
5.07365
5.0747
5.0922
5.1091
5.109375
5.1217
5.14645
5.15225
5.167925
5.188025
5.201625
5.220725
5.22995
5.231675
5.23515
5.23745
5.2391
5.242
5.25945
5.2596
5.264675
5.26755
5.2687
5.2749
5.324575
5.33875
5.3725
5.37755
5.380175
5.389175
5.464175
5.4969
5.5092
5.518175
5.5202
5.52175
5.523
5.5264
5.536325
5.554125
5.55615
5.56325
5.56515
5.565475
5.566525
5.571
5.613075
5.6231
5.6389
5.655825
5.66835
5.676675
5.679675
5.710425
5.718
5.718575
5.72345
5.728025
5.738325
5.771525
5.778925
5.794925
5.803375
5.8096
5.81545
5.816275
5.819825
5.8228
5.82515
5.8269
5.844775
5.84885
5.8508
5.85485
5.8886
5.89375
5.915125
5.918625
5.92835
5.932275
5.937
5.94875
6.01475
6.0212
6.02865
6.036
6.07895
6.095475
6.10345
6.10515
6.109925
6.119125
6.135125
6.137925
6.15845
6.163625
6.164275
6.1782
6.179525
6.181675
6.185125
6.18725
6.187975
6.19055
6.2183
6.2361
6.23625
6.2574
6.2612
6.271475
6.28585
6.295725
6.300925
6.311775
6.3309
6.34785
6.37675
6.405
6.405625
6.406525
6.4083
6.40995
6.412175
6.413225
6.42485
6.4403
6.45215
6.45255
6.45835
6.4619
6.477725
6.494275
6.4955
6.4989
6.507775
6.509575
6.51825
6.52255
6.540125
6.540475
6.570675
6.57595
6.6042
6.6194
6.6327
6.643725
6.663575
6.67175
6.678075
6.686225
6.6953
6.7048
6.713275
6.720775
6.75595
6.76145
6.77785
6.822525
6.827525
6.83745
6.83835
6.85535
6.880725
6.908725
6.910075
6.93405
6.956375
6.98005
6.9976
7.01375
7.040775
7.048725
7.0636
7.069
7.070825
7.0782
7.083675
7.084875
7.085675
7.110525
7.1121
7.160475
7.161275
7.174225
7.181725
7.19085
7.21165
7.21375
7.214525
7.3058
7.315
7.31765
7.318425
7.3195
7.319525
7.322425
7.324975
7.329675
7.344275
7.3624
7.382775
7.3855
7.423925
7.440625
7.453825
7.47545
7.478475
7.494075
7.496025
7.5106
7.5369
7.56265
7.575925
7.5768
7.593575
7.603825
7.61015
7.61465
7.622175
7.636625
7.654175
7.664325
7.67025
7.6845
7.691325
7.71035
7.736125
7.741125
7.744475
7.757625
7.764375
7.783125
7.805225
7.815375
7.85395
7.90135
7.904875
7.912
7.913475
7.930175
7.932075
7.93225
7.93285
7.941725
7.9704
7.980175
8.0014
8.0061
8.01245
8.029275
8.03355
8.036775
8.0431
8.04415
8.047125
8.0476
8.051175
8.0542
8.0891
8.10065
8.10455
8.10575
8.108875
8.1104
8.113825
8.1176
8.11995
8.12715
8.1395
8.175675
8.201425
8.21415
8.2181
8.22185
8.2243
8.224825
8.22505
8.242875
8.244525
8.2581
8.2694
8.2899
8.29985
8.306425
8.353925
8.3546
8.358675
8.3608
8.380575
8.3859
8.3881
8.401
8.40845
8.42465
8.4318
8.452425
8.458775
8.466675
8.503375
8.503875
8.50405
8.513825
8.51455
8.519325
8.545375
8.56215
8.564625
8.57915
8.58205
8.5926
8.598975
8.622375
8.626925
8.63265
8.6575
8.657575
8.66085
8.66235
8.670475
8.672875
8.682725
8.71095
8.720125
8.752625
8.754425
8.761625
8.785075
8.817925
8.821075
8.823125
8.829
8.851775
8.8596
8.87165
8.90145
8.90935
8.912325
8.9173
8.9214
8.933225
8.933625
8.944475
8.962075
8.97775
8.98695
8.998825
9.020075
9.02685
9.04565
9.051875
9.054525
783
