0.1056
0.1191
0.120375
0.12125
0.1241
0.130125
0.130825
0.14135
0.14745
0.1477
0.147975
0.161575
0.166375
0.186275
0.203075
0.22755
0.237075
0.239725
0.255275
0.26595
0.2769
0.27775
0.3322
0.347675
0.350175
0.36055
0.3636
0.397625
0.40155
0.40955
0.41475
0.415
0.4199
0.422475
0.4239
0.42825
0.438025
0.446875
0.4509
0.455575
0.45585
0.4631
0.465025
0.47835
0.484275
0.543
0.54755
0.56835
0.626025
0.627
0.63375
0.654575
0.67685
0.68635
0.7071
0.707925
0.714675
0.727825
0.7314
0.75525
0.7791
0.786225
0.787
0.789325
0.797075
0.8048
0.82165
0.825575
0.8426
0.84305
0.84835
0.861425
0.868275
0.89715
0.90165
0.9287
1.00075
1.008575
1.016275
1.02205
1.033
1.0422
1.050275
1.05135
1.058
1.063675
1.087475
1.0927
1.10965
1.12115
1.129625
1.15395
1.20885
1.21285
1.22595
1.27865
1.308325
1.31105
1.32015
1.3242
1.330625
1.33515
1.33995
1.341075
1.349775
1.360825
1.36945
1.37255
1.3886
1.3945
1.3972
1.4104
1.459925
1.50255
1.51385
1.543725
1.5917
1.604275
1.61795
1.625425
1.647175
1.649475
1.65365
1.6729
1.6793
1.679625
1.680425
1.688925
1.6948
1.69535
1.725375
1.7346
1.737325
1.7405
1.759825
1.7653
1.796975
1.80015
1.8079
1.81155
1.83175
1.8457
1.877675
1.908275
1.91975
1.925375
1.9278
1.93595
1.9403
1.95765
1.98295
2.009025
2.02505
2.026375
2.03875
2.0503
2.05985
2.0648
2.080575
2.090525
2.1044
2.10725
2.141625
2.188125
2.2009
2.204925
2.207225
2.21295
2.219075
2.2211
2.224775
2.227725
2.23295
2.24925
2.250875
2.252
2.256425
2.2657
2.274075
2.280925
2.293725
2.303275
2.32025
2.33195
2.331975
2.33715
2.348575
2.366575
2.371525
2.375025
2.38505
2.390475
2.3912
2.416775
2.4325
2.432625
2.4483
2.4643
2.470725
2.5197
2.5244
2.531775
2.538575
2.545
2.5472
2.549675
2.55
2.56
2.56185
2.56505
2.586225
2.586375
2.586575
2.5934
2.5941
2.618925
2.62665
2.636825
2.64715
2.6535
2.6565
2.660975
2.673
2.68445
2.6931
2.7368
2.741575
2.7479
2.756275
2.7667
2.77155
2.804725
2.8106
2.8308
2.832425
2.833975
2.84845
2.8495
2.85105
2.856275
2.857
2.876425
2.898425
2.9191
2.93025
2.931025
2.952825
2.956275
2.969025
3.012075
3.03625
3.040175
3.065425
3.093775
3.0983
3.11745
3.119625
3.129275
3.129975
3.132525
3.141625
3.141675
3.153375
3.153875
3.156325
3.167175
3.187275
3.19675
3.20265
3.2035
3.2196
3.22105
3.22555
3.24235
3.250775
3.269175
3.286625
3.29025
3.301825
3.309675
3.35035
3.4049
3.41345
3.416275
3.421475
3.425925
3.4324
3.437475
3.440975
3.4439
3.444325
3.4637
3.463975
3.4742
3.4867
3.48915
3.490375
3.517675
3.528625
3.532375
3.54195
3.5537
3.56725
3.58215
3.583825
3.585725
3.5919
3.630925
3.634625
3.6416
3.663625
3.701875
3.707625
3.718525
3.7196
3.721775
3.73
3.744875
3.74995
3.75315
3.756
3.76195
3.7795
3.79185
3.8062
3.82745
3.834375
3.849725
3.88365
3.904025
3.924
3.940775
3.985025
4.001475
4.009025
4.0116
4.01665
4.028325
4.051875
4.053175
4.061525
4.063325
4.072025
4.077225
4.11425
4.11475
4.121625
4.121825
4.135
4.14295
4.1436
4.1503
4.156725
4.1776
4.19165
4.230675
4.24535
4.268
4.29205
4.3334
4.33955
4.34065
4.341825
4.34295
4.349275
4.35375
4.362175
4.372875
4.378125
4.3952
4.39645
4.404575
4.40965
4.42235
4.42845
4.4336
4.440825
4.44295
4.44675
4.46815
4.474525
4.49325
4.4975
4.534875
4.5352
4.542125
4.5562
4.57385
4.58315
4.6042
4.61315
4.62675
4.6276
4.636625
4.642175
4.6523
4.657475
4.6579
4.661
4.66225
4.662725
4.6921
4.7101
4.713775
4.714125
4.720475
4.73005
4.772375
4.80205
4.8146
4.81525
4.8373
4.84335
4.850475
4.906825
4.907775
4.951525
4.952325
4.9794
4.995425
5.006675
5.01715
5.0189
5.03055
5.031
5.042025
5.09085
5.092425
5.099175
5.1465
5.205675
5.20945
5.225075
5.2329
5.2513
5.254675
5.282175
5.2905
5.29115
5.2921
5.31165
5.315675
5.343675
5.360225
5.38285
5.389175
5.3943
5.41205
5.419875
5.435475
5.4358
5.4676
5.488275
5.493275
5.51155
5.519175
5.5203
5.535175
5.544075
5.559125
5.567875
5.56865
5.570925
5.571075
5.581475
5.58845
5.5921
5.593075
5.60315
5.615575
5.6371
5.64025
5.6908
5.693075
5.706575
5.727
5.73875
5.753125
5.785725
5.80005
5.8027
5.80555
5.80815
5.81685
5.8252
5.829325
5.864025
5.876725
5.882925
5.885925
5.89985
5.903425
5.91555
5.9226
5.930925
5.945025
5.949875
5.9582
5.961275
5.962725
5.97255
5.9766
5.979375
5.99065
5.9938
5.994775
6.0294
6.06225
6.0677
6.0767
6.0798
6.118325
6.128475
6.129925
6.134175
6.144775
6.147575
6.157625
6.18095
6.197125
6.2103
6.215275
6.220275
6.22265
6.24555
6.25875
6.279425
6.286625
6.3125
6.361125
6.403175
6.406675
6.410425
6.41525
6.41595
6.420075
6.4204
6.420525
6.430875
6.437225
6.44905
6.45165
6.453825
6.459775
6.461425
6.46875
6.469825
6.476325
6.49435
6.4952
6.538825
6.54135
6.5421
6.5742
6.577825
6.57975
6.604725
6.62065
6.6878
6.68985
6.708375
6.721625
6.72745
6.730025
6.73635
6.737675
6.768025
6.7787
6.7811
6.7829
6.78685
6.789925
6.7935
6.815775
6.8202
6.8338
6.83655
6.84005
6.844925
6.855125
6.868275
6.8856
6.886575
6.897675
6.905875
6.928825
6.937175
6.939575
6.951175
7.00245
7.0065
7.006825
7.00705
7.0089
7.00895
7.010525
7.018075
7.027175
7.03115
7.0326
7.042625
7.0445
7.05435
7.0573
7.064475
7.081975
7.114925
7.12105
7.124875
7.125325
7.1329
7.153725
7.17
7.1705
7.19475
7.19745
7.200525
7.211625
7.2489
7.251725
7.264875
7.3011
7.312125
7.325975
7.334775
7.33745
7.3425
7.354125
7.355475
7.35745
7.35835
7.378325
7.417075
7.4187
7.4345
7.446
7.45575
7.496625
7.5098
7.55915
7.595075
7.61705
7.619525
7.636425
7.647425
7.65385
7.655875
7.6767
7.713075
7.718725
7.7222
7.737975
7.740025
7.743425
7.744325
7.752825
7.774125
7.783825
7.87585
7.8955
7.91215
7.917
7.918125
7.920775
7.9217
7.932925
7.932975
7.9575
7.96645
7.98125
7.988225
7.99525
8.0398
8.05525
8.07305
8.07915
8.081975
8.097875
8.1381
8.17435
8.200775
8.20265
8.20515
8.2132
8.213425
8.213975
8.218825
8.21895
8.226675
8.2388
8.241275
8.24395
8.245675
8.2457
8.26015
8.2724
8.284775
8.2917
8.30525
8.3195
8.320075
8.3296
8.33865
8.3437
8.350825
8.352425
8.35515
8.358425
8.362675
8.365475
8.369075
8.377375
8.381225
8.382575
8.424575
8.424825
8.42995
8.4764
8.49305
8.507025
8.5149
8.51855
8.5234
8.54005
8.542525
8.5466
8.5496
8.5652
8.5662
8.602025
8.6081
8.61385
8.64775
8.658725
8.663225
8.664425
8.665825
8.667325
8.66775
8.68135
8.68855
8.699
8.71905
8.793925
8.796025
8.798675
8.80015
8.803525
8.804625
8.805925
8.80665
8.8072
8.82365
8.824625
8.830925
8.834725
8.839525
8.848475
8.8542
8.857675
8.862625
8.864325
8.87385
8.89655
8.8976
8.89845
8.904175
8.90615
8.94095
8.945875
9.00055
9.0025
9.022425
9.034075
9.081925
775
