0.10155
0.103525
0.10405
0.105
0.1072
0.108275
0.119575
0.122225
0.124725
0.129075
0.1308
0.130825
0.136625
0.1499
0.168625
0.177525
0.182925
0.184725
0.185325
0.201325
0.204725
0.232025
0.236775
0.26625
0.287925
0.312925
0.341375
0.343325
0.391775
0.395975
0.4033
0.403575
0.4061
0.406975
0.41065
0.4185
0.4262
0.432
0.466
0.477375
0.50925
0.5236
0.5293
0.529725
0.542175
0.590575
0.613025
0.6145
0.615525
0.64975
0.658175
0.669475
0.6996
0.703025
0.712025
0.7152
0.71845
0.7267
0.73195
0.734675
0.751
0.751175
0.754125
0.76395
0.775425
0.776775
0.778175
0.7814
0.784575
0.80565
0.809275
0.8169
0.833475
0.847675
0.858175
0.864075
0.867875
0.869025
0.871
0.902275
0.907475
1.01545
1.01605
1.01735
1.021175
1.030325
1.030475
1.032125
1.034975
1.037725
1.038425
1.040275
1.05885
1.061225
1.0681
1.0695
1.07125
1.080025
1.0811
1.092225
1.095625
1.105525
1.115725
1.11645
1.130775
1.16885
1.170125
1.175725
1.2178
1.232225
1.24275
1.252475
1.31325
1.315425
1.3229
1.349825
1.352825
1.36415
1.36735
1.378425
1.38035
1.3814
1.385025
1.3852
1.391925
1.4135
1.4397
1.45135
1.45795
1.464325
1.473125
1.48415
1.51035
1.52805
1.5342
1.54635
1.562325
1.59265
1.599975
1.611575
1.614
1.62645
1.6292
1.6398
1.64235
1.6512
1.658775
1.696025
1.6967
1.6987
1.7188
1.73175
1.73625
1.741325
1.756675
1.765925
1.7901
1.804225
1.815375
1.8264
1.826925
1.828975
1.889975
1.89235
1.90695
1.909025
1.9097
1.911925
1.91705
1.925525
1.9457
1.948425
1.95265
1.953925
1.9609
1.96685
1.9746
1.991875
1.992325
1.9992
2.011475
2.0182
2.022925
2.03535
2.03915
2.0545
2.058425
2.091375
2.0939
2.09465
2.1131
2.130325
2.1674
2.17075
2.2064
2.208775
2.213425
2.213475
2.21585
2.222075
2.22575
2.2362
2.2475
2.2532
2.257675
2.25825
2.2606
2.2704
2.272
2.286825
2.286975
2.29725
2.303325
2.3048
2.3118
2.320075
2.322125
2.3298
2.337275
2.35565
2.37895
2.386275
2.405125
2.411525
2.448825
2.475
2.492525
2.4942
2.5033
2.513825
2.517275
2.5211
2.54715
2.5603
2.56645
2.575675
2.5847
2.5986
2.624175
2.63465
2.67145
2.6725
2.68105
2.6866
2.69965
2.7168
2.735725
2.7507
2.800625
2.8083
2.81545
2.816025
2.818425
2.82825
2.828725
2.8567
2.857975
2.87825
2.882025
2.9129
2.921325
2.924075
2.931825
2.93625
3.030525
3.0442
3.1018
3.10195
3.1129
3.113875
3.114625
3.115025
3.117775
3.11845
3.130875
3.131025
3.1344
3.14415
3.15405
3.1558
3.15655
3.171
3.181975
3.2136
3.216325
3.220475
3.2206
3.247075
3.251475
3.270375
3.282725
3.337925
3.37505
3.40635
3.4126
3.43295
3.433075
3.460475
3.46145
3.47085
3.47355
3.475175
3.50635
3.510775
3.517325
3.51845
3.519975
3.525725
3.531
3.532875
3.5332
3.5403
3.5584
3.560275
3.584225
3.611375
3.655925
3.68215
3.70315
3.703775
3.70825
3.70915
3.71355
3.717325
3.727075
3.728525
3.730875
3.732125
3.7433
3.7586
3.768025
3.77335
3.80595
3.80665
3.8335
3.836125
3.843725
3.844475
3.8586
3.8691
3.89675
3.945925
3.967675
3.9753
3.977775
3.988825
4.005675
4.01005
4.013075
4.013675
4.014725
4.0152
4.015925
4.0204
4.022275
4.02325
4.03595
4.037025
4.037475
4.0461
4.053
4.053425
4.055175
4.057225
4.0578
4.063375
4.063625
4.0654
4.06795
4.074025
4.0902
4.115875
4.12325
4.126775
4.138
4.140375
4.151225
4.15535
4.167425
4.18365
4.1866
4.194575
4.197475
4.22935
4.240075
4.26275
4.2648
4.281375
4.296125
4.301175
4.301775
4.30265
4.319975
4.328425
4.330725
4.330975
4.34225
4.358375
4.359675
4.3619
4.36505
4.36675
4.375275
4.382725
4.399525
4.403225
4.406025
4.41165
4.4132
4.415675
4.4354
4.45095
4.46635
4.4791
4.4899
4.491975
4.5356
4.545475
4.57445
4.581975
4.584575
4.601375
4.6037
4.604125
4.610225
4.616525
4.6167
4.61675
4.621025
4.624075
4.632525
4.64065
4.642525
4.65145
4.6607
4.664625
4.681475
4.691675
4.693325
4.700875
4.706425
4.713075
4.741575
4.7569
4.765125
4.773725
4.796075
4.79865
4.816025
4.829075
4.84115
4.8425
4.865775
4.9045
4.908425
4.91095
4.91305
4.913125
4.917675
4.918925
4.9336
4.9502
4.957775
4.972725
4.98915
4.98985
4.999375
5.0126
5.014675
5.023875
5.02955
5.0322
5.041225
5.0961
5.155825
5.175675
5.182075
5.2006
5.201225
5.20205
5.204425
5.204475
5.210125
5.211725
5.212825
5.2192
5.219275
5.231325
5.2318
5.23515
5.237175
5.23935
5.24505
5.2486
5.25
5.253175
5.2609
5.261125
5.266675
5.27455
5.2806
5.283675
5.3103
5.31965
5.332075
5.335825
5.34485
5.367025
5.37025
5.391325
5.43895
5.44925
5.486375
5.50735
5.5114
5.51345
5.51675
5.5173
5.5224
5.522975
5.5245
5.534975
5.543425
5.56745
5.57505
5.5786
5.601975
5.605575
5.611
5.61395
5.617875
5.627325
5.63065
5.659475
5.700025
5.716975
5.7954
5.8053
5.80645
5.815725
5.818275
5.831525
5.8336
5.84355
5.847275
5.86245
5.8701
5.874075
5.876775
5.880425
5.940175
5.94795
5.96225
5.9677
5.97495
5.9838
5.984375
5.999125
6.0548
6.1037
6.133575
6.1377
6.14265
6.1546
6.157725
6.1831
6.193675
6.20115
6.20445
6.22075
6.22645
6.22855
6.240025
6.26665
6.273175
6.273775
6.287075
6.29685
6.361225
6.404275
6.405
6.405275
6.406525
6.4219
6.430275
6.44075
6.44115
6.44315
6.4484
6.450075
6.47355
6.501625
6.527675
6.529275
6.54605
6.5469
6.548925
6.562075
6.56345
6.5636
6.565975
6.60005
6.600525
6.600925
6.6303
6.64685
6.6592
6.660075
6.673725
6.689325
6.700075
6.7013
6.704925
6.70885
6.711875
6.71335
6.71355
6.7194
6.723775
6.729275
6.74415
6.74975
6.7682
6.783575
6.794875
6.8165
6.847375
6.85485
6.874375
6.87575
6.8834
6.886225
6.89455
6.89785
6.9025
6.92615
6.9652
7.000825
7.001175
7.002475
7.00535
7.012975
7.013375
7.019425
7.01965
7.03425
7.048725
7.054725
7.057075
7.059125
7.060825
7.0773
7.0777
7.100575
7.101075
7.12395
7.1293
7.132825
7.13685
7.138575
7.1476
7.16315
7.187425
7.195125
7.221175
7.24555
7.255875
7.300375
7.306325
7.337825
7.341675
7.35305
7.36555
7.366025
7.368775
7.3728
7.37375
7.3748
7.38785
7.38865
7.392125
7.40195
7.402625
7.40705
7.42975
7.43525
7.461775
7.465025
7.477075
7.489425
7.491775
7.5171
7.558875
7.600375
7.60295
7.604025
7.613475
7.6181
7.6281
7.63145
7.638075
7.64925
7.65355
7.65875
7.6646
7.666725
7.676225
7.7052
7.72695
7.740975
7.741825
7.74835
7.74935
7.80845
7.876875
7.9116
7.924875
7.926025
7.93395
7.939925
7.94035
7.94265
7.952225
7.9523
7.9585
7.96335
7.96795
7.9729
7.99075
8.019
8.019325
8.022625
8.024725
8.029025
8.042975
8.04365
8.047675
8.06915
8.078175
8.0939
8.173775
8.17605
8.18895
8.203575
8.22065
8.228025
8.2333
8.2351
8.24365
8.258725
8.27055
8.271375
8.2801
8.29015
8.30615
8.346775
8.346925
8.3497
8.355675
8.366825
8.502375
8.511475
8.517525
8.523675
8.5238
8.526325
8.53005
8.531775
8.544425
8.554825
8.556175
8.557825
8.587075
8.626
8.629575
8.636425
8.6599
8.6639
8.67
8.7532
8.7725
8.80055
8.810225
8.81065
8.8163
8.821525
8.82345
8.82435
8.84765
8.88335
8.8901
8.893875
8.899275
8.90705
8.907825
8.9114
8.92315
8.93805
8.9396
8.96315
8.96335
8.989875
9.020525
9.048975
9.071225
9.077175
806
