0.13995
0.149025
0.149325
0.15355
0.16525
0.167875
0.169575
0.1697
0.173075
0.173475
0.196975
0.20205
0.2047
0.2117
0.21875
0.27465
0.279575
0.292025
0.31065
0.3176
0.317925
0.368625
0.406225
0.42955
0.430075
0.443025
0.453575
0.4613
0.4905
0.49135
0.5009
0.50555
0.507725
0.5192
0.531925
0.533075
0.5367
0.5368
0.565125
0.584275
0.60445
0.640675
0.7053
0.7099
0.71005
0.72115
0.72475
0.72525
0.733775
0.7497
0.7613
0.76685
0.780175
0.783
0.785025
0.8107
0.81095
0.83965
0.875175
0.88165
0.889
0.8981
0.90075
0.906875
0.9517
0.967725
0.978825
0.9858
1.001775
1.005725
1.010975
1.013525
1.0152
1.024775
1.0252
1.0348
1.04125
1.045975
1.04935
1.06085
1.06205
1.071175
1.07335
1.07995
1.097325
1.103025
1.121675
1.142425
1.1473
1.14915
1.182875
1.1863
1.200825
1.209825
1.23265
1.253
1.254
1.258675
1.2654
1.277075
1.2822
1.308475
1.310425
1.3133
1.33755
1.345825
1.3485
1.399475
1.401625
1.43375
1.47515
1.490875
1.510325
1.537775
1.5498
1.569725
1.60005
1.6175
1.61775
1.625325
1.6365
1.637825
1.640825
1.643875
1.646025
1.6567
1.657075
1.669925
1.6813
1.702125
1.7048
1.71865
1.7214
1.728925
1.73775
1.7632
1.765675
1.775875
1.77595
1.79855
1.80785
1.8281
1.871475
1.8927
1.910775
1.9127
1.91495
1.92285
1.92525
1.93405
1.940175
1.946125
1.954475
1.975
1.985475
1.99235
2.00105
2.010275
2.0478
2.0582
2.06355
2.06815
2.07265
2.108425
2.108875
2.163975
2.16915
2.1697
2.187275
2.222075
2.234325
2.240475
2.243425
2.255425
2.26535
2.265725
2.2667
2.27
2.280275
2.2838
2.30375
2.3041
2.347
2.361575
2.370075
2.394775
2.402975
2.41165
2.416825
2.460325
2.491325
2.499775
2.505275
2.507775
2.5234
2.52475
2.5318
2.5328
2.537025
2.5435
2.5476
2.565575
2.56815
2.582125
2.583
2.5838
2.583975
2.599375
2.629675
2.63805
2.64015
2.6456
2.651175
2.660825
2.681
2.6858
2.69
2.7045
2.722
2.768775
2.789075
2.7978
2.79795
2.806125
2.811075
2.812025
2.812425
2.813975
2.8173
2.8233
2.829675
2.8421
2.85995
2.8638
2.867575
2.870525
2.874725
2.880275
2.880625
2.8957
2.8988
2.901375
2.90775
2.91395
2.916175
3.028375
3.0384
3.038525
3.05945
3.0768
3.0984
3.0991
3.114375
3.116425
3.12255
3.13155
3.14275
3.14925
3.155075
3.1596
3.1658
3.1663
3.1762
3.179425
3.185425
3.1904
3.198
3.2042
3.253075
3.259725
3.29
3.2989
3.326875
3.329175
3.33045
3.338525
3.371975
3.400575
3.4041
3.416175
3.426425
3.426625
3.4315
3.432675
3.432725
3.44105
3.4495
3.450325
3.452325
3.466225
3.472375
3.475675
3.4843
3.486175
3.488175
3.49655
3.509675
3.513425
3.518275
3.54965
3.56055
3.5811
3.581675
3.602325
3.621175
3.62375
3.691375
3.725775
3.7403
3.748825
3.75645
3.757125
3.757275
3.7585
3.760525
3.76535
3.77005
3.770125
3.770175
3.7704
3.775275
3.797475
3.80345
3.81295
3.813775
3.81505
3.8263
3.837275
3.847025
3.86025
3.875175
3.888875
3.89335
3.90495
3.915475
3.917125
3.9236
3.94265
3.951
4.0236
4.032575
4.0398
4.0406
4.0461
4.0481
4.069875
4.072725
4.095675
4.09845
4.1105
4.1315
4.15195
4.163375
4.163875
4.1697
4.17275
4.172775
4.1743
4.213875
4.222475
4.22545
4.24225
4.242575
4.2483
4.26205
4.26645
4.274325
4.301975
4.304875
4.3102
4.3123
4.318875
4.321575
4.326275
4.343275
4.344125
4.34515
4.346875
4.34835
4.348675
4.358075
4.360925
4.3657
4.365875
4.36965
4.374075
4.3897
4.39685
4.3976
4.3981
4.419675
4.42365
4.43005
4.4361
4.47365
4.480525
4.4806
4.481
4.48225
4.488175
4.4913
4.5071
4.520775
4.540925
4.549275
4.555825
4.5735
4.5873
4.608725
4.614475
4.62775
4.6369
4.6466
4.669525
4.678675
4.7099
4.7196
4.7478
4.759775
4.760075
4.79135
4.7961
4.81315
4.83065
4.881025
4.900625
4.9015
4.9075
4.91545
4.92365
4.925275
4.951575
4.9599
4.973325
4.976475
4.980325
4.9846
4.984625
4.992975
4.993475
5.013675
5.014025
5.0242
5.02465
5.0432
5.069125
5.084875
5.144675
5.173675
5.178575
5.2036
5.204325
5.214025
5.227675
5.2393
5.273
5.273975
5.28765
5.28895
5.294325
5.29475
5.302775
5.3057
5.339225
5.36365
5.373775
5.39085
5.41835
5.420775
5.422
5.43485
5.503275
5.5055
5.513
5.51895
5.519375
5.523675
5.530875
5.534625
5.535825
5.541975
5.547275
5.560575
5.563675
5.566225
5.567275
5.581325
5.583825
5.6109
5.614025
5.62135
5.6249
5.65485
5.6709
5.6802
5.707425
5.7095
5.7233
5.7535
5.756825
5.8344
5.8364
5.84215
5.848375
5.855375
5.860325
5.86495
5.89995
5.903725
5.909825
5.9126
5.922425
5.94435
5.952925
5.95815
5.9707
5.976475
5.98335
5.98475
5.9876
5.9925
6.0212
6.042
6.07315
6.0882
6.11555
6.11675
6.122625
6.1243
6.1252
6.126375
6.145275
6.14705
6.14955
6.151
6.214275
6.217425
6.2933
6.3048
6.30815
6.37315
6.399975
6.4076
6.4193
6.42335
6.423675
6.435375
6.43845
6.446975
6.4529
6.466575
6.4669
6.48005
6.481725
6.489
6.506325
6.534525
6.53815
6.544
6.54885
6.56495
6.599625
6.604625
6.6178
6.641525
6.6723
6.706875
6.7082
6.73485
6.742125
6.742425
6.74785
6.755375
6.76015
6.761875
6.7766
6.801675
6.80315
6.804075
6.809925
6.813325
6.817575
6.88685
6.88795
6.913875
6.925075
6.925575
6.960325
6.965825
6.98895
7.00315
7.008125
7.0094
7.016775
7.02375
7.0361
7.0372
7.0402
7.06915
7.0787
7.098325
7.099625
7.105025
7.110175
7.132575
7.181525
7.186775
7.187325
7.2353
7.240175
7.2425
7.244325
7.263275
7.27665
7.2882
7.300575
7.30915
7.31315
7.329475
7.33065
7.33475
7.344075
7.3443
7.348125
7.3493
7.354025
7.36645
7.377
7.3808
7.4101
7.421325
7.436325
7.4797
7.5148
7.55805
7.57705
7.603575
7.6037
7.605925
7.62205
7.652725
7.6541
7.659875
7.66985
7.6845
7.692175
7.69265
7.69475
7.70355
7.709125
7.73275
7.7334
7.765975
7.770775
7.816025
7.8196
7.838225
7.84585
7.8699
7.876325
7.891525
7.90615
7.908625
7.91035
7.919525
7.921925
7.933075
7.942275
7.942875
7.944925
7.964
7.9646
7.964875
7.98675
7.997125
8.0673
8.0805
8.095525
8.0967
8.142775
8.14995
8.172575
8.1921
8.1954
8.197125
8.2005
8.203775
8.214325
8.216325
8.22085
8.2276
8.237175
8.237675
8.238225
8.23925
8.24025
8.2454
8.247325
8.254175
8.266275
8.282475
8.28615
8.293825
8.29455
8.2988
8.330375
8.3394
8.358725
8.386675
8.38905
8.397925
8.4551
8.462475
8.5061
8.5149
8.52035
8.5211
8.52675
8.54245
8.54865
8.55055
8.5543
8.557575
8.558075
8.5852
8.60135
8.603825
8.609625
8.610975
8.621875
8.639675
8.6657
8.669825
8.675275
8.685125
8.68795
8.693975
8.695025
8.7226
8.724525
8.741475
8.755
8.757275
8.766375
8.7668
8.804225
8.81635
8.81815
8.818475
8.82105
8.821825
8.824075
8.83135
8.832975
8.835125
8.85125
8.8557
8.859125
8.8628
8.86335
8.864325
8.866925
8.90235
8.90575
8.90955
8.918425
8.92085
8.93075
8.941225
8.942125
8.943275
8.94485
8.9716
8.989875
9.028575
9.029
776
