0.100275
0.11015
0.114875
0.1324
0.133325
0.134575
0.13955
0.156075
0.15615
0.161475
0.17335
0.1771
0.181825
0.1832
0.185625
0.18655
0.189125
0.213675
0.214825
0.219725
0.243375
0.259125
0.2823
0.2991
0.299675
0.301175
0.322475
0.36475
0.3854
0.3909
0.401675
0.402575
0.402925
0.403125
0.40365
0.41975
0.4268
0.428875
0.43155
0.4379
0.4602
0.46085
0.4722
0.4859
0.48945
0.514625
0.51665
0.520325
0.52315
0.5246
0.530525
0.534675
0.53765
0.543
0.569125
0.570475
0.574325
0.5937
0.607125
0.635375
0.68325
0.7002
0.706675
0.717025
0.719925
0.72845
0.73135
0.739825
0.74595
0.754725
0.7575
0.763875
0.771775
0.77675
0.781875
0.79495
0.795125
0.801025
0.839775
0.845425
0.8653
0.898225
0.9105
0.919225
0.937175
0.945175
0.94605
1.0003
1.00975
1.0102
1.0153
1.01875
1.02185
1.023675
1.027075
1.02935
1.030825
1.03095
1.03635
1.045825
1.0596
1.064575
1.078675
1.081775
1.08345
1.087825
1.090275
1.100725
1.103925
1.1143
1.1193
1.1212
1.122925
1.130375
1.135
1.14405
1.150125
1.1659
1.171125
1.19725
1.206625
1.2182
1.2197
1.222
1.23265
1.249725
1.302225
1.30465
1.32205
1.3284
1.336125
1.349775
1.36115
1.3681
1.3746
1.37555
1.38425
1.392775
1.393325
1.4139
1.427175
1.460775
1.47145
1.4741
1.47615
1.502525
1.591725
1.60005
1.601775
1.60735
1.62385
1.624725
1.628975
1.62935
1.655825
1.665075
1.6663
1.6694
1.6998
1.70295
1.715075
1.784
1.789975
1.796375
1.80255
1.81935
1.831
1.835675
1.838675
1.839725
1.88485
1.906775
1.908425
1.909925
1.9227
1.92365
1.9252
1.9317
1.944775
1.9538
1.95415
1.9671
1.975925
1.98945
1.9948
2.00095
2.00145
2.00905
2.030025
2.0333
2.0433
2.078975
2.080425
2.081275
2.120075
2.12955
2.157325
2.157925
2.200825
2.2053
2.222975
2.227675
2.233375
2.2347
2.23575
2.2417
2.243625
2.26195
2.2649
2.277475
2.2787
2.285
2.291975
2.30055
2.30935
2.3277
2.3339
2.33555
2.36225
2.382075
2.395525
2.404525
2.416575
2.458575
2.505525
2.5253
2.5492
2.5514
2.55865
2.5608
2.560925
2.565725
2.57605
2.57755
2.595625
2.597125
2.599575
2.621875
2.6298
2.63615
2.659325
2.660975
2.675575
2.7013
2.703875
2.7102
2.757225
2.7783
2.7801
2.802175
2.809175
2.811075
2.81345
2.83305
2.84095
2.8504
2.851125
2.857775
2.861975
2.8736
2.87575
2.87845
2.879725
2.881425
2.892575
2.909525
2.948325
2.950025
2.955375
2.959775
2.974525
3.01185
3.0596
3.0616
3.102425
3.11425
3.13145
3.13535
3.142575
3.14715
3.1487
3.150325
3.155675
3.15885
3.16365
3.165875
3.174275
3.18635
3.202275
3.22055
3.2233
3.230025
3.232475
3.2342
3.2437
3.250275
3.262675
3.267225
3.275525
3.29845
3.316875
3.349525
3.3548
3.362525
3.369775
3.394875
3.40955
3.414625
3.424
3.43305
3.440425
3.441475
3.450275
3.4604
3.487375
3.50325
3.5142
3.52185
3.52565
3.5399
3.541775
3.55935
3.709775
3.712325
3.7144
3.71615
3.727975
3.731
3.73545
3.740475
3.794475
3.7985
3.799325
3.8077
3.835675
3.844575
3.881
3.9254
3.925675
3.944225
3.9468
3.953525
3.95405
3.957825
3.9819
4.006875
4.032125
4.03745
4.0386
4.04
4.044875
4.04785
4.053975
4.06605
4.068525
4.074975
4.07705
4.079425
4.086225
4.10715
4.131625
4.178425
4.1899
4.195825
4.205575
4.20965
4.213525
4.214025
4.2272
4.251875
4.299375
4.300225
4.303575
4.304375
4.313075
4.313725
4.326075
4.328875
4.33245
4.34045
4.35835
4.36215
4.364525
4.368825
4.373625
4.381725
4.382175
4.392675
4.4158
4.422375
4.44115
4.444825
4.4518
4.456475
4.4571
4.474725
4.4777
4.491475
4.505525
4.50695
4.521925
4.5763
4.59815
4.603275
4.611475
4.620125
4.6253
4.6291
4.6346
4.6437
4.6479
4.65695
4.657325
4.690375
4.69175
4.7075
4.715325
4.738125
4.739725
4.740525
4.74225
4.75775
4.778875
4.797975
4.801225
4.8269
4.8378
4.866275
4.86915
4.87635
4.902575
4.9134
4.913925
4.919325
4.92475
4.932175
4.932675
4.941575
4.94525
4.976775
5.0151
5.021175
5.05285
5.073325
5.088925
5.10195
5.102025
5.140225
5.1677
5.18585
5.191225
5.207575
5.209775
5.2158
5.2159
5.2221
5.224725
5.225975
5.227325
5.230575
5.2358
5.236575
5.251925
5.263175
5.268325
5.293925
5.298225
5.31645
5.32665
5.338025
5.357975
5.36105
5.38795
5.4696
5.500675
5.5164
5.5219
5.5264
5.5273
5.529125
5.533575
5.542
5.55025
5.560225
5.56085
5.563125
5.574175
5.580875
5.6025
5.612975
5.6179
5.622925
5.645875
5.6478
5.648775
5.6722
5.698025
5.72175
5.74585
5.769325
5.7906
5.80755
5.808425
5.838225
5.850425
5.8619
5.877475
5.906375
5.907575
5.91865
5.93815
5.94065
5.95035
5.956525
5.957
5.95915
5.959575
5.96795
5.971825
5.975825
5.975875
5.982975
6.04185
6.056625
6.077575
6.10135
6.102825
6.102875
6.104975
6.111725
6.115825
6.11735
6.11795
6.133325
6.13365
6.137175
6.1386
6.1411
6.15835
6.15905
6.1632
6.180575
6.183125
6.2035
6.20405
6.2084
6.2214
6.22575
6.23695
6.27545
6.3116
6.3143
6.38135
6.384175
6.409575
6.4223
6.428475
6.430375
6.43995
6.4464
6.451125
6.462325
6.466625
6.468425
6.469375
6.4778
6.491525
6.49465
6.495275
6.509425
6.514925
6.544325
6.5681
6.61025
6.64445
6.645075
6.69945
6.704575
6.71345
6.7205
6.725175
6.730325
6.7351
6.739025
6.7464
6.75175
6.753175
6.7569
6.774575
6.779075
6.796275
6.8259
6.861175
6.87425
6.879725
6.884625
6.94205
6.95235
6.982425
6.9981
7.016925
7.023025
7.03325
7.044225
7.06425
7.085575
7.092375
7.104475
7.108925
7.110475
7.122875
7.136
7.1439
7.1475
7.16515
7.171275
7.191475
7.2047
7.205375
7.2231
7.230325
7.245175
7.28675
7.31375
7.332075
7.336675
7.347925
7.364975
7.36905
7.38465
7.38975
7.391325
7.410975
7.415125
7.422075
7.43165
7.4654
7.477275
7.49305
7.501125
7.504275
7.509125
7.53765
7.5392
7.543225
7.5814
7.59965
7.600725
7.603525
7.607225
7.612325
7.61595
7.62375
7.632675
7.638275
7.64715
7.66725
7.699475
7.77685
7.8009
7.805225
7.8073
7.816425
7.825775
7.860925
7.907775
7.91625
7.9166
7.916675
7.925475
7.93225
7.9341
7.93445
7.9382
7.95005
7.96415
7.967175
7.9699
7.984475
7.985825
8.00325
8.00665
8.020325
8.03915
8.042025
8.049625
8.0698
8.18165
8.183975
8.2123
8.2181
8.22005
8.2229
8.2249
8.231425
8.236225
8.248175
8.2487
8.249975
8.25175
8.262
8.26635
8.287175
8.324675
8.326025
8.342425
8.3499
8.35935
8.361725
8.362125
8.387425
8.389025
8.39295
8.402275
8.43045
8.431775
8.44495
8.447475
8.453875
8.482525
8.4937
8.523125
8.5262
8.530875
8.53855
8.539625
8.565575
8.5906
8.60195
8.6061
8.608275
8.624775
8.626525
8.628075
8.634425
8.6345
8.635325
8.64705
8.6796
8.730575
8.732075
8.73935
8.740075
8.800725
8.802975
8.809925
8.810475
8.812325
8.81395
8.817675
8.81795
8.819
8.834875
8.836675
8.846625
8.850475
8.854225
8.865975
8.8665
8.8694
8.877375
8.879325
8.89485
8.902
8.9053
8.9203
8.935025
8.95395
8.9582
8.959675
8.98185
8.99295
9.0122
9.03275
9.0373
9.04375
9.080875
9.082475
778
