0.1023
0.105875
0.110725
0.121625
0.125225
0.131975
0.1413
0.142875
0.14535
0.1504
0.151775
0.160575
0.16365
0.170425
0.186125
0.1871
0.197975
0.207375
0.215275
0.218975
0.223475
0.225725
0.233375
0.2403
0.250875
0.25985
0.2769
0.28085
0.30815
0.310975
0.315425
0.317475
0.334125
0.40525
0.408675
0.4328
0.448175
0.452025
0.455075
0.46175
0.4806
0.484675
0.4977
0.54595
0.5491
0.554525
0.568825
0.584125
0.590225
0.59535
0.628875
0.64895
0.6652
0.70775
0.7234
0.724925
0.726325
0.7321
0.7489
0.75745
0.7578
0.760475
0.770975
0.77585
0.783275
0.79885
0.810525
0.843875
0.84885
0.901875
0.902975
0.9118
0.919625
0.9253
0.933125
0.956575
0.9617
0.975975
1.002775
1.007925
1.01005
1.0103
1.012225
1.02075
1.0276
1.0342
1.0362
1.044375
1.044875
1.054175
1.063
1.070525
1.075875
1.07605
1.07945
1.085975
1.09
1.12315
1.12705
1.130275
1.1348
1.15155
1.19455
1.229325
1.23835
1.2842
1.305075
1.306875
1.307125
1.309025
1.3139
1.320675
1.3327
1.342475
1.348
1.350425
1.35385
1.36125
1.367725
1.370325
1.378975
1.381625
1.392125
1.39515
1.3966
1.41055
1.411675
1.45295
1.455125
1.462425
1.493175
1.5006
1.504575
1.527475
1.5455
1.602375
1.62735
1.62795
1.642925
1.6482
1.66585
1.669875
1.670575
1.673275
1.6843
1.69145
1.703625
1.728675
1.7326
1.75845
1.7586
1.769575
1.776625
1.80915
1.901675
1.908625
1.91615
1.916625
1.9368
1.941225
1.9606
1.967475
1.9691
1.9857
1.9863
2.003775
2.011525
2.01255
2.018125
2.0402
2.043025
2.054625
2.055775
2.077775
2.09355
2.15635
2.169325
2.200525
2.204525
2.20525
2.212975
2.21735
2.223075
2.227125
2.231125
2.266225
2.281275
2.287525
2.29475
2.302575
2.31595
2.31665
2.3243
2.359825
2.3886
2.394025
2.41455
2.42065
2.462325
2.46925
2.486125
2.5014
2.5064
2.5143
2.5188
2.518875
2.52675
2.52955
2.536925
2.5488
2.58185
2.599525
2.6015
2.606725
2.61815
2.63245
2.6988
2.709625
2.711475
2.7383
2.762925
2.774525
2.804775
2.809475
2.811625
2.826675
2.8293
2.830975
2.845375
2.8813
2.8837
2.891175
2.92595
2.93155
2.9548
2.966225
2.9663
2.97385
2.9935
3.032275
3.0577
3.0702
3.081275
3.10235
3.104025
3.10575
3.1146
3.119
3.12345
3.13235
3.13295
3.1357
3.138925
3.142375
3.1437
3.14475
3.145125
3.15125
3.155025
3.16145
3.16455
3.171125
3.174625
3.17835
3.181875
3.189675
3.198475
3.20115
3.2164
3.228175
3.2332
3.235975
3.236525
3.2412
3.269975
3.270425
3.3099
3.316575
3.323
3.353
3.370675
3.382875
3.3917
3.392625
3.40525
3.418225
3.449275
3.45665
3.49545
3.50505
3.525825
3.526125
3.551175
3.592625
3.60725
3.609525
3.630425
3.648175
3.651275
3.65225
3.692725
3.697825
3.70245
3.7027
3.705225
3.708225
3.71055
3.715
3.71565
3.719375
3.73855
3.7429
3.75045
3.752925
3.759475
3.7653
3.775725
3.7773
3.794525
3.80175
3.806675
3.8174
3.838925
3.84975
3.85495
3.866975
3.87205
3.920775
3.970925
4.00765
4.007775
4.015175
4.015575
4.02215
4.02485
4.0539
4.064925
4.0727
4.08195
4.082275
4.085575
4.088125
4.092475
4.1088
4.12945
4.133425
4.145225
4.1461
4.160775
4.1722
4.198875
4.205025
4.220675
4.225425
4.22845
4.305625
4.310225
4.3105
4.3122
4.3124
4.3167
4.3342
4.334775
4.3389
4.34315
4.346325
4.3813
4.39555
4.4052
4.406025
4.412025
4.412075
4.419125
4.424175
4.4402
4.45765
4.4689
4.46965
4.488125
4.5095
4.514325
4.526975
4.56375
4.565575
4.58215
4.594375
4.60165
4.602575
4.6067
4.6114
4.632375
4.6443
4.64755
4.664625
4.67095
4.670975
4.68865
4.7153
4.717025
4.7197
4.7269
4.740375
4.742125
4.7691
4.7754
4.7759
4.79855
4.84775
4.853275
4.86605
4.867975
4.900125
4.901125
4.90155
4.902375
4.903575
4.911575
4.92405
4.926375
4.9322
4.9357
4.945675
4.949525
4.949675
4.97125
4.97895
5.024175
5.03885
5.04585
5.072675
5.0804
5.127825
5.155825
5.18065
5.185
5.20695
5.207625
5.226725
5.229575
5.26615
5.275575
5.280775
5.282675
5.284975
5.286825
5.2904
5.290925
5.292175
5.296675
5.30775
5.32625
5.342425
5.362475
5.364275
5.3752
5.37625
5.3781
5.3858
5.41455
5.418875
5.4246
5.4375
5.45665
5.47495
5.5046
5.517425
5.5231
5.524375
5.530425
5.538175
5.541525
5.5447
5.548325
5.54845
5.551725
5.5598
5.565325
5.577875
5.5839
5.584675
5.627025
5.655825
5.657575
5.660575
5.662375
5.70605
5.70875
5.711825
5.716075
5.71685
5.7857
5.800825
5.824325
5.8397
5.840725
5.844
5.84875
5.848975
5.849425
5.85025
5.850575
5.884475
5.886075
5.91265
5.913225
5.918225
5.93805
5.953275
5.963825
5.969325
5.969775
5.9746
5.9818
5.98555
6.0129
6.027175
6.0774
6.086
6.1039
6.109075
6.109575
6.123775
6.14415
6.15175
6.15295
6.15365
6.173625
6.176725
6.185725
6.190425
6.19915
6.209025
6.215125
6.2183
6.23115
6.233925
6.2464
6.26695
6.275475
6.2922
6.3008
6.331375
6.348225
6.35705
6.359025
6.399725
6.400425
6.40175
6.403025
6.4043
6.4116
6.412725
6.420025
6.4255
6.429075
6.429525
6.4367
6.45015
6.450525
6.47425
6.476075
6.48085
6.489875
6.49005
6.4965
6.50895
6.516275
6.5262
6.52785
6.533575
6.53685
6.5517
6.5595
6.58075
6.6501
6.6667
6.6743
6.687125
6.69385
6.69805
6.70075
6.7008
6.7048
6.707925
6.7172
6.72065
6.726725
6.74025
6.743325
6.74575
6.746975
6.754225
6.75685
6.763925
6.771975
6.772275
6.7794
6.788625
6.7905
6.793675
6.80985
6.8264
6.878225
6.902925
6.903425
6.935775
6.94055
6.989475
7.001
7.008775
7.016025
7.021175
7.0247
7.0473
7.072225
7.08555
7.08565
7.090275
7.0933
7.104975
7.12485
7.13635
7.150525
7.173825
7.174875
7.1919
7.203825
7.2149
7.224825
7.30845
7.317575
7.321925
7.32235
7.328825
7.344975
7.359275
7.366375
7.3752
7.3811
7.39585
7.407075
7.411575
7.425025
7.435925
7.453
7.46665
7.47155
7.48925
7.50765
7.5255
7.535725
7.5408
7.553825
7.573925
7.592
7.6092
7.6125
7.612875
7.618475
7.625425
7.626325
7.62855
7.63425
7.6452
7.646925
7.6475
7.6634
7.668225
7.670125
7.673775
7.676175
7.67715
7.689
7.70995
7.7134
7.72885
7.744075
7.751425
7.7775
7.8048
7.81215
7.835075
7.863825
7.900725
7.90305
7.92395
7.92855
7.930125
7.93095
7.936525
7.945375
7.9466
7.953175
7.981025
7.982675
7.983025
7.985575
7.98885
8.018775
8.0198
8.044075
8.0485
8.052625
8.068875
8.077375
8.108125
8.1164
8.147025
8.2028
8.209775
8.2199
8.25495
8.2674
8.271175
8.282825
8.28405
8.331375
8.34925
8.359025
8.360125
8.397625
8.452175
8.4619
8.47195
8.49045
8.509275
8.511575
8.518975
8.524425
8.538325
8.542575
8.54345
8.543825
8.54425
8.545525
8.5652
8.5653
8.5678
8.592925
8.608175
8.614525
8.626425
8.633075
8.6336
8.63615
8.68675
8.73175
8.7687
8.805
8.824675
8.84025
8.84135
8.84955
8.8601
8.865975
8.86805
8.8711
8.87235
8.888
8.8883
8.8907
8.8972
8.937025
8.94785
8.95505
8.9681
9.0044
9.007425
9.031025
9.0358
9.0624
9.077125
9.081225
773
