0.10215
0.103675
0.106275
0.106775
0.10885
0.110925
0.11885
0.1413
0.16645
0.18995
0.19135
0.192675
0.1945
0.19805
0.214825
0.2191
0.226825
0.242225
0.26625
0.289475
0.29065
0.322825
0.323175
0.324175
0.36045
0.383325
0.392325
0.395925
0.4086
0.4192
0.42775
0.4397
0.453275
0.453375
0.464775
0.464975
0.480625
0.500375
0.506825
0.51325
0.53105
0.5345
0.537225
0.551925
0.55985
0.56185
0.57265
0.57615
0.577125
0.588925
0.6044
0.616825
0.62575
0.688275
0.68905
0.709775
0.7123
0.71435
0.71455
0.7175
0.7213
0.7221
0.725725
0.7308
0.750425
0.756325
0.761175
0.767825
0.7711
0.774275
0.7888
0.8149
0.82615
0.8351
0.835925
0.85375
0.85515
0.855325
0.87995
0.8815
0.885025
0.9182
0.926875
0.949675
0.9512
0.9524
0.955875
1.0047
1.0082
1.0104
1.0186
1.0285
1.033525
1.04115
1.068125
1.104325
1.121575
1.133875
1.145675
1.15965
1.161275
1.1892
1.189525
1.221025
1.24115
1.249825
1.311575
1.315525
1.322875
1.3597
1.36455
1.364875
1.366925
1.379425
1.4226
1.475775
1.476525
1.4768
1.496825
1.5063
1.509375
1.51665
1.5233
1.526575
1.528225
1.532075
1.53685
1.568375
1.60415
1.60965
1.61305
1.6193
1.63035
1.6435
1.64785
1.6518
1.65735
1.6665
1.669375
1.669725
1.6733
1.6745
1.696525
1.69755
1.6994
1.706775
1.714375
1.741575
1.755725
1.75695
1.77065
1.7759
1.78425
1.787475
1.7902
1.813025
1.854925
1.909575
1.918625
1.92345
1.9266
1.9388
1.94145
1.96015
1.96035
1.960975
1.9626
1.9631
1.9645
1.967325
1.9756
1.97705
1.9836
1.9893
2.0101
2.011075
2.014575
2.017325
2.0712
2.0921
2.09295
2.0942
2.11065
2.12555
2.133125
2.14605
2.19445
2.20435
2.207225
2.207825
2.218625
2.2193
2.22555
2.2262
2.238275
2.24155
2.244125
2.248225
2.25295
2.25855
2.264075
2.277425
2.2809
2.287425
2.29425
2.334525
2.343125
2.355775
2.3632
2.371725
2.376275
2.39735
2.400925
2.4156
2.46935
2.50025
2.50785
2.50795
2.510575
2.521075
2.525025
2.54915
2.5615
2.57
2.573625
2.58425
2.5874
2.608375
2.610575
2.620575
2.622075
2.672
2.676725
2.695975
2.73205
2.754575
2.76325
2.81315
2.81395
2.8175
2.825325
2.828375
2.829525
2.84195
2.844575
2.8631
2.9069
2.913725
2.934625
2.946975
2.960825
2.9655
2.98365
3.0046
3.01275
3.0277
3.0586
3.059075
3.07345
3.10645
3.108975
3.12205
3.12235
3.122975
3.129175
3.129575
3.13375
3.1362
3.15405
3.1561
3.15635
3.163775
3.1677
3.188675
3.189475
3.191275
3.19615
3.201
3.212025
3.21695
3.2415
3.2449
3.263225
3.276625
3.279325
3.2825
3.286825
3.300025
3.302975
3.304525
3.305475
3.379
3.39555
3.4087
3.408725
3.41155
3.437375
3.455475
3.4671
3.47205
3.486075
3.489975
3.49675
3.50265
3.548125
3.585675
3.592475
3.6073
3.638175
3.64675
3.704025
3.70595
3.70835
3.711075
3.716975
3.7181
3.728025
3.730275
3.746675
3.750975
3.77065
3.7801
3.7857
3.786875
3.7875
3.8027
3.807375
3.821525
3.82165
3.82325
3.825425
3.826825
3.834525
3.83805
3.841875
3.85405
3.855475
3.87545
3.884375
3.901225
3.90835
3.91145
3.914375
3.928775
3.993425
3.996175
3.996525
4.0072
4.013475
4.02595
4.028075
4.035325
4.0374
4.038475
4.044925
4.046775
4.049775
4.05305
4.074675
4.076125
4.08
4.083375
4.09265
4.128025
4.134925
4.139475
4.165925
4.176525
4.181975
4.203425
4.2256
4.262125
4.291675
4.2974
4.3012
4.30685
4.31215
4.320975
4.329025
4.333525
4.3492
4.3499
4.350075
4.3527
4.35875
4.36505
4.37755
4.379675
4.3919
4.393125
4.39475
4.423575
4.4363
4.4398
4.445525
4.4566
4.510575
4.51235
4.610325
4.6294
4.63575
4.6367
4.6591
4.66255
4.664175
4.6914
4.699425
4.704875
4.710175
4.71475
4.7331
4.755225
4.764925
4.788625
4.7997
4.846825
4.852525
4.861
4.90465
4.904775
4.909525
4.912125
4.921925
4.936475
4.946175
4.95255
4.960925
4.966075
4.97015
4.9707
4.9812
4.9924
5.004925
5.01855
5.02245
5.032275
5.037425
5.07085
5.084025
5.087325
5.124825
5.14105
5.1414
5.146
5.147075
5.154575
5.1757
5.182075
5.20135
5.202675
5.214225
5.221875
5.234425
5.2359
5.2557
5.2639
5.27535
5.295675
5.315
5.351425
5.35375
5.364875
5.39205
5.395675
5.398
5.4232
5.486825
5.502275
5.503025
5.503625
5.505175
5.51975
5.52045
5.5304
5.532625
5.544775
5.621775
5.627725
5.650525
5.661525
5.67315
5.71055
5.715175
5.753475
5.81265
5.823225
5.82655
5.828375
5.830475
5.831975
5.83475
5.83685
5.86205
5.8856
5.8867
5.9269
5.936825
5.937875
5.95045
5.96475
5.97985
5.981025
5.98505
6.01275
6.01625
6.087425
6.097775
6.1041
6.128425
6.133775
6.139675
6.141175
6.144225
6.148475
6.1489
6.15245
6.167625
6.1754
6.1838
6.194475
6.2255
6.22975
6.239525
6.256
6.26065
6.2986
6.31865
6.34075
6.351525
6.35935
6.3639
6.372475
6.380575
6.39485
6.40975
6.411
6.425475
6.42575
6.429975
6.4315
6.435025
6.4454
6.448075
6.462175
6.467225
6.4709
6.474875
6.476325
6.4908
6.50455
6.508625
6.514975
6.515575
6.52215
6.5307
6.5634
6.57685
6.595875
6.601775
6.6237
6.63815
6.653075
6.703075
6.73175
6.733925
6.757175
6.765425
6.769475
6.784125
6.794325
6.798675
6.8032
6.80675
6.8148
6.830425
6.870975
6.877175
6.902
6.9287
7.011875
7.02065
7.02495
7.0267
7.028425
7.03
7.0321
7.03625
7.047625
7.054675
7.0654
7.074125
7.08935
7.110875
7.1176
7.123975
7.142025
7.1584
7.17665
7.1801
7.188125
7.18815
7.208775
7.263925
7.267475
7.30145
7.303975
7.309125
7.31345
7.3265
7.336375
7.343225
7.351625
7.352525
7.36125
7.3632
7.369625
7.371425
7.387525
7.4044
7.406975
7.412725
7.4437
7.46995
7.472325
7.485125
7.488375
7.4954
7.503175
7.530075
7.534525
7.54915
7.555575
7.600625
7.602125
7.60675
7.622525
7.627175
7.6274
7.630225
7.635125
7.63585
7.644525
7.64915
7.65255
7.666175
7.671425
7.67365
7.683325
7.698525
7.7006
7.7027
7.70545
7.712325
7.728875
7.7296
7.73875
7.790075
7.7962
7.847625
7.85315
7.865825
7.86825
7.902025
7.903125
7.910875
7.911125
7.912775
7.91335
7.913425
7.915375
7.93205
7.933725
7.948625
7.948825
7.95825
7.969375
7.987075
8.018225
8.025075
8.073975
8.07755
8.087875
8.1018
8.1635
8.1724
8.189175
8.2011
8.22405
8.2247
8.2264
8.233325
8.234875
8.25185
8.26505
8.2738
8.280425
8.280825
8.289275
8.2948
8.296575
8.304575
8.31215
8.316875
8.321625
8.3224
8.3321
8.33755
8.347175
8.3836
8.396625
8.417225
8.42075
8.42795
8.4431
8.511525
8.512675
8.5263
8.5417
8.584
8.592075
8.595075
8.597675
8.652475
8.696975
8.720025
8.725225
8.72935
8.753525
8.81575
8.82895
8.83795
8.83815
8.8412
8.860175
8.8757
8.8823
8.8839
8.8843
8.89625
8.902075
8.9046
8.915325
8.91875
8.92155
8.935625
8.94015
8.96535
8.9785
8.99125
8.992225
8.9935
8.994075
9.023
9.030175
9.03855
9.062525
9.070825
9.08865
758
