0.114725
0.130075
0.134225
0.14125
0.14435
0.166675
0.17195
0.175225
0.1784
0.1911
0.1956
0.1992
0.2049
0.22365
0.225225
0.22585
0.233725
0.2418
0.249725
0.263925
0.271725
0.2734
0.28675
0.29805
0.317825
0.319525
0.34285
0.3448
0.40745
0.41285
0.413425
0.4135
0.4353
0.438075
0.4411
0.442025
0.44285
0.445625
0.449175
0.458325
0.462225
0.462475
0.469875
0.49415
0.5057
0.513175
0.521325
0.55245
0.5669
0.567425
0.5699
0.573325
0.626975
0.629825
0.630325
0.643875
0.654575
0.67305
0.6778
0.697525
0.706
0.719775
0.731425
0.743025
0.746425
0.751575
0.761475
0.771275
0.777125
0.788475
0.807875
0.81705
0.821575
0.841575
0.842125
0.8545
0.860875
0.867675
0.8691
0.87275
0.874275
0.889275
0.891925
0.908225
0.9101
0.91925
0.932775
0.934125
0.948025
0.965
0.992175
1.01315
1.0188
1.02825
1.0289
1.029125
1.037925
1.040925
1.041575
1.042575
1.049775
1.05245
1.056425
1.079925
1.081725
1.085875
1.098775
1.113425
1.14055
1.149625
1.160125
1.164125
1.168475
1.17075
1.179575
1.184675
1.203625
1.248325
1.307675
1.313
1.3144
1.316275
1.3202
1.330825
1.331275
1.33375
1.3341
1.340075
1.349075
1.3609
1.363625
1.368675
1.36905
1.380425
1.3867
1.389925
1.4054
1.469125
1.493125
1.56465
1.56515
1.604675
1.61025
1.6201
1.6209
1.628425
1.643025
1.6468
1.649525
1.661025
1.6721
1.67255
1.675975
1.680225
1.690775
1.697325
1.71005
1.711075
1.7226
1.7294
1.75055
1.75755
1.768075
1.805475
1.81915
1.828275
1.841975
1.856475
1.85665
1.885875
1.901075
1.9037
1.908775
1.915225
1.921675
1.9244
1.950425
1.96955
1.9769
1.9854
1.987475
1.989175
1.995675
2.0238
2.0287
2.034675
2.03525
2.035675
2.046125
2.0474
2.06225
2.07025
2.121775
2.126675
2.14195
2.201475
2.202625
2.209575
2.217175
2.229425
2.231175
2.232075
2.24875
2.251775
2.25255
2.255825
2.256275
2.257625
2.276375
2.283125
2.2961
2.300125
2.3222
2.32765
2.359825
2.362825
2.382475
2.4093
2.41165
2.43265
2.491675
2.505125
2.51575
2.52715
2.54705
2.54945
2.552625
2.55405
2.55635
2.561325
2.56355
2.56625
2.59685
2.597925
2.644675
2.646475
2.64705
2.65785
2.680375
2.6886
2.70045
2.739875
2.758275
2.78535
2.802675
2.805175
2.80625
2.80805
2.812475
2.81405
2.8149
2.8181
2.820675
2.8259
2.833325
2.835775
2.83825
2.845275
2.873275
2.874875
2.87515
2.906575
2.912425
2.928825
2.993275
2.9999
3.02755
3.0325
3.0397
3.042425
3.104475
3.107375
3.116675
3.119775
3.12015
3.121475
3.1281
3.129675
3.144675
3.158225
3.16055
3.17165
3.178875
3.1867
3.19415
3.2338
3.241275
3.2693
3.332
3.34015
3.365675
3.398975
3.4242
3.427625
3.433225
3.436025
3.44445
3.445725
3.4528
3.45865
3.479925
3.48605
3.494675
3.5026
3.503025
3.504625
3.553625
3.553875
3.554975
3.581975
3.5869
3.5885
3.58945
3.591075
3.591625
3.59415
3.60185
3.62215
3.66885
3.71475
3.718475
3.723275
3.7238
3.739425
3.74285
3.74665
3.75385
3.7647
3.768525
3.77385
3.778625
3.781425
3.78465
3.817025
3.8199
3.833125
3.8337
3.856375
3.865225
3.871675
3.87885
3.922025
3.9263
3.936
4.00525
4.007175
4.00845
4.015475
4.0176
4.019475
4.021925
4.038675
4.039525
4.04245
4.055025
4.0575
4.086625
4.091925
4.103775
4.11155
4.114875
4.120325
4.1266
4.148575
4.150725
4.188625
4.19755
4.21035
4.220375
4.22765
4.2339
4.276025
4.27885
4.279125
4.2792
4.287875
4.288575
4.3011
4.306075
4.328525
4.334175
4.34035
4.340575
4.344625
4.362
4.36305
4.384425
4.385875
4.392825
4.401075
4.4189
4.42325
4.42425
4.431975
4.44195
4.44825
4.45975
4.471725
4.479575
4.4898
4.5067
4.510975
4.549325
4.563525
4.56645
4.609575
4.6172
4.62005
4.6229
4.625175
4.6258
4.6275
4.628025
4.632775
4.64245
4.649325
4.66265
4.666575
4.670775
4.671075
4.6856
4.701725
4.70425
4.706775
4.708225
4.709725
4.72155
4.7613
4.76215
4.765175
4.765825
4.76875
4.770825
4.77415
4.776975
4.7821
4.807725
4.8089
4.8172
4.85145
4.8592
4.8789
4.8816
4.8909
4.895375
4.9034
4.908675
4.913625
4.9166
4.934425
4.940725
4.947325
4.980275
4.9808
4.981825
4.998225
5.006225
5.012275
5.021075
5.03155
5.03445
5.035625
5.048575
5.05845
5.10205
5.1201
5.1317
5.181575
5.202275
5.205125
5.213125
5.219975
5.226675
5.24375
5.256
5.269075
5.288575
5.29535
5.304925
5.3058
5.3434
5.371525
5.3749
5.387925
5.38805
5.396
5.41585
5.41865
5.43275
5.45005
5.45885
5.48415
5.509375
5.51105
5.51395
5.515825
5.5217
5.530325
5.532
5.535825
5.5382
5.55335
5.561825
5.5624
5.565125
5.5734
5.581225
5.582525
5.586425
5.588925
5.591925
5.593125
5.5993
5.60095
5.608925
5.61415
5.621075
5.62485
5.63475
5.63675
5.6371
5.662125
5.677
5.697225
5.709825
5.7421
5.74895
5.7513
5.77035
5.806
5.82335
5.83095
5.848925
5.85275
5.859875
5.8601
5.8624
5.9097
5.9156
5.93275
5.949425
5.952075
5.97335
5.978575
5.98555
5.994225
6.009075
6.1029
6.104725
6.105575
6.1157
6.11795
6.128375
6.1307
6.135275
6.142025
6.15885
6.161775
6.163875
6.168025
6.179525
6.18945
6.196675
6.202575
6.20645
6.21955
6.2333
6.24235
6.261475
6.274125
6.281075
6.28535
6.301125
6.30215
6.30865
6.31435
6.326525
6.363675
6.37005
6.401325
6.40395
6.40785
6.413775
6.41495
6.42905
6.4298
6.43015
6.433675
6.445225
6.457025
6.4666
6.4869
6.489875
6.497325
6.501325
6.508825
6.520575
6.5222
6.5312
6.5333
6.542475
6.546725
6.621375
6.6216
6.6874
6.687925
6.694975
6.7011
6.716325
6.723675
6.728825
6.736875
6.7391
6.7463
6.777975
6.78875
6.793525
6.8123
6.81525
6.82905
6.8378
6.8398
6.8436
6.861725
6.86825
6.87915
6.880425
6.88185
6.8885
6.9237
6.981
7.00765
7.01255
7.021775
7.043075
7.052725
7.065275
7.06895
7.075975
7.084825
7.09405
7.115375
7.128425
7.1288
7.136575
7.1371
7.1752
7.175325
7.191575
7.212
7.229225
7.230475
7.24595
7.255025
7.268225
7.305025
7.3106
7.32245
7.323225
7.32655
7.326925
7.35105
7.351725
7.3529
7.35845
7.380225
7.393325
7.402275
7.419175
7.4232
7.444875
7.471625
7.4859
7.529625
7.56155
7.564575
7.6025
7.6056
7.62955
7.638325
7.640625
7.64525
7.649975
7.65
7.657275
7.658525
7.668875
7.676925
7.6829
7.704975
7.70585
7.71525
7.74185
7.74395
7.746
7.748775
7.762475
7.7684
7.784125
7.8032
7.816525
7.84555
7.856525
7.880825
7.93985
7.947075
7.949975
7.95845
7.958775
7.977975
7.98385
8.012325
8.030425
8.049675
8.0938
8.114575
8.18035
8.184675
8.20555
8.209425
8.216625
8.2173
8.2295
8.2327
8.2351
8.23645
8.23875
8.241675
8.246275
8.248875
8.249925
8.2561
8.2587
8.26225
8.2795
8.288475
8.29795
8.3026
8.3351
8.35395
8.371625
8.389025
8.38925
8.390575
8.394825
8.41425
8.431325
8.441475
8.442375
8.4549
8.470925
8.51345
8.514325
8.5258
8.528425
8.529875
8.53165
8.53335
8.558425
8.55865
8.558875
8.56825
8.57235
8.5757
8.57725
8.579975
8.585
8.59575
8.6065
8.6093
8.647925
8.651225
8.660225
8.724375
8.734925
8.762675
8.764025
8.8053
8.80605
8.80935
8.8111
8.812225
8.813825
8.8236
8.833375
8.8346
8.8424
8.84505
8.85045
8.858075
8.859275
8.86395
8.864125
8.864975
8.867225
8.86745
8.874525
8.87755
8.88555
8.901825
8.91205
8.92955
8.954575
8.966075
8.968175
8.9814
9.014025
9.01525
9.0253
809
