0.018425
0.028075
0.103025
0.1047
0.10915
0.125575
0.127325
0.129725
0.14625
0.1518
0.1537
0.16805
0.177025
0.179375
0.18005
0.1863
0.193075
0.194725
0.1971
0.20965
0.211225
0.247325
0.256875
0.272475
0.285325
0.30075
0.306075
0.31265
0.32575
0.339
0.401275
0.4022
0.406975
0.410225
0.4197
0.4331
0.44955
0.4515
0.4762
0.48425
0.4858
0.486325
0.487175
0.49555
0.503725
0.5048
0.517275
0.517475
0.531425
0.547625
0.5489
0.5758
0.580025
0.580775
0.581725
0.58585
0.689875
0.7013
0.701325
0.701575
0.70575
0.724925
0.7425
0.743575
0.75695
0.7616
0.766325
0.795425
0.8074
0.81335
0.82895
0.873375
0.8794
0.9347
0.9512
0.9627
0.977325
0.989175
0.99465
0.9982
1.022275
1.023275
1.023925
1.042475
1.04565
1.055525
1.055875
1.0602
1.0609
1.067975
1.0768
1.0883
1.092875
1.09685
1.1257
1.1396
1.154225
1.1813
1.191475
1.203575
1.208
1.25265
1.2631
1.27835
1.306475
1.30915
1.3554
1.356375
1.357975
1.37805
1.38445
1.388275
1.3993
1.412225
1.41955
1.4357
1.44825
1.465125
1.5001
1.504025
1.53395
1.540825
1.585125
1.593575
1.597
1.5982
1.601175
1.622575
1.632725
1.6347
1.637925
1.65545
1.65595
1.674375
1.684725
1.691125
1.6919
1.69515
1.71115
1.71755
1.7269
1.756525
1.77055
1.77475
1.793075
1.807025
1.82325
1.863
1.9015
1.903
1.903675
1.909475
1.9139
1.918675
1.9341
1.9344
1.93655
1.938575
1.938825
1.938975
1.940225
1.95195
1.95925
1.9723
1.992025
2.022075
2.02635
2.0426
2.0904
2.096075
2.116225
2.1315
2.15235
2.1865
2.195375
2.204075
2.22575
2.22635
2.230975
2.250225
2.25175
2.252575
2.259275
2.261075
2.2647
2.268925
2.280525
2.297175
2.297625
2.331375
2.374675
2.40905
2.409075
2.42415
2.4407
2.4411
2.456875
2.46485
2.496425
2.5002
2.5022
2.502725
2.51135
2.511675
2.51385
2.515375
2.528325
2.532375
2.5514
2.556525
2.561575
2.563575
2.568225
2.57015
2.6012
2.602525
2.61845
2.64485
2.65645
2.675025
2.686675
2.696625
2.70445
2.71095
2.729675
2.788225
2.80895
2.8106
2.82555
2.830425
2.8414
2.8417
2.879225
2.880225
2.8942
2.89475
2.911525
2.918675
2.927
2.946725
2.95215
2.960125
2.980325
3.022875
3.071625
3.1064
3.107975
3.1134
3.1188
3.12205
3.125225
3.131275
3.1465
3.173475
3.1887
3.18995
3.204775
3.210075
3.2168
3.22275
3.231725
3.2518
3.257175
3.282925
3.35195
3.372975
3.4008
3.406
3.408525
3.4208
3.42395
3.425275
3.4411
3.462925
3.463975
3.47675
3.4854
3.50715
3.507275
3.52185
3.535725
3.53895
3.54355
3.577575
3.58065
3.61725
3.62635
3.630625
3.661875
3.67805
3.702875
3.710825
3.716925
3.718375
3.730625
3.742075
3.75315
3.7581
3.767025
3.767475
3.771975
3.79005
3.79135
3.79975
3.80065
3.808725
3.826075
3.843575
3.8515
3.8541
3.8576
3.891525
3.896175
3.9018
3.9025
3.90935
3.9235
3.9274
3.938075
4.01285
4.01795
4.01875
4.0279
4.02955
4.0325
4.035975
4.0381
4.0457
4.045975
4.0489
4.063925
4.075025
4.08365
4.0862
4.0903
4.091075
4.095225
4.097275
4.10795
4.1146
4.121475
4.1384
4.141075
4.164175
4.177525
4.205125
4.239625
4.3077
4.308125
4.312675
4.332975
4.341875
4.35265
4.35275
4.374425
4.38335
4.3895
4.39655
4.416275
4.419475
4.45185
4.461325
4.476275
4.4846
4.4957
4.5249
4.5509
4.5672
4.6018
4.606925
4.610625
4.647
4.659875
4.659925
4.66065
4.67325
4.697425
4.700025
4.7014
4.723275
4.7309
4.73565
4.750675
4.76345
4.78235
4.78525
4.7982
4.803175
4.811875
4.821275
4.839125
4.84945
4.86105
4.898925
4.89995
4.9032
4.90805
4.91105
4.9126
4.91365
4.915375
4.922525
4.93145
4.938575
4.965825
4.967425
4.970075
4.979975
4.99485
4.997075
5.00785
5.059775
5.06315
5.064025
5.064175
5.096425
5.099575
5.116575
5.1204
5.12725
5.127625
5.1294
5.13305
5.1493
5.167225
5.16835
5.201525
5.21915
5.2323
5.23605
5.238075
5.241125
5.242675
5.245375
5.245625
5.249825
5.252175
5.268075
5.272
5.280325
5.280575
5.2825
5.2929
5.293625
5.307775
5.3208
5.32195
5.336525
5.3435
5.3464
5.377575
5.461625
5.464225
5.465575
5.4708
5.5016
5.50815
5.522975
5.534675
5.53505
5.53615
5.537175
5.54075
5.54525
5.5461
5.55185
5.556125
5.558175
5.560125
5.5607
5.574925
5.595525
5.60635
5.63185
5.63215
5.634625
5.638125
5.64475
5.64855
5.662125
5.683375
5.69875
5.70905
5.712725
5.766375
5.7727
5.80335
5.814225
5.825675
5.832475
5.8336
5.840275
5.842325
5.8499
5.856725
5.8606
5.86475
5.895425
5.938
5.942975
5.949575
5.960025
5.960825
5.964325
5.97515
5.984975
6.0053
6.041
6.0511
6.09615
6.1
6.12785
6.135625
6.144075
6.151575
6.17225
6.175075
6.1793
6.190525
6.192475
6.203025
6.2032
6.238975
6.242475
6.246325
6.2611
6.27735
6.2807
6.29715
6.30855
6.316125
6.320175
6.33775
6.34125
6.35995
6.36345
6.363475
6.3977
6.401275
6.4081
6.411475
6.413975
6.4154
6.420325
6.425725
6.439225
6.4466
6.457325
6.470775
6.479075
6.496075
6.507325
6.508675
6.50875
6.52705
6.528
6.5473
6.55005
6.557425
6.5576
6.57035
6.6132
6.63865
6.684175
6.70915
6.716225
6.71655
6.719775
6.72205
6.727125
6.7272
6.73955
6.744375
6.7465
6.749475
6.749775
6.751475
6.76155
6.766925
6.779175
6.801575
6.807875
6.808575
6.819475
6.820875
6.838825
6.843425
6.84675
6.879225
6.895825
6.906825
6.972525
6.981125
6.993775
7.00195
7.0118
7.024725
7.038725
7.042875
7.049375
7.05005
7.06955
7.072225
7.0818
7.0868
7.112675
7.1173
7.12065
7.147675
7.1609
7.164725
7.1917
7.195875
7.204125
7.2078
7.2157
7.224975
7.252275
7.25875
7.284075
7.311125
7.32725
7.349825
7.357875
7.36165
7.36695
7.38595
7.3871
7.406225
7.412875
7.439125
7.444125
7.4458
7.446625
7.44755
7.4584
7.515725
7.52795
7.55275
7.600075
7.60695
7.6134
7.619575
7.62745
7.635475
7.645475
7.6463
7.651925
7.652175
7.672425
7.674725
7.675025
7.68505
7.69585
7.71475
7.724125
7.7317
7.73215
7.7388
7.75955
7.76135
7.76915
7.78065
7.782225
7.787625
7.80995
7.8549
7.8789
7.8902
7.89895
7.9
7.90375
7.904375
7.909375
7.91325
7.930175
7.93035
7.935275
7.93615
7.9552
7.95805
7.9631
7.97855
7.990775
8.006725
8.021675
8.043475
8.118275
8.120525
8.156625
8.1881
8.221125
8.22555
8.225875
8.230025
8.234925
8.2352
8.258625
8.266475
8.268225
8.280575
8.287625
8.2941
8.3136
8.32275
8.32635
8.333625
8.3339
8.352975
8.3572
8.3612
8.3853
8.4107
8.422525
8.447325
8.4627
8.4881
8.5012
8.514325
8.5184
8.53525
8.5364
8.542575
8.54325
8.546775
8.55115
8.55205
8.566275
8.5695
8.5698
8.580175
8.583075
8.58455
8.59485
8.6051
8.606725
8.6269
8.6332
8.634375
8.6453
8.6589
8.67325
8.6756
8.677425
8.682175
8.701825
8.713525
8.732075
8.732375
8.733875
8.778875
8.7839
8.79315
8.800275
8.8005
8.802925
8.8067
8.813075
8.81965
8.82035
8.823525
8.830725
8.833825
8.8447
8.8479
8.85135
8.860525
8.86215
8.86745
8.86955
8.882075
8.885825
8.894175
8.927875
8.956225
8.9656
8.9729
8.974625
8.976975
8.990575
9.016675
781
