0.076125
0.101675
0.114075
0.12835
0.129775
0.13895
0.1498
0.177
0.17705
0.178425
0.235625
0.23735
0.239225
0.2398
0.245325
0.26545
0.27505
0.307725
0.307975
0.311825
0.328575
0.330125
0.405
0.426
0.443825
0.453575
0.462025
0.48655
0.492525
0.494775
0.514975
0.56685
0.575025
0.58635
0.64065
0.64635
0.6582
0.6657
0.665825
0.684175
0.7138
0.72295
0.726525
0.7274
0.730525
0.73745
0.7447
0.757525
0.7605
0.76525
0.7716
0.7733
0.777675
0.783875
0.798675
0.799325
0.804925
0.8054
0.8134
0.828575
0.8334
0.83535
0.8384
0.85135
0.8538
0.884525
0.897925
0.8988
0.91505
0.9152
0.9265
0.9343
0.950475
0.96875
0.999975
1.00065
1.00145
1.0046
1.010425
1.01335
1.019
1.024025
1.044475
1.045325
1.047175
1.0496
1.0511
1.057525
1.0752
1.0793
1.08355
1.0934
1.1031
1.119225
1.124225
1.155
1.16485
1.1697
1.172425
1.2227
1.226525
1.2625
1.2916
1.321175
1.326225
1.326525
1.330725
1.338825
1.345925
1.34795
1.349575
1.3664
1.413075
1.4148
1.4488
1.454575
1.454625
1.457175
1.461225
1.47525
1.47625
1.47985
1.48525
1.497025
1.561975
1.609675
1.616375
1.62625
1.634975
1.6444
1.644725
1.6468
1.656525
1.660325
1.666475
1.67015
1.670275
1.68975
1.71735
1.72505
1.742075
1.764125
1.76485
1.7831
1.805325
1.8238
1.82465
1.83705
1.845
1.878
1.89695
1.904025
1.9075
1.9104
1.9125
1.93315
1.94105
1.978375
1.98845
1.991125
2.01335
2.017675
2.019325
2.02145
2.028375
2.02935
2.050925
2.0665
2.08005
2.088525
2.09705
2.1123
2.121075
2.12185
2.123225
2.126225
2.132575
2.161375
2.179825
2.200425
2.20785
2.21095
2.2137
2.2178
2.218075
2.223925
2.22785
2.23385
2.2369
2.237175
2.24235
2.247875
2.255275
2.259125
2.2667
2.2871
2.291825
2.3017
2.325475
2.326775
2.35015
2.354375
2.364025
2.37175
2.389175
2.39055
2.3911
2.39755
2.402175
2.413175
2.4531
2.5086
2.526675
2.52675
2.53945
2.546675
2.5478
2.5511
2.57175
2.572575
2.5767
2.579375
2.581175
2.58665
2.587775
2.593425
2.601925
2.605325
2.60775
2.6109
2.639875
2.662475
2.675975
2.75655
2.7734
2.786575
2.804825
2.81445
2.8462
2.853425
2.855175
2.8564
2.8633
2.8639
2.880225
2.882925
2.885575
2.9237
2.9256
2.9361
2.94515
2.965425
2.9669
2.97495
2.995675
2.997025
3.013825
3.046175
3.0675
3.101025
3.1015
3.104825
3.1091
3.115975
3.12225
3.144475
3.1708
3.170975
3.1817
3.1952
3.19815
3.208875
3.25225
3.253225
3.284225
3.35615
3.4012
3.415475
3.416
3.423075
3.4304
3.4328
3.435275
3.43565
3.459675
3.4681
3.475475
3.48895
3.489725
3.50215
3.506175
3.521825
3.525075
3.525975
3.533375
3.534625
3.5395
3.571125
3.575525
3.59725
3.6006
3.601425
3.601625
3.611125
3.615925
3.642425
3.674525
3.683525
3.701925
3.7109
3.72255
3.73055
3.736175
3.742075
3.742925
3.7677
3.769375
3.77245
3.7767
3.776975
3.7772
3.791675
3.797475
3.80425
3.81365
3.815725
3.86515
3.867725
3.886625
3.89225
3.956275
4.006025
4.007325
4.01975
4.02715
4.030575
4.0501
4.05195
4.052275
4.053925
4.055
4.0556
4.062075
4.064075
4.0656
4.066625
4.0858
4.0925
4.0971
4.09985
4.1095
4.11395
4.115425
4.1332
4.145925
4.14725
4.16145
4.19915
4.272675
4.27815
4.3049
4.30495
4.30515
4.309975
4.31925
4.32005
4.3432
4.396125
4.3975
4.3993
4.3994
4.410975
4.41565
4.44605
4.460025
4.46625
4.4733
4.495725
4.52085
4.52925
4.589675
4.610775
4.612275
4.621
4.626275
4.630275
4.639625
4.639675
4.6512
4.656725
4.66505
4.6734
4.674875
4.67545
4.685175
4.690475
4.6905
4.7003
4.71135
4.72165
4.72455
4.732
4.737775
4.737925
4.7579
4.77825
4.787275
4.827925
4.8514
4.8582
4.877525
4.890325
4.89405
4.902675
4.903625
4.907825
4.917
4.918725
4.947975
4.955775
4.975075
4.983375
4.987225
4.9892
5.00765
5.011875
5.0185
5.060525
5.06845
5.086525
5.096275
5.20235
5.213525
5.215125
5.253775
5.2539
5.2542
5.27065
5.278225
5.27885
5.282475
5.289825
5.2924
5.3164
5.3179
5.31985
5.353025
5.35535
5.357825
5.360275
5.361225
5.363325
5.37545
5.380975
5.408
5.44045
5.481075
5.501875
5.5154
5.516225
5.5243
5.5266
5.54515
5.561125
5.56415
5.5652
5.5799
5.61365
5.6188
5.620725
5.65695
5.6613
5.6739
5.6834
5.683975
5.69425
5.7022
5.710825
5.721225
5.7217
5.7254
5.740025
5.748725
5.7494
5.753675
5.758525
5.7633
5.76735
5.800075
5.81355
5.83635
5.838575
5.839075
5.8392
5.846
5.84835
5.849225
5.8493
5.85865
5.862575
5.8663
5.8737
5.87545
5.8774
5.942375
5.94325
5.9563
5.968275
5.980325
5.99355
6.021225
6.032725
6.045325
6.057175
6.060075
6.0862
6.0885
6.100125
6.101475
6.1065
6.110975
6.1228
6.126875
6.133725
6.13445
6.1458
6.1636
6.165375
6.182
6.19535
6.19625
6.199725
6.206625
6.2113
6.21365
6.219675
6.2251
6.2291
6.232575
6.2416
6.24625
6.279525
6.280775
6.292525
6.293975
6.3309
6.335125
6.364125
6.3764
6.407275
6.408875
6.4089
6.4208
6.42275
6.42415
6.42525
6.4267
6.427725
6.431075
6.431975
6.449825
6.4668
6.478975
6.489625
6.49355
6.495525
6.5102
6.51215
6.520625
6.52225
6.534225
6.54495
6.5642
6.568125
6.5689
6.574875
6.59625
6.628075
6.67705
6.700875
6.707225
6.71705
6.718675
6.71885
6.72825
6.743875
6.7747
6.781375
6.793175
6.798675
6.81125
6.8174
6.8208
6.823025
6.827925
6.830875
6.831525
6.837075
6.848025
6.858925
6.86845
6.876775
6.926
6.940975
6.943825
6.952575
6.957275
6.964325
6.9813
7.01055
7.016675
7.01735
7.0191
7.025125
7.03355
7.037075
7.0521
7.062775
7.075625
7.078575
7.10585
7.108575
7.11065
7.1237
7.12505
7.126025
7.1486
7.170925
7.172475
7.21955
7.23895
7.25005
7.285
7.286375
7.301525
7.3057
7.3063
7.32085
7.321325
7.3302
7.339625
7.34485
7.346275
7.350575
7.357925
7.36055
7.37135
7.3774
7.38
7.3871
7.389075
7.4032
7.42695
7.47015
7.47535
7.479675
7.48415
7.485375
7.5422
7.54415
7.601875
7.604025
7.6088
7.620425
7.6245
7.63675
7.6587
7.659375
7.67
7.677975
7.6895
7.705875
7.71995
7.745225
7.761925
7.7665
7.7835
7.7898
7.790625
7.813075
7.83005
7.870625
7.8942
7.9006
7.90555
7.9066
7.907575
7.913475
7.914525
7.917525
7.918025
7.92905
7.9412
7.950375
7.95555
7.973675
7.996825
7.999425
8.021175
8.022475
8.035975
8.038525
8.0424
8.05125
8.05935
8.066475
8.073625
8.076925
8.09105
8.1102
8.123875
8.15115
8.15865
8.181575
8.200725
8.202225
8.2085
8.229025
8.22915
8.23875
8.239475
8.24245
8.272225
8.2888
8.296225
8.29845
8.3076
8.32465
8.3254
8.3617
8.41505
8.41735
8.501
8.501475
8.501525
8.506875
8.508175
8.519425
8.530425
8.54085
8.5445
8.545875
8.546675
8.553225
8.559825
8.564975
8.571525
8.57415
8.579625
8.5808
8.59195
8.6152
8.63575
8.638525
8.65205
8.669675
8.670525
8.68045
8.68505
8.686625
8.7167
8.742675
8.787125
8.7995
8.800575
8.80085
8.803325
8.8078
8.8083
8.81455
8.816825
8.821025
8.827125
8.8402
8.842975
8.845825
8.85045
8.8674
8.875525
8.875975
8.889675
8.891525
8.903525
8.90425
8.905225
8.915875
8.9229
8.941575
8.98175
8.987025
8.990975
9.0011
9.0713
9.08425
794
