0.10225
0.1078
0.119675
0.122675
0.1253
0.131425
0.131575
0.138625
0.142775
0.150975
0.153925
0.156775
0.160325
0.16575
0.1881
0.203975
0.25085
0.261125
0.273525
0.315525
0.35025
0.363825
0.3784
0.4025
0.404125
0.4087
0.410625
0.4308
0.434925
0.4464
0.44645
0.446575
0.4624
0.465625
0.47645
0.483075
0.4848
0.489425
0.506575
0.5132
0.5324
0.532875
0.538
0.542725
0.547875
0.5549
0.561475
0.5658
0.586275
0.63
0.63925
0.648975
0.671225
0.67565
0.70655
0.721825
0.7282
0.728325
0.730175
0.734175
0.738675
0.739175
0.74125
0.75035
0.76195
0.766125
0.76645
0.770725
0.7791
0.785875
0.795275
0.8154
0.816025
0.866225
0.871175
0.894575
0.912325
0.9131
0.920575
0.92075
0.92235
0.926525
0.932975
0.935775
0.947525
0.976725
0.9876
1.0016
1.0019
1.019025
1.029225
1.040675
1.046575
1.04865
1.050675
1.0595
1.0769
1.079175
1.082625
1.09825
1.1032
1.12755
1.1345
1.141925
1.143275
1.152875
1.1573
1.1639
1.165425
1.167875
1.183225
1.1919
1.2033
1.2177
1.219025
1.232425
1.2473
1.263075
1.29735
1.30115
1.30435
1.31035
1.31515
1.38075
1.38395
1.38455
1.387275
1.399125
1.4144
1.431775
1.463575
1.47155
1.49295
1.526625
1.5277
1.533775
1.54865
1.55415
1.5923
1.60185
1.60285
1.6108
1.632725
1.633225
1.635975
1.6375
1.651075
1.65305
1.660725
1.6632
1.665525
1.675475
1.677575
1.6776
1.698375
1.701175
1.7063
1.713325
1.7221
1.725875
1.751925
1.752525
1.7526
1.761925
1.76635
1.77075
1.8022
1.8095
1.838225
1.8812
1.8854
1.900725
1.902425
1.912475
1.91335
1.920675
1.934425
1.946375
1.946975
1.960425
1.963325
1.9747
1.98165
1.9824
1.9866
1.98775
2.00095
2.03065
2.034225
2.03875
2.04615
2.06195
2.088425
2.090475
2.104025
2.11285
2.114725
2.192725
2.208775
2.21065
2.211525
2.2269
2.233975
2.2341
2.2791
2.3019
2.315225
2.31645
2.3309
2.33845
2.417125
2.421575
2.435375
2.45535
2.463375
2.471025
2.515375
2.5322
2.5383
2.539475
2.5395
2.5411
2.5477
2.549125
2.552625
2.55535
2.563375
2.58325
2.590175
2.608575
2.61205
2.6211
2.6265
2.63845
2.63855
2.65145
2.669075
2.672175
2.6851
2.707325
2.719775
2.74885
2.75805
2.789525
2.807775
2.81015
2.81165
2.812575
2.813925
2.814075
2.820175
2.823125
2.827425
2.827825
2.83
2.835275
2.846225
2.8521
2.8662
2.877575
2.90275
2.929
2.936675
2.93885
2.939125
2.9502
2.96
2.9628
2.972
2.9777
2.98595
2.99755
3.09015
3.10585
3.1124
3.120075
3.133425
3.139725
3.1411
3.1511
3.153375
3.159075
3.16395
3.1766
3.184575
3.187525
3.194925
3.2024
3.203875
3.207325
3.225275
3.2309
3.2407
3.2826
3.2885
3.32215
3.33715
3.354675
3.4023
3.419675
3.42755
3.427825
3.439975
3.446475
3.452925
3.4636
3.475975
3.48015
3.4847
3.4868
3.492475
3.49475
3.49575
3.531375
3.550875
3.55405
3.5601
3.572125
3.598825
3.646875
3.6503
3.6573
3.663725
3.666775
3.7006
3.71595
3.733375
3.74155
3.745075
3.7473
3.7491
3.7543
3.7592
3.766375
3.77535
3.791825
3.801925
3.805875
3.808625
3.811075
3.835375
3.8448
3.85925
3.86505
3.869175
3.87945
3.8911
3.94825
3.962
3.989525
3.9986
4.02485
4.033825
4.035375
4.04855
4.058525
4.0652
4.067075
4.077175
4.08165
4.0986
4.110225
4.113
4.142725
4.145775
4.15685
4.20085
4.20285
4.203825
4.2141
4.220075
4.229925
4.2484
4.3005
4.31115
4.312875
4.3341
4.347375
4.349275
4.3549
4.3604
4.3619
4.371025
4.4199
4.454325
4.47
4.48775
4.5079
4.517325
4.5223
4.60495
4.6113
4.62655
4.6345
4.635225
4.63545
4.647025
4.64795
4.65115
4.652675
4.66415
4.678725
4.6824
4.6895
4.690475
4.69055
4.692725
4.694075
4.7114
4.7245
4.728875
4.740925
4.758325
4.768825
4.772325
4.773575
4.7746
4.780425
4.828075
4.832575
4.835475
4.83925
4.858525
4.859
4.90685
4.91155
4.9116
4.919575
4.922125
4.9225
4.933
4.9472
4.9524
4.95355
4.9598
4.96265
4.9644
4.96545
4.98555
4.98855
4.99455
4.995325
5.0095
5.009725
5.01475
5.019075
5.027025
5.032725
5.04035
5.055025
5.061625
5.0709
5.07145
5.073725
5.078175
5.161975
5.207275
5.20805
5.21225
5.220825
5.22095
5.22645
5.2296
5.236625
5.24205
5.248175
5.257775
5.2615
5.266975
5.2691
5.289325
5.3046
5.325975
5.326225
5.32845
5.335125
5.346275
5.346325
5.3567
5.358625
5.385775
5.38635
5.393025
5.40075
5.4066
5.416125
5.427725
5.452025
5.4648
5.478775
5.5013
5.503025
5.5051
5.50995
5.528
5.528125
5.542225
5.555225
5.5755
5.5865
5.59835
5.60105
5.6119
5.6242
5.6263
5.64365
5.66865
5.726125
5.740425
5.750925
5.7627
5.769725
5.818275
5.818925
5.821525
5.822725
5.823725
5.829175
5.851125
5.873925
5.886225
5.90605
5.92625
5.931375
5.982175
6.002
6.02475
6.02715
6.03215
6.0366
6.058575
6.097075
6.109725
6.113775
6.114975
6.12255
6.126975
6.128375
6.12885
6.130525
6.132375
6.14215
6.1449
6.15795
6.16425
6.182125
6.1823
6.19445
6.2152
6.218675
6.229225
6.25245
6.262725
6.2641
6.28155
6.283175
6.405
6.40945
6.4279
6.43165
6.43235
6.441675
6.44785
6.452275
6.458425
6.46165
6.493275
6.5011
6.5117
6.536325
6.56025
6.5655
6.6105
6.6274
6.663375
6.684025
6.701225
6.707525
6.71025
6.71075
6.712375
6.713825
6.7406
6.752
6.753875
6.757375
6.759425
6.76075
6.7648
6.781175
6.788875
6.79065
6.7933
6.7946
6.79785
6.82485
6.82565
6.840525
6.84135
6.86685
6.90125
6.918975
6.927
6.95735
6.99715
7.000825
7.002075
7.0116
7.012975
7.025275
7.02765
7.0287
7.033325
7.036775
7.056275
7.07075
7.08935
7.09215
7.098375
7.1031
7.1081
7.1178
7.1483
7.149225
7.179175
7.199475
7.215975
7.231375
7.266125
7.28605
7.301275
7.307
7.309275
7.3267
7.34325
7.345775
7.358375
7.36305
7.371675
7.385325
7.3889
7.39065
7.393275
7.4024
7.41585
7.43505
7.439
7.481225
7.481775
7.482
7.49585
7.529675
7.573125
7.61175
7.616475
7.621975
7.624875
7.627175
7.6325
7.632525
7.644875
7.6499
7.6561
7.67385
7.677175
7.679225
7.684125
7.6901
7.718625
7.734025
7.755175
7.75835
7.781225
7.798225
7.826125
7.846675
7.873525
7.892675
7.913425
7.916025
7.917325
7.919525
7.92365
7.930375
7.93245
7.935
7.939375
7.944175
7.9529
7.95525
7.9558
7.958575
7.9595
7.96205
7.98195
8.003925
8.0056
8.00585
8.01065
8.0107
8.012125
8.0156
8.0169
8.022875
8.037225
8.038825
8.079975
8.09195
8.112025
8.145975
8.151925
8.178675
8.204
8.208525
8.2131
8.219425
8.22265
8.2241
8.224925
8.2253
8.232125
8.233725
8.2419
8.242925
8.2469
8.267975
8.26875
8.285025
8.2969
8.30025
8.304825
8.311975
8.3225
8.329775
8.3393
8.348225
8.34875
8.37425
8.404875
8.434225
8.502975
8.504025
8.512025
8.519375
8.531275
8.537325
8.538775
8.540725
8.546975
8.5478
8.55565
8.5738
8.596625
8.598
8.638425
8.6783
8.706275
8.758875
8.776825
8.78165
8.7904
8.80065
8.8077
8.818375
8.830775
8.83395
8.853175
8.86085
8.863825
8.879375
8.889575
8.8977
8.9065
8.92015
8.944075
8.944775
8.952525
8.95605
8.97755
8.984825
9.00425
9.0068
9.062825
9.083525
784
