0.10495
0.105175
0.107
0.1135
0.12575
0.1386
0.1466
0.15545
0.164875
0.168625
0.170925
0.175475
0.176125
0.1766
0.196375
0.200425
0.21055
0.222275
0.244425
0.2494
0.25635
0.2631
0.27385
0.276825
0.28295
0.2875
0.296875
0.33975
0.352225
0.407725
0.40775
0.415225
0.425925
0.427325
0.4319
0.443325
0.444125
0.4663
0.47995
0.485775
0.5154
0.516275
0.525575
0.530625
0.534525
0.571675
0.5855
0.60115
0.612675
0.6388
0.646125
0.656075
0.696
0.717725
0.721
0.734775
0.740625
0.744825
0.7677
0.7734
0.77685
0.7779
0.780425
0.80715
0.817575
0.8357
0.875725
0.907475
0.909025
0.9122
0.92155
0.947675
0.949725
0.950625
0.9625
1.004975
1.006
1.00725
1.01255
1.014775
1.01495
1.017175
1.0353
1.03755
1.046825
1.058125
1.05815
1.060025
1.07345
1.092425
1.09645
1.099225
1.11905
1.120725
1.1258
1.131575
1.1389
1.163
1.182725
1.2037
1.218475
1.24445
1.287875
1.2896
1.307975
1.3082
1.314375
1.316175
1.319475
1.3209
1.3249
1.327875
1.340325
1.355075
1.359425
1.3648
1.368375
1.373425
1.3736
1.42205
1.430275
1.432225
1.433725
1.4351
1.443625
1.48045
1.512425
1.52715
1.548475
1.549975
1.562975
1.572025
1.603225
1.607875
1.60795
1.610975
1.612175
1.613325
1.619475
1.623175
1.625725
1.657125
1.6654
1.68355
1.688825
1.702925
1.731975
1.7641
1.7721
1.8089
1.84885
1.895325
1.900425
1.904025
1.913125
1.91315
1.91925
1.941375
1.9457
1.95065
1.951275
1.955675
1.972225
1.991075
2.0091
2.014125
2.0159
2.0297
2.04125
2.072275
2.0909
2.091875
2.108325
2.122375
2.128075
2.147025
2.16315
2.172225
2.184
2.2071
2.217525
2.219075
2.220575
2.221675
2.25175
2.27625
2.2827
2.296975
2.3175
2.335575
2.36265
2.3695
2.372625
2.40625
2.41645
2.444625
2.492575
2.49475
2.4956
2.501775
2.52505
2.5255
2.537275
2.5401
2.54995
2.564925
2.5772
2.580675
2.595375
2.599
2.601125
2.6097
2.6328
2.66895
2.685725
2.692175
2.693225
2.7054
2.708575
2.7091
2.711625
2.75335
2.7687
2.8019
2.8067
2.8126
2.813
2.8179
2.81865
2.825975
2.826825
2.829275
2.829725
2.850125
2.850775
2.863675
2.869925
2.87315
2.875375
2.8898
2.9142
2.9352
2.9446
2.9514
2.956875
2.964075
2.976025
2.984475
2.987625
2.99105
2.995825
2.9995
3.02405
3.04215
3.10325
3.103475
3.104575
3.10845
3.114275
3.1272
3.142675
3.142975
3.1475
3.167625
3.185925
3.1882
3.206675
3.221475
3.221625
3.23635
3.24395
3.25725
3.277825
3.29135
3.297625
3.30295
3.345425
3.350175
3.399275
3.407125
3.4143
3.4424
3.447525
3.45405
3.4614
3.475575
3.4898
3.4909
3.503625
3.50365
3.509925
3.5187
3.52095
3.523225
3.5502
3.5567
3.579925
3.59635
3.59915
3.62105
3.6258
3.64335
3.658475
3.7031
3.705875
3.708225
3.709075
3.731675
3.73955
3.749
3.766825
3.7942
3.80065
3.8007
3.80895
3.828975
3.838325
3.8433
3.851725
3.858775
3.929575
3.93755
3.94175
3.9618
4.00055
4.0086
4.0164
4.030725
4.03735
4.038475
4.04545
4.0568
4.057
4.0657
4.0659
4.0735
4.079975
4.08085
4.091925
4.10695
4.135625
4.1463
4.1635
4.170425
4.211
4.2141
4.30495
4.31145
4.31575
4.317675
4.31805
4.325925
4.32765
4.3294
4.336975
4.344125
4.35485
4.388775
4.391475
4.400875
4.404175
4.456175
4.4646
4.478375
4.4863
4.51675
4.5347
4.563875
4.577625
4.58295
4.604425
4.61275
4.62525
4.634625
4.639175
4.641775
4.65355
4.65685
4.65885
4.664775
4.669225
4.675275
4.676075
4.690025
4.69535
4.6964
4.7059
4.713075
4.716975
4.720325
4.737025
4.741725
4.7435
4.7448
4.7452
4.76935
4.778375
4.8042
4.816625
4.818375
4.8449
4.868075
4.90575
4.912725
4.930325
4.9318
4.937075
4.939075
4.9455
4.95625
4.956725
4.958975
4.9599
4.991275
4.9953
5.00115
5.001925
5.0309
5.0403
5.041975
5.042125
5.04515
5.055075
5.056825
5.067225
5.0929
5.0967
5.1283
5.208275
5.210475
5.2373
5.251825
5.2619
5.2638
5.267175
5.2906
5.2952
5.2996
5.3001
5.301
5.3131
5.3236
5.3392
5.340425
5.35055
5.351125
5.38025
5.38095
5.384925
5.38585
5.421675
5.430575
5.432775
5.45445
5.475
5.501675
5.50185
5.50355
5.5089
5.5208
5.533425
5.53575
5.5413
5.54255
5.542675
5.545275
5.550425
5.558375
5.563025
5.565975
5.573475
5.578075
5.579775
5.584175
5.598475
5.61815
5.618825
5.621025
5.634
5.63565
5.6528
5.694475
5.6967
5.7189
5.7315
5.7966
5.802825
5.807325
5.812425
5.81625
5.8214
5.8315
5.8585
5.861775
5.862625
5.87805
5.885675
5.889775
5.901225
5.9145
5.92125
5.934125
5.9347
5.944225
5.945575
5.977
6.02765
6.0674
6.082375
6.097125
6.107075
6.108075
6.116325
6.1209
6.14585
6.153075
6.159475
6.16225
6.17315
6.1752
6.1823
6.2003
6.20455
6.208
6.21835
6.219075
6.2536
6.2793
6.2834
6.286975
6.312975
6.321075
6.32525
6.327625
6.341675
6.403825
6.40565
6.412625
6.41875
6.424475
6.42565
6.428475
6.44215
6.446175
6.44915
6.4512
6.460625
6.470625
6.4746
6.482325
6.484525
6.501275
6.512775
6.515375
6.517475
6.5187
6.53885
6.55515
6.563075
6.5642
6.6395
6.685825
6.70495
6.709275
6.70935
6.7149
6.7255
6.734425
6.74195
6.7652
6.778575
6.7876
6.791725
6.7927
6.795425
6.79845
6.80375
6.8045
6.8237
6.877675
6.925725
6.939525
6.9518
6.962525
7.011475
7.014075
7.0148
7.018625
7.023425
7.024275
7.028225
7.030425
7.0358
7.040625
7.054025
7.06405
7.07625
7.0962
7.109
7.114375
7.1207
7.1224
7.1254
7.153425
7.160675
7.193975
7.208675
7.248
7.261275
7.303675
7.326425
7.335525
7.34455
7.344675
7.34695
7.3554
7.356225
7.385625
7.38815
7.40345
7.43165
7.447775
7.4574
7.469825
7.530125
7.6042
7.61715
7.617175
7.6275
7.635575
7.644075
7.652425
7.65355
7.683525
7.684625
7.68875
7.71275
7.75425
7.7562
7.773175
7.78445
7.7911
7.8022
7.853625
7.884825
7.8913
7.9221
7.9281
7.947925
7.9539
7.959475
7.960275
7.964575
7.9783
7.9816
8.0095
8.011575
8.01435
8.018575
8.02475
8.0456
8.052875
8.061525
8.164225
8.171275
8.20425
8.23805
8.24795
8.250675
8.28155
8.2875
8.2907
8.2929
8.320675
8.350675
8.356225
8.37535
8.409
8.415
8.451675
8.475275
8.479
8.5018
8.50195
8.510675
8.515775
8.52635
8.527375
8.534925
8.540775
8.54225
8.54335
8.545425
8.546975
8.559375
8.575875
8.59595
8.596775
8.610025
8.6245
8.64705
8.649825
8.65655
8.663125
8.689
8.6898
8.731475
8.755425
8.791875
8.804675
8.8094
8.8114
8.83155
8.83685
8.84385
8.84465
8.857475
8.9131
8.919875
8.93465
8.9474
8.951875
8.9552
8.969775
9.0341
725
