0.024575
0.029075
0.117125
0.11755
0.123
0.1269
0.12845
0.130675
0.13385
0.136275
0.140125
0.141275
0.154525
0.175675
0.179125
0.180975
0.18625
0.188575
0.189625
0.190425
0.206075
0.2402
0.247425
0.25515
0.258725
0.260475
0.261
0.26935
0.270125
0.27415
0.2802
0.298975
0.304925
0.321275
0.335425
0.342025
0.345575
0.365075
0.375675
0.4009
0.410525
0.410625
0.4113
0.432525
0.439475
0.441325
0.4431
0.44575
0.448675
0.449475
0.45385
0.4549
0.461
0.47195
0.4729
0.48375
0.483775
0.484375
0.4852
0.48965
0.49395
0.524725
0.531
0.580325
0.582375
0.586975
0.6384
0.650975
0.6877
0.691425
0.70685
0.719425
0.726025
0.72635
0.730225
0.740875
0.755475
0.7609
0.769325
0.7719
0.775
0.78515
0.79095
0.791675
0.81275
0.815825
0.83445
0.835425
0.85
0.861075
0.867875
0.8846
0.885475
0.903
0.904375
0.9143
0.93235
0.9554
0.956675
0.964175
1.016025
1.0332
1.071675
1.07565
1.088625
1.0889
1.10285
1.108975
1.110575
1.1192
1.12505
1.143325
1.14645
1.1531
1.15705
1.180225
1.217575
1.244525
1.25605
1.272925
1.3003
1.306575
1.30975
1.31365
1.314
1.316125
1.32275
1.324475
1.332
1.347075
1.352
1.37415
1.38
1.380675
1.419675
1.432375
1.4395
1.449025
1.467725
1.487375
1.56195
1.590675
1.6
1.604125
1.60945
1.613075
1.6144
1.62215
1.622425
1.63335
1.6374
1.641425
1.652975
1.653875
1.65495
1.6566
1.684175
1.701375
1.701525
1.7019
1.70595
1.70765
1.7106
1.72075
1.735075
1.738075
1.782575
1.84955
1.85205
1.864875
1.87905
1.8966
1.90205
1.909575
1.913425
1.913575
1.92905
1.940325
1.9478
1.954475
1.974375
1.97715
1.978375
1.9972
2.01275
2.01545
2.0245
2.0502
2.058
2.0685
2.0703
2.080975
2.093
2.0983
2.10455
2.109725
2.1259
2.195025
2.200675
2.2012
2.2025
2.213575
2.21615
2.216675
2.219625
2.223375
2.232225
2.232725
2.248625
2.250225
2.252325
2.25675
2.26705
2.26745
2.285925
2.313475
2.342575
2.3578
2.41675
2.4177
2.42675
2.44725
2.4483
2.4848
2.4856
2.5083
2.52265
2.528975
2.538125
2.5631
2.575675
2.589425
2.59005
2.595525
2.59945
2.605775
2.6171
2.6185
2.62065
2.6275
2.62975
2.67275
2.68025
2.7452
2.75035
2.750425
2.7774
2.79925
2.81105
2.812225
2.8137
2.815375
2.81635
2.81775
2.8204
2.8273
2.82965
2.839875
2.8419
2.843325
2.848425
2.86365
2.88035
2.886875
2.88705
2.8912
2.91955
2.9236
2.9306
2.9498
2.95125
2.9672
2.9719
2.981925
2.98775
2.98815
2.9908
3.025075
3.034975
3.049975
3.080625
3.1208
3.1223
3.12495
3.1359
3.139375
3.142275
3.143
3.145875
3.149275
3.15255
3.15995
3.16485
3.184775
3.197275
3.199075
3.21735
3.21805
3.256375
3.258575
3.264025
3.284025
3.2952
3.304725
3.30695
3.3174
3.32475
3.3252
3.336125
3.346375
3.347625
3.3535
3.358725
3.401425
3.421875
3.422125
3.422475
3.423775
3.432525
3.4395
3.440575
3.476675
3.487675
3.489575
3.489725
3.50685
3.5117
3.553975
3.56945
3.591775
3.6071
3.630075
3.6363
3.721575
3.725825
3.7473
3.7481
3.781075
3.782
3.7835
3.786425
3.796
3.803575
3.8045
3.815125
3.84815
3.874
3.89285
3.930125
3.94055
3.94435
3.971525
4.000275
4.012675
4.013675
4.031075
4.037875
4.038175
4.042075
4.044125
4.048675
4.051575
4.07865
4.085875
4.114025
4.11895
4.12415
4.147425
4.155375
4.17955
4.21385
4.2156
4.233925
4.237325
4.2708
4.3034
4.30905
4.316225
4.318975
4.322775
4.326875
4.334275
4.335525
4.344525
4.359875
4.3694
4.39275
4.39525
4.413925
4.440775
4.44865
4.461975
4.463375
4.51085
4.524875
4.54695
4.560175
4.568675
4.594025
4.6016
4.60965
4.6118
4.614
4.6223
4.642275
4.643675
4.64565
4.660925
4.6671
4.667725
4.678075
4.6871
4.68835
4.6904
4.696025
4.70155
4.7145
4.742625
4.7534
4.771525
4.772725
4.792275
4.809275
4.8109
4.82285
4.843375
4.8448
4.850425
4.880325
4.89475
4.9065
4.91015
4.920525
4.924025
4.92875
4.9357
4.9446
4.955075
4.964975
4.97395
4.977075
4.9774
4.9805
4.9848
4.98525
4.987625
5.002525
5.006575
5.0153
5.0176
5.01795
5.023175
5.02825
5.035525
5.0466
5.060825
5.061375
5.064775
5.07445
5.084525
5.086875
5.1247
5.1419
5.170275
5.17155
5.18685
5.200625
5.206525
5.2161
5.21995
5.220875
5.241625
5.24345
5.260225
5.2619
5.268275
5.269375
5.27185
5.274625
5.285625
5.301175
5.30375
5.317775
5.3232
5.327675
5.33725
5.3564
5.383675
5.427575
5.4427
5.461525
5.51225
5.512675
5.530875
5.53385
5.538325
5.538575
5.5588
5.561975
5.566875
5.567375
5.5738
5.602725
5.616075
5.620025
5.6208
5.6534
5.658425
5.663675
5.689425
5.697525
5.714925
5.722775
5.7612
5.7898
5.80175
5.804575
5.8149
5.8242
5.83095
5.84875
5.854175
5.8635
5.86585
5.8702
5.885975
5.892725
5.8953
5.9124
5.92415
5.927725
5.92895
5.988025
5.98915
6.0128
6.021575
6.030475
6.046
6.107175
6.1118
6.116775
6.1197
6.124425
6.1292
6.14025
6.1433
6.156675
6.1568
6.157425
6.169075
6.1717
6.173825
6.183025
6.209
6.2251
6.228825
6.2299
6.2404
6.2928
6.314375
6.3187
6.325425
6.3564
6.366825
6.409925
6.4109
6.41125
6.411725
6.411825
6.42285
6.4292
6.43465
6.44245
6.44785
6.460275
6.46125
6.462825
6.46795
6.472125
6.4813
6.490125
6.500825
6.501225
6.528975
6.544125
6.5604
6.5733
6.575075
6.59055
6.595625
6.6042
6.604675
6.624725
6.6708
6.68325
6.696925
6.706525
6.7288
6.7314
6.75465
6.7707
6.7745
6.774775
6.775775
6.789375
6.79685
6.799925
6.814175
6.840375
6.850525
6.860275
6.875175
6.8766
6.8898
6.907925
6.924625
6.9576
7.001
7.008425
7.0147
7.023925
7.02395
7.027425
7.048975
7.04975
7.054275
7.05775
7.06795
7.09475
7.101975
7.1049
7.120125
7.12225
7.12475
7.14175
7.1778
7.205275
7.214625
7.226
7.26955
7.305625
7.32375
7.32385
7.3268
7.328
7.33045
7.340675
7.352575
7.360775
7.37725
7.41495
7.427625
7.4513
7.46815
7.476375
7.480675
7.4951
7.49955
7.514
7.5178
7.5201
7.522125
7.6052
7.610575
7.619925
7.6201
7.629575
7.63
7.6397
7.650525
7.652575
7.6543
7.6642
7.6816
7.6987
7.70535
7.713775
7.71755
7.720925
7.725575
7.74895
7.757125
7.75895
7.7698
7.77735
7.7787
7.81005
7.8707
7.877525
7.88585
7.9
7.906775
7.907325
7.908675
7.91855
7.932475
7.936475
7.9453
7.9503
7.964475
7.9716
7.99115
7.997525
7.999
7.999875
8.0093
8.0153
8.02915
8.048875
8.074
8.084225
8.137925
8.17125
8.186225
8.18645
8.2248
8.2275
8.2346
8.2379
8.2386
8.249175
8.2544
8.259375
8.2795
8.2882
8.3034
8.311125
8.3113
8.31285
8.3294
8.3372
8.354325
8.364825
8.37035
8.37165
8.37275
8.377475
8.401675
8.41105
8.41115
8.43155
8.497075
8.5011
8.50615
8.50625
8.5085
8.515
8.51535
8.51865
8.5293
8.53635
8.53835
8.54315
8.552025
8.57
8.592075
8.603
8.620875
8.6397
8.64235
8.64365
8.66415
8.668975
8.6773
8.68945
8.705975
8.7639
8.764375
8.773775
8.787325
8.8
8.80145
8.8029
8.81355
8.8145
8.818075
8.828525
8.833075
8.8351
8.845575
8.846775
8.86945
8.8721
8.8752
8.88015
8.8978
8.92425
8.936025
8.97235
8.97245
8.97815
8.980825
8.98365
8.9958
9.0301
9.054525
9.09
9.0993
798
