0.1026
0.1033
0.10845
0.130375
0.13655
0.163375
0.16495
0.16915
0.17535
0.176425
0.196
0.202625
0.210975
0.2136
0.238925
0.2462
0.274325
0.28175
0.325475
0.352125
0.3799
0.38515
0.39765
0.403825
0.404
0.404725
0.41715
0.418025
0.420075
0.4337
0.4438
0.4484
0.4543
0.455025
0.4604
0.460975
0.461625
0.471475
0.47375
0.4768
0.4799
0.485525
0.51395
0.515375
0.521875
0.531175
0.5388
0.565425
0.57285
0.577725
0.5821
0.59445
0.6129
0.669975
0.699975
0.7027
0.71705
0.732425
0.73655
0.736675
0.7375
0.745625
0.7486
0.750675
0.754225
0.768625
0.770575
0.773375
0.781925
0.784025
0.7879
0.796375
0.825875
0.846675
0.850225
0.872875
0.890175
0.906425
0.9127
0.91355
0.930175
0.959375
0.9673
0.97145
0.97855
1.01075
1.013425
1.024575
1.030475
1.04375
1.045525
1.0561
1.08135
1.086275
1.10555
1.112175
1.11455
1.12615
1.130375
1.1422
1.163575
1.2085
1.2169
1.230175
1.24935
1.249825
1.3043
1.307225
1.31215
1.314475
1.317325
1.32025
1.323175
1.323775
1.325075
1.326825
1.328925
1.33425
1.33445
1.3439
1.3563
1.36085
1.364025
1.36865
1.370175
1.37395
1.379675
1.3808
1.383625
1.386375
1.391175
1.394725
1.397175
1.3979
1.405925
1.409025
1.410375
1.41675
1.421725
1.435475
1.463525
1.486025
1.509025
1.51645
1.53135
1.53165
1.539975
1.563125
1.583775
1.595325
1.60735
1.61185
1.619725
1.623225
1.6233
1.6329
1.6437
1.6625
1.663975
1.668075
1.669975
1.68885
1.69735
1.7071
1.7087
1.709925
1.71545
1.7354
1.751575
1.77225
1.7806
1.7973
1.825775
1.82995
1.841925
1.868575
1.887675
1.894275
1.900525
1.9039
1.90865
1.91155
1.921625
1.9225
1.926075
1.9368
1.94165
1.9425
1.94675
1.95575
1.957025
1.97475
1.989325
2.0079
2.008925
2.0233
2.042225
2.046975
2.0865
2.090425
2.125125
2.134875
2.167075
2.2
2.20705
2.208425
2.21195
2.21305
2.21375
2.2205
2.2247
2.22595
2.2327
2.23465
2.23555
2.239675
2.239825
2.24745
2.266325
2.284825
2.286025
2.3013
2.304075
2.30755
2.318925
2.336975
2.42865
2.446775
2.501325
2.503925
2.51595
2.54955
2.554
2.56215
2.576375
2.579925
2.583225
2.616
2.62555
2.634925
2.647475
2.651325
2.68405
2.69185
2.69585
2.713375
2.7367
2.750825
2.779675
2.807
2.808525
2.813625
2.81885
2.824575
2.826925
2.8335
2.857725
2.8685
2.86925
2.870875
2.892525
2.89665
2.90485
2.919075
2.940975
2.97305
2.98315
2.9954
3.0521
3.06385
3.09105
3.103875
3.10445
3.10665
3.1253
3.12715
3.129375
3.138975
3.140825
3.1622
3.17395
3.180325
3.182475
3.1931
3.199925
3.235625
3.247825
3.25555
3.2628
3.273975
3.2828
3.28395
3.2877
3.295575
3.32995
3.3458
3.370825
3.4089
3.44405
3.4661
3.476775
3.491
3.502775
3.515025
3.51585
3.5293
3.542675
3.56435
3.564825
3.57615
3.576375
3.579775
3.6415
3.643
3.677025
3.72525
3.72605
3.72895
3.73475
3.738675
3.750475
3.752
3.77815
3.78265
3.8302
3.835425
3.857525
3.858225
3.8619
3.90055
3.902375
3.9542
3.973975
3.995225
4.000325
4.002125
4.00635
4.016175
4.029125
4.032125
4.034125
4.03675
4.042725
4.0575
4.058325
4.065375
4.066575
4.0784
4.0826
4.11205
4.1267
4.129925
4.134975
4.147475
4.1553
4.15575
4.1682
4.168275
4.181375
4.183775
4.246775
4.249875
4.274625
4.3105
4.31255
4.340675
4.35485
4.358975
4.373875
4.386275
4.3892
4.429225
4.44865
4.455825
4.539675
4.545775
4.549075
4.549775
4.55925
4.583025
4.6087
4.6115
4.62905
4.62925
4.632675
4.633325
4.63765
4.64815
4.651775
4.6595
4.659975
4.6622
4.671
4.69305
4.7056
4.726875
4.730625
4.7375
4.7478
4.78255
4.78605
4.8013
4.830925
4.8592
4.9
4.900075
4.90085
4.9038
4.905325
4.91335
4.93785
4.988475
4.993375
5.004425
5.0139
5.018425
5.02325
5.02795
5.06295
5.06625
5.0893
5.090375
5.11265
5.20235
5.208775
5.21265
5.220025
5.2234
5.2286
5.233875
5.25505
5.257075
5.277875
5.28
5.2979
5.310875
5.311925
5.35755
5.389275
5.45525
5.45685
5.470475
5.476525
5.4969
5.50095
5.515225
5.522025
5.5537
5.5696
5.59915
5.60435
5.61685
5.62245
5.624325
5.654325
5.676425
5.677075
5.689825
5.7135
5.79165
5.79825
5.804675
5.8047
5.805025
5.808875
5.811325
5.81205
5.815875
5.8245
5.825575
5.8411
5.84495
5.866425
5.8731
5.9078
5.921225
5.935025
5.93635
5.94755
5.948275
5.9526
5.957875
5.96625
5.97915
5.989475
6.022
6.041425
6.055325
6.0614
6.076725
6.0934
6.12255
6.1272
6.1294
6.134675
6.140175
6.143225
6.145875
6.146625
6.160075
6.162775
6.1889
6.189375
6.210325
6.2298
6.236075
6.23665
6.2472
6.24765
6.2485
6.255025
6.26415
6.27495
6.28625
6.292525
6.323575
6.357975
6.362525
6.3641
6.365575
6.372025
6.37995
6.391775
6.395925
6.420725
6.42365
6.42415
6.42545
6.435975
6.445575
6.447125
6.44835
6.462925
6.469
6.475875
6.479775
6.48055
6.482975
6.513025
6.516275
6.52195
6.538475
6.5409
6.5653
6.566175
6.57065
6.572025
6.572675
6.577275
6.583125
6.60465
6.6111
6.627275
6.629825
6.66015
6.699975
6.711025
6.71265
6.72585
6.728775
6.731275
6.788
6.789825
6.8027
6.80405
6.8062
6.813475
6.822425
6.832275
6.838525
6.855225
6.863525
6.86395
6.876575
6.883925
6.894575
6.90295
6.919525
6.9208
6.967175
6.98275
6.992725
7.01815
7.0214
7.02825
7.03345
7.03415
7.03725
7.0383
7.039175
7.0396
7.0445
7.056875
7.06195
7.06395
7.070225
7.08095
7.0907
7.101725
7.130775
7.13905
7.14835
7.168325
7.217575
7.24805
7.307725
7.310825
7.322225
7.328325
7.33325
7.348
7.358575
7.362875
7.371575
7.375075
7.379
7.389175
7.3931
7.396075
7.407425
7.4265
7.4406
7.466075
7.4698
7.48115
7.4849
7.488175
7.5113
7.51955
7.57385
7.603775
7.60555
7.6057
7.6097
7.609725
7.617525
7.621725
7.62755
7.62995
7.635575
7.65045
7.65075
7.672825
7.674275
7.674975
7.7109
7.721425
7.7453
7.763125
7.767075
7.797275
7.9007
7.9039
7.906075
7.916725
7.918575
7.919475
7.9219
7.92955
7.934575
7.934875
7.935525
7.955
7.9657
7.972825
7.973675
7.97895
7.98315
7.9835
7.9858
7.9934
8.019075
8.023225
8.052575
8.11195
8.114125
8.12925
8.13675
8.137875
8.159125
8.17565
8.200625
8.201125
8.205325
8.2098
8.220425
8.2228
8.224725
8.225875
8.229975
8.231725
8.25545
8.263475
8.2835
8.291
8.29885
8.30995
8.317975
8.323425
8.32815
8.332825
8.33295
8.3362
8.347875
8.363375
8.3662
8.375075
8.42835
8.442925
8.479525
8.492625
8.51725
8.530575
8.5398
8.545475
8.546475
8.554175
8.55895
8.562375
8.571675
8.589225
8.598375
8.61345
8.63205
8.632725
8.635
8.6359
8.641625
8.647325
8.6521
8.71575
8.7766
8.801375
8.808825
8.812225
8.81345
8.81845
8.83085
8.8333
8.833425
8.8378
8.86385
8.865625
8.879675
8.887525
8.887925
8.897575
8.9
8.90025
8.911775
8.9263
8.934175
8.97075
8.978175
9.052225
755
