0.110275
0.116175
0.11635
0.117125
0.12295
0.136
0.14125
0.143125
0.15335
0.1579
0.1883
0.19115
0.191925
0.198075
0.207325
0.218
0.221425
0.226
0.228575
0.233775
0.23785
0.270975
0.34155
0.400775
0.4023
0.421325
0.4244
0.427975
0.478475
0.4818
0.48335
0.49135
0.4948
0.502675
0.506875
0.50745
0.515075
0.517775
0.522175
0.5313
0.547975
0.5544
0.5639
0.5715
0.58655
0.61505
0.61515
0.629125
0.708575
0.7092
0.7168
0.72315
0.725425
0.738925
0.753025
0.760275
0.761325
0.76155
0.7788
0.781675
0.78665
0.79405
0.80005
0.814775
0.825875
0.868975
0.8709
0.88715
0.928
0.962925
0.97395
1.00405
1.01065
1.016
1.01645
1.020175
1.023075
1.025125
1.03135
1.03825
1.044525
1.052525
1.05555
1.063925
1.07115
1.0712
1.07275
1.076475
1.08125
1.087775
1.098075
1.136775
1.13865
1.149775
1.15095
1.1545
1.161025
1.162825
1.16455
1.176875
1.184925
1.185125
1.18565
1.22705
1.28945
1.3021
1.303175
1.3152
1.317325
1.322925
1.3241
1.32535
1.327825
1.333325
1.34395
1.357625
1.399625
1.412475
1.418325
1.4347
1.45915
1.467175
1.470675
1.4813
1.496275
1.51085
1.519
1.521975
1.533225
1.5336
1.57035
1.60355
1.61995
1.628775
1.63025
1.63295
1.6346
1.64965
1.6515
1.656675
1.66595
1.66995
1.6732
1.70165
1.70375
1.707375
1.722975
1.73835
1.74
1.743825
1.7743
1.797075
1.802675
1.819825
1.829525
1.8888
1.9015
1.90205
1.904025
1.90675
1.910225
1.911875
1.924375
1.926975
1.98135
2.002975
2.0112
2.013575
2.02385
2.02835
2.0496
2.069025
2.088625
2.09005
2.097
2.098025
2.1202
2.12495
2.178675
2.200125
2.2033
2.2131
2.2267
2.2351
2.251925
2.26785
2.27275
2.281775
2.2864
2.29365
2.2939
2.29695
2.31745
2.32765
2.33535
2.345725
2.3525
2.364675
2.38415
2.386175
2.398075
2.432925
2.4503
2.468725
2.49985
2.513075
2.5158
2.52305
2.5338
2.536125
2.53895
2.54935
2.556225
2.607075
2.60765
2.611425
2.616025
2.630225
2.632075
2.710975
2.725925
2.734525
2.73455
2.750025
2.7521
2.777625
2.78395
2.7936
2.801
2.802225
2.80555
2.8065
2.8113
2.813725
2.820225
2.826875
2.842
2.8428
2.846475
2.855375
2.8602
2.872325
2.875825
2.888275
2.891425
2.909825
2.913225
2.956325
2.963375
2.9698
2.97125
2.980325
3.022
3.031475
3.049125
3.0995
3.1012
3.10435
3.104875
3.10985
3.11785
3.123
3.13155
3.161675
3.16475
3.16775
3.17575
3.176575
3.1782
3.182125
3.187525
3.187925
3.206725
3.2095
3.224925
3.239625
3.241325
3.2512
3.2776
3.2785
3.28035
3.2809
3.290625
3.293575
3.300075
3.301225
3.322075
3.32605
3.33665
3.343625
3.36925
3.398375
3.40745
3.4131
3.420325
3.4233
3.425425
3.433475
3.438625
3.443825
3.450075
3.452
3.469375
3.493475
3.50205
3.5057
3.5141
3.53405
3.537375
3.54695
3.571075
3.585025
3.596775
3.609075
3.646475
3.70055
3.716225
3.718525
3.73105
3.7327
3.73615
3.736325
3.749325
3.7498
3.7503
3.750325
3.75775
3.773975
3.789525
3.7931
3.824975
3.8265
3.8306
3.835575
3.8464
3.84765
3.848625
3.886
3.900675
3.90635
3.91585
3.924725
3.94375
3.984875
4.00915
4.013
4.019475
4.027625
4.041075
4.0436
4.0441
4.05125
4.060875
4.0621
4.06275
4.0711
4.072025
4.0748
4.09025
4.0934
4.095425
4.1011
4.10185
4.106025
4.109025
4.11145
4.11165
4.11195
4.13905
4.13955
4.145425
4.154075
4.1575
4.204825
4.232975
4.247
4.284225
4.30135
4.34015
4.341675
4.344275
4.34535
4.3479
4.34825
4.3639
4.367525
4.370175
4.370525
4.374325
4.381375
4.406325
4.4176
4.42695
4.43005
4.448475
4.458575
4.467325
4.471275
4.48755
4.5089
4.540175
4.543475
4.58005
4.615875
4.623825
4.6402
4.645775
4.652
4.65205
4.664425
4.664675
4.6748
4.6773
4.687025
4.69105
4.691875
4.702975
4.719625
4.724625
4.726425
4.74655
4.782025
4.808975
4.811875
4.84055
4.85285
4.898
4.90315
4.910425
4.917475
4.927125
4.935675
4.9509
4.96885
4.97385
5.00185
5.02665
5.029975
5.034625
5.0435
5.049975
5.06875
5.08305
5.092325
5.113625
5.165025
5.200675
5.208075
5.2099
5.21355
5.2141
5.21545
5.216875
5.21695
5.2217
5.22345
5.265775
5.286975
5.299975
5.303375
5.321775
5.325375
5.346225
5.393225
5.3936
5.4052
5.43035
5.4922
5.506975
5.520875
5.521025
5.5249
5.542775
5.549125
5.577475
5.583675
5.609225
5.610225
5.612425
5.6165
5.64085
5.641975
5.661975
5.6766
5.679275
5.704775
5.7323
5.8021
5.8274
5.840225
5.845275
5.84535
5.853825
5.858325
5.869275
5.8721
5.878275
5.88155
5.884825
5.912975
5.91535
5.9159
5.926475
5.948325
5.95215
5.954025
5.955075
5.9586
6.01785
6.078
6.08105
6.088175
6.115525
6.11735
6.1286
6.146475
6.1496
6.151475
6.152325
6.1564
6.176525
6.191425
6.1981
6.20005
6.202075
6.21155
6.21275
6.2286
6.23045
6.2353
6.238575
6.23965
6.24205
6.24485
6.2742
6.278725
6.283
6.286675
6.311025
6.322425
6.325725
6.3268
6.3559
6.387325
6.400025
6.409
6.40935
6.417775
6.424375
6.427075
6.4301
6.44195
6.459775
6.4608
6.46485
6.4783
6.48315
6.491375
6.509225
6.512275
6.521
6.52755
6.53355
6.543525
6.560875
6.573375
6.579925
6.58465
6.591775
6.6068
6.679975
6.70625
6.70995
6.723325
6.7259
6.729425
6.730925
6.731625
6.73195
6.732575
6.7338
6.7501
6.7532
6.76105
6.786375
6.790775
6.79455
6.80265
6.81945
6.8229
6.8341
6.850375
6.879275
6.8984
6.909625
6.928525
6.934625
6.955675
7.002125
7.0043
7.009325
7.0108
7.011625
7.012075
7.016425
7.0235
7.024975
7.03535
7.04145
7.0446
7.055225
7.07135
7.077175
7.08315
7.097275
7.107575
7.1085
7.139275
7.142525
7.1509
7.15305
7.18655
7.1916
7.2113
7.224225
7.2462
7.24665
7.261925
7.27725
7.304625
7.309225
7.311
7.31515
7.32055
7.341075
7.36095
7.37955
7.387475
7.399575
7.4277
7.42825
7.4366
7.4418
7.4612
7.4892
7.538125
7.543425
7.56485
7.56695
7.5786
7.580525
7.603975
7.618075
7.62105
7.6215
7.6266
7.637525
7.64225
7.646575
7.65155
7.656575
7.664725
7.667125
7.687725
7.713275
7.727325
7.765475
7.7672
7.7677
7.77835
7.810025
7.814625
7.85875
7.8908
7.9282
7.9466
7.950125
7.961975
7.96485
7.968325
7.970125
7.97975
7.98185
8.003425
8.027075
8.035125
8.044975
8.052325
8.07235
8.0823
8.091875
8.175075
8.201625
8.219525
8.2208
8.2234
8.226225
8.2391
8.2411
8.2471
8.25855
8.262125
8.26245
8.2638
8.2642
8.285
8.2852
8.29045
8.29555
8.2977
8.299475
8.31405
8.31675
8.3188
8.347475
8.3595
8.3633
8.399525
8.4044
8.40455
8.464925
8.4746
8.483175
8.505675
8.5112
8.5146
8.5269
8.537575
8.539075
8.547925
8.5718
8.57585
8.5776
8.5879
8.6044
8.624275
8.632875
8.636575
8.680325
8.720825
8.73895
8.78195
8.79335
8.793875
8.802875
8.81045
8.813125
8.81995
8.829325
8.832275
8.834475
8.835
8.83715
8.847625
8.848425
8.856775
8.860775
8.8715
8.88145
8.89005
8.892475
8.91585
8.9176
8.920975
8.925325
8.932575
8.993275
9.005775
9.02445
9.043575
9.0511
9.066175
9.088375
773
