0.10055
0.10255
0.10265
0.10745
0.110625
0.111275
0.112575
0.132
0.13245
0.132625
0.150525
0.151675
0.154525
0.155925
0.15605
0.164225
0.168675
0.179475
0.195075
0.19545
0.201775
0.202475
0.226225
0.231625
0.250775
0.2511
0.2633
0.2673
0.29395
0.294375
0.330125
0.333075
0.366925
0.400125
0.4131
0.41885
0.436075
0.46135
0.471625
0.4757
0.48405
0.506025
0.521975
0.529225
0.530725
0.535475
0.5984
0.61255
0.64025
0.6441
0.658075
0.6932
0.6964
0.70255
0.703325
0.705675
0.7062
0.71065
0.71175
0.716875
0.7346
0.746925
0.761525
0.761925
0.772975
0.786125
0.78625
0.7945
0.799475
0.8045
0.8054
0.81175
0.812675
0.81575
0.8166
0.81815
0.833525
0.83615
0.83745
0.840925
0.85845
0.860225
0.88945
0.8938
0.899525
0.908025
0.924075
0.946575
0.951
0.99925
1.004875
1.00675
1.017875
1.018725
1.022625
1.027825
1.028075
1.031625
1.04755
1.05775
1.060575
1.066
1.066225
1.110375
1.1205
1.144175
1.144975
1.14825
1.16455
1.176
1.1767
1.18
1.210925
1.22895
1.2681
1.30805
1.310875
1.320825
1.32495
1.3287
1.3361
1.3397
1.34505
1.35615
1.367675
1.369525
1.372725
1.376975
1.378675
1.39
1.3998
1.404975
1.41895
1.4401
1.460475
1.462125
1.4632
1.473425
1.47885
1.488375
1.489125
1.498125
1.510975
1.517975
1.522675
1.597275
1.607275
1.6225
1.62565
1.633
1.6481
1.651175
1.652175
1.6555
1.6594
1.6624
1.66745
1.682475
1.683325
1.685375
1.689625
1.69235
1.702575
1.7079
1.709475
1.7277
1.7541
1.754525
1.764475
1.784825
1.796025
1.8015
1.807175
1.83435
1.8467
1.86795
1.9012
1.911025
1.9113
1.918025
1.92345
1.92625
1.937475
1.9499
1.953725
1.9611
1.9615
1.9662
1.967825
1.97015
1.9777
1.9984
2.00435
2.029425
2.0297
2.03465
2.0406
2.053625
2.081925
2.087275
2.09015
2.097675
2.099375
2.1017
2.14085
2.142775
2.185325
2.208475
2.209
2.209125
2.212925
2.22335
2.23595
2.2429
2.245025
2.246325
2.25185
2.25305
2.2531
2.255225
2.260625
2.2681
2.26995
2.272925
2.2788
2.2875
2.29665
2.30135
2.3078
2.3311
2.34675
2.37855
2.412125
2.4156
2.429525
2.4334
2.48815
2.50615
2.509525
2.5261
2.5273
2.530925
2.5322
2.536925
2.540775
2.54625
2.553525
2.55415
2.56335
2.58225
2.5872
2.6004
2.6165
2.6184
2.624475
2.625525
2.6358
2.639325
2.64665
2.6619
2.668
2.6855
2.696825
2.70395
2.7096
2.7518
2.75535
2.7578
2.776875
2.80165
2.819475
2.821725
2.84175
2.850575
2.8518
2.8678
2.8716
2.87195
2.87525
2.890775
2.899625
2.915575
2.9266
2.93405
2.95835
2.958875
2.96895
2.981725
3.02265
3.0425
3.04785
3.05575
3.05815
3.1
3.1162
3.12395
3.130275
3.131375
3.133875
3.138325
3.142475
3.146575
3.154625
3.17305
3.17565
3.179275
3.191725
3.195525
3.1961
3.215125
3.27065
3.28075
3.3108
3.31275
3.329325
3.375575
3.4164
3.419425
3.419975
3.456825
3.463225
3.485825
3.504025
3.514575
3.5179
3.541375
3.548275
3.550975
3.5995
3.6141
3.620925
3.649
3.666175
3.695425
3.70045
3.71065
3.715925
3.719175
3.73185
3.734825
3.739325
3.7502
3.750825
3.772075
3.778575
3.7838
3.789175
3.7896
3.79875
3.799325
3.8251
3.873225
3.875175
3.8756
3.8775
3.88445
3.886275
3.902425
3.9025
3.917575
3.931725
3.9482
4.012675
4.01595
4.017875
4.020675
4.023575
4.03065
4.032875
4.04855
4.053625
4.069
4.070925
4.08535
4.09155
4.095325
4.095475
4.095725
4.10265
4.1035
4.119325
4.143825
4.152275
4.15745
4.1616
4.1642
4.169575
4.19125
4.22855
4.243875
4.248
4.2674
4.27015
4.301725
4.3064
4.310875
4.320725
4.334225
4.3361
4.342325
4.34445
4.360525
4.365175
4.366175
4.37275
4.381825
4.38775
4.3991
4.4015
4.407225
4.41525
4.4161
4.4312
4.442375
4.444525
4.482725
4.4909
4.496575
4.50625
4.5162
4.54255
4.54345
4.545225
4.605875
4.617175
4.617775
4.621025
4.62425
4.654075
4.663175
4.67445
4.6754
4.677075
4.6922
4.70795
4.71765
4.732525
4.7748
4.786025
4.800225
4.829075
4.833775
4.842825
4.851775
4.893325
4.90105
4.91715
4.91925
4.920775
4.940175
4.940875
4.945175
4.951225
4.956575
4.95855
4.98145
4.982675
4.98505
4.993475
4.994725
5.008425
5.023775
5.024
5.044275
5.04555
5.0528
5.061425
5.0696
5.070175
5.109
5.134525
5.1449
5.146275
5.183225
5.202625
5.231625
5.23245
5.23705
5.247325
5.257675
5.2622
5.262875
5.264825
5.2761
5.2924
5.3049
5.306325
5.320925
5.356775
5.388475
5.41135
5.4839
5.5058
5.50685
5.509375
5.5171
5.5191
5.525525
5.533975
5.5365
5.5373
5.53855
5.541175
5.55865
5.575925
5.5838
5.59095
5.597625
5.603525
5.60505
5.60995
5.614925
5.64505
5.66775
5.67025
5.685125
5.709125
5.711375
5.72445
5.731825
5.73885
5.7427
5.760525
5.776175
5.7945
5.8031
5.81685
5.817525
5.818575
5.83065
5.836925
5.8383
5.83905
5.845425
5.84925
5.85595
5.860425
5.8766
5.8792
5.884125
5.893475
5.908375
5.91755
5.935325
5.94185
5.946025
5.9485
5.970125
5.977025
5.986475
5.9967
6.034325
6.07095
6.085175
6.1131
6.123525
6.1271
6.131
6.13445
6.13955
6.163025
6.16825
6.188725
6.191125
6.1941
6.197375
6.223375
6.22725
6.22775
6.229325
6.238
6.244375
6.266625
6.281775
6.3497
6.36735
6.374075
6.409425
6.418475
6.43695
6.437075
6.447825
6.4544
6.4617
6.462175
6.47465
6.4885
6.504125
6.5067
6.50705
6.50805
6.535
6.5714
6.5793
6.579625
6.607625
6.607825
6.6523
6.721875
6.72885
6.744525
6.7486
6.754775
6.7726
6.7782
6.7787
6.786975
6.796825
6.8067
6.81835
6.91095
6.917875
6.923825
6.92815
6.942075
6.95685
6.97285
7.0026
7.01665
7.0203
7.0234
7.0471
7.064725
7.066575
7.070725
7.084275
7.087175
7.090475
7.0963
7.1098
7.11545
7.1315
7.1487
7.15085
7.151475
7.153075
7.159625
7.168675
7.181175
7.208175
7.219625
7.225725
7.2496
7.303975
7.310725
7.3226
7.3282
7.33845
7.339725
7.367825
7.37515
7.38025
7.3818
7.389175
7.400375
7.40055
7.404
7.41345
7.415875
7.417625
7.42245
7.4375
7.440625
7.47405
7.481425
7.507175
7.544
7.560725
7.591975
7.61785
7.620775
7.62305
7.6298
7.64105
7.644975
7.64525
7.65015
7.652075
7.652475
7.6587
7.672275
7.70035
7.702575
7.718275
7.720325
7.729775
7.759725
7.762525
7.7764
7.8041
7.900275
7.903525
7.9047
7.90815
7.913925
7.918575
7.92135
7.932225
7.934275
7.94135
7.94485
7.947075
7.948225
7.948325
7.948375
7.952775
7.9716
7.97555
7.988
7.98885
7.989525
8.004425
8.0089
8.030575
8.096025
8.102875
8.109325
8.1304
8.152625
8.20875
8.209775
8.213475
8.21495
8.232725
8.242975
8.25235
8.259725
8.26515
8.270625
8.30015
8.3016
8.331925
8.3339
8.360525
8.38325
8.40105
8.4179
8.4277
8.431625
8.45335
8.49795
8.50495
8.505275
8.505825
8.515975
8.5163
8.5189
8.548175
8.559
8.559875
8.559925
8.568175
8.5741
8.5744
8.6003
8.609025
8.609875
8.676375
8.74145
8.752625
8.7549
8.769975
8.776225
8.781675
8.7993
8.8024
8.811425
8.813
8.814175
8.8211
8.8241
8.840975
8.84105
8.850775
8.8546
8.85645
8.863425
8.867275
8.891575
8.893975
8.9023
8.906
8.911925
8.914725
8.923125
8.9388
8.94215
8.9465
9.005425
9.0073
9.0124
9.04555
9.09415
793
