0.1003
0.13115
0.1403
0.144175
0.165675
0.167475
0.192075
0.265325
0.27685
0.3034
0.315475
0.3904
0.427125
0.44385
0.46435
0.5076
0.5262
0.54355
0.546175
0.55085
0.55345
0.5635
0.5661
0.576575
0.6194
0.64165
0.6439
0.650425
0.684
0.7023
0.7075
0.71135
0.713275
0.71535
0.7161
0.7225
0.722875
0.726075
0.7377
0.739375
0.7406
0.74665
0.7678
0.7852
0.794375
0.7948
0.7968
0.805525
0.8077
0.82105
0.83645
0.84165
0.847425
0.8559
0.871225
0.871325
0.872875
0.9184
0.94705
0.963175
1.0113
1.012525
1.01595
1.0241
1.029775
1.0379
1.045775
1.049325
1.050025
1.050175
1.054375
1.058775
1.06315
1.063225
1.0653
1.071625
1.082775
1.0862
1.0878
1.11485
1.131025
1.132875
1.1524
1.242775
1.248175
1.25765
1.273275
1.294125
1.312725
1.3145
1.31455
1.330175
1.3375
1.3472
1.3613
1.365975
1.385075
1.398775
1.400875
1.40175
1.409525
1.42585
1.46885
1.484675
1.50845
1.5116
1.5439
1.543925
1.571325
1.6001
1.601625
1.60725
1.61355
1.614675
1.618075
1.619125
1.623675
1.633425
1.6337
1.660625
1.66985
1.674125
1.6789
1.6807
1.683375
1.68715
1.713725
1.7322
1.73585
1.743575
1.746425
1.7502
1.771025
1.78285
1.803175
1.827975
1.828325
1.82875
1.838775
1.873825
1.90615
1.90715
1.908425
1.912
1.91795
1.920475
1.927
1.92935
1.983675
1.986225
1.986925
2.0003
2.005175
2.020225
2.0212
2.027175
2.029975
2.053575
2.075775
2.093425
2.116975
2.12435
2.1925
2.20205
2.20265
2.206425
2.207025
2.20785
2.237975
2.24255
2.251275
2.25705
2.26645
2.2741
2.2889
2.289875
2.292125
2.2932
2.32495
2.3523
2.37915
2.3871
2.411775
2.443825
2.455425
2.4557
2.50155
2.511125
2.51645
2.5178
2.5261
2.538175
2.56105
2.568225
2.5779
2.5819
2.587675
2.61655
2.650075
2.6634
2.665975
2.668075
2.6702
2.6805
2.683175
2.683675
2.69015
2.731175
2.7326
2.734325
2.767175
2.76745
2.78725
2.7915
2.80795
2.8113
2.812175
2.81345
2.81525
2.82345
2.836625
2.852325
2.8591
2.8606
2.871675
2.875075
2.8823
2.894025
2.942925
2.956
2.96065
2.96265
2.965175
2.969175
3.01075
3.046575
3.079325
3.08615
3.10005
3.117575
3.12475
3.127975
3.1281
3.1438
3.1458
3.146725
3.15235
3.1596
3.164175
3.167475
3.17545
3.176325
3.1767
3.1873
3.195725
3.2169
3.2201
3.235675
3.243975
3.254725
3.28765
3.292725
3.30555
3.3204
3.35055
3.35355
3.39285
3.4114
3.4132
3.422675
3.43325
3.438375
3.447275
3.450825
3.465375
3.46595
3.4758
3.48265
3.487975
3.497775
3.509225
3.5156
3.53385
3.549575
3.553775
3.5697
3.57225
3.5856
3.64915
3.657575
3.661425
3.661525
3.700825
3.701425
3.70495
3.71805
3.718425
3.718975
3.7287
3.732075
3.7394
3.747075
3.764275
3.768425
3.77965
3.78185
3.784275
3.790975
3.811825
3.81645
3.818525
3.82965
3.845025
3.85405
3.85465
3.856975
3.91605
3.97065
4.016825
4.017825
4.0186
4.019025
4.022675
4.028225
4.0322
4.034025
4.046175
4.052975
4.057425
4.06955
4.07675
4.130725
4.139825
4.142575
4.167425
4.196125
4.23155
4.244075
4.272225
4.27255
4.291725
4.314725
4.339325
4.34315
4.368025
4.375075
4.378175
4.397075
4.397875
4.41155
4.412475
4.417825
4.430075
4.447575
4.464275
4.46435
4.484925
4.528225
4.54445
4.558625
4.5843
4.5886
4.606925
4.6124
4.612575
4.614475
4.620425
4.62405
4.659825
4.66355
4.665
4.668875
4.6751
4.690475
4.69205
4.6939
4.712375
4.71455
4.72805
4.737325
4.85155
4.8713
4.89815
4.9028
4.906325
4.908325
4.920275
4.928875
4.9315
4.9336
4.93775
4.95165
4.974
4.982525
4.988825
4.990575
5.013425
5.018225
5.0241
5.027725
5.034375
5.054975
5.05545
5.07015
5.0745
5.093525
5.13605
5.149775
5.151325
5.156575
5.15795
5.210575
5.224325
5.2292
5.239275
5.24545
5.2641
5.26835
5.2752
5.29335
5.295125
5.299375
5.303375
5.33315
5.353925
5.370225
5.379775
5.384725
5.385125
5.397375
5.423925
5.43665
5.4428
5.499525
5.50875
5.5103
5.516825
5.52795
5.532275
5.5398
5.549025
5.5509
5.553975
5.554575
5.56005
5.56985
5.58045
5.592825
5.62195
5.628325
5.631475
5.642975
5.657
5.71085
5.76885
5.78255
5.7829
5.8006
5.804375
5.80865
5.811625
5.81555
5.819625
5.821425
5.821625
5.82355
5.8252
5.84845
5.858325
5.85925
5.93115
5.986675
6.03885
6.04965
6.094475
6.099175
6.103975
6.106925
6.124
6.12675
6.128975
6.131375
6.1411
6.155725
6.1666
6.19055
6.193775
6.198225
6.203825
6.215425
6.2158
6.23065
6.248675
6.25275
6.2761
6.27735
6.27985
6.2827
6.2876
6.294425
6.324725
6.401925
6.412225
6.422725
6.422925
6.429875
6.431725
6.433125
6.434175
6.441375
6.4453
6.4505
6.456325
6.4571
6.4582
6.459875
6.466625
6.477825
6.513125
6.5225
6.52395
6.525175
6.525775
6.527925
6.528075
6.5304
6.5395
6.5602
6.567675
6.574425
6.59265
6.6196
6.63215
6.6339
6.63855
6.6644
6.68345
6.7036
6.704025
6.7108
6.711875
6.71455
6.72155
6.727
6.7296
6.7505
6.75795
6.783925
6.7956
6.8026
6.803825
6.81395
6.82325
6.840275
6.86115
6.863325
6.874325
6.87695
6.89845
6.924675
6.9769
6.9837
6.989875
7.0131
7.016475
7.01655
7.02555
7.026025
7.032475
7.032625
7.037425
7.04255
7.052725
7.061
7.115275
7.12035
7.12535
7.1271
7.130225
7.1395
7.13995
7.158525
7.19605
7.200925
7.20155
7.223775
7.24505
7.2685
7.300825
7.301625
7.30245
7.307425
7.31875
7.322725
7.334575
7.33595
7.346775
7.35135
7.35725
7.357675
7.3582
7.359975
7.373525
7.3891
7.413425
7.41345
7.4183
7.427775
7.435475
7.4508
7.457725
7.45815
7.4619
7.56055
7.57345
7.5738
7.6005
7.604525
7.606825
7.615675
7.6302
7.63215
7.640075
7.640325
7.646025
7.65365
7.6613
7.661925
7.670625
7.6997
7.756775
7.765625
7.784575
7.8022
7.813325
7.846475
7.8565
7.864625
7.8968
7.902525
7.91405
7.918475
7.91915
7.923975
7.932475
7.935875
7.959925
7.9693
7.972725
7.976575
7.991
7.991825
8.00025
8.002475
8.0083
8.018975
8.0216
8.054375
8.0603
8.068525
8.0989
8.133075
8.1382
8.14085
8.142875
8.1608
8.19965
8.20555
8.207275
8.214675
8.215225
8.218675
8.223575
8.227675
8.229975
8.2381
8.2415
8.247925
8.257125
8.257925
8.26125
8.289225
8.2954
8.315475
8.32905
8.3379
8.3421
8.36805
8.370175
8.37585
8.3879
8.393775
8.403025
8.405675
8.42855
8.4321
8.440675
8.453
8.465825
8.47865
8.50365
8.513125
8.5191
8.526175
8.5306
8.5367
8.538625
8.5434
8.54495
8.5582
8.564025
8.575275
8.61025
8.6151
8.630225
8.63245
8.644875
8.660025
8.676775
8.68425
8.69125
8.714925
8.724475
8.7369
8.776575
8.81395
8.8158
8.830725
8.838525
8.844225
8.84485
8.858025
8.860175
8.86455
8.867775
8.86785
8.87
8.90295
8.917875
8.922625
8.923925
8.93795
8.944125
8.947675
8.952575
8.955825
8.9566
8.97355
8.981125
8.9834
8.997725
9.00185
9.016375
9.048575
9.09895
755
