0.047775
0.10255
0.10855
0.10905
0.11075
0.113075
0.126875
0.155325
0.1699
0.175775
0.1766
0.180725
0.18395
0.204
0.20635
0.22505
0.247525
0.24755
0.25
0.2506
0.2643
0.280875
0.30925
0.3275
0.332925
0.358075
0.3815
0.38965
0.4078
0.415175
0.415825
0.43525
0.43915
0.455575
0.4697
0.46985
0.486475
0.4872
0.498775
0.505825
0.511025
0.5322
0.540125
0.5563
0.5569
0.559925
0.64425
0.679625
0.70325
0.7034
0.70545
0.71685
0.718275
0.72905
0.729775
0.732275
0.743725
0.74615
0.746425
0.749275
0.7498
0.75005
0.75285
0.754425
0.757825
0.76
0.769775
0.77995
0.780475
0.78955
0.80245
0.812525
0.81345
0.822325
0.8242
0.82895
0.85665
0.895025
0.91865
0.94365
0.973175
0.993125
1.0058
1.00605
1.00855
1.01195
1.012275
1.013875
1.02035
1.031475
1.039225
1.041025
1.051025
1.055275
1.055525
1.06095
1.074925
1.090125
1.09745
1.1109
1.164625
1.18565
1.20125
1.2124
1.279625
1.282
1.29745
1.3023
1.3031
1.304875
1.3159
1.328825
1.333575
1.341975
1.346175
1.346325
1.3469
1.348425
1.3552
1.3572
1.359075
1.386325
1.4085
1.42035
1.427925
1.441375
1.4431
1.46605
1.477675
1.5186
1.5224
1.553025
1.603525
1.60545
1.611925
1.61565
1.6201
1.633075
1.640325
1.641825
1.642625
1.656975
1.6726
1.676925
1.67845
1.682875
1.683125
1.6913
1.6956
1.702275
1.703575
1.7386
1.7588
1.7711
1.778225
1.7896
1.79255
1.7979
1.799225
1.831975
1.9052
1.90885
1.9092
1.9193
1.92095
1.921725
1.92215
1.92965
1.95285
1.96345
1.9642
1.97915
1.981
1.994675
2.014675
2.048775
2.049175
2.068275
2.07475
2.0862
2.1088
2.1118
2.115475
2.169075
2.175125
2.186
2.187925
2.193775
2.203925
2.204225
2.208025
2.2087
2.210675
2.2112
2.21275
2.215075
2.21525
2.224025
2.228225
2.2315
2.233325
2.251075
2.2534
2.274
2.278125
2.295875
2.31495
2.3211
2.342625
2.3991
2.407025
2.4223
2.442975
2.445525
2.4542
2.467625
2.50425
2.5078
2.5128
2.5295
2.531125
2.531725
2.54855
2.569525
2.5793
2.5888
2.59185
2.5971
2.607825
2.6112
2.613875
2.614225
2.6148
2.61965
2.6242
2.64355
2.646525
2.7028
2.725875
2.7901
2.81555
2.815875
2.83055
2.831125
2.834625
2.838025
2.845125
2.853025
2.857775
2.85995
2.863625
2.87055
2.876375
2.88495
2.89855
2.9261
2.927775
2.9435
2.95245
3.0129
3.01595
3.020775
3.0529
3.0647
3.112725
3.12745
3.159875
3.16175
3.16745
3.170825
3.172025
3.1755
3.177
3.2008
3.204875
3.2365
3.24485
3.246775
3.2704
3.291025
3.302275
3.303225
3.308125
3.338025
3.3458
3.3927
3.4011
3.4084
3.4132
3.45005
3.456925
3.4768
3.49695
3.50055
3.520625
3.528975
3.561675
3.57175
3.580525
3.60595
3.608075
3.609275
3.6421
3.658125
3.681775
3.7114
3.7149
3.732725
3.74355
3.7659
3.772875
3.77545
3.814475
3.8573
3.86245
3.86845
3.8875
3.910325
3.976325
4.003725
4.013475
4.021825
4.032
4.0385
4.041975
4.043725
4.046325
4.04655
4.05225
4.06275
4.06375
4.0692
4.094425
4.101075
4.10365
4.1263
4.148375
4.165625
4.17585
4.21205
4.2211
4.279
4.27905
4.281025
4.3005
4.3034
4.30485
4.30785
4.313025
4.3137
4.31665
4.3171
4.32365
4.331475
4.333025
4.338225
4.347275
4.35665
4.3574
4.3697
4.373675
4.37985
4.382025
4.395775
4.408425
4.410425
4.41615
4.42385
4.434625
4.44715
4.447275
4.451
4.451175
4.523975
4.52475
4.540275
4.585425
4.594925
4.6004
4.602875
4.6036
4.6065
4.6105
4.614425
4.6273
4.62875
4.63475
4.63865
4.649125
4.6573
4.66195
4.6639
4.66475
4.67925
4.68245
4.689475
4.72355
4.748975
4.76855
4.812925
4.84225
4.843975
4.877475
4.895275
4.91835
4.92445
4.9263
4.935775
4.93655
4.9434
4.946275
4.950075
4.9574
4.96115
4.972975
4.9898
4.991175
4.992325
5.006425
5.00795
5.008875
5.012475
5.015125
5.024225
5.027325
5.036875
5.03735
5.045625
5.068725
5.082475
5.120175
5.16675
5.186225
5.2054
5.206375
5.207575
5.214425
5.219775
5.226875
5.24715
5.27815
5.286475
5.290475
5.2994
5.302175
5.322525
5.323325
5.32615
5.326475
5.3275
5.33725
5.338925
5.36275
5.363325
5.3652
5.36795
5.397625
5.415725
5.415925
5.416375
5.44365
5.454075
5.4621
5.47335
5.476075
5.485325
5.50885
5.510025
5.5136
5.517325
5.53495
5.5374
5.55695
5.5679
5.570625
5.57315
5.574325
5.59405
5.6112
5.612425
5.613275
5.628225
5.633225
5.63825
5.645375
5.668825
5.745925
5.750225
5.7792
5.805225
5.810275
5.815925
5.819225
5.821275
5.832525
5.847575
5.856425
5.897525
5.91425
5.921875
5.9243
5.93005
5.939875
5.948225
5.951075
5.9531
5.962475
5.9721
5.980275
5.98805
5.98835
5.989375
6.00365
6.03355
6.050875
6.0674
6.0998
6.113225
6.114575
6.1242
6.128625
6.1319
6.1329
6.142825
6.1639
6.16865
6.1952
6.19915
6.20655
6.20735
6.211775
6.2347
6.2375
6.248975
6.26255
6.2687
6.27585
6.29775
6.323075
6.343775
6.369425
6.37765
6.405025
6.419025
6.42445
6.4287
6.449075
6.4593
6.470325
6.480775
6.497975
6.54175
6.549075
6.55475
6.558575
6.606775
6.624525
6.65875
6.66055
6.674325
6.689475
6.704725
6.7114
6.716875
6.725625
6.725975
6.7268
6.729025
6.73495
6.748
6.75185
6.753775
6.756925
6.808425
6.810375
6.817775
6.818675
6.820575
6.826975
6.84595
6.847425
6.871275
6.879525
6.880725
6.8866
6.951875
6.95255
6.9652
6.98095
6.98735
6.99355
7.00225
7.003
7.01575
7.01745
7.01945
7.022775
7.03275
7.035725
7.05735
7.0586
7.071375
7.073875
7.074375
7.077275
7.0783
7.099475
7.104125
7.10415
7.118
7.118875
7.147225
7.1484
7.1519
7.160775
7.187675
7.198325
7.22305
7.22725
7.256825
7.26615
7.269475
7.2735
7.280575
7.292225
7.304475
7.305225
7.321025
7.3287
7.3334
7.3545
7.357575
7.35895
7.366275
7.3683
7.369775
7.37485
7.381025
7.38425
7.38715
7.391975
7.402475
7.40595
7.40985
7.430275
7.439
7.460875
7.466275
7.467825
7.4791
7.503075
7.51535
7.54765
7.571075
7.590175
7.601575
7.6083
7.617675
7.618325
7.636975
7.6507
7.652625
7.652675
7.6711
7.672775
7.674425
7.6788
7.7336
7.753625
7.76295
7.7655
7.77605
7.8222
7.83905
7.842675
7.846425
7.85125
7.884025
7.88675
7.888175
7.900675
7.90275
7.905275
7.9114
7.929875
7.941975
7.942775
7.947275
7.9479
7.950325
7.959175
7.960025
7.960125
7.96805
7.97605
7.987675
7.9888
8.0125
8.0196
8.024725
8.032575
8.0423
8.048925
8.066275
8.090525
8.094875
8.09645
8.104875
8.1306
8.1752
8.182
8.19165
8.212875
8.224825
8.225175
8.22975
8.241125
8.24225
8.254775
8.2555
8.2596
8.273125
8.2747
8.2758
8.276325
8.29955
8.315225
8.328825
8.34055
8.345125
8.3848
8.407875
8.42175
8.4274
8.4436
8.4461
8.511175
8.51525
8.519025
8.528375
8.542925
8.552375
8.55375
8.5564
8.579625
8.583925
8.614775
8.617625
8.621325
8.758425
8.819075
8.82155
8.832525
8.8394
8.843725
8.847075
8.8752
8.88645
8.886575
8.891025
8.89345
8.897275
8.91075
8.91345
8.926175
8.930125
8.93375
8.93945
8.953975
8.978875
8.9813
9.0388
9.048825
9.0505
9.077975
9.092625
776
