0.1112
0.11275
0.11295
0.11895
0.12865
0.1318
0.14865
0.150525
0.155575
0.177475
0.19005
0.192575
0.1982
0.208325
0.210125
0.2258
0.23205
0.2339
0.263225
0.270775
0.2901
0.29695
0.31165
0.324125
0.330775
0.349425
0.38595
0.402
0.4212
0.424
0.434625
0.444175
0.452825
0.458325
0.464675
0.47675
0.508
0.5324
0.548925
0.5599
0.579325
0.5798
0.5869
0.61265
0.6164
0.62575
0.63245
0.652425
0.66015
0.66435
0.710275
0.710775
0.7114
0.712075
0.71555
0.716925
0.733975
0.73845
0.754
0.77475
0.779475
0.779925
0.780875
0.784775
0.79245
0.796275
0.800275
0.8054
0.809175
0.82475
0.8344
0.841675
0.8527
0.854175
0.856025
0.883175
0.901975
0.9118
0.9284
0.9631
0.9771
0.987375
1.0036
1.0041
1.0064
1.008575
1.016225
1.019975
1.0227
1.0265
1.027025
1.0273
1.02755
1.0307
1.047575
1.048925
1.05305
1.056575
1.07165
1.07645
1.0817
1.0864
1.08845
1.090025
1.09105
1.092425
1.099675
1.1032
1.1056
1.118925
1.12735
1.140775
1.142375
1.14605
1.148
1.156375
1.1629
1.16725
1.197125
1.1982
1.229525
1.256775
1.27765
1.29195
1.304575
1.309125
1.3093
1.3106
1.31105
1.315525
1.316975
1.33175
1.3486
1.356475
1.357325
1.3643
1.376075
1.377825
1.4103
1.414175
1.419
1.430175
1.438125
1.5026
1.5461
1.594025
1.605675
1.614325
1.6157
1.61935
1.6353
1.654525
1.655975
1.65875
1.67345
1.675
1.678575
1.687675
1.6967
1.6979
1.706375
1.740525
1.76065
1.767
1.769325
1.77445
1.79165
1.80405
1.85865
1.861025
1.891075
1.90175
1.90995
1.921
1.930625
1.9319
1.9368
1.9517
1.953475
1.957075
1.975525
2.02285
2.026325
2.112525
2.12795
2.147975
2.1648
2.168125
2.188
2.206875
2.2071
2.208175
2.2112
2.21455
2.228325
2.241475
2.2444
2.2453
2.2495
2.250725
2.2585
2.264625
2.265
2.27445
2.277975
2.29025
2.32055
2.3263
2.357925
2.36755
2.41275
2.4227
2.44615
2.50055
2.51695
2.519575
2.522625
2.5285
2.53145
2.536275
2.53815
2.547
2.5483
2.5498
2.55175
2.55575
2.568725
2.5884
2.58975
2.595825
2.6152
2.6197
2.62085
2.622475
2.623025
2.629125
2.6472
2.658
2.675975
2.68515
2.6928
2.7027
2.7266
2.733975
2.7611
2.762375
2.775825
2.80315
2.80775
2.81305
2.81335
2.822625
2.823925
2.825675
2.826075
2.827075
2.83295
2.833825
2.840125
2.84165
2.847525
2.8493
2.85685
2.863725
2.8844
2.896625
2.89785
2.90105
2.919075
2.9277
2.937425
2.9525
2.96785
2.98765
2.987875
2.994125
3.009925
3.01365
3.0243
3.039075
3.0614
3.07705
3.082575
3.08645
3.092125
3.103325
3.10605
3.11465
3.119975
3.125875
3.1308
3.13245
3.134975
3.136375
3.136525
3.17435
3.206325
3.226225
3.244425
3.26125
3.26285
3.26325
3.278025
3.289875
3.29235
3.3062
3.327875
3.37125
3.39615
3.406425
3.4146
3.415425
3.417525
3.4191
3.4304
3.4314
3.43495
3.4361
3.454125
3.456275
3.46685
3.48815
3.504225
3.50685
3.51155
3.5135
3.5194
3.527375
3.528625
3.54005
3.541525
3.551425
3.571025
3.62295
3.63965
3.676925
3.6847
3.6877
3.700875
3.70425
3.707225
3.71295
3.71405
3.7266
3.733175
3.734225
3.7399
3.748225
3.773525
3.77925
3.784675
3.788525
3.801725
3.804925
3.811375
3.846275
3.8589
3.870425
3.890525
3.962975
3.9789
4.001525
4.002125
4.00365
4.009225
4.01515
4.024175
4.029975
4.03365
4.035875
4.0419
4.06005
4.0653
4.06895
4.0703
4.07195
4.076625
4.0802
4.1299
4.134175
4.143375
4.160975
4.167675
4.17005
4.180925
4.192975
4.197775
4.2149
4.215675
4.21585
4.21785
4.24365
4.28245
4.3026
4.30535
4.312025
4.3168
4.3279
4.336975
4.339475
4.34
4.3443
4.3462
4.357575
4.359525
4.36195
4.363575
4.36905
4.385075
4.38515
4.388
4.38905
4.39985
4.403
4.442325
4.442475
4.46595
4.487125
4.499225
4.5156
4.51795
4.527625
4.567125
4.5703
4.5843
4.599925
4.6006
4.60225
4.61235
4.617625
4.6209
4.6215
4.6266
4.63165
4.637875
4.638925
4.643325
4.643775
4.659825
4.66095
4.678375
4.681025
4.681275
4.6925
4.69415
4.719175
4.721625
4.733525
4.773625
4.789225
4.79595
4.814
4.82605
4.82795
4.8793
4.879825
4.887325
4.893425
4.900975
4.91565
4.916375
4.924
4.92665
4.930875
4.938275
4.969025
4.970975
4.98335
5.0129
5.01625
5.03755
5.0406
5.06155
5.072425
5.095175
5.1032
5.1147
5.13125
5.166175
5.183625
5.1939
5.20725
5.20845
5.209975
5.21245
5.21405
5.22255
5.23725
5.2475
5.28775
5.294075
5.298075
5.304375
5.3158
5.33515
5.336375
5.361625
5.36665
5.3736
5.394875
5.4178
5.428275
5.43205
5.446175
5.475275
5.51425
5.51705
5.530825
5.5457
5.54645
5.5558
5.558575
5.563075
5.567575
5.57185
5.590725
5.59195
5.591975
5.60695
5.6278
5.63
5.6335
5.669075
5.67175
5.674225
5.67795
5.6925
5.708325
5.736975
5.750425
5.75275
5.755675
5.792
5.7947
5.801225
5.80725
5.812375
5.8188
5.824125
5.8288
5.83005
5.8323
5.837575
5.83975
5.856975
5.857325
5.86785
5.8719
5.877125
5.90265
5.9549
5.981
6.0093
6.014225
6.017325
6.036825
6.053225
6.1005
6.11275
6.117275
6.1254
6.1262
6.130625
6.137825
6.14285
6.152475
6.154675
6.1548
6.163325
6.164725
6.17245
6.17275
6.17485
6.179025
6.187025
6.194325
6.19875
6.2011
6.221425
6.2263
6.2502
6.2565
6.298775
6.305675
6.314
6.337075
6.347475
6.400075
6.40145
6.402375
6.420625
6.425
6.42895
6.43295
6.437625
6.438025
6.441175
6.46765
6.46965
6.49645
6.50065
6.5032
6.512825
6.51325
6.515325
6.52335
6.53035
6.532125
6.599375
6.59985
6.607525
6.644575
6.6452
6.655575
6.690925
6.6924
6.723275
6.7388
6.750325
6.774425
6.776425
6.79175
6.79515
6.8011
6.806475
6.81315
6.817725
6.8514
6.867725
6.885375
6.887525
6.90505
6.9139
6.922825
6.92645
6.9274
6.938425
6.95025
6.965975
6.9855
7.0147
7.048675
7.050075
7.0646
7.0752
7.1106
7.111475
7.129725
7.13005
7.1351
7.147375
7.153975
7.15495
7.1592
7.162725
7.162925
7.1734
7.178775
7.19075
7.233925
7.2353
7.3011
7.31135
7.324825
7.324925
7.3256
7.328925
7.3292
7.3385
7.3603
7.36185
7.3651
7.36645
7.379525
7.38
7.382
7.391625
7.3955
7.396825
7.39835
7.408525
7.438525
7.439825
7.4576
7.4605
7.48585
7.492125
7.506575
7.52595
7.5276
7.54315
7.5607
7.561225
7.5736
7.592125
7.59785
7.602825
7.609025
7.61585
7.6287
7.628925
7.637325
7.6379
7.638625
7.660025
7.679575
7.683775
7.688875
7.68975
7.712675
7.712825
7.715325
7.71685
7.718125
7.718625
7.73275
7.743925
7.74425
7.77185
7.791625
7.798125
7.8456
7.8485
7.8521
7.920125
7.92645
7.93945
7.961925
7.9647
7.964825
7.971575
7.975325
7.99015
7.9978
8.011225
8.03065
8.031725
8.0452
8.06115
8.061225
8.075275
8.085025
8.09595
8.123775
8.160025
8.20305
8.21375
8.2156
8.21695
8.217625
8.22295
8.2249
8.233175
8.237625
8.2389
8.2396
8.24045
8.24095
8.271675
8.2736
8.29995
8.317125
8.33095
8.347025
8.3516
8.35315
8.35975
8.369025
8.37775
8.38875
8.415325
8.463075
8.472475
8.48325
8.50135
8.504275
8.505
8.506775
8.515575
8.528775
8.537475
8.544525
8.54985
8.552375
8.560875
8.56655
8.574925
8.580225
8.59275
8.6029
8.609925
8.612425
8.6218
8.622975
8.63855
8.64775
8.650475
8.66305
8.676575
8.684625
8.739525
8.755725
8.80705
8.807425
8.808125
8.809975
8.815325
8.820375
8.82075
8.82365
8.842475
8.84675
8.846875
8.8614
8.875925
8.8816
8.88295
8.886975
8.890675
8.89105
8.8949
8.91695
8.9185
8.930225
8.935275
8.9363
8.94485
8.94615
8.953725
9.005325
9.07115
831
