0.106175
0.1172
0.12955
0.13855
0.1429
0.14425
0.1471
0.184625
0.20065
0.20155
0.20575
0.20825
0.2377
0.2435
0.255725
0.255925
0.297525
0.30035
0.30375
0.30455
0.320975
0.33005
0.401025
0.406025
0.407725
0.412925
0.416425
0.422075
0.449425
0.45565
0.4569
0.4591
0.463
0.463225
0.468025
0.48565
0.49605
0.50785
0.531625
0.5348
0.55885
0.564625
0.57725
0.57755
0.578625
0.585625
0.59425
0.59985
0.6623
0.673925
0.69825
0.7057
0.711825
0.7254
0.7325
0.73585
0.752925
0.769775
0.785525
0.789725
0.7902
0.799225
0.801125
0.8019
0.816325
0.81765
0.832625
0.8368
0.839275
0.86875
0.870075
0.893825
0.911825
0.91335
0.92305
0.925325
0.944925
0.95
0.971875
0.972025
0.973525
1.00715
1.018525
1.025625
1.027425
1.031425
1.0488
1.06055
1.066425
1.085675
1.0897
1.095075
1.1001
1.149075
1.183525
1.185425
1.2045
1.217375
1.220175
1.22865
1.23595
1.23835
1.2588
1.288775
1.30595
1.321675
1.3264
1.3387
1.350775
1.384325
1.4127
1.415975
1.41855
1.4204
1.422875
1.425
1.4423
1.451625
1.462725
1.470075
1.488975
1.52515
1.53785
1.5475
1.573225
1.600225
1.6031
1.61185
1.61875
1.62075
1.630025
1.6618
1.662325
1.6759
1.68005
1.6856
1.6964
1.697225
1.702275
1.704525
1.7111
1.719675
1.7344
1.7353
1.735375
1.7476
1.7833
1.8021
1.87235
1.875325
1.8943
1.90185
1.9061
1.9127
1.91365
1.932375
1.9545
1.954925
1.967625
1.9741
1.98095
1.988225
1.9928
1.9931
2.025275
2.038025
2.047375
2.047625
2.050525
2.050825
2.06655
2.091325
2.119925
2.1366
2.137925
2.1384
2.155125
2.189225
2.2003
2.2062
2.215475
2.2205
2.222625
2.2238
2.227075
2.22915
2.230575
2.247375
2.258875
2.27325
2.27585
2.286425
2.295375
2.311
2.3176
2.318225
2.322
2.354075
2.390025
2.390525
2.4271
2.478725
2.503475
2.50665
2.507425
2.512825
2.531175
2.531425
2.531625
2.5375
2.54695
2.553575
2.5618
2.572375
2.584525
2.600225
2.60315
2.6134
2.654525
2.6557
2.6597
2.6669
2.67125
2.67615
2.685725
2.6945
2.765975
2.76625
2.802175
2.8065
2.820225
2.831375
2.840025
2.860675
2.866925
2.8748
2.9196
2.920825
2.971225
3.002075
3.00935
3.01605
3.0706
3.108975
3.111925
3.114875
3.11805
3.1286
3.1322
3.138225
3.139025
3.140125
3.1481
3.15195
3.168425
3.183375
3.2061
3.212075
3.221075
3.222325
3.223125
3.224425
3.230275
3.236625
3.2435
3.247925
3.25855
3.264925
3.300825
3.332475
3.33565
3.337775
3.3392
3.390375
3.4053
3.410875
3.43285
3.457825
3.475775
3.4985
3.502325
3.508275
3.513975
3.5204
3.5269
3.533975
3.5502
3.5519
3.580325
3.59155
3.627775
3.628875
3.6484
3.6563
3.6669
3.7141
3.719775
3.7417
3.75205
3.762875
3.763725
3.78225
3.782375
3.7848
3.796675
3.8105
3.851225
3.861075
3.875175
3.88655
3.9256
3.927475
3.92955
3.9501
3.996375
4.0123
4.02635
4.035025
4.048975
4.053175
4.070575
4.0738
4.075025
4.104
4.1068
4.109025
4.11255
4.130475
4.1493
4.162775
4.170275
4.170325
4.178125
4.179225
4.204425
4.216
4.216525
4.219925
4.2408
4.265175
4.300925
4.309375
4.317325
4.3288
4.339325
4.340675
4.343
4.343475
4.344525
4.34455
4.345775
4.356525
4.358075
4.37065
4.3712
4.374
4.38345
4.40005
4.40255
4.4125
4.429325
4.43305
4.43715
4.449875
4.466925
4.468175
4.5
4.51835
4.559825
4.56155
4.571925
4.610775
4.614675
4.63395
4.635575
4.637675
4.64035
4.652025
4.654825
4.67115
4.67245
4.673925
4.6815
4.683025
4.690625
4.70285
4.715675
4.7194
4.725025
4.727475
4.7324
4.740375
4.7486
4.7579
4.773125
4.785225
4.7885
4.795
4.797125
4.8026
4.876575
4.9044
4.90645
4.9111
4.932425
4.94
4.9415
4.944925
4.9533
4.95995
4.98415
4.995025
4.9985
5.02855
5.03985
5.040125
5.042625
5.0726
5.086475
5.106325
5.1094
5.12365
5.169875
5.179425
5.2005
5.20485
5.211875
5.212425
5.21415
5.215625
5.221025
5.234025
5.238875
5.24175
5.24265
5.243175
5.245325
5.246825
5.2489
5.257125
5.27765
5.281225
5.294
5.2951
5.3037
5.305225
5.3428
5.34315
5.3565
5.4033
5.4057
5.408625
5.417425
5.430675
5.443225
5.447075
5.45675
5.470575
5.4713
5.48695
5.487875
5.514575
5.530625
5.53485
5.5421
5.543825
5.564575
5.5684
5.57665
5.5815
5.58305
5.583425
5.584175
5.58675
5.595425
5.614575
5.6186
5.63
5.636675
5.64125
5.708475
5.7361
5.74105
5.80275
5.81745
5.832675
5.83285
5.85375
5.860625
5.862975
5.867075
5.8721
5.87665
5.8807
5.8852
5.886625
5.898075
5.900675
5.908125
5.91055
5.921875
5.938575
5.9475
5.95115
5.95535
5.956075
5.971525
6.072025
6.085325
6.107875
6.10835
6.111175
6.11455
6.117125
6.1226
6.12295
6.126025
6.1334
6.13475
6.140675
6.143575
6.15285
6.158875
6.166275
6.166775
6.172
6.173925
6.181175
6.191225
6.2001
6.205875
6.214625
6.21975
6.223325
6.249575
6.264325
6.276075
6.295975
6.3025
6.345325
6.34715
6.405975
6.425525
6.430725
6.431975
6.4329
6.4346
6.43525
6.4494
6.47005
6.48365
6.4978
6.511425
6.5178
6.560025
6.576575
6.5776
6.594775
6.622075
6.662825
6.679975
6.6827
6.7019
6.7052
6.70635
6.7278
6.7319
6.738475
6.747075
6.7598
6.76055
6.76365
6.76735
6.767475
6.76995
6.781875
6.78395
6.785275
6.82225
6.82755
6.835025
6.8376
6.84735
6.8551
6.856225
6.86585
6.88915
6.91305
6.920575
6.940475
6.96945
6.9775
6.989325
7.0147
7.02145
7.0288
7.0368
7.0378
7.042825
7.04895
7.050325
7.063475
7.076625
7.07985
7.080825
7.0986
7.22435
7.2485
7.2678
7.3038
7.30645
7.30945
7.31525
7.322525
7.336375
7.34635
7.349825
7.353525
7.356825
7.35705
7.37815
7.38175
7.38795
7.3897
7.414075
7.4289
7.4362
7.454875
7.462675
7.46765
7.4767
7.487175
7.487975
7.50055
7.5335
7.542875
7.5539
7.5545
7.560925
7.590725
7.604525
7.6063
7.611575
7.6156
7.621125
7.641375
7.659825
7.661775
7.6815
7.6944
7.694425
7.70605
7.708225
7.717425
7.72265
7.7258
7.733575
7.73705
7.738525
7.77955
7.791
7.79305
7.798875
7.85005
7.859525
7.8629
7.90125
7.906625
7.913175
7.91825
7.934325
7.946675
7.9665
7.9812
7.98245
7.990575
7.9916
7.9965
8.008525
8.0251
8.03665
8.0447
8.05205
8.067
8.071925
8.07325
8.110725
8.151925
8.16905
8.202
8.205675
8.21005
8.222425
8.22405
8.22465
8.22725
8.237625
8.243025
8.24835
8.24995
8.264525
8.274275
8.28525
8.293675
8.309775
8.3282
8.332425
8.33535
8.360175
8.374275
8.37855
8.37925
8.384675
8.410975
8.426475
8.454575
8.465925
8.488875
8.513225
8.516075
8.519725
8.5399
8.5412
8.56135
8.573325
8.583875
8.604025
8.615475
8.62465
8.638375
8.6516
8.700425
8.73405
8.809875
8.81085
8.8213
8.822675
8.827725
8.827975
8.838075
8.85245
8.8744
8.87925
8.90395
8.90445
8.934075
8.954075
8.96
8.98175
9.043225
9.0605
9.069925
752
