0.103225
0.1051
0.107275
0.11065
0.111825
0.1212
0.124075
0.131275
0.13365
0.140775
0.1492
0.149325
0.1502
0.168175
0.1693
0.186225
0.18715
0.197475
0.221825
0.254875
0.269975
0.276425
0.28785
0.291325
0.3099
0.333925
0.336275
0.3732
0.404075
0.40465
0.41945
0.445925
0.4507
0.4608
0.46755
0.4855
0.489275
0.4929
0.49725
0.499075
0.534875
0.54115
0.543525
0.5442
0.547975
0.5541
0.558125
0.574675
0.5823
0.5909
0.6719
0.69475
0.6978
0.72005
0.721625
0.72825
0.7372
0.7377
0.738525
0.7459
0.771175
0.77425
0.77465
0.803
0.806475
0.847775
0.8757
0.9087
0.915775
0.9195
0.930625
0.937525
1.001825
1.015125
1.016075
1.01615
1.02575
1.0267
1.030725
1.033225
1.035875
1.039325
1.042625
1.05115
1.06395
1.080525
1.08195
1.0938
1.116275
1.163625
1.1785
1.21525
1.236625
1.305125
1.3261
1.334675
1.339025
1.36175
1.374875
1.397925
1.40125
1.432775
1.4757
1.48245
1.4915
1.5383
1.585325
1.5911
1.595075
1.6017
1.6036
1.6123
1.619
1.628525
1.637325
1.642225
1.645075
1.64855
1.6659
1.66935
1.682475
1.688475
1.711775
1.721575
1.731125
1.745025
1.771025
1.7714
1.839875
1.923875
1.92615
1.929275
1.929675
1.93305
1.933125
1.944225
1.947825
1.9733
1.9812
2.001175
2.006575
2.01215
2.01365
2.0182
2.035725
2.05435
2.145725
2.15705
2.21425
2.2231
2.224975
2.2261
2.238775
2.243975
2.255675
2.261375
2.276425
2.278975
2.304825
2.365975
2.369925
2.37135
2.4
2.417975
2.418575
2.419
2.42675
2.44525
2.5136
2.53245
2.5347
2.53765
2.5404
2.552125
2.556975
2.5623
2.5717
2.578875
2.582625
2.585925
2.592675
2.61795
2.629725
2.673525
2.674275
2.674425
2.689425
2.69175
2.69765
2.721075
2.74015
2.742275
2.7529
2.798925
2.816125
2.818175
2.822575
2.831875
2.84195
2.848325
2.851025
2.85405
2.854925
2.88325
2.90355
2.93815
2.951975
2.953075
2.96065
2.964275
2.97145
3.005575
3.011775
3.015075
3.02095
3.030775
3.04025
3.041175
3.04265
3.060025
3.1
3.100175
3.10085
3.10105
3.101575
3.105
3.1073
3.113225
3.1183
3.12605
3.13715
3.140725
3.14125
3.16035
3.161725
3.176375
3.19545
3.20015
3.201925
3.20355
3.21445
3.223525
3.237775
3.242
3.246325
3.262825
3.2673
3.271025
3.30535
3.311025
3.31875
3.3589
3.3677
3.373625
3.380525
3.399675
3.4138
3.424025
3.429125
3.429425
3.434425
3.437325
3.43875
3.4628
3.472825
3.473125
3.484275
3.499725
3.507675
3.515875
3.516
3.540225
3.540625
3.545875
3.59515
3.626025
3.633775
3.641825
3.71235
3.716725
3.71975
3.724925
3.725875
3.726925
3.7435
3.752725
3.75705
3.762
3.812925
3.82095
3.8337
3.853425
3.8707
3.8997
3.91565
3.92845
3.935875
3.939825
3.9827
3.983
3.998625
4.020725
4.029625
4.0452
4.0481
4.059275
4.066475
4.0693
4.07185
4.08025
4.086225
4.09835
4.099875
4.108325
4.116125
4.130675
4.1332
4.1341
4.1463
4.213125
4.215625
4.2187
4.255575
4.2622
4.27775
4.2802
4.3054
4.3115
4.314375
4.317175
4.317425
4.320725
4.325725
4.33455
4.35525
4.3605
4.377425
4.40065
4.4223
4.43535
4.490375
4.5563
4.570275
4.606425
4.6139
4.623425
4.624975
4.62855
4.633675
4.63785
4.638225
4.645125
4.6511
4.652625
4.657725
4.67415
4.67845
4.6801
4.680875
4.7116
4.712075
4.720925
4.7342
4.7353
4.7473
4.75065
4.7561
4.7656
4.77565
4.7794
4.7817
4.8119
4.81295
4.843575
4.849175
4.855425
4.86395
4.901125
4.9018
4.902075
4.9081
4.914175
4.914875
4.930675
4.940425
4.94785
4.952
4.959575
4.965525
4.96695
4.968475
4.986675
4.995175
4.998625
5.002725
5.003375
5.00605
5.02815
5.02885
5.032175
5.034075
5.04035
5.070525
5.076
5.07755
5.085125
5.086975
5.10135
5.109675
5.115475
5.141575
5.16185
5.18745
5.19465
5.20635
5.20695
5.207875
5.2082
5.212625
5.22955
5.23695
5.258
5.258175
5.259675
5.26125
5.306775
5.31965
5.323725
5.33845
5.341625
5.35735
5.361825
5.380125
5.392475
5.414575
5.459775
5.466825
5.48025
5.5016
5.508975
5.514425
5.52385
5.5243
5.525125
5.5291
5.54195
5.5511
5.555325
5.567575
5.5692
5.57565
5.57865
5.6298
5.661275
5.68325
5.6885
5.7058
5.70825
5.7277
5.7375
5.741425
5.757475
5.764725
5.801725
5.805075
5.810175
5.832975
5.8389
5.8466
5.88005
5.8942
5.89995
5.9076
5.913075
5.9176
5.92275
5.927775
5.930925
5.9342
5.94055
5.9589
5.963775
5.966175
5.97285
6.000125
6.01495
6.017475
6.023825
6.036725
6.055925
6.066975
6.0947
6.11255
6.1211
6.12235
6.122525
6.126525
6.127025
6.128225
6.12845
6.13305
6.134475
6.13505
6.1412
6.14355
6.1549
6.175725
6.1796
6.19075
6.222
6.2262
6.229975
6.230425
6.236475
6.239
6.24105
6.2423
6.258475
6.267125
6.281675
6.286825
6.2968
6.312675
6.314725
6.33955
6.3581
6.36595
6.36775
6.39125
6.406325
6.411975
6.415075
6.4286
6.44105
6.458725
6.465025
6.4657
6.467175
6.4746
6.527125
6.55835
6.562475
6.566225
6.57315
6.58235
6.603875
6.6115
6.66755
6.672825
6.689325
6.701725
6.70415
6.7045
6.7128
6.7145
6.724325
6.728375
6.7368
6.74045
6.7449
6.75885
6.762
6.7634
6.7691
6.772325
6.7737
6.79315
6.8008
6.81025
6.812375
6.817175
6.82965
6.845275
6.8476
6.849525
6.856675
6.862525
6.868725
6.8707
6.88995
6.929025
6.937575
6.94255
6.9604
6.9703
7.005575
7.01175
7.025125
7.03275
7.059975
7.0615
7.0879
7.096025
7.096125
7.1027
7.10495
7.123225
7.1352
7.181225
7.182
7.222725
7.245425
7.27475
7.2827
7.304625
7.30855
7.31225
7.318875
7.321475
7.338175
7.343675
7.344375
7.34865
7.351625
7.3523
7.353
7.3539
7.363475
7.3639
7.364825
7.376675
7.378175
7.380825
7.381825
7.40525
7.4307
7.43645
7.438075
7.4762
7.49925
7.51305
7.5362
7.554675
7.565525
7.614725
7.618975
7.6195
7.629075
7.636675
7.652475
7.661175
7.66655
7.67045
7.670875
7.709375
7.712175
7.715825
7.738375
7.74465
7.7621
7.77005
7.7712
7.8064
7.813875
7.8818
7.89565
7.898925
7.900725
7.901325
7.90255
7.905325
7.910075
7.91015
7.91485
7.918425
7.9221
7.92235
7.9289
7.929775
7.93855
7.94025
7.958175
7.961725
7.9686
7.97
7.9807
7.98585
8.014125
8.017025
8.070275
8.078875
8.0944
8.111175
8.139575
8.144925
8.202025
8.20275
8.204425
8.206125
8.20685
8.207175
8.209725
8.217925
8.2224
8.239275
8.2446
8.24735
8.258075
8.2589
8.260025
8.292325
8.30615
8.3115
8.317175
8.33785
8.3796
8.388275
8.39125
8.393775
8.40165
8.419975
8.4379
8.466975
8.5013
8.503025
8.5062
8.525825
8.5438
8.5577
8.565175
8.574875
8.5775
8.57925
8.596725
8.60205
8.6256
8.63655
8.656225
8.666175
8.680325
8.680675
8.6816
8.684975
8.7454
8.761825
8.8012
8.803175
8.813175
8.8162
8.82265
8.825225
8.83055
8.83165
8.83635
8.851075
8.853175
8.85375
8.854525
8.862525
8.863325
8.8669
8.8849
8.8942
8.920325
8.933875
8.940175
8.9417
8.94355
8.952525
8.9626
8.971225
8.984075
8.984175
8.987775
8.9914
9.0143
9.018325
9.035975
9.039625
769
