0.1008
0.1468
0.14755
0.147675
0.1503
0.158075
0.1635
0.171325
0.172425
0.1792
0.181425
0.18565
0.227125
0.228225
0.239925
0.24185
0.2503
0.252
0.2526
0.256275
0.25895
0.264775
0.2705
0.2883
0.314925
0.34325
0.3545
0.368725
0.409025
0.41255
0.4196
0.42315
0.4257
0.4372
0.442725
0.450325
0.452825
0.4554
0.456525
0.481325
0.4962
0.52115
0.525575
0.53845
0.5712
0.583
0.6398
0.654125
0.690625
0.696325
0.71375
0.7189
0.72165
0.723575
0.725425
0.728675
0.735275
0.736225
0.751475
0.754
0.756375
0.76515
0.791375
0.79795
0.80475
0.815025
0.81505
0.833425
0.846925
0.852925
0.86375
0.8807
0.884525
0.9019
0.90845
0.91105
0.9193
0.977175
1.0118
1.014725
1.0262
1.027075
1.02735
1.03435
1.0358
1.05645
1.058125
1.059275
1.06455
1.06935
1.085625
1.089
1.102875
1.1043
1.120525
1.132
1.14955
1.153025
1.16115
1.165225
1.1721
1.1851
1.187675
1.2001
1.202
1.2188
1.2868
1.31765
1.32065
1.321
1.32965
1.345875
1.346375
1.355875
1.36955
1.3699
1.3777
1.389775
1.408975
1.410525
1.43685
1.483025
1.49135
1.492075
1.51465
1.52015
1.521525
1.523125
1.5492
1.6024
1.603875
1.61725
1.622625
1.629775
1.6361
1.6522
1.661725
1.665775
1.667825
1.6692
1.67965
1.690525
1.69615
1.700025
1.729575
1.73835
1.749425
1.770725
1.789975
1.8416
1.85095
1.857025
1.912525
1.916675
1.918525
1.919125
1.947925
1.9695
1.973975
1.981425
1.98215
1.992275
1.99425
2.00855
2.012875
2.032225
2.035375
2.04795
2.063175
2.073975
2.075675
2.08485
2.106925
2.14705
2.154375
2.15565
2.1887
2.2019
2.2057
2.20665
2.206875
2.228475
2.2303
2.234875
2.24285
2.2459
2.246025
2.250375
2.267925
2.26955
2.276125
2.293325
2.294325
2.306925
2.31325
2.316825
2.3285
2.333525
2.3354
2.35795
2.3776
2.3871
2.38835
2.39065
2.4049
2.416625
2.4351
2.4436
2.4438
2.445825
2.4747
2.49205
2.50415
2.506125
2.5076
2.513475
2.5166
2.520775
2.529225
2.530575
2.532025
2.54505
2.5468
2.547075
2.5487
2.551575
2.557675
2.559825
2.56815
2.5749
2.5811
2.5988
2.6067
2.611225
2.617675
2.6212
2.64515
2.648375
2.674
2.6778
2.6863
2.695
2.70145
2.71575
2.733625
2.80405
2.805125
2.8172
2.8292
2.840075
2.860625
2.861175
2.874375
2.88615
2.8921
2.899125
2.969075
2.97545
2.9762
2.994175
3.0023
3.004375
3.0502
3.102775
3.112
3.1187
3.119975
3.123125
3.1253
3.137875
3.147675
3.148325
3.162375
3.1656
3.16605
3.17145
3.1747
3.1823
3.185325
3.18545
3.185775
3.20865
3.220925
3.228775
3.2498
3.2598
3.2843
3.29205
3.310125
3.317175
3.3259
3.33145
3.3321
3.34295
3.3479
3.363775
3.36835
3.40965
3.4101
3.413475
3.415025
3.419275
3.42355
3.429
3.43455
3.446525
3.454425
3.457025
3.46185
3.465025
3.4684
3.472975
3.479625
3.480925
3.48305
3.48325
3.4926
3.518625
3.518875
3.532925
3.555125
3.583675
3.617975
3.624125
3.6684
3.695975
3.71015
3.71055
3.7169
3.72245
3.723675
3.724225
3.72945
3.73065
3.739125
3.745325
3.75765
3.7577
3.780825
3.810275
3.8185
3.82715
3.8488
3.853275
3.860375
3.877975
3.898175
3.92375
3.999975
4.0037
4.010425
4.0174
4.0293
4.0309
4.036625
4.0416
4.043425
4.047
4.056775
4.059275
4.067475
4.067725
4.090025
4.096175
4.098575
4.1137
4.115825
4.120975
4.136775
4.16885
4.18035
4.2123
4.220775
4.224075
4.239425
4.24275
4.25655
4.305325
4.307075
4.3149
4.3184
4.321875
4.338425
4.343325
4.34635
4.3637
4.37415
4.377225
4.39665
4.4002
4.40225
4.406375
4.407275
4.427375
4.4385
4.43965
4.451525
4.470925
4.499975
4.50535
4.505725
4.5234
4.53455
4.54345
4.543675
4.55055
4.553175
4.561775
4.578075
4.5925
4.601775
4.631125
4.644425
4.655425
4.674825
4.6805
4.687675
4.7006
4.7014
4.708775
4.715275
4.73705
4.738175
4.7531
4.754825
4.7574
4.7922
4.805175
4.835275
4.894825
4.89575
4.9087
4.9188
4.92415
4.928575
4.93435
4.937275
4.9454
4.95105
4.96005
4.962525
4.978375
4.979525
4.9812
4.986325
5.005975
5.007725
5.009275
5.01115
5.015425
5.0237
5.0302
5.03105
5.033275
5.038075
5.038475
5.044875
5.053275
5.067975
5.080825
5.091475
5.14885
5.1685
5.200425
5.20605
5.21535
5.218425
5.23535
5.24235
5.247925
5.249775
5.251575
5.25185
5.261275
5.261325
5.263525
5.279925
5.285425
5.315325
5.378025
5.380975
5.43575
5.449875
5.50245
5.508325
5.51775
5.5261
5.559375
5.56895
5.57215
5.63985
5.669175
5.677575
5.6786
5.69685
5.7004
5.71485
5.833225
5.8371
5.855075
5.8585
5.86695
5.888275
5.906925
5.908225
5.914275
5.9173
5.92405
5.9253
5.95345
5.961775
5.970925
5.975
5.978775
5.987825
5.991525
6.0011
6.001325
6.0158
6.042775
6.095525
6.11445
6.129125
6.132075
6.134
6.15275
6.159425
6.164075
6.167075
6.172325
6.21685
6.228075
6.2289
6.2339
6.236225
6.23775
6.241925
6.296725
6.304725
6.319425
6.32925
6.333775
6.351975
6.354675
6.35555
6.4107
6.42525
6.426975
6.433425
6.4362
6.44275
6.450625
6.45575
6.478975
6.48155
6.484025
6.5224
6.53015
6.54705
6.547675
6.54855
6.56885
6.58155
6.5921
6.59785
6.623
6.626525
6.6388
6.65685
6.696425
6.71145
6.71905
6.723325
6.72575
6.73535
6.739075
6.753025
6.7543
6.755875
6.7796
6.78235
6.78355
6.796675
6.79915
6.803575
6.811375
6.82115
6.82325
6.826875
6.8413
6.858675
6.879875
6.8942
6.897975
6.9185
6.94315
6.98025
6.991625
7.002925
7.01125
7.0162
7.01625
7.02735
7.02985
7.03055
7.037375
7.037425
7.03855
7.046575
7.0534
7.058625
7.059225
7.074475
7.0818
7.092275
7.1109
7.11155
7.12055
7.1314
7.14045
7.165125
7.1697
7.18925
7.207225
7.2583
7.334625
7.337
7.339975
7.341325
7.344725
7.3521
7.35315
7.364875
7.3793
7.398975
7.399425
7.41465
7.433225
7.43685
7.45175
7.485
7.505925
7.530675
7.549875
7.56035
7.57275
7.586325
7.599825
7.617125
7.67525
7.685375
7.706425
7.71355
7.7198
7.723
7.72805
7.7306
7.7476
7.770625
7.772475
7.80975
7.8199
7.83435
7.84235
7.8552
7.85605
7.8752
7.885725
7.8877
7.903875
7.91305
7.921525
7.941075
7.968125
7.971575
7.976375
7.9835
7.99945
8.0041
8.00455
8.01935
8.05065
8.05135
8.106375
8.1208
8.1281
8.132225
8.1498
8.201625
8.22015
8.22065
8.22565
8.231325
8.234125
8.25645
8.26385
8.275725
8.277975
8.287975
8.3083
8.314475
8.3172
8.3188
8.3354
8.348
8.3594
8.378375
8.4006
8.4128
8.473325
8.48855
8.495975
8.503925
8.506725
8.514375
8.515575
8.523275
8.531225
8.532375
8.53305
8.536475
8.552825
8.565175
8.568425
8.56875
8.579275
8.579825
8.583025
8.58965
8.5905
8.618675
8.630325
8.6704
8.6776
8.680675
8.685325
8.7106
8.716025
8.726075
8.7382
8.7595
8.8028
8.8148
8.820525
8.821625
8.83155
8.83215
8.84055
8.845375
8.867125
8.86845
8.8945
8.8997
8.91565
8.93215
8.94225
8.94775
8.9547
8.99035
9.001525
9.018325
9.021625
9.02355
9.041975
9.0462
9.046575
9.0469
9.047025
9.080675
9.083425
9.08775
771
