0.10135
0.116475
0.116575
0.1173
0.123725
0.133875
0.141
0.1916
0.1957
0.2149
0.223475
0.243775
0.275325
0.2828
0.303275
0.366125
0.381
0.40265
0.403275
0.403925
0.4073
0.4105
0.4214
0.436175
0.4437
0.468275
0.4918
0.54515
0.55835
0.56205
0.584825
0.601475
0.60495
0.709375
0.70965
0.710175
0.7109
0.712575
0.717775
0.7243
0.72805
0.737225
0.738275
0.74535
0.74755
0.7593
0.761075
0.762175
0.776025
0.780925
0.788225
0.79955
0.8106
0.8131
0.816625
0.84835
0.858225
0.8592
0.871625
0.880425
0.8841
0.890825
0.8949
0.905025
0.934325
0.939
0.951
0.9725
0.973825
1.00495
1.006725
1.00885
1.030925
1.037675
1.07325
1.0767
1.089225
1.0952
1.1108
1.12085
1.122525
1.1307
1.136175
1.146375
1.1566
1.157
1.1599
1.162375
1.194025
1.19925
1.224
1.231475
1.249
1.27735
1.305125
1.31235
1.315125
1.317625
1.337525
1.340875
1.352225
1.35365
1.369425
1.37395
1.374175
1.378025
1.379425
1.382325
1.38805
1.39205
1.398525
1.404175
1.42095
1.428075
1.435
1.4515
1.453925
1.4695
1.512175
1.5222
1.530075
1.549
1.568425
1.6009
1.600975
1.609325
1.615225
1.62075
1.621475
1.639025
1.651875
1.65235
1.65525
1.658575
1.658925
1.665275
1.669025
1.669975
1.684775
1.691825
1.695325
1.695725
1.699875
1.713925
1.7221
1.7278
1.73385
1.7354
1.7454
1.7512
1.775175
1.7972
1.821075
1.828525
1.848075
1.879775
1.915925
1.916975
1.935425
1.9367
1.936825
1.94725
1.94965
1.959
1.96365
1.96725
1.9695
1.975675
1.978225
1.98065
1.98325
1.990725
1.992225
2.013725
2.014175
2.027025
2.0317
2.03435
2.046425
2.0489
2.078475
2.10215
2.107325
2.1155
2.149675
2.152625
2.1765
2.180475
2.1932
2.197825
2.2013
2.202575
2.2027
2.205325
2.2361
2.23805
2.27515
2.280425
2.2898
2.3032
2.30845
2.31235
2.3162
2.319975
2.326475
2.3319
2.3452
2.388725
2.39625
2.41175
2.45145
2.49615
2.5053
2.5114
2.5187
2.51915
2.530525
2.534625
2.5352
2.5429
2.551475
2.55635
2.56175
2.584525
2.587375
2.5917
2.591775
2.59245
2.631
2.63715
2.644925
2.676175
2.687
2.70245
2.704975
2.72935
2.750225
2.769225
2.7749
2.79855
2.80725
2.8185
2.827975
2.831025
2.837775
2.843
2.847125
2.8591
2.869325
2.869575
2.87795
2.887675
2.9049
2.911825
2.918475
2.9304
2.949825
2.9538
2.98895
2.995725
3.017975
3.0423
3.0488
3.080175
3.12095
3.150625
3.155675
3.16615
3.1832
3.18465
3.185125
3.203375
3.212825
3.217925
3.24975
3.258575
3.26075
3.2664
3.2919
3.3313
3.3593
3.367175
3.400575
3.4032
3.42355
3.424725
3.431625
3.4318
3.438425
3.4388
3.4502
3.45585
3.45735
3.466375
3.467675
3.500325
3.510125
3.51745
3.52155
3.529075
3.57695
3.5833
3.585175
3.59205
3.5953
3.60415
3.6198
3.620975
3.625525
3.6313
3.661425
3.68785
3.7077
3.7278
3.7316
3.744
3.751875
3.762625
3.76665
3.7746
3.790925
3.802575
3.831775
3.8384
3.845425
3.85785
3.888075
3.892675
3.9155
3.919875
3.964425
3.9654
4.00875
4.009875
4.012475
4.01265
4.01845
4.02105
4.030225
4.03685
4.041175
4.042525
4.044725
4.046575
4.0503
4.054025
4.09825
4.1072
4.120425
4.1309
4.13795
4.14785
4.15255
4.164975
4.18525
4.22545
4.233125
4.29305
4.30765
4.31605
4.318925
4.324475
4.325975
4.332875
4.3346
4.34625
4.347475
4.35025
4.35055
4.3509
4.366325
4.36855
4.36915
4.37705
4.39065
4.3914
4.407425
4.4161
4.423975
4.424525
4.433075
4.455525
4.4665
4.473075
4.482525
4.489225
4.49325
4.519475
4.546875
4.5909
4.601975
4.603225
4.604075
4.61255
4.612675
4.61915
4.62255
4.62295
4.6298
4.6303
4.6402
4.648025
4.6541
4.655175
4.65805
4.661675
4.67535
4.682325
4.688
4.6938
4.70925
4.73425
4.77205
4.78265
4.801225
4.837275
4.87355
4.88635
4.9045
4.9146
4.9161
4.93225
4.94495
4.949725
4.950025
4.959475
4.98215
4.983825
4.985
5.003925
5.004425
5.0095
5.0192
5.034075
5.069175
5.07235
5.1564
5.167125
5.167275
5.201725
5.20495
5.206825
5.222125
5.225325
5.2264
5.227325
5.247125
5.24765
5.260075
5.261125
5.2631
5.26555
5.2676
5.298525
5.307275
5.3143
5.3257
5.329525
5.34495
5.3583
5.35905
5.368825
5.381225
5.384275
5.41385
5.418325
5.460425
5.4788
5.52915
5.5333
5.535175
5.537275
5.53965
5.54875
5.570425
5.575925
5.57735
5.5822
5.583475
5.60275
5.603125
5.608975
5.615875
5.619725
5.624075
5.62765
5.63285
5.665575
5.6846
5.702975
5.712425
5.718525
5.7347
5.7464
5.760225
5.7737
5.786725
5.794375
5.801175
5.803075
5.80465
5.8168
5.831875
5.832775
5.8353
5.84355
5.843825
5.849375
5.85405
5.8566
5.874725
5.911675
5.91365
5.918875
5.921125
5.92355
5.96105
6.01135
6.01835
6.088575
6.092725
6.108225
6.112475
6.12095
6.13
6.141325
6.144525
6.15015
6.160625
6.181175
6.1855
6.1949
6.19705
6.201625
6.20755
6.20775
6.213925
6.235325
6.239625
6.24325
6.300125
6.3669
6.382
6.388025
6.400025
6.404475
6.40495
6.409375
6.412925
6.420575
6.425
6.435925
6.43635
6.43665
6.453225
6.467225
6.475725
6.48695
6.48745
6.510125
6.512675
6.51705
6.520475
6.56585
6.5845
6.660775
6.6667
6.6742
6.674625
6.677375
6.679275
6.685
6.708025
6.7138
6.724625
6.726125
6.7262
6.726325
6.73545
6.74455
6.7546
6.757775
6.76795
6.7805
6.786575
6.7873
6.801075
6.81365
6.821775
6.823125
6.823325
6.841375
6.848575
6.855575
6.898375
6.91045
6.912875
6.933175
6.94075
6.973775
6.983875
7.012225
7.01295
7.0159
7.05755
7.06055
7.060725
7.067725
7.088075
7.0884
7.1023
7.12405
7.145575
7.1543
7.20385
7.237025
7.250575
7.25625
7.258325
7.31765
7.3184
7.326625
7.335775
7.337125
7.340525
7.34535
7.35615
7.3726
7.380975
7.386225
7.39855
7.420575
7.4312
7.442825
7.444725
7.446725
7.45585
7.4563
7.467675
7.480025
7.483
7.484975
7.51185
7.539375
7.57135
7.613825
7.61935
7.62545
7.644325
7.6469
7.649425
7.65815
7.6587
7.679725
7.712625
7.721325
7.75625
7.760275
7.771625
7.7799
7.82555
7.837225
7.9
7.906425
7.94525
7.960425
7.97775
7.98935
7.9962
8.01665
8.0176
8.021
8.0397
8.042675
8.059275
8.0651
8.078475
8.088675
8.092675
8.182425
8.202125
8.2026
8.204775
8.205
8.207275
8.211625
8.213825
8.218275
8.2357
8.236625
8.25095
8.2613
8.274525
8.276125
8.286775
8.28905
8.29325
8.298275
8.300325
8.302575
8.303225
8.303775
8.3308
8.3392
8.340625
8.3411
8.349775
8.354825
8.360775
8.3673
8.36925
8.41575
8.4368
8.439675
8.440925
8.447775
8.46285
8.502625
8.50345
8.51
8.5168
8.52635
8.560175
8.568075
8.56875
8.58565
8.6036
8.6166
8.63895
8.643025
8.65135
8.6565
8.657975
8.669375
8.6945
8.696925
8.69885
8.733125
8.735
8.747375
8.771175
8.778925
8.788625
8.802875
8.806925
8.817825
8.83025
8.8338
8.8359
8.8471
8.8496
8.85635
8.86415
8.884825
8.888125
8.9009
8.90195
8.901975
8.92795
8.92985
8.9305
8.933575
8.945975
8.999425
9.0098
9.010075
9.034675
9.064775
9.0729
769
