0.07275
0.100825
0.10425
0.13155
0.1336
0.139825
0.14235
0.149125
0.14975
0.168375
0.171525
0.17315
0.17915
0.20485
0.20505
0.212475
0.2338
0.2559
0.287125
0.2944
0.296575
0.30465
0.3095
0.319075
0.324775
0.329975
0.33155
0.338375
0.355825
0.381075
0.403375
0.407775
0.41155
0.42165
0.425275
0.4395
0.484925
0.4904
0.490875
0.494225
0.502125
0.507525
0.507575
0.524075
0.527375
0.53315
0.545275
0.579975
0.611275
0.6211
0.621375
0.648775
0.655975
0.66005
0.704225
0.7044
0.706575
0.709425
0.710625
0.7293
0.73665
0.7393
0.74435
0.7566
0.762125
0.7651
0.76525
0.76635
0.76905
0.7847
0.78795
0.810675
0.81105
0.814875
0.816525
0.8195
0.833325
0.848125
0.887025
0.8996
0.97295
1.0073
1.00765
1.012875
1.02765
1.03695
1.037075
1.042025
1.045325
1.049675
1.0606
1.063975
1.0714
1.078125
1.078875
1.082325
1.0837
1.0839
1.096
1.124425
1.142875
1.1475
1.155475
1.171075
1.174475
1.192175
1.251225
1.255225
1.2735
1.30445
1.305775
1.30895
1.312325
1.314625
1.315725
1.3201
1.3285
1.33715
1.344225
1.34705
1.347825
1.35395
1.356
1.35615
1.3593
1.369025
1.3692
1.3876
1.401375
1.406425
1.424225
1.436225
1.4393
1.443725
1.444
1.446225
1.4574
1.502925
1.5032
1.538925
1.563425
1.5937
1.60615
1.613475
1.614975
1.617775
1.64275
1.6492
1.657975
1.66
1.661575
1.66745
1.6727
1.68965
1.6901
1.70405
1.7183
1.722625
1.7236
1.7268
1.741925
1.7519
1.7568
1.782275
1.79715
1.8218
1.826375
1.848975
1.915375
1.926375
1.931675
1.9463
1.947475
1.95325
1.9565
1.9609
1.961375
1.9802
1.9896
1.998375
2.016025
2.0482
2.049175
2.05155
2.055975
2.057725
2.103275
2.1343
2.1403
2.14305
2.14695
2.165525
2.168375
2.171
2.22745
2.2308
2.241875
2.25655
2.26905
2.28635
2.2911
2.2941
2.29875
2.33015
2.374275
2.403525
2.42565
2.44755
2.4582
2.47915
2.5025
2.512225
2.519425
2.536025
2.550725
2.554025
2.566075
2.569375
2.589975
2.59495
2.6025
2.603275
2.617125
2.622625
2.62695
2.638775
2.6503
2.6787
2.679875
2.68
2.703625
2.713725
2.73255
2.732975
2.74825
2.75405
2.75855
2.784075
2.7943
2.802425
2.804075
2.80675
2.8071
2.8095
2.810275
2.8104
2.819875
2.828775
2.83485
2.83715
2.837875
2.8389
2.84715
2.851125
2.853225
2.862025
2.86365
2.8672
2.86985
2.87105
2.874375
2.878725
2.88955
2.894075
2.897225
2.90015
2.902125
2.9025
2.9051
2.90515
2.921625
2.93195
2.935075
2.949425
2.953475
2.96235
2.96915
2.9755
2.978775
2.978975
3.000275
3.005225
3.03525
3.066825
3.072675
3.0769
3.0807
3.0866
3.105825
3.11825
3.1454
3.155275
3.1622
3.1665
3.1837
3.18865
3.19785
3.2171
3.225725
3.230775
3.2382
3.238875
3.258075
3.26075
3.345325
3.399675
3.404225
3.408075
3.409525
3.415725
3.417325
3.432175
3.433675
3.4504
3.454925
3.45935
3.466175
3.467825
3.4684
3.4716
3.479975
3.49205
3.5087
3.511525
3.544475
3.55105
3.5851
3.5949
3.598775
3.599725
3.607125
3.6269
3.62865
3.63635
3.7001
3.7043
3.722325
3.7239
3.72495
3.74405
3.764925
3.774875
3.77795
3.789825
3.800325
3.805975
3.812375
3.833825
3.8479
3.868925
3.8723
3.891875
3.904725
3.910675
3.918425
3.946025
3.9521
3.954075
3.992875
4.013025
4.017575
4.0277
4.0286
4.030725
4.0363
4.0412
4.04195
4.0501
4.054525
4.06185
4.066
4.08975
4.0924
4.094275
4.102675
4.1422
4.144725
4.1501
4.154125
4.1663
4.195025
4.2144
4.2161
4.216175
4.2398
4.259475
4.2747
4.3154
4.31885
4.3203
4.321025
4.325925
4.337825
4.367625
4.37815
4.38355
4.383925
4.396125
4.40065
4.4067
4.4413
4.447175
4.458175
4.482725
4.48685
4.514425
4.52035
4.523275
4.552425
4.556675
4.568475
4.57685
4.587325
4.6051
4.6071
4.609625
4.614725
4.6192
4.62395
4.6249
4.632925
4.6338
4.63695
4.638275
4.639775
4.64405
4.644825
4.657075
4.672675
4.6757
4.67935
4.6939
4.697
4.7302
4.74515
4.771775
4.78495
4.788275
4.7914
4.814025
4.83775
4.854675
4.895175
4.8991
4.9183
4.924675
4.9319
4.932
4.9424
4.943525
4.955375
4.961275
4.980675
4.98235
4.98355
4.991875
5.0035
5.00725
5.010525
5.0153
5.0413
5.15155
5.1725
5.182275
5.20085
5.201225
5.231725
5.232375
5.23355
5.241575
5.2454
5.272275
5.274775
5.280525
5.29
5.308525
5.321875
5.329825
5.371775
5.3753
5.38405
5.4035
5.421775
5.431875
5.45165
5.45325
5.4671
5.468375
5.5018
5.523725
5.52915
5.531025
5.53205
5.53405
5.53495
5.54285
5.54315
5.54495
5.557325
5.5617
5.5632
5.570675
5.578725
5.595125
5.5987
5.601375
5.60585
5.622775
5.6317
5.638275
5.64165
5.6588
5.66175
5.68475
5.6875
5.70015
5.710525
5.743275
5.767825
5.771625
5.807075
5.815
5.825425
5.828675
5.842875
5.8438
5.84755
5.855875
5.859
5.859625
5.8722
5.87685
5.880925
5.8938
5.89775
5.899675
5.905475
5.912325
5.9128
5.91305
5.91515
5.930025
5.9548
5.997
6.0135
6.02275
6.0476
6.06855
6.0744
6.0779
6.0884
6.10395
6.116
6.121125
6.127725
6.12815
6.13645
6.15325
6.161225
6.172925
6.1886
6.194375
6.2027
6.209625
6.213175
6.2426
6.248125
6.2503
6.25085
6.251625
6.306025
6.320225
6.366125
6.366975
6.3806
6.4062
6.4192
6.4196
6.420225
6.42575
6.426925
6.4352
6.4355
6.4527
6.455
6.45735
6.4678
6.4753
6.4844
6.50175
6.50715
6.510275
6.5155
6.5168
6.545075
6.548125
6.57
6.5901
6.6119
6.615475
6.62465
6.626075
6.647
6.69555
6.70905
6.718975
6.72125
6.740775
6.74505
6.7468
6.7522
6.757075
6.769825
6.77625
6.780225
6.785425
6.7857
6.7872
6.7881
6.794625
6.808
6.8086
6.809875
6.81095
6.8415
6.85515
6.87035
6.8788
6.8839
6.885225
6.8889
6.908275
6.934675
6.95075
6.9511
6.966825
6.99225
7.015775
7.023025
7.0245
7.026275
7.02695
7.03115
7.04025
7.041175
7.0442
7.061675
7.06605
7.075675
7.085425
7.0894
7.104425
7.11065
7.113
7.132175
7.133675
7.1518
7.153275
7.1535
7.218125
7.225575
7.252925
7.29985
7.300075
7.3073
7.311375
7.314875
7.316475
7.3168
7.31815
7.31875
7.321475
7.326875
7.3324
7.348825
7.351075
7.3548
7.360025
7.3646
7.369775
7.374775
7.38485
7.40015
7.401975
7.409825
7.41145
7.41865
7.419625
7.43915
7.464675
7.47595
7.493975
7.4986
7.499975
7.5003
7.5059
7.519475
7.542275
7.5464
7.56005
7.5655
7.5844
7.601675
7.621675
7.624
7.62695
7.62845
7.646275
7.648375
7.652275
7.66685
7.6741
7.68845
7.708675
7.709525
7.71825
7.741925
7.752675
7.787425
7.7967
7.810875
7.83915
7.848075
7.850075
7.886775
7.889275
7.902375
7.9041
7.907975
7.908925
7.9337
7.9355
7.942625
7.95225
7.9709
7.9713
7.994625
8.003725
8.009775
8.025675
8.071675
8.09595
8.097525
8.108275
8.208625
8.21225
8.22255
8.26345
8.272025
8.281075
8.2841
8.29325
8.31035
8.319775
8.32425
8.32895
8.33885
8.35035
8.3537
8.4022
8.404575
8.41575
8.4745
8.48515
8.491025
8.5004
8.5117
8.514975
8.5171
8.51995
8.525825
8.533325
8.533975
8.553625
8.556825
8.56115
8.5627
8.583225
8.592675
8.60305
8.616075
8.618525
8.633975
8.6463
8.65645
8.661375
8.662675
8.6729
8.685775
8.6889
8.690625
8.699525
8.72565
8.7703
8.7796
8.801675
8.81035
8.813525
8.8152
8.81525
8.815575
8.820575
8.8236
8.827775
8.838475
8.84705
8.874625
8.8869
8.894875
8.905325
8.931775
8.951425
8.95705
8.967925
8.977725
9.02405
9.039125
9.0643
9.07465
819
