0.101475
0.111925
0.1141
0.11565
0.131625
0.135125
0.14895
0.152
0.16315
0.174925
0.1796
0.18525
0.19875
0.220075
0.2224
0.236775
0.242625
0.259625
0.263325
0.273375
0.282825
0.28965
0.296
0.36125
0.4091
0.418575
0.4208
0.420825
0.433875
0.43535
0.45305
0.462775
0.463675
0.4825
0.4905
0.49365
0.495075
0.5012
0.505475
0.523625
0.537575
0.551
0.569575
0.580575
0.580775
0.6115
0.616
0.631625
0.7
0.710425
0.7154
0.721125
0.749875
0.753075
0.78605
0.791625
0.80215
0.803675
0.8454
0.870275
0.875125
0.890075
0.891325
0.957725
0.961825
0.97085
0.980675
1.003825
1.005175
1.0121
1.02215
1.030825
1.038125
1.04635
1.05355
1.06975
1.076
1.08405
1.089
1.105175
1.119975
1.130275
1.149875
1.17575
1.183025
1.1856
1.189175
1.1933
1.1962
1.20685
1.2681
1.30235
1.31055
1.3244
1.3245
1.327075
1.3398
1.353275
1.361025
1.3666
1.367125
1.371475
1.378975
1.394625
1.4028
1.426425
1.4413
1.46035
1.49485
1.5064
1.50765
1.513725
1.533625
1.539625
1.555625
1.58285
1.598025
1.6021
1.608975
1.6102
1.6187
1.6244
1.627
1.677425
1.6941
1.7013
1.705775
1.707825
1.710725
1.771575
1.776025
1.7796
1.790175
1.801
1.82675
1.8414
1.86785
1.87195
1.900625
1.904725
1.9057
1.908225
1.912925
1.918475
1.920225
1.925275
1.946775
1.95385
1.95875
1.958825
2.001575
2.020825
2.050675
2.058175
2.09185
2.0962
2.0964
2.1023
2.1163
2.1304
2.147725
2.1682
2.204425
2.2077
2.208675
2.216275
2.2227
2.225125
2.2287
2.2403
2.2429
2.2544
2.277
2.28495
2.30155
2.302975
2.304025
2.3102
2.32575
2.337925
2.358475
2.365025
2.421575
2.426025
2.438125
2.45945
2.4596
2.492825
2.525475
2.5259
2.52625
2.531525
2.5321
2.53555
2.536275
2.567925
2.5724
2.580025
2.581225
2.582675
2.583725
2.584575
2.5942
2.608775
2.610725
2.610775
2.623425
2.6373
2.640475
2.64365
2.649
2.657625
2.659425
2.6638
2.672475
2.677
2.6909
2.692475
2.69595
2.7058
2.709625
2.7535
2.75935
2.785475
2.7935
2.797125
2.81285
2.822
2.822775
2.826525
2.830875
2.840325
2.841725
2.854725
2.865875
2.86725
2.8688
2.8735
2.881275
2.884425
2.886975
2.893775
2.89865
2.94015
2.953075
2.9544
2.9639
2.968575
2.979975
2.985025
2.9908
3.016425
3.060975
3.062025
3.068075
3.0971
3.103
3.108625
3.111925
3.115375
3.123575
3.143025
3.147575
3.15055
3.1565
3.16335
3.163375
3.168225
3.17165
3.180225
3.1905
3.195775
3.203375
3.205
3.225175
3.226425
3.23925
3.248475
3.28895
3.309975
3.3417
3.34675
3.362675
3.37455
3.406175
3.4088
3.416675
3.42115
3.4362
3.4372
3.44285
3.497075
3.499525
3.504
3.526925
3.55965
3.56095
3.574825
3.576825
3.584625
3.5999
3.63835
3.638575
3.6811
3.701475
3.702525
3.706375
3.708
3.710675
3.715175
3.7196
3.7221
3.729025
3.73405
3.736525
3.73695
3.750375
3.766575
3.768775
3.791225
3.8
3.801775
3.8067
3.8295
3.85455
3.89275
3.915375
3.919025
3.934425
3.998225
4.0064
4.00785
4.013275
4.01355
4.0138
4.027275
4.034275
4.0371
4.0465
4.06485
4.07705
4.082025
4.0865
4.0994
4.10315
4.105875
4.12365
4.132725
4.13485
4.14425
4.18135
4.195875
4.2121
4.217275
4.23465
4.2961
4.337
4.341025
4.37475
4.37535
4.377825
4.3779
4.379875
4.380525
4.381
4.3839
4.386675
4.399125
4.407675
4.42885
4.431925
4.440025
4.4799
4.497225
4.498475
4.50175
4.5163
4.51945
4.54385
4.5608
4.56865
4.5959
4.604375
4.610825
4.613075
4.61435
4.617
4.61995
4.62425
4.6254
4.625675
4.6281
4.630775
4.6315
4.634725
4.640775
4.6558
4.7053
4.707875
4.712
4.719275
4.743075
4.746925
4.75365
4.7766
4.7914
4.792425
4.8129
4.8167
4.8358
4.839725
4.85055
4.8572
4.908075
4.91325
4.915425
4.9159
4.918925
4.93015
4.9331
4.946525
4.952
4.9707
4.991725
4.9976
4.9999
5.005375
5.01085
5.011125
5.045375
5.066375
5.085825
5.0882
5.0948
5.0979
5.11265
5.1129
5.1178
5.160875
5.167425
5.17415
5.202275
5.206625
5.2179
5.21865
5.24335
5.246475
5.259875
5.273025
5.27645
5.288025
5.302825
5.3282
5.330575
5.332175
5.351375
5.36475
5.38335
5.3845
5.41165
5.420825
5.431425
5.465375
5.471425
5.50455
5.50475
5.513225
5.5154
5.51935
5.519475
5.520675
5.52205
5.52395
5.524175
5.53155
5.543825
5.543975
5.55785
5.56615
5.576
5.58595
5.5864
5.595675
5.59795
5.608775
5.63615
5.66115
5.6657
5.6736
5.682525
5.70155
5.7273
5.772175
5.774875
5.7813
5.787675
5.800175
5.80345
5.812725
5.81275
5.822025
5.822525
5.8242
5.824775
5.826225
5.827675
5.83995
5.84645
5.84775
5.85015
5.852825
5.854525
5.8588
5.895525
5.904075
5.94025
5.9411
5.949475
5.952975
5.953825
5.956775
5.9588
5.98415
6.009325
6.016175
6.02645
6.037275
6.0501
6.05315
6.086775
6.096225
6.1014
6.104025
6.111325
6.11255
6.113375
6.119675
6.136925
6.14635
6.156525
6.164425
6.16535
6.171
6.18465
6.193725
6.1946
6.2077
6.236975
6.25925
6.30635
6.320375
6.355825
6.3712
6.394475
6.407725
6.412225
6.4147
6.417975
6.419975
6.441575
6.448825
6.4525
6.458575
6.458925
6.46085
6.46265
6.6386
6.642925
6.682875
6.686475
6.700325
6.70155
6.70395
6.70405
6.70545
6.7106
6.7217
6.727375
6.727925
6.737675
6.7383
6.74055
6.752225
6.7612
6.762325
6.762725
6.774925
6.78295
6.78425
6.792825
6.80205
6.8066
6.821575
6.824175
6.83085
6.833475
6.841375
6.854875
6.85815
6.901725
6.924
6.933025
7.00085
7.00815
7.03855
7.047875
7.050925
7.0572
7.09
7.093625
7.0988
7.1154
7.115425
7.135675
7.135925
7.16605
7.16665
7.171075
7.1912
7.201075
7.204075
7.2228
7.2329
7.2506
7.2643
7.273125
7.278975
7.30255
7.306325
7.3072
7.307225
7.33095
7.3349
7.337675
7.3412
7.34535
7.347775
7.3588
7.3622
7.362975
7.36305
7.365325
7.36715
7.371725
7.372725
7.39115
7.394
7.39895
7.433275
7.44395
7.475475
7.485475
7.493
7.501575
7.508125
7.515175
7.515425
7.591125
7.604325
7.61305
7.617
7.6215
7.6328
7.633425
7.63585
7.6453
7.654525
7.658075
7.661425
7.667
7.694675
7.71105
7.72245
7.769625
7.782075
7.80625
7.86405
7.8861
7.888675
7.892175
7.903775
7.904475
7.90735
7.911925
7.92535
7.935575
7.943
7.94415
7.94425
7.946575
7.96755
7.978575
7.980525
7.988175
8.005325
8.008975
8.0211
8.02545
8.029975
8.046875
8.065525
8.072225
8.07325
8.0892
8.0938
8.094
8.1009
8.1205
8.121225
8.1431
8.212775
8.213575
8.214825
8.2152
8.22165
8.2255
8.22845
8.257525
8.26085
8.28535
8.29325
8.311025
8.31835
8.31925
8.3357
8.335975
8.3499
8.356925
8.36275
8.3811
8.383425
8.384275
8.39865
8.4001
8.431
8.43495
8.454175
8.46585
8.466775
8.50045
8.50705
8.533975
8.53805
8.54345
8.5479
8.550875
8.551675
8.55515
8.565875
8.576875
8.58845
8.608675
8.631575
8.639725
8.643625
8.64825
8.68225
8.6976
8.71225
8.772225
8.7784
8.800475
8.8022
8.807325
8.8108
8.8127
8.8181
8.83045
8.8355
8.84075
8.85165
8.85975
8.88045
8.8948
8.89915
8.90635
8.9094
8.91945
8.9212
8.92525
8.92595
8.935475
8.971275
8.97185
8.97325
8.973275
9.009825
9.0387
9.050525
9.0574
9.096625
791
