0.1183
0.124425
0.137
0.144075
0.155525
0.165225
0.184175
0.193325
0.1957
0.203475
0.21235
0.219075
0.219275
0.2222
0.22375
0.232775
0.238925
0.2424
0.251175
0.25125
0.284825
0.3054
0.324325
0.359425
0.36125
0.389425
0.391375
0.396975
0.4035
0.422375
0.42995
0.4367
0.4369
0.439725
0.440925
0.456675
0.46465
0.470225
0.479625
0.482125
0.4965
0.499575
0.5001
0.504475
0.511875
0.522625
0.536025
0.5575
0.558775
0.55955
0.564425
0.6124
0.620625
0.65045
0.66275
0.707075
0.7149
0.7176
0.71795
0.71875
0.724325
0.732775
0.736925
0.749125
0.758775
0.7594
0.76435
0.782675
0.8234
0.859825
0.928825
0.947725
1.00135
1.0136
1.01445
1.0199
1.01995
1.0242
1.03485
1.04085
1.064875
1.072775
1.07565
1.08385
1.0911
1.09275
1.0948
1.11255
1.11875
1.12955
1.138275
1.1539
1.20865
1.21705
1.23535
1.2906
1.292975
1.29845
1.3002
1.3105
1.3145
1.317875
1.330675
1.33585
1.346275
1.3478
1.3522
1.35235
1.358075
1.363375
1.365325
1.365725
1.3713
1.380025
1.39875
1.399325
1.409825
1.420175
1.43605
1.451875
1.45335
1.4603
1.488225
1.5184
1.5765
1.6032
1.620825
1.627925
1.630075
1.63405
1.64925
1.655775
1.68445
1.68705
1.71535
1.7177
1.72005
1.7331
1.733425
1.7338
1.75485
1.76525
1.772075
1.7779
1.780425
1.8308
1.840525
1.867575
1.8723
1.904025
1.9072
1.90755
1.910925
1.92055
1.925675
1.93775
1.952225
1.95575
1.96945
1.977425
1.988225
1.989775
1.99655
2.003925
2.012525
2.0225
2.029975
2.032925
2.03385
2.06515
2.0671
2.10265
2.119025
2.173125
2.204575
2.2087
2.212225
2.2137
2.2146
2.2175
2.21755
2.220375
2.221925
2.22225
2.226025
2.229725
2.243575
2.245225
2.247825
2.256525
2.262625
2.27405
2.276525
2.305375
2.306875
2.3201
2.3238
2.34175
2.353025
2.357475
2.367325
2.370175
2.39605
2.43695
2.4564
2.482625
2.506
2.528675
2.57055
2.577525
2.57825
2.58125
2.601775
2.605175
2.62915
2.660975
2.684425
2.701425
2.75825
2.798525
2.807225
2.80985
2.8185
2.820775
2.821
2.827375
2.85335
2.866525
2.873325
2.879225
2.882
2.890025
2.9074
2.9095
2.918875
2.91905
2.937
2.97075
3.004875
3.00775
3.016925
3.053725
3.0742
3.10165
3.102575
3.1076
3.118025
3.121475
3.127225
3.14245
3.16545
3.168075
3.177875
3.17805
3.18235
3.190475
3.193425
3.19415
3.2122
3.21625
3.234725
3.244375
3.244475
3.24835
3.249825
3.254325
3.2713
3.27355
3.300025
3.309525
3.351875
3.374075
3.4032
3.40365
3.4051
3.431225
3.437875
3.44645
3.4498
3.474
3.481175
3.496025
3.51655
3.554025
3.5565
3.558425
3.5706
3.577975
3.583525
3.583675
3.6152
3.61655
3.642075
3.676075
3.68545
3.686
3.7043
3.707125
3.70775
3.707775
3.712075
3.714575
3.717825
3.72805
3.7363
3.74505
3.750975
3.753
3.764925
3.767525
3.776075
3.80025
3.847575
3.850675
3.85545
3.85945
3.87475
3.879275
3.88455
3.899525
3.9173
3.918525
3.920225
3.958175
3.971025
3.99245
4.019775
4.027925
4.02965
4.04225
4.044475
4.052825
4.05395
4.0612
4.078275
4.079625
4.0801
4.08715
4.0942
4.103125
4.120525
4.12535
4.128925
4.130325
4.146325
4.14715
4.150325
4.190625
4.191575
4.202425
4.211625
4.214325
4.2408
4.2462
4.248925
4.25025
4.299975
4.302575
4.305
4.310625
4.327775
4.3301
4.333675
4.335125
4.342125
4.34255
4.34995
4.3514
4.3518
4.35815
4.3604
4.361575
4.363025
4.3642
4.38705
4.397125
4.40315
4.409625
4.419675
4.42195
4.422675
4.427825
4.4333
4.4438
4.48485
4.4875
4.494775
4.515925
4.55005
4.551075
4.5781
4.58095
4.593925
4.602925
4.60435
4.606925
4.62315
4.637175
4.647475
4.650575
4.651325
4.65895
4.690225
4.696575
4.696975
4.718625
4.725625
4.756575
4.757275
4.7574
4.7797
4.78115
4.790175
4.851025
4.906725
4.915025
4.919675
4.9236
4.9253
4.929275
4.94625
4.95215
4.95265
4.963325
4.964275
4.964925
4.977875
4.9957
5.03115
5.047025
5.04985
5.070525
5.085425
5.092725
5.1003
5.1031
5.10415
5.10805
5.114425
5.147075
5.154775
5.1711
5.1846
5.192725
5.20315
5.2277
5.2291
5.23815
5.2546
5.27845
5.2811
5.28735
5.29385
5.344325
5.375375
5.38415
5.39825
5.4026
5.411125
5.414975
5.418325
5.42805
5.42815
5.4383
5.449725
5.4732
5.5069
5.50895
5.511425
5.51285
5.513175
5.5185
5.52615
5.5298
5.538575
5.5454
5.55935
5.5607
5.572575
5.5752
5.578775
5.61445
5.61735
5.618775
5.623575
5.62685
5.6375
5.640675
5.657825
5.691375
5.69815
5.7122
5.71475
5.718475
5.727875
5.74365
5.744275
5.7729
5.803375
5.81145
5.83375
5.846075
5.857
5.879975
5.8808
5.890425
5.901725
5.90575
5.91625
5.920025
5.943375
5.952575
5.958525
6.04105
6.0808
6.084425
6.120925
6.137775
6.146275
6.14975
6.158225
6.161725
6.18935
6.205325
6.2236
6.241375
6.250925
6.25675
6.2639
6.28685
6.307325
6.313775
6.31495
6.3266
6.334425
6.361275
6.361625
6.40345
6.405825
6.409025
6.416
6.416475
6.41665
6.4183
6.4196
6.4308
6.435525
6.436925
6.437775
6.443775
6.45115
6.45225
6.4578
6.469575
6.50325
6.5159
6.523
6.5328
6.538525
6.549075
6.5525
6.603925
6.61545
6.63415
6.637325
6.653225
6.710525
6.711975
6.7203
6.72215
6.7225
6.72665
6.742
6.7467
6.749275
6.76825
6.789675
6.79325
6.8526
6.85885
6.874575
6.88145
6.948375
6.953775
6.987075
7.0022
7.005
7.006
7.009575
7.0129
7.014025
7.01445
7.019275
7.02395
7.031175
7.051675
7.05825
7.072225
7.074975
7.07665
7.0822
7.08645
7.092975
7.094375
7.094875
7.105
7.115675
7.11725
7.1183
7.119
7.120075
7.125225
7.129925
7.13095
7.157525
7.162025
7.1829
7.209525
7.217525
7.23705
7.2511
7.304575
7.31285
7.32395
7.332925
7.333875
7.338725
7.3406
7.345325
7.34955
7.3542
7.362
7.387525
7.393425
7.40255
7.4391
7.4419
7.4579
7.4621
7.4651
7.469325
7.4903
7.4979
7.4994
7.50055
7.5079
7.509675
7.5333
7.575275
7.6016
7.60825
7.616425
7.6171
7.633
7.636725
7.64955
7.650575
7.65785
7.659
7.662
7.665825
7.66675
7.688175
7.691775
7.69385
7.69625
7.69645
7.72775
7.727775
7.729525
7.735575
7.7393
7.746525
7.777825
7.7916
7.82695
7.84255
7.916925
7.922175
7.93035
7.934725
7.944025
7.944375
7.962575
7.976825
7.98165
7.991975
7.9964
7.996925
8.004925
8.017275
8.0213
8.05105
8.054125
8.06465
8.1088
8.11085
8.155075
8.1698
8.189425
8.205125
8.2055
8.239975
8.253
8.259
8.276775
8.278425
8.2837
8.292325
8.312225
8.338575
8.339775
8.35135
8.35935
8.380175
8.409325
8.428975
8.4296
8.432175
8.448025
8.463675
8.471125
8.497775
8.50485
8.5053
8.511725
8.511975
8.5217
8.526
8.528575
8.5304
8.535325
8.540475
8.544875
8.582125
8.585675
8.593425
8.6482
8.6614
8.683325
8.730175
8.743
8.749425
8.775175
8.800075
8.80595
8.8124
8.823375
8.82715
8.844325
8.8509
8.85355
8.859825
8.86155
8.8757
8.88485
8.886
8.909475
8.914375
8.9166
8.938925
8.944
8.9493
8.9625
8.985525
9.033825
9.069025
767
