0.1063
0.1095
0.110225
0.131475
0.1334
0.134275
0.1347
0.1359
0.14435
0.147975
0.162025
0.17685
0.182075
0.19725
0.205075
0.20605
0.210725
0.2187
0.23055
0.24225
0.24845
0.277225
0.308725
0.350175
0.352225
0.3694
0.3946
0.424425
0.446225
0.4496
0.456825
0.46235
0.4719
0.4761
0.48975
0.49375
0.517425
0.524325
0.527025
0.534875
0.53655
0.57635
0.59385
0.6038
0.6169
0.65735
0.688975
0.697075
0.702575
0.7083
0.728225
0.745225
0.746375
0.75165
0.75675
0.7631
0.768325
0.7813
0.811225
0.81615
0.821775
0.825175
0.82855
0.839525
0.849225
0.8496
0.856325
0.888725
0.9028
0.907125
0.908625
0.923525
0.932825
0.9393
0.9421
0.9458
1.0118
1.0122
1.01945
1.025375
1.03085
1.033025
1.034575
1.036675
1.045
1.045175
1.057125
1.0623
1.1052
1.1055
1.106025
1.1151
1.116775
1.141225
1.15115
1.170075
1.1796
1.18435
1.193925
1.2135
1.22705
1.29645
1.29845
1.313475
1.31595
1.316775
1.3242
1.324625
1.332025
1.3346
1.343525
1.3504
1.356425
1.372825
1.37805
1.384025
1.385525
1.390125
1.39205
1.403625
1.4047
1.4104
1.413225
1.423775
1.432775
1.434875
1.4435
1.4499
1.47285
1.4816
1.5049
1.513175
1.517575
1.525975
1.6007
1.6018
1.6032
1.6294
1.630675
1.63295
1.636675
1.64625
1.6479
1.64875
1.65
1.664775
1.6709
1.67315
1.6912
1.692
1.69425
1.70735
1.711125
1.718775
1.7221
1.738325
1.753325
1.763775
1.777275
1.7835
1.815925
1.8469
1.877675
1.892975
1.902075
1.908125
1.9085
1.90975
1.91455
1.919
1.922125
1.93895
1.940175
1.94155
1.94195
1.95525
1.9606
1.960775
1.987125
2.0014
2.00195
2.013275
2.018425
2.0228
2.02435
2.040525
2.058625
2.059625
2.062725
2.0638
2.077375
2.083625
2.09195
2.1091
2.124075
2.124675
2.131975
2.136925
2.146325
2.209175
2.2122
2.220775
2.225525
2.226275
2.2365
2.238425
2.2457
2.2513
2.273625
2.276375
2.278775
2.3016
2.3125
2.313425
2.332425
2.358975
2.383875
2.459375
2.462025
2.4692
2.4878
2.5025
2.517275
2.524125
2.5315
2.543975
2.558025
2.564275
2.57215
2.583575
2.591425
2.606225
2.6138
2.615375
2.63955
2.644475
2.659
2.695575
2.7348
2.740925
2.7519
2.790875
2.797325
2.8032
2.805425
2.810775
2.815275
2.8211
2.82795
2.84835
2.867125
2.8682
2.87205
2.92195
2.933825
2.9463
2.950275
2.988775
2.991825
2.99595
3.0268
3.085925
3.089625
3.105025
3.107075
3.10805
3.112825
3.12265
3.129975
3.149025
3.159425
3.16215
3.177275
3.182125
3.182575
3.18415
3.1989
3.207625
3.2127
3.227675
3.233975
3.235575
3.23695
3.247275
3.24815
3.2607
3.2628
3.268775
3.3508
3.36545
3.36625
3.40875
3.416225
3.423975
3.43065
3.43125
3.4473
3.4483
3.452875
3.462975
3.47455
3.48965
3.49435
3.50185
3.514125
3.517475
3.5423
3.596825
3.60215
3.60995
3.6209
3.702075
3.703575
3.70435
3.718075
3.726925
3.7309
3.753675
3.76515
3.783675
3.7857
3.80455
3.80545
3.81155
3.820225
3.842025
3.850125
3.85485
3.92005
3.9261
3.9303
3.93735
4.000475
4.006025
4.00675
4.008175
4.01225
4.02495
4.044125
4.047975
4.057975
4.060325
4.073275
4.074325
4.07465
4.10315
4.107225
4.113
4.11895
4.130675
4.149425
4.152025
4.15635
4.163675
4.1731
4.18875
4.21675
4.23145
4.23175
4.24555
4.2565
4.269575
4.30025
4.30245
4.32065
4.3218
4.3344
4.33805
4.3557
4.3681
4.37405
4.39005
4.397525
4.403875
4.410225
4.418875
4.4213
4.441225
4.447
4.46035
4.4661
4.46915
4.4765
4.508075
4.5209
4.528425
4.552275
4.5694
4.59445
4.603975
4.60475
4.6105
4.612025
4.6143
4.615125
4.6324
4.636
4.640625
4.6522
4.66355
4.6765
4.67765
4.7169
4.72295
4.727225
4.7322
4.7404
4.741625
4.753275
4.759925
4.766575
4.801225
4.81765
4.830075
4.89015
4.89815
4.908125
4.9101
4.952275
4.9534
4.954075
4.9591
4.96045
4.961675
4.975475
4.9854
4.99225
4.993475
5.01005
5.03475
5.044275
5.047525
5.048625
5.092925
5.10115
5.105825
5.106825
5.1183
5.121075
5.123625
5.1313
5.14015
5.178925
5.20355
5.208325
5.208925
5.224375
5.233825
5.236375
5.242225
5.24955
5.27385
5.2779
5.286675
5.2929
5.30965
5.3208
5.334225
5.3582
5.39445
5.419125
5.42145
5.423425
5.4316
5.445625
5.458825
5.50045
5.500475
5.501075
5.5053
5.51465
5.53045
5.536825
5.537475
5.538575
5.539675
5.545475
5.556675
5.556925
5.57095
5.60535
5.6278
5.63885
5.63895
5.66645
5.74035
5.74595
5.76555
5.810775
5.8115
5.817975
5.82
5.83015
5.83065
5.83305
5.835275
5.83685
5.84255
5.844675
5.84745
5.854975
5.857625
5.866825
5.867375
5.8772
5.885125
5.885525
5.889375
5.908275
5.926275
6.108375
6.11505
6.1262
6.132425
6.136525
6.143825
6.14525
6.1545
6.159725
6.169075
6.21735
6.232425
6.23305
6.2452
6.2486
6.274775
6.276
6.2798
6.2918
6.2978
6.3137
6.3333
6.339925
6.341825
6.3474
6.347475
6.373925
6.40135
6.4107
6.413075
6.4145
6.41705
6.422975
6.42885
6.437775
6.46025
6.464975
6.467175
6.4732
6.4772
6.48425
6.4883
6.500075
6.5096
6.529025
6.531825
6.54645
6.551275
6.556625
6.560675
6.5821
6.61795
6.618675
6.620625
6.624875
6.6435
6.684525
6.6897
6.69625
6.706275
6.70875
6.70975
6.7122
6.712225
6.714
6.7172
6.721375
6.72195
6.7383
6.76515
6.766925
6.77205
6.777125
6.784325
6.785775
6.787625
6.79675
6.8118
6.817225
6.81875
6.81915
6.830075
6.861275
6.8624
6.87795
6.895125
6.913075
6.918225
6.9698
6.984925
7.000975
7.013475
7.01945
7.0222
7.024775
7.03525
7.0411
7.071225
7.099
7.11125
7.11225
7.115275
7.118675
7.142875
7.15
7.1649
7.17685
7.20125
7.206025
7.213475
7.21635
7.2317
7.238225
7.245675
7.2458
7.2659
7.30025
7.307625
7.321975
7.327975
7.3293
7.329775
7.337925
7.35785
7.360975
7.363325
7.3637
7.370825
7.372575
7.382325
7.391075
7.39795
7.39965
7.415525
7.4159
7.4217
7.460875
7.465775
7.470875
7.474475
7.49055
7.511525
7.51485
7.5325
7.561075
7.578325
7.601125
7.602175
7.604675
7.606975
7.608825
7.635425
7.6416
7.642
7.64875
7.655825
7.660725
7.6644
7.6667
7.671925
7.69735
7.703
7.71335
7.714875
7.716725
7.728875
7.7431
7.748575
7.76375
7.7896
7.796025
7.796525
7.807725
7.8626
7.890925
7.90615
7.9081
7.913425
7.930225
7.93155
7.93365
7.93795
7.940625
7.942325
7.958375
7.9601
7.964975
7.967325
7.9675
7.97075
7.9729
7.9814
7.99165
8.012825
8.018225
8.0345
8.03865
8.0396
8.041875
8.04655
8.062875
8.0638
8.0751
8.07715
8.079
8.1022
8.105775
8.112725
8.16785
8.186975
8.20145
8.202725
8.205375
8.2254
8.230825
8.231925
8.2388
8.241925
8.24395
8.24945
8.254425
8.254725
8.256075
8.259425
8.26035
8.261275
8.28495
8.28915
8.28995
8.29645
8.309025
8.31085
8.3293
8.34945
8.4024
8.422775
8.4229
8.425575
8.437075
8.4433
8.448525
8.46935
8.499325
8.50295
8.503275
8.514125
8.514725
8.515025
8.519
8.5195
8.52515
8.5261
8.536825
8.538675
8.539
8.544875
8.558625
8.569725
8.57545
8.579825
8.58775
8.594825
8.6032
8.606175
8.619575
8.619625
8.6396
8.64415
8.672675
8.680475
8.685825
8.690675
8.69265
8.694875
8.698575
8.732875
8.73585
8.762175
8.76395
8.801075
8.813075
8.813125
8.8142
8.814825
8.82465
8.8254
8.828275
8.82945
8.848525
8.849325
8.861025
8.8785
8.88015
8.881125
8.891075
8.89905
8.91035
8.91625
8.91785
9.01225
9.038275
9.0458
9.048925
9.0555
9.06665
9.07405
816
