0.101975
0.103425
0.1209
0.1394
0.147375
0.168025
0.16865
0.188875
0.2131
0.222175
0.227925
0.228325
0.254225
0.257575
0.2703
0.2808
0.29675
0.307975
0.30995
0.327725
0.336675
0.391575
0.40645
0.41275
0.41315
0.41745
0.422125
0.4236
0.429975
0.439675
0.44705
0.457
0.461125
0.465575
0.469975
0.47335
0.4791
0.48625
0.5065
0.50805
0.5228
0.53375
0.53455
0.541075
0.5448
0.54895
0.5705
0.575425
0.57605
0.5821
0.590525
0.60455
0.62425
0.640525
0.6497
0.65555
0.702275
0.7143
0.726525
0.733975
0.734925
0.764125
0.784525
0.795075
0.805625
0.83385
0.8346
0.835825
0.863275
0.887425
0.890825
0.905925
0.92795
0.961925
0.977125
1.001775
1.007125
1.00955
1.01025
1.024225
1.02885
1.040525
1.05335
1.078025
1.106125
1.114475
1.12055
1.12835
1.131175
1.135625
1.138575
1.139725
1.150675
1.174075
1.189425
1.1906
1.229425
1.2575
1.264925
1.299275
1.308575
1.30995
1.316225
1.321675
1.3228
1.3247
1.3324
1.332975
1.3455
1.3612
1.366425
1.387825
1.3888
1.38895
1.406225
1.4118
1.424375
1.435525
1.452175
1.45875
1.462475
1.465325
1.47965
1.53695
1.542175
1.547375
1.619
1.63825
1.6403
1.6455
1.65745
1.65845
1.661725
1.6771
1.686375
1.6869
1.689775
1.697775
1.70275
1.7184
1.72445
1.72835
1.749475
1.7505
1.7507
1.75655
1.823725
1.84035
1.84255
1.854025
1.902375
1.9185
1.9223
1.92425
1.925375
1.92855
1.940475
1.949375
1.955225
1.96435
1.97395
1.9811
1.992475
1.998875
2.001425
2.0034
2.00635
2.010125
2.0113
2.011825
2.0139
2.01665
2.03335
2.037825
2.066825
2.06935
2.086475
2.1291
2.1431
2.148975
2.157825
2.19835
2.202075
2.203775
2.2074
2.215525
2.216125
2.221025
2.224525
2.235025
2.24605
2.249975
2.264075
2.2752
2.296675
2.3061
2.30725
2.312
2.333125
2.3388
2.34115
2.3576
2.36815
2.370275
2.381825
2.423925
2.466225
2.4853
2.497325
2.5143
2.514725
2.525775
2.5278
2.529475
2.53375
2.547075
2.54805
2.560025
2.564975
2.565025
2.565125
2.591075
2.59595
2.596075
2.6036
2.604125
2.607025
2.6155
2.646075
2.66255
2.676975
2.6855
2.72095
2.7385
2.806275
2.82265
2.82325
2.843375
2.84505
2.8457
2.873975
2.8762
2.885425
2.8908
2.917275
2.9325
2.9343
2.9562
2.963025
3.009375
3.01185
3.01245
3.024375
3.033675
3.05635
3.072975
3.080925
3.0874
3.0896
3.101725
3.105025
3.1238
3.13015
3.1336
3.134925
3.1392
3.146
3.158075
3.166525
3.17425
3.185775
3.2024
3.20525
3.213375
3.2184
3.21855
3.226725
3.234175
3.270475
3.271575
3.289325
3.291125
3.2964
3.299225
3.30595
3.33315
3.377825
3.393775
3.413975
3.428925
3.44595
3.46185
3.46425
3.467675
3.48925
3.494475
3.4963
3.499375
3.512825
3.5132
3.5197
3.52065
3.520725
3.523
3.54155
3.5456
3.5778
3.587775
3.60685
3.62185
3.630775
3.641875
3.652975
3.675725
3.6763
3.70335
3.707075
3.712675
3.7144
3.7152
3.717275
3.719875
3.7334
3.73885
3.747425
3.75435
3.7682
3.780875
3.78735
3.7984
3.79985
3.80365
3.805375
3.8054
3.8081
3.826
3.8267
3.83405
3.8464
3.8575
3.865725
3.898725
3.929225
3.933175
3.975775
3.989925
4.002675
4.01145
4.01335
4.0187
4.023175
4.023275
4.033625
4.0344
4.05175
4.0525
4.06215
4.067175
4.06735
4.11535
4.116625
4.1253
4.12895
4.1341
4.141775
4.14925
4.149375
4.1923
4.19545
4.202675
4.208975
4.2355
4.2469
4.249675
4.25845
4.30045
4.303025
4.3051
4.305675
4.308675
4.311475
4.315075
4.3152
4.3279
4.335525
4.343875
4.34835
4.360025
4.362375
4.362575
4.3692
4.37545
4.38275
4.410075
4.4156
4.425275
4.427525
4.434975
4.45225
4.45255
4.4769
4.484025
4.5009
4.501125
4.528525
4.55365
4.55755
4.5653
4.570375
4.60855
4.6147
4.62725
4.62775
4.631225
4.6392
4.652525
4.659825
4.66505
4.677475
4.67845
4.70525
4.72245
4.737625
4.7429
4.750575
4.770975
4.786475
4.787225
4.83965
4.872075
4.92175
4.9236
4.924175
4.929575
4.93175
4.95455
4.968575
4.971
4.97165
4.974275
4.993475
5.009325
5.01315
5.025425
5.028925
5.047725
5.058075
5.072375
5.076925
5.097775
5.11025
5.173575
5.185825
5.19525
5.202825
5.222725
5.22415
5.228375
5.230525
5.236875
5.239275
5.24765
5.24795
5.256775
5.263025
5.2749
5.2763
5.2821
5.28625
5.298525
5.30585
5.312325
5.31575
5.32145
5.3234
5.33465
5.3532
5.362275
5.3713
5.37535
5.39565
5.423775
5.429875
5.433375
5.513025
5.517525
5.52005
5.520375
5.5207
5.5218
5.52325
5.52735
5.531675
5.533425
5.534375
5.542525
5.5566
5.5601
5.5619
5.574475
5.57525
5.583125
5.601075
5.610675
5.629775
5.6524
5.656625
5.6634
5.67345
5.68115
5.682625
5.682775
5.728175
5.72835
5.73025
5.769775
5.777725
5.782225
5.802075
5.80215
5.806325
5.811575
5.815825
5.820525
5.8274
5.839175
5.84615
5.865075
5.866725
5.87895
5.880175
5.88255
5.886175
5.900425
5.935175
5.949925
5.961
6.001
6.014025
6.021525
6.028075
6.04265
6.04455
6.0718
6.077275
6.0979
6.109475
6.111475
6.11785
6.122575
6.12305
6.1288
6.1298
6.133975
6.13935
6.14135
6.1452
6.146575
6.156275
6.162025
6.16925
6.17095
6.185425
6.18745
6.192925
6.195925
6.196275
6.20575
6.211825
6.24385
6.286225
6.34015
6.3891
6.416625
6.427225
6.429975
6.431175
6.4388
6.451325
6.459825
6.4709
6.473725
6.482525
6.497625
6.529025
6.529675
6.5327
6.53655
6.537925
6.5608
6.595725
6.598975
6.62725
6.64865
6.6575
6.686475
6.69255
6.705025
6.7105
6.710925
6.731375
6.741
6.7472
6.7515
6.762725
6.7688
6.77245
6.7742
6.7811
6.78325
6.7984
6.801525
6.801825
6.8078
6.81775
6.817875
6.830125
6.83035
6.832075
6.8332
6.844475
6.870475
6.889675
6.90105
6.90195
6.914175
6.957525
6.958775
6.982625
7.00635
7.0136
7.015525
7.022875
7.02475
7.033525
7.081175
7.081275
7.09065
7.092225
7.0961
7.0987
7.103425
7.10705
7.129675
7.133125
7.1479
7.1531
7.180425
7.249675
7.2903
7.296125
7.29975
7.31105
7.311775
7.314225
7.331175
7.33605
7.337325
7.339825
7.341075
7.35725
7.361175
7.37055
7.3717
7.3828
7.38955
7.4167
7.4396
7.4495
7.480875
7.481925
7.48875
7.504075
7.509825
7.532
7.5505
7.559325
7.56375
7.60585
7.608175
7.613825
7.625525
7.63245
7.6553
7.658375
7.66295
7.712025
7.721875
7.727775
7.734875
7.738825
7.757125
7.769625
7.7791
7.782625
7.79615
7.797875
7.8012
7.802275
7.833975
7.8551
7.875
7.902425
7.90415
7.9076
7.911
7.924225
7.9319
7.956725
7.9623
7.966975
7.976625
7.977625
7.9792
7.982975
8.0174
8.0326
8.0364
8.05105
8.07515
8.078375
8.0929
8.098675
8.12655
8.13215
8.13705
8.142825
8.1946
8.198725
8.2001
8.20135
8.201425
8.207625
8.209375
8.21825
8.2186
8.21985
8.23285
8.25125
8.252525
8.255825
8.25775
8.2698
8.270475
8.27105
8.27865
8.2901
8.295925
8.305
8.31015
8.319775
8.328075
8.33165
8.3947
8.41215
8.45395
8.506325
8.5071
8.5108
8.519075
8.54335
8.54505
8.551325
8.556875
8.55745
8.568575
8.5766
8.62415
8.631325
8.6393
8.64725
8.6537
8.65955
8.662175
8.685875
8.68795
8.6909
8.69235
8.699275
8.702125
8.74875
8.8128
8.819325
8.834275
8.8396
8.83995
8.844825
8.84505
8.845825
8.860625
8.8617
8.8757
8.92645
8.94145
8.94815
8.95005
8.9564
9.0054
9.023525
9.069625
9.083975
801
