0.103225
0.1041
0.12095
0.13255
0.143475
0.148075
0.149475
0.1557
0.164625
0.16645
0.1706
0.17145
0.176325
0.191525
0.209225
0.2142
0.2325
0.24405
0.2531
0.30705
0.35385
0.374025
0.3799
0.397275
0.401725
0.407675
0.410375
0.4208
0.4279
0.428925
0.43205
0.43795
0.4547
0.467875
0.4831
0.493475
0.495875
0.5031
0.51485
0.562225
0.59375
0.603625
0.615325
0.65975
0.67145
0.6779
0.7076
0.72125
0.7258
0.7489
0.75325
0.776475
0.790025
0.793025
0.797675
0.80015
0.8083
0.81175
0.818075
0.81915
0.834375
0.83655
0.845225
0.84525
0.8517
0.874025
0.9246
0.9337
0.935825
0.95715
0.965125
0.98355
1.005375
1.0065
1.022575
1.02305
1.02645
1.033175
1.0392
1.0438
1.062975
1.06425
1.08135
1.094975
1.098925
1.107025
1.12025
1.134675
1.13585
1.146075
1.1495
1.1589
1.181625
1.1862
1.197225
1.235725
1.240875
1.24905
1.2516
1.27245
1.2885
1.31635
1.3185
1.329275
1.329525
1.334875
1.35515
1.36755
1.3706
1.37225
1.3745
1.37895
1.39205
1.4055
1.413
1.43005
1.43545
1.4434
1.450825
1.451625
1.462875
1.4789
1.48635
1.502175
1.54985
1.5588
1.574775
1.592475
1.60215
1.60295
1.609725
1.629125
1.63565
1.636275
1.636425
1.6429
1.64725
1.6733
1.690875
1.6943
1.70505
1.712075
1.71585
1.72125
1.73695
1.76635
1.767075
1.7874
1.801075
1.803025
1.817725
1.8288
1.83305
1.833525
1.9003
1.907375
1.91335
1.919275
1.9251
1.92575
1.947525
1.950225
1.95445
1.96145
1.962075
1.964025
1.965375
1.972425
2.000675
2.002525
2.003275
2.0047
2.005475
2.01735
2.03205
2.060275
2.08855
2.105025
2.10725
2.126225
2.176275
2.181325
2.189025
2.201075
2.202175
2.204775
2.2055
2.20945
2.213925
2.214575
2.21625
2.21805
2.225475
2.25585
2.271875
2.3103
2.338625
2.340375
2.346075
2.351575
2.35305
2.35495
2.367125
2.3783
2.39715
2.42085
2.437725
2.45665
2.50375
2.50515
2.507425
2.518925
2.540375
2.545525
2.5486
2.5658
2.567325
2.5909
2.5919
2.620825
2.62385
2.628075
2.629575
2.64525
2.66825
2.689425
2.693325
2.71515
2.719225
2.7558
2.758925
2.781475
2.810725
2.813275
2.8268
2.8296
2.833125
2.8371
2.842725
2.858925
2.86935
2.8717
2.87315
2.873425
2.880325
2.891075
2.922475
2.951575
2.951625
3.01985
3.02725
3.029525
3.0721
3.10665
3.1413
3.1589
3.16875
3.18175
3.182125
3.184075
3.1997
3.225775
3.2332
3.2514
3.261175
3.27405
3.2783
3.28975
3.291175
3.30575
3.329675
3.351975
3.364775
3.3761
3.41
3.41305
3.419625
3.422475
3.431725
3.43195
3.432525
3.4336
3.442375
3.446775
3.46475
3.46905
3.472275
3.47635
3.5302
3.531175
3.546475
3.553975
3.558
3.598975
3.610475
3.6499
3.650075
3.69705
3.7011
3.702
3.7029
3.7123
3.717925
3.7362
3.73845
3.7506
3.761425
3.78675
3.7978
3.8006
3.810125
3.82085
3.834325
3.8589
3.867075
3.8881
3.89405
3.8971
3.944625
4.000325
4.001375
4.017675
4.018275
4.0301
4.0342
4.0365
4.0397
4.054475
4.06405
4.072975
4.091125
4.094075
4.095775
4.099875
4.10545
4.111125
4.117175
4.12785
4.141775
4.1437
4.1471
4.151075
4.161675
4.1702
4.185
4.20085
4.2115
4.247925
4.260925
4.2878
4.30295
4.30305
4.306225
4.314725
4.3179
4.3234
4.329025
4.33275
4.337925
4.3525
4.359
4.36075
4.36565
4.3865
4.391475
4.393375
4.399275
4.400925
4.416725
4.43575
4.483975
4.496975
4.50325
4.522
4.575925
4.609575
4.61285
4.617025
4.63545
4.642775
4.6433
4.64765
4.6593
4.686625
4.698875
4.714575
4.721575
4.724
4.730975
4.73665
4.738275
4.754125
4.761025
4.76565
4.770175
4.781425
4.883675
4.889925
4.900675
4.9057
4.9063
4.907675
4.912
4.9157
4.9262
4.9368
4.9517
4.978275
4.98565
4.9967
4.99745
4.999525
5.0016
5.01095
5.0115
5.025
5.029025
5.037225
5.04215
5.046625
5.058125
5.06325
5.077375
5.0861
5.0873
5.107
5.1126
5.115225
5.1348
5.144475
5.1516
5.157575
5.2079
5.208725
5.209175
5.2113
5.212025
5.21345
5.2161
5.21925
5.2202
5.220625
5.223125
5.224975
5.225425
5.23285
5.236125
5.241525
5.24315
5.2461
5.2501
5.254025
5.2625
5.264575
5.290425
5.307225
5.33965
5.36825
5.378525
5.3822
5.3951
5.3954
5.42495
5.43665
5.50275
5.506425
5.516
5.5234
5.52445
5.525275
5.53055
5.5328
5.533675
5.537175
5.537775
5.5403
5.549075
5.552275
5.568475
5.5687
5.585125
5.590175
5.5906
5.5911
5.594175
5.609525
5.615725
5.646375
5.6633
5.750025
5.75455
5.762375
5.7992
5.800125
5.80045
5.806775
5.808275
5.808475
5.815
5.819625
5.8201
5.839775
5.854075
5.8626
5.86985
5.879725
5.8867
5.93185
5.93895
6.004375
6.01285
6.034
6.050025
6.085375
6.12065
6.125975
6.126725
6.131025
6.131525
6.14745
6.15495
6.16755
6.18295
6.184925
6.199275
6.203525
6.210125
6.2253
6.239675
6.2426
6.2465
6.254075
6.261025
6.280675
6.3556
6.3935
6.401025
6.40135
6.40335
6.411275
6.41205
6.41825
6.41915
6.4257
6.428825
6.4301
6.433125
6.435275
6.438425
6.440625
6.4441
6.448125
6.452825
6.459675
6.473275
6.479775
6.48265
6.492
6.4939
6.4974
6.500575
6.5488
6.549975
6.568075
6.57165
6.574725
6.597625
6.60995
6.61825
6.62015
6.642175
6.661475
6.667875
6.6949
6.700925
6.7045
6.7058
6.705875
6.712225
6.7173
6.72535
6.730875
6.7523
6.756025
6.775125
6.775975
6.784075
6.786725
6.811225
6.819325
6.81995
6.8366
6.858125
6.86615
6.8711
6.89225
6.89725
6.91785
6.92605
6.97905
7.00045
7.004025
7.02265
7.023925
7.03915
7.051175
7.054825
7.056625
7.06595
7.079125
7.07945
7.142875
7.14405
7.168
7.169375
7.195525
7.203925
7.226325
7.24005
7.298825
7.299975
7.302225
7.3103
7.3123
7.31355
7.356475
7.35745
7.378
7.385525
7.385725
7.400025
7.4226
7.43805
7.462725
7.486475
7.516275
7.549375
7.5687
7.584825
7.59065
7.5917
7.6023
7.61205
7.6137
7.6143
7.61685
7.616925
7.62115
7.62475
7.6272
7.641025
7.65125
7.665275
7.6715
7.674625
7.696175
7.703375
7.725125
7.730125
7.739675
7.762075
7.7707
7.77335
7.812275
7.8383
7.858025
7.8721
7.9005
7.909575
7.912325
7.915325
7.9154
7.92065
7.92105
7.93315
7.935975
7.9362
7.939125
7.955575
7.9583
7.95895
7.964725
7.968775
7.973275
7.97415
7.983425
7.986025
7.98895
8.01365
8.0226
8.0253
8.036975
8.123675
8.13395
8.1387
8.17075
8.206325
8.20825
8.21715
8.246825
8.258725
8.261925
8.267825
8.281475
8.282
8.3023
8.3115
8.3192
8.321075
8.321525
8.35945
8.3698
8.372125
8.391275
8.413275
8.4241
8.42865
8.49075
8.50335
8.503725
8.50505
8.512925
8.535075
8.5373
8.54285
8.543575
8.545775
8.548025
8.550025
8.557
8.576375
8.5988
8.599375
8.6042
8.612
8.63155
8.636525
8.667325
8.67675
8.68235
8.682925
8.71325
8.718325
8.735075
8.73645
8.755
8.7572
8.774
8.800875
8.802875
8.81705
8.81765
8.8196
8.828425
8.831475
8.8322
8.835075
8.852175
8.85325
8.856475
8.86185
8.8696
8.8789
8.89425
8.897425
8.910075
8.915925
8.92355
8.926625
8.9325
8.9464
8.94915
8.94955
8.960125
8.969675
8.9868
8.989825
8.995475
9.000925
9.0143
9.0188
9.067725
9.067975
783
