0.124625
0.128
0.13095
0.1334
0.138125
0.151225
0.152
0.167125
0.17025
0.1823
0.18305
0.18315
0.2045
0.2052
0.21225
0.22125
0.232375
0.24975
0.272975
0.273775
0.294975
0.299675
0.311925
0.312125
0.3485
0.35285
0.353375
0.36925
0.404625
0.42435
0.42495
0.4399
0.444325
0.454325
0.457675
0.4591
0.469075
0.47475
0.483975
0.48925
0.490425
0.497575
0.498075
0.51325
0.51725
0.52595
0.5426
0.5453
0.54855
0.548875
0.55195
0.5523
0.570025
0.598675
0.612425
0.6216
0.658025
0.668425
0.711425
0.715525
0.71565
0.721125
0.72695
0.72945
0.7408
0.764775
0.7741
0.775375
0.782275
0.785675
0.81215
0.812525
0.81545
0.81935
0.916775
0.931275
0.9313
0.959775
0.9802
0.988625
1.000875
1.016675
1.02675
1.027175
1.02785
1.034175
1.038575
1.0456
1.05385
1.0551
1.056775
1.057375
1.058275
1.069525
1.071475
1.076
1.076475
1.081475
1.082875
1.0841
1.09225
1.10015
1.101
1.11035
1.119475
1.122
1.135475
1.148925
1.153175
1.160075
1.16295
1.17465
1.18015
1.183725
1.256525
1.3054
1.306125
1.307775
1.33385
1.334175
1.334275
1.34385
1.34395
1.35255
1.3562
1.359
1.372675
1.387475
1.394
1.395725
1.413675
1.4501
1.455175
1.4685
1.473025
1.476925
1.487025
1.498625
1.50325
1.50905
1.517725
1.51875
1.5288
1.535625
1.54215
1.56555
1.5691
1.603975
1.60435
1.605275
1.6099
1.61265
1.61795
1.61935
1.63005
1.639175
1.646075
1.64915
1.64955
1.651975
1.65785
1.66215
1.6624
1.6706
1.67185
1.6851
1.68705
1.705575
1.7199
1.7321
1.733925
1.73705
1.780075
1.787275
1.8065
1.8132
1.861
1.86945
1.87935
1.88035
1.90095
1.9118
1.928525
1.929825
1.9347
1.94475
1.954
1.97685
1.99605
2.0073
2.01565
2.02815
2.029675
2.0591
2.05915
2.0623
2.0643
2.16065
2.172475
2.1738
2.186375
2.1906
2.199225
2.20015
2.20035
2.212675
2.21525
2.218925
2.223525
2.22415
2.249975
2.3009
2.301525
2.316925
2.3209
2.321625
2.3289
2.3315
2.338375
2.34685
2.3618
2.367
2.378725
2.39315
2.3998
2.408975
2.4241
2.442175
2.47965
2.491325
2.4943
2.494925
2.507
2.513425
2.514675
2.51745
2.519075
2.5226
2.53165
2.534875
2.53715
2.54305
2.5432
2.5475
2.55015
2.5517
2.57115
2.5743
2.58225
2.59285
2.606575
2.6128
2.614975
2.6241
2.625925
2.66875
2.676625
2.6784
2.718725
2.726925
2.7985
2.7994
2.799975
2.80155
2.807025
2.808475
2.810275
2.81275
2.81295
2.813
2.818375
2.820425
2.82945
2.830675
2.83565
2.84155
2.846275
2.85405
2.85875
2.85975
2.89405
2.8981
2.90005
2.9283
2.934825
2.938575
2.939675
2.959725
2.99715
2.99895
3.03935
3.05965
3.06535
3.0784
3.101375
3.111825
3.113825
3.1226
3.1289
3.1388
3.142975
3.151425
3.15415
3.164075
3.169875
3.170075
3.177275
3.23315
3.239375
3.240575
3.2428
3.24865
3.2505
3.2759
3.295325
3.306175
3.31565
3.32545
3.37685
3.40055
3.402675
3.40885
3.419975
3.423225
3.42805
3.431125
3.44145
3.4419
3.461825
3.464175
3.46655
3.47115
3.482425
3.510625
3.514825
3.515725
3.526975
3.54865
3.570375
3.57975
3.5803
3.601325
3.607625
3.616
3.642325
3.64685
3.653225
3.6573
3.6589
3.65915
3.661575
3.702475
3.7137
3.715925
3.728425
3.7304
3.731675
3.739075
3.744125
3.753775
3.755375
3.756225
3.789425
3.80755
3.83465
3.8439
3.845475
3.869725
3.875675
3.880225
3.893175
3.904525
3.936425
3.939275
3.979975
3.981225
3.981875
4.0045
4.00755
4.01245
4.023475
4.0246
4.030725
4.0309
4.036775
4.037975
4.0514
4.05535
4.05745
4.06385
4.06595
4.08895
4.090025
4.0933
4.105625
4.129425
4.140225
4.20915
4.300175
4.3043
4.30715
4.313725
4.317
4.3217
4.328925
4.32935
4.330225
4.33655
4.343425
4.34425
4.34465
4.3525
4.35935
4.36435
4.368025
4.3683
4.3863
4.389075
4.396725
4.461725
4.466625
4.480575
4.54815
4.571825
4.6132
4.614125
4.6197
4.620325
4.63145
4.647
4.651925
4.6642
4.670325
4.674
4.680575
4.696775
4.70305
4.718775
4.737825
4.738875
4.75445
4.76715
4.876525
4.8985
4.923375
4.929925
4.933775
4.9357
4.9399
4.9464
4.950925
4.96105
4.96565
4.969
4.973
4.980325
4.992675
4.99585
5.0138
5.01795
5.044475
5.09115
5.09325
5.10415
5.126525
5.13925
5.148325
5.20135
5.208125
5.211925
5.21765
5.25235
5.275625
5.291225
5.295125
5.35445
5.3666
5.3846
5.39805
5.438125
5.43895
5.44585
5.4722
5.503025
5.5031
5.513625
5.522725
5.526975
5.528
5.55945
5.5607
5.565575
5.57825
5.578925
5.583575
5.586275
5.5898
5.5915
5.5928
5.599875
5.601025
5.60125
5.6122
5.613925
5.640925
5.642225
5.651525
5.664175
5.666125
5.6711
5.672725
5.678
5.70255
5.702575
5.7103
5.71875
5.7226
5.7236
5.801675
5.822125
5.82705
5.8277
5.839025
5.846075
5.859075
5.86795
5.899225
5.9081
5.909175
5.92455
5.9272
5.933825
5.9666
5.990275
6.027325
6.05885
6.062925
6.069575
6.09745
6.101125
6.10335
6.108075
6.112075
6.117025
6.127975
6.13005
6.13935
6.147425
6.156
6.15725
6.17815
6.19645
6.199275
6.203875
6.207025
6.20965
6.237
6.2485
6.267075
6.296275
6.30015
6.30225
6.31705
6.324375
6.331175
6.36845
6.383475
6.398225
6.405175
6.41035
6.4117
6.419375
6.419675
6.422075
6.43375
6.437825
6.446275
6.4621
6.4665
6.47665
6.49335
6.493375
6.501425
6.5235
6.532175
6.5327
6.533075
6.539425
6.578125
6.592825
6.6016
6.611125
6.614725
6.614825
6.61575
6.63025
6.6303
6.6328
6.661925
6.701575
6.7022
6.714975
6.717425
6.71805
6.718475
6.721025
6.727975
6.739325
6.7406
6.742175
6.743325
6.744875
6.7494
6.752525
6.76275
6.766025
6.7663
6.7702
6.77225
6.773325
6.773625
6.78645
6.79845
6.80195
6.82465
6.847975
6.86775
6.8847
6.91595
6.9368
6.948225
6.9551
6.957175
6.959525
6.974775
6.9978
6.998625
7.0011
7.004125
7.005
7.0156
7.0267
7.030825
7.038425
7.046275
7.0519
7.079725
7.08405
7.089225
7.093775
7.099475
7.109575
7.116875
7.125025
7.14055
7.202625
7.206225
7.226375
7.256475
7.3071
7.307825
7.30825
7.309225
7.309325
7.310225
7.331075
7.33455
7.335625
7.367625
7.374225
7.39155
7.393325
7.3991
7.4378
7.447175
7.447675
7.4609
7.467025
7.480775
7.5081
7.513875
7.5259
7.529925
7.5564
7.5668
7.574525
7.6067
7.60985
7.61205
7.6158
7.624075
7.6277
7.6347
7.637675
7.647825
7.6642
7.672525
7.675325
7.691275
7.70485
7.706325
7.710425
7.713675
7.71535
7.71865
7.72205
7.74595
7.761925
7.783475
7.78415
7.78925
7.793375
7.798225
7.875375
7.904
7.904525
7.9102
7.910825
7.9183
7.934625
7.935175
7.937625
7.93845
7.946625
7.9485
7.9518
7.955875
7.966675
7.9734
7.97585
7.9862
7.987525
7.994
8.001725
8.041675
8.042075
8.047025
8.085825
8.127875
8.128575
8.131075
8.20085
8.201875
8.20385
8.20685
8.207725
8.207925
8.21215
8.215025
8.216275
8.217425
8.21895
8.22505
8.226125
8.2398
8.245675
8.250625
8.251
8.295
8.297875
8.30805
8.308675
8.3266
8.3381
8.35255
8.3568
8.3684
8.418175
8.420725
8.4745
8.5069
8.512525
8.51435
8.518025
8.51835
8.5187
8.522425
8.536125
8.538725
8.559125
8.581925
8.586925
8.587025
8.589725
8.592275
8.597275
8.608075
8.661375
8.675825
8.724725
8.753025
8.75585
8.7665
8.78525
8.8083
8.810525
8.822375
8.823275
8.828975
8.83735
8.838175
8.856725
8.863425
8.899175
8.89975
8.910625
8.91435
8.92425
8.93095
8.9384
8.9446
8.952875
8.9841
9.0452
9.048075
9.073425
9.0998
817
