0.0901
0.103575
0.113225
0.115725
0.1244
0.128875
0.1441
0.148125
0.1489
0.15505
0.167375
0.1811
0.20015
0.201975
0.202025
0.23565
0.2447
0.246925
0.282875
0.288225
0.3054
0.3248
0.381475
0.3959
0.402375
0.40395
0.407
0.40725
0.4077
0.407775
0.411775
0.4336
0.43415
0.456725
0.462375
0.465325
0.47125
0.476625
0.48315
0.487925
0.50535
0.5174
0.525225
0.526625
0.528875
0.5343
0.547725
0.61765
0.620275
0.62035
0.701225
0.701725
0.705525
0.7069
0.70755
0.710925
0.717
0.71765
0.73875
0.75915
0.7813
0.782275
0.7975
0.816425
0.819375
0.825425
0.830375
0.8409
0.84285
0.84355
0.85255
0.8686
0.89235
0.992225
1.0014
1.001975
1.002275
1.0035
1.008275
1.018375
1.01985
1.02485
1.030375
1.03605
1.046975
1.0519
1.05275
1.057225
1.0625
1.065675
1.076
1.0852
1.086075
1.089475
1.093425
1.096775
1.100275
1.103475
1.114425
1.14795
1.1986
1.201475
1.2127
1.213525
1.21895
1.237575
1.239775
1.249175
1.30605
1.3087
1.31455
1.320475
1.34955
1.35615
1.3579
1.365025
1.37265
1.3826
1.3924
1.39305
1.3961
1.403325
1.4051
1.407025
1.416325
1.430225
1.435775
1.4501
1.460625
1.468625
1.479075
1.483775
1.498075
1.500925
1.5071
1.50715
1.508075
1.5275
1.536125
1.618325
1.622275
1.632
1.642175
1.644525
1.655475
1.666775
1.66855
1.668675
1.718375
1.735475
1.7361
1.7437
1.75255
1.7696
1.773875
1.77555
1.801175
1.806925
1.809975
1.87305
1.899925
1.9008
1.912075
1.914075
1.94735
1.96475
1.965825
1.973475
1.976525
2.001
2.019575
2.0196
2.023975
2.034775
2.039275
2.057825
2.069525
2.08675
2.08895
2.158525
2.169325
2.17325
2.200625
2.219825
2.22055
2.222225
2.226875
2.2307
2.241875
2.242725
2.246975
2.25925
2.273275
2.2738
2.278875
2.286225
2.29785
2.372075
2.374675
2.408175
2.443625
2.462525
2.49055
2.50695
2.50775
2.514875
2.53255
2.5484
2.554825
2.560375
2.567825
2.570775
2.57605
2.580125
2.589375
2.60225
2.620525
2.63185
2.636375
2.648275
2.7201
2.7338
2.73895
2.7576
2.759775
2.760675
2.782225
2.784675
2.8088
2.812075
2.813575
2.81405
2.821275
2.822575
2.8412
2.8613
2.8837
2.900925
2.91755
2.92505
2.93105
2.9358
2.945075
2.9711
3.0017
3.039
3.07915
3.101025
3.1115
3.1124
3.11285
3.133575
3.139175
3.164925
3.165725
3.1706
3.1908
3.1965
3.210725
3.221075
3.2482
3.25
3.268575
3.274725
3.275875
3.285025
3.292425
3.296625
3.34025
3.344
3.347675
3.363025
3.36315
3.3764
3.37875
3.402875
3.404075
3.404475
3.41085
3.41595
3.41635
3.422375
3.423425
3.429175
3.432625
3.4432
3.455975
3.46075
3.4669
3.4704
3.48875
3.5427
3.554775
3.56865
3.597975
3.6154
3.63255
3.64485
3.7083
3.71135
3.738875
3.739
3.742575
3.753375
3.7577
3.7636
3.779975
3.786325
3.79075
3.821675
3.82345
3.824125
3.84325
3.858975
3.862625
3.863325
3.92655
3.93475
4.0009
4.003325
4.004275
4.008875
4.01225
4.024575
4.025775
4.027325
4.0403
4.050975
4.0655
4.06565
4.080025
4.081325
4.083925
4.0939
4.10665
4.114825
4.1241
4.126575
4.1361
4.142375
4.1898
4.253925
4.25935
4.313025
4.323475
4.327925
4.330525
4.334525
4.3377
4.34875
4.3508
4.35445
4.370425
4.3759
4.386625
4.387275
4.413625
4.426275
4.4764
4.48755
4.49305
4.494275
4.49465
4.51845
4.5342
4.545875
4.553425
4.603675
4.6114
4.61715
4.61735
4.62395
4.62535
4.627075
4.630825
4.632075
4.636925
4.638025
4.647025
4.64935
4.652625
4.655175
4.657475
4.66795
4.6704
4.673275
4.673325
4.6872
4.695925
4.71605
4.716925
4.718175
4.7204
4.727475
4.73145
4.73875
4.7802
4.7853
4.79035
4.814575
4.826625
4.84195
4.8432
4.8609
4.86965
4.874025
4.875
4.8787
4.879925
4.883275
4.885675
4.9075
4.9205
4.9325
4.941775
4.944575
4.9541
4.956075
4.96245
4.979875
4.982925
4.994875
5.00775
5.009175
5.020525
5.025425
5.050725
5.06085
5.0695
5.078625
5.10205
5.103625
5.1039
5.141475
5.16285
5.204125
5.207075
5.2085
5.212975
5.224525
5.224975
5.2267
5.22775
5.2321
5.233525
5.2443
5.2558
5.26165
5.26635
5.2761
5.2789
5.292125
5.2925
5.299025
5.300775
5.315825
5.347075
5.356025
5.36345
5.374875
5.4226
5.44965
5.472275
5.51075
5.5151
5.5223
5.526025
5.526525
5.55135
5.572275
5.573275
5.5791
5.58475
5.613675
5.6256
5.636725
5.6712
5.67695
5.690625
5.7394
5.746575
5.7648
5.7653
5.770625
5.781075
5.790925
5.806325
5.80745
5.808775
5.8239
5.82575
5.837125
5.8546
5.855325
5.85795
5.866225
5.8709
5.8803
5.90905
5.9195
5.9273
5.941275
5.957475
5.96535
5.96545
5.974825
6.00415
6.01285
6.03325
6.041075
6.0789
6.1021
6.11245
6.12515
6.145625
6.148025
6.1591
6.16075
6.210975
6.2262
6.250125
6.25525
6.259525
6.274475
6.275775
6.2976
6.3061
6.3079
6.31015
6.33405
6.354175
6.40065
6.40795
6.412675
6.419425
6.429575
6.43305
6.433975
6.436025
6.44605
6.462525
6.468425
6.494525
6.4959
6.504925
6.5167
6.51875
6.524225
6.52655
6.52685
6.56675
6.6183
6.65225
6.6671
6.679275
6.704775
6.7104
6.717925
6.720825
6.729825
6.730375
6.736725
6.7443
6.749475
6.7501
6.75205
6.75985
6.771625
6.78175
6.7914
6.7993
6.8109
6.82655
6.871975
6.909375
6.9792
7.002825
7.007925
7.02695
7.032725
7.033525
7.0421
7.04335
7.05595
7.061175
7.067125
7.092075
7.09595
7.1273
7.14525
7.150125
7.1676
7.169525
7.175375
7.179675
7.18305
7.187575
7.203375
7.206525
7.220125
7.229325
7.2665
7.2718
7.2939
7.299725
7.304825
7.30805
7.320575
7.335575
7.338575
7.34035
7.3477
7.356275
7.37795
7.3811
7.383775
7.407025
7.430425
7.43235
7.4542
7.46165
7.46195
7.466725
7.46825
7.46915
7.4784
7.4989
7.607775
7.6096
7.61125
7.631825
7.6373
7.676925
7.68355
7.68415
7.690175
7.718525
7.7441
7.76625
7.814575
7.832275
7.87695
7.8998
7.90595
7.92965
7.94835
7.948975
7.9499
7.951275
7.957425
7.9671
7.971725
7.97185
7.9729
7.9765
7.988325
8.0123
8.014025
8.0159
8.01915
8.030025
8.06025
8.0671
8.068725
8.075725
8.086875
8.1258
8.175475
8.20995
8.217325
8.220325
8.2252
8.235675
8.25365
8.26035
8.262425
8.266025
8.269475
8.275175
8.2877
8.290525
8.311275
8.31195
8.333725
8.343
8.3441
8.34555
8.3661
8.3727
8.417
8.42045
8.429175
8.42925
8.447275
8.455975
8.4842
8.499725
8.50075
8.5011
8.5092
8.5163
8.532025
8.537025
8.541875
8.546975
8.554075
8.559075
8.57075
8.574775
8.588875
8.5929
8.60315
8.609425
8.658425
8.692725
8.711375
8.720025
8.747775
8.754825
8.800475
8.80405
8.83335
8.838475
8.83935
8.839975
8.84415
8.844775
8.8638
8.8666
8.86765
8.867675
8.870175
8.870925
8.880825
8.90005
8.912425
8.926225
8.962325
8.975125
8.98235
8.99135
9.001425
9.033225
9.0598
9.0733
745
