0.108275
0.10895
0.1135
0.114525
0.116
0.118125
0.1262
0.13595
0.140975
0.169975
0.1845
0.208625
0.219325
0.254675
0.25495
0.2571
0.2961
0.29795
0.3194
0.351625
0.3827
0.3966
0.402375
0.4034
0.4064
0.41185
0.416725
0.419
0.421675
0.42285
0.423725
0.4322
0.4332
0.433825
0.460625
0.4948
0.50005
0.511475
0.51205
0.528275
0.53215
0.5515
0.554925
0.575225
0.579025
0.5839
0.590275
0.5959
0.6077
0.6136
0.622675
0.6491
0.673825
0.701825
0.702775
0.706675
0.709675
0.71235
0.71375
0.71405
0.726225
0.73555
0.74115
0.745775
0.7582
0.771775
0.778125
0.785975
0.789125
0.794325
0.830125
0.856775
0.867975
0.889275
0.895125
0.8984
0.9054
0.912525
0.935225
0.9765
0.987725
0.997325
1.00845
1.01315
1.022975
1.0295
1.032
1.051875
1.059225
1.064025
1.07295
1.092325
1.109725
1.12615
1.13925
1.143875
1.1473
1.158275
1.198475
1.239675
1.26145
1.272125
1.315075
1.319025
1.33425
1.3507
1.354575
1.364425
1.366725
1.370525
1.395625
1.417625
1.430325
1.43285
1.434
1.457
1.457175
1.457625
1.459625
1.4608
1.498175
1.499475
1.527625
1.55075
1.57425
1.5942
1.61495
1.618
1.6209
1.638275
1.6449
1.647575
1.650875
1.665
1.67575
1.687375
1.697825
1.738425
1.743175
1.81735
1.81975
1.844525
1.8523
1.8808
1.906075
1.913325
1.915725
1.917225
1.91895
1.927875
1.935225
1.9372
1.9399
1.943
1.955025
1.956
1.95755
1.9634
1.96415
1.964825
1.965325
1.967775
1.981625
1.9859
1.99625
2.00825
2.02155
2.0222
2.045575
2.063925
2.07145
2.084125
2.0959
2.113875
2.118075
2.1292
2.1578
2.158475
2.18535
2.1887
2.1985
2.21105
2.211075
2.2427
2.268875
2.27055
2.272225
2.29815
2.31315
2.3206
2.3217
2.3449
2.3461
2.350875
2.35715
2.392225
2.3984
2.398975
2.438725
2.46665
2.502375
2.505325
2.506025
2.518975
2.52075
2.5224
2.530225
2.545675
2.55265
2.5588
2.5618
2.5623
2.564075
2.565875
2.5699
2.571025
2.573625
2.588
2.603925
2.607175
2.6074
2.614475
2.620175
2.621975
2.643425
2.647025
2.7
2.7005
2.7298
2.73535
2.737975
2.759125
2.8063
2.806825
2.8096
2.8113
2.81285
2.820775
2.82935
2.830525
2.83205
2.838125
2.8405
2.84275
2.85285
2.865225
2.8704
2.88525
2.89095
2.893675
2.9036
2.917425
2.921575
2.9256
2.92625
2.942925
2.95735
2.9697
2.9986
3.00025
3.0128
3.085675
3.10025
3.103075
3.1096
3.1108
3.113025
3.114375
3.117475
3.120575
3.126925
3.12855
3.13075
3.130925
3.14705
3.1489
3.14955
3.152575
3.1561
3.185925
3.227825
3.237175
3.241375
3.248325
3.264
3.294875
3.302
3.30205
3.304525
3.322325
3.37125
3.386825
3.400775
3.410125
3.412525
3.415575
3.419625
3.421225
3.448225
3.457975
3.46885
3.493925
3.50305
3.5436
3.546925
3.547425
3.55475
3.56575
3.59625
3.62055
3.639075
3.64495
3.64975
3.696575
3.7043
3.71295
3.7135
3.718675
3.722425
3.72595
3.72665
3.729325
3.7325
3.7359
3.7436
3.745975
3.7482
3.749125
3.761825
3.8004
3.80475
3.8178
3.8251
3.836925
3.8478
3.860225
3.8739
3.895025
3.898825
3.9029
3.910625
3.915675
3.9196
3.921525
3.939075
3.9514
3.958875
3.992325
4.0188
4.026575
4.027775
4.03605
4.037175
4.050275
4.050625
4.054725
4.0549
4.063425
4.079075
4.08375
4.083825
4.08445
4.10465
4.109625
4.18085
4.20905
4.214925
4.272
4.30305
4.311325
4.31225
4.31275
4.3173
4.31975
4.3252
4.32635
4.338675
4.341725
4.354725
4.35845
4.36015
4.360975
4.363475
4.373925
4.397175
4.409575
4.411625
4.414625
4.44565
4.4616
4.472475
4.5063
4.58625
4.600875
4.604375
4.60485
4.62195
4.625625
4.629175
4.63445
4.68
4.6808
4.69125
4.69415
4.6948
4.70155
4.715325
4.7185
4.722725
4.72475
4.757275
4.762925
4.76725
4.793525
4.84545
4.856975
4.85975
4.90195
4.91195
4.914525
4.91945
4.921125
4.924625
4.927425
4.93145
4.932825
4.9395
4.9542
4.9567
4.963775
4.9879
4.990475
4.99325
4.995625
4.9979
5.002625
5.014925
5.020125
5.026225
5.0279
5.058375
5.0588
5.068475
5.0708
5.100825
5.108
5.1092
5.1105
5.117925
5.1223
5.13585
5.136625
5.196425
5.202925
5.2171
5.22475
5.22855
5.238975
5.244625
5.246725
5.24765
5.2478
5.253775
5.266075
5.267525
5.2759
5.276275
5.302025
5.3047
5.306425
5.3078
5.308025
5.3283
5.331975
5.3496
5.367975
5.37805
5.3803
5.40325
5.425075
5.4278
5.442475
5.451775
5.452175
5.48045
5.485525
5.502375
5.520425
5.522825
5.52385
5.525725
5.531775
5.5419
5.547675
5.5524
5.553725
5.554625
5.556225
5.55845
5.560075
5.625475
5.66845
5.67315
5.711475
5.718
5.732
5.8039
5.806325
5.807825
5.812375
5.8131
5.816975
5.823825
5.823975
5.82825
5.833575
5.841225
5.859425
5.862975
5.86395
5.86555
5.88755
5.887875
5.88955
5.89475
5.91225
5.913575
5.920475
5.94355
5.946775
5.95795
6.0255
6.039625
6.042125
6.050775
6.1087
6.110475
6.1138
6.1236
6.137075
6.155875
6.175725
6.18615
6.2066
6.216575
6.218475
6.228675
6.23965
6.2505
6.251375
6.25175
6.256325
6.262375
6.274725
6.276225
6.288725
6.2889
6.314125
6.343125
6.348325
6.35305
6.354175
6.358675
6.385975
6.399975
6.4181
6.418825
6.42175
6.439725
6.442975
6.467225
6.47235
6.474725
6.49705
6.508075
6.521675
6.529975
6.533275
6.556075
6.560375
6.573075
6.573425
6.57805
6.595675
6.599025
6.601575
6.61595
6.662925
6.672075
6.675825
6.696475
6.701675
6.7034
6.7098
6.714725
6.7203
6.721775
6.722925
6.72795
6.75345
6.75895
6.762475
6.7649
6.76655
6.779025
6.812375
6.814875
6.8177
6.82845
6.832875
6.854125
6.858025
6.889475
6.919475
6.934275
6.9525
6.9776
7.005625
7.025825
7.02765
7.040575
7.04475
7.052575
7.058875
7.0599
7.06785
7.0698
7.1051
7.105975
7.1109
7.135
7.1513
7.152125
7.2169
7.240575
7.273625
7.290975
7.296175
7.30355
7.306425
7.311025
7.3113
7.316025
7.321
7.3273
7.33625
7.337625
7.35
7.350525
7.3533
7.353525
7.353925
7.3571
7.360175
7.36685
7.375
7.379125
7.39875
7.403375
7.406775
7.4665
7.48095
7.485975
7.50755
7.52815
7.5295
7.552
7.597175
7.611075
7.616
7.616775
7.617175
7.631275
7.637775
7.638875
7.6432
7.64525
7.65775
7.67565
7.6884
7.7145
7.732925
7.73685
7.7719
7.8211
7.848625
7.86295
7.893075
7.91235
7.929175
7.9333
7.934975
7.941825
7.94845
7.963125
7.96565
7.976175
7.996375
8.0019
8.0079
8.00845
8.0091
8.009625
8.03275
8.0728
8.084475
8.0933
8.1198
8.124675
8.16165
8.17825
8.195275
8.202525
8.239325
8.241375
8.244
8.25325
8.2558
8.264075
8.269075
8.27125
8.27235
8.27355
8.281525
8.285975
8.29455
8.29655
8.332975
8.340875
8.3442
8.367875
8.43745
8.451675
8.468175
8.48015
8.501775
8.521775
8.5239
8.525025
8.533775
8.535
8.541775
8.545325
8.547375
8.5552
8.560275
8.578225
8.582925
8.5866
8.595725
8.6041
8.604975
8.612425
8.61545
8.620225
8.62205
8.665775
8.7414
8.765425
8.7771
8.8069
8.81125
8.81155
8.8118
8.816
8.83635
8.85275
8.854575
8.8702
8.875225
8.88495
8.918725
8.937075
8.965375
8.9964
9.006075
9.00745
9.035225
9.05005
9.084125
780
