0.104275
0.1056
0.121675
0.1281
0.12915
0.1318
0.142975
0.155075
0.15615
0.16905
0.172525
0.175825
0.178275
0.181
0.185625
0.18945
0.191575
0.19295
0.199575
0.2177
0.222975
0.22385
0.22795
0.236975
0.242375
0.245275
0.245425
0.26505
0.31085
0.3397
0.3507
0.35745
0.3723
0.37745
0.394375
0.4053
0.4136
0.4219
0.427575
0.439675
0.44225
0.44535
0.45555
0.459975
0.470525
0.4744
0.49455
0.4965
0.4972
0.52465
0.554525
0.56115
0.57905
0.606075
0.61875
0.619475
0.64515
0.66065
0.663575
0.674975
0.6769
0.703
0.710275
0.710675
0.726525
0.73985
0.7461
0.753075
0.753775
0.754025
0.76295
0.767275
0.782
0.79515
0.797775
0.8047
0.805625
0.83085
0.852425
0.8761
0.880325
0.88045
0.880775
0.961975
0.974175
1.00495
1.014425
1.0481
1.049675
1.053725
1.0604
1.078175
1.083275
1.098375
1.1016
1.135
1.149025
1.1567
1.18965
1.20425
1.2242
1.227125
1.25355
1.26615
1.276525
1.28345
1.2973
1.3073
1.3096
1.317475
1.322825
1.332875
1.33315
1.340575
1.3457
1.34665
1.349025
1.37395
1.375625
1.384625
1.40245
1.40405
1.409275
1.41135
1.4124
1.4226
1.425475
1.44485
1.475425
1.499525
1.506025
1.509025
1.53165
1.57035
1.571725
1.577225
1.60485
1.62345
1.629225
1.638125
1.642275
1.644775
1.65375
1.659025
1.662575
1.6758
1.6763
1.680125
1.7068
1.71825
1.726175
1.745025
1.7912
1.804975
1.81325
1.814975
1.8291
1.8319
1.86865
1.876375
1.8852
1.9008
1.9048
1.9101
1.9136
1.91755
1.918575
1.942975
1.94335
1.948975
1.95165
1.9615
1.980175
1.98585
1.992475
1.993975
2.000125
2.0128
2.016175
2.029
2.047125
2.051475
2.063425
2.071825
2.074175
2.1124
2.115075
2.127575
2.135625
2.178925
2.2008
2.200875
2.206225
2.21365
2.214225
2.2209
2.224025
2.226525
2.22835
2.239725
2.2534
2.26305
2.2888
2.293625
2.300175
2.307125
2.31035
2.320325
2.3231
2.350725
2.3534
2.376075
2.402375
2.437775
2.44925
2.452575
2.45335
2.491975
2.492225
2.49545
2.49725
2.506775
2.509325
2.520875
2.52605
2.527675
2.532725
2.5346
2.542425
2.54655
2.548875
2.549425
2.55365
2.5635
2.579875
2.60155
2.6069
2.62085
2.624625
2.631175
2.67025
2.69205
2.69425
2.70215
2.703175
2.8004
2.800725
2.81325
2.823775
2.826675
2.830375
2.834375
2.8372
2.8425
2.854625
2.86
2.86085
2.873875
2.8916
2.893325
2.895075
2.899175
2.91575
2.926625
2.927225
2.92905
2.93755
2.9521
2.9832
2.992825
2.99825
3.012475
3.0443
3.100875
3.127125
3.129775
3.137525
3.1441
3.14955
3.159675
3.163575
3.1758
3.2064
3.2085
3.224825
3.227725
3.238825
3.2447
3.253475
3.26585
3.27435
3.2901
3.30835
3.30935
3.329
3.40095
3.408425
3.4145
3.42245
3.428675
3.43265
3.441475
3.4418
3.451875
3.4525
3.4536
3.458775
3.460425
3.481
3.48295
3.482975
3.483175
3.48605
3.48755
3.4886
3.497125
3.506225
3.5206
3.521725
3.5459
3.54875
3.5839
3.62745
3.639525
3.663225
3.701175
3.704325
3.7115
3.7149
3.72055
3.724975
3.726575
3.7289
3.731575
3.7387
3.742525
3.748575
3.753125
3.75755
3.778075
3.789325
3.80735
3.807975
3.811525
3.820025
3.84355
3.8509
3.8567
3.8696
3.905075
3.90535
3.9509
3.984475
4.0015
4.010625
4.0135
4.01455
4.025925
4.04115
4.043825
4.044375
4.04535
4.0488
4.056125
4.0645
4.06745
4.08095
4.115375
4.129675
4.1314
4.133375
4.145925
4.15685
4.158725
4.1602
4.202575
4.213275
4.23775
4.248975
4.24905
4.270075
4.3199
4.320025
4.3216
4.3236
4.326125
4.32955
4.3314
4.33705
4.34095
4.363825
4.373825
4.37635
4.377175
4.3775
4.377775
4.3886
4.394425
4.396175
4.4099
4.426825
4.431925
4.43795
4.444625
4.447475
4.477975
4.478
4.478075
4.488125
4.4952
4.5438
4.550075
4.5628
4.603825
4.6068
4.6098
4.61435
4.614575
4.62
4.6291
4.6305
4.632375
4.63645
4.649825
4.652925
4.67855
4.683775
4.690825
4.710575
4.71845
4.757175
4.814025
4.815925
4.8265
4.90125
4.92695
4.938175
4.9387
4.942425
4.943
4.955025
4.963575
4.977125
4.998125
5.0252
5.046775
5.0528
5.1028
5.10995
5.1117
5.111725
5.15865
5.183775
5.18475
5.20405
5.210125
5.21685
5.216925
5.220275
5.222
5.242725
5.24885
5.2514
5.25235
5.263925
5.28445
5.305
5.305075
5.31055
5.318775
5.32555
5.347725
5.358075
5.359725
5.36955
5.370925
5.385325
5.39315
5.42115
5.463525
5.48915
5.490575
5.504525
5.5071
5.51655
5.5314
5.53495
5.5432
5.5543
5.55525
5.55625
5.5564
5.559875
5.561475
5.567525
5.574625
5.592625
5.593125
5.60485
5.608025
5.620375
5.627275
5.628375
5.6324
5.636425
5.656275
5.6936
5.703025
5.7171
5.737
5.764975
5.8006
5.804325
5.812025
5.8136
5.814725
5.816475
5.8405
5.8406
5.848475
5.8548
5.8674
5.899675
5.9019
5.902825
5.903525
5.913075
5.92305
5.923675
5.925025
5.9366
5.9425
5.969225
5.971025
6.0271
6.0478
6.07945
6.107925
6.109325
6.1136
6.122725
6.13105
6.131075
6.13855
6.142275
6.147975
6.155425
6.1615
6.17775
6.1781
6.192225
6.1923
6.199225
6.201
6.20445
6.209475
6.21385
6.2149
6.223925
6.246925
6.255575
6.2648
6.269125
6.3003
6.3074
6.3197
6.3862
6.398225
6.402075
6.419775
6.41985
6.433875
6.435525
6.441525
6.443
6.448625
6.4697
6.46985
6.490025
6.519475
6.5226
6.5321
6.534475
6.537775
6.54195
6.546725
6.547375
6.5534
6.5689
6.57705
6.593575
6.602275
6.608525
6.637875
6.666475
6.690875
6.69435
6.703675
6.70895
6.7126
6.716875
6.72045
6.72735
6.732925
6.73415
6.751625
6.75835
6.77355
6.781975
6.78475
6.785975
6.791975
6.79365
6.795625
6.7979
6.8016
6.807325
6.809425
6.81095
6.8178
6.818025
6.838175
6.850325
6.906
6.913125
6.993375
7.00445
7.010125
7.03255
7.037225
7.039875
7.04065
7.053925
7.058025
7.06845
7.07815
7.0792
7.0948
7.104825
7.109875
7.115275
7.116725
7.123575
7.132425
7.147725
7.152975
7.157825
7.17315
7.173525
7.2805
7.285575
7.285825
7.3017
7.303425
7.30555
7.311575
7.3133
7.313875
7.31835
7.320625
7.3258
7.3374
7.340425
7.344325
7.344675
7.34825
7.353675
7.371025
7.3914
7.391975
7.3924
7.4004
7.41485
7.437125
7.46085
7.465075
7.467625
7.467725
7.4908
7.541575
7.544725
7.546575
7.59205
7.5971
7.602825
7.603225
7.607525
7.60785
7.609125
7.61115
7.6129
7.660125
7.667325
7.681925
7.682325
7.6844
7.6882
7.68975
7.69675
7.7013
7.715875
7.72495
7.72905
7.73875
7.742925
7.7591
7.809175
7.848575
7.9032
7.91215
7.915225
7.920625
7.93305
7.934425
7.942925
7.94345
7.946275
7.951475
7.952875
7.961975
7.963
7.971325
7.983225
8.000925
8.01205
8.023275
8.03085
8.032375
8.039375
8.0474
8.0514
8.052
8.08155
8.09045
8.09085
8.101875
8.134225
8.138025
8.198225
8.203375
8.20685
8.2105
8.2152
8.2208
8.2278
8.2311
8.2347
8.235525
8.240475
8.244425
8.255775
8.26025
8.2693
8.304075
8.320075
8.3407
8.3429
8.34675
8.35205
8.357375
8.3619
8.36635
8.37005
8.396225
8.405175
8.4056
8.432975
8.44245
8.450625
8.4532
8.4543
8.454475
8.457375
8.489125
8.490325
8.50005
8.50035
8.5017
8.504125
8.506975
8.50985
8.5123
8.514
8.515875
8.5164
8.522425
8.525675
8.53905
8.55385
8.5576
8.561525
8.56605
8.567125
8.56805
8.568975
8.569075
8.571325
8.57245
8.5785
8.58615
8.5931
8.6023
8.60505
8.614125
8.6361
8.637125
8.650125
8.65145
8.663075
8.69475
8.73055
8.792875
8.80125
8.806825
8.809075
8.822625
8.82295
8.8307
8.8592
8.8643
8.8755
8.876125
8.88245
8.891
8.897925
8.9036
8.91305
8.93305
8.96735
8.968
8.975475
9.006225
9.023325
9.070125
9.084675
835
