0.1051
0.1118
0.119725
0.12035
0.12365
0.12615
0.1436
0.1545
0.174125
0.179575
0.19685
0.208325
0.22235
0.224675
0.228825
0.24655
0.2962
0.30675
0.313825
0.31685
0.348725
0.3798
0.403625
0.40695
0.422525
0.424425
0.425825
0.428175
0.43575
0.4437
0.447225
0.44775
0.454575
0.46165
0.4658
0.4719
0.48685
0.49725
0.504975
0.51985
0.5325
0.5342
0.551725
0.55395
0.6005
0.606725
0.670925
0.680225
0.7057
0.710625
0.716675
0.71945
0.72235
0.730825
0.7367
0.74065
0.747725
0.758975
0.762975
0.763475
0.77635
0.7843
0.794
0.7956
0.80435
0.807625
0.80855
0.822975
0.841225
0.851475
0.852575
0.8569
0.917675
0.931675
0.983175
1.014425
1.014475
1.022975
1.03175
1.05385
1.06065
1.0677
1.067875
1.07695
1.089525
1.123875
1.1277
1.136975
1.1789
1.19165
1.19285
1.204775
1.209725
1.247925
1.273825
1.306375
1.309675
1.3158
1.316475
1.3166
1.3194
1.327
1.352375
1.352725
1.358525
1.3607
1.37475
1.376425
1.3823
1.392075
1.393475
1.39415
1.41055
1.415175
1.453175
1.453875
1.4587
1.4734
1.4744
1.4808
1.489975
1.4919
1.5013
1.50245
1.515125
1.5237
1.53585
1.54835
1.576525
1.603075
1.60515
1.623025
1.633375
1.640775
1.646625
1.6513
1.67135
1.6743
1.67905
1.68555
1.7119
1.71465
1.719175
1.72305
1.81375
1.81455
1.830475
1.863625
1.87755
1.90535
1.90685
1.917925
1.921475
1.925475
1.92775
1.9451
1.9483
1.950775
1.9559
1.9692
1.96955
1.969775
1.977375
1.980975
1.9943
2.018475
2.025375
2.035875
2.049625
2.051875
2.089575
2.1209
2.14685
2.20365
2.21395
2.2321
2.23315
2.23345
2.235375
2.2371
2.239425
2.2445
2.2468
2.24815
2.252975
2.262
2.26705
2.271425
2.2807
2.288775
2.313125
2.324675
2.347675
2.35165
2.360575
2.3831
2.458975
2.468325
2.5044
2.504725
2.50545
2.5188
2.52915
2.5301
2.539225
2.546375
2.5484
2.56175
2.568825
2.58135
2.58905
2.59405
2.600275
2.60175
2.621425
2.63995
2.69155
2.71215
2.735925
2.75365
2.772325
2.8005
2.803475
2.80535
2.811775
2.81935
2.8225
2.8261
2.828575
2.8511
2.866025
2.88405
2.885425
2.888275
2.8951
2.89925
2.913575
2.933125
2.93545
2.9393
2.945775
2.952675
2.956575
2.964475
2.973875
2.981575
2.9819
2.984725
3.014075
3.0764
3.101375
3.122175
3.1284
3.132925
3.138125
3.1439
3.14435
3.14605
3.153025
3.15725
3.173225
3.1827
3.185275
3.201925
3.20645
3.206825
3.21705
3.25015
3.268075
3.28985
3.306525
3.377675
3.381525
3.3907
3.414175
3.41555
3.4267
3.436075
3.442725
3.47595
3.48425
3.486725
3.489575
3.5007
3.5417
3.5427
3.543175
3.547225
3.5761
3.62815
3.652325
3.66505
3.6836
3.69325
3.705875
3.7064
3.7163
3.727325
3.72945
3.733925
3.73525
3.736175
3.75125
3.771275
3.78205
3.7919
3.80325
3.815075
3.823975
3.82865
3.836825
3.84365
3.862925
3.876325
3.9066
3.91635
3.97235
3.994675
4.000125
4.0049
4.009375
4.00945
4.0199
4.021925
4.0268
4.03215
4.0351
4.03565
4.047325
4.05355
4.056825
4.08455
4.1047
4.108325
4.15205
4.159075
4.16055
4.300275
4.3044
4.30935
4.309775
4.34425
4.3629
4.3644
4.3692
4.387575
4.406125
4.411125
4.4193
4.422025
4.43055
4.435625
4.445175
4.4618
4.476825
4.49985
4.508
4.509075
4.527075
4.527625
4.54945
4.55455
4.573825
4.581875
4.602375
4.62425
4.632425
4.63825
4.6397
4.6417
4.642275
4.659975
4.66135
4.6705
4.67995
4.6906
4.690825
4.70495
4.71305
4.7191
4.7198
4.72735
4.72795
4.73385
4.7356
4.7403
4.74285
4.778175
4.82745
4.833275
4.88105
4.900325
4.904225
4.913575
4.92675
4.927275
4.9334
4.941025
4.952425
4.95805
4.96265
4.9728
4.973725
4.974225
4.9746
4.977775
4.9889
5.008575
5.008925
5.019725
5.02205
5.027425
5.0293
5.0295
5.044825
5.048925
5.05385
5.0745
5.077625
5.083775
5.1276
5.1622
5.1638
5.204875
5.208
5.21285
5.2182
5.222475
5.23235
5.23265
5.2447
5.253475
5.27035
5.28535
5.28755
5.288175
5.302975
5.305425
5.31145
5.321425
5.32405
5.325
5.32505
5.3316
5.34885
5.366225
5.37775
5.388625
5.39775
5.410425
5.41785
5.44735
5.48255
5.49145
5.4976
5.5011
5.502125
5.502575
5.5098
5.51695
5.52005
5.52815
5.5363
5.537475
5.542375
5.5436
5.544975
5.5547
5.5603
5.5785
5.583025
5.584525
5.593275
5.59985
5.607125
5.625175
5.652775
5.6542
5.660125
5.6757
5.6769
5.678175
5.6864
5.70495
5.713975
5.739775
5.746975
5.7627
5.77855
5.7829
5.801975
5.8032
5.804525
5.81015
5.81715
5.822425
5.82335
5.824725
5.828075
5.842675
5.843
5.8434
5.851725
5.861675
5.9068
5.92985
5.931
5.940825
5.96405
5.98685
6.003475
6.04065
6.04495
6.0836
6.0878
6.100875
6.105525
6.11015
6.13005
6.134425
6.1433
6.1512
6.159475
6.171175
6.177575
6.1804
6.1942
6.206
6.206325
6.20805
6.21435
6.221
6.2426
6.258575
6.2586
6.284525
6.2888
6.316775
6.3222
6.37495
6.3936
6.407425
6.417475
6.4186
6.424875
6.42555
6.438025
6.44635
6.463025
6.466175
6.477475
6.48685
6.4911
6.504775
6.526125
6.541375
6.5728
6.5733
6.575525
6.61215
6.63085
6.6458
6.65515
6.6926
6.71605
6.7203
6.72295
6.723975
6.725725
6.74175
6.74235
6.743075
6.746675
6.753275
6.757925
6.765125
6.76555
6.771325
6.7797
6.782875
6.792625
6.802725
6.829875
6.831925
6.84145
6.849075
6.864825
6.885875
6.897075
6.90045
6.905775
6.9359
6.93925
6.94045
6.978575
7.0135
7.06635
7.072975
7.094325
7.1135
7.129975
7.166325
7.1821
7.202925
7.2389
7.258325
7.282275
7.2849
7.30085
7.305725
7.3097
7.3117
7.316925
7.329975
7.33245
7.33255
7.336675
7.345525
7.349025
7.3503
7.3577
7.367075
7.370675
7.37165
7.3828
7.4017
7.4087
7.421175
7.4517
7.4696
7.4882
7.499775
7.510425
7.51215
7.532875
7.537025
7.54915
7.58025
7.608075
7.612325
7.613625
7.6219
7.632325
7.63475
7.6353
7.638475
7.64045
7.644875
7.6501
7.669275
7.6758
7.678375
7.6794
7.709325
7.729425
7.74155
7.742725
7.769875
7.816375
7.828475
7.8709
7.90105
7.90695
7.910325
7.913625
7.91365
7.91535
7.927975
7.9504
7.9879
8.003175
8.017425
8.017825
8.019475
8.03275
8.047325
8.066875
8.072025
8.11365
8.1145
8.179275
8.208075
8.209075
8.22985
8.231325
8.23135
8.2351
8.235125
8.239525
8.246325
8.253275
8.2699
8.2711
8.278025
8.283275
8.288
8.291875
8.30425
8.3071
8.335725
8.35145
8.35615
8.358975
8.361375
8.366425
8.368675
8.3758
8.43635
8.449625
8.47555
8.482175
8.50035
8.504275
8.5177
8.517775
8.5272
8.536
8.5391
8.54095
8.542725
8.543425
8.5649
8.573675
8.59295
8.59855
8.600325
8.6009
8.6029
8.620175
8.62265
8.678125
8.690875
8.692975
8.697275
8.725
8.747175
8.7554
8.80355
8.803775
8.8052
8.817025
8.81825
8.81905
8.8357
8.8447
8.845925
8.856225
8.8579
8.859275
8.87115
8.873475
8.8757
8.914875
8.91765
8.971825
8.985425
9.011275
9.03685
9.073175
759
