0.10265
0.106225
0.108425
0.112775
0.1175
0.1195
0.128075
0.139
0.158175
0.16
0.167475
0.1698
0.184325
0.191575
0.2099
0.2171
0.219625
0.243575
0.263575
0.2685
0.283925
0.283975
0.2927
0.32715
0.33075
0.33795
0.3416
0.3446
0.364825
0.37145
0.41145
0.41165
0.418025
0.434175
0.449325
0.4574
0.458375
0.465075
0.465475
0.484275
0.489325
0.492625
0.495825
0.496425
0.4968
0.496875
0.502125
0.502425
0.504625
0.505975
0.507525
0.515725
0.517175
0.57115
0.5818
0.5828
0.60155
0.61835
0.660325
0.6624
0.670625
0.7023
0.708775
0.709925
0.712675
0.719025
0.72265
0.726775
0.732875
0.757325
0.767
0.777975
0.778675
0.779725
0.782975
0.7967
0.8497
0.8569
0.88675
0.892375
0.9191
0.9628
0.9918
1.001825
1.003225
1.0183
1.024925
1.027425
1.0326
1.03395
1.036125
1.0386
1.0427
1.049625
1.0534
1.054675
1.056475
1.067125
1.08035
1.080575
1.104875
1.112475
1.14535
1.1642
1.166275
1.184525
1.1914
1.1969
1.204425
1.2154
1.22215
1.2506
1.2554
1.256975
1.2707
1.295025
1.303875
1.30845
1.31075
1.3256
1.329575
1.339275
1.347275
1.366275
1.373675
1.373925
1.384875
1.3885
1.40265
1.425425
1.435875
1.43685
1.44815
1.461675
1.48365
1.49885
1.509625
1.5156
1.5252
1.531275
1.537475
1.55085
1.618975
1.638025
1.639225
1.6454
1.648375
1.660325
1.68145
1.681925
1.710925
1.72035
1.727375
1.75675
1.77485
1.775975
1.78085
1.8231
1.82365
1.838675
1.84145
1.902975
1.9031
1.911275
1.912025
1.917425
1.920225
1.9274
1.9413
1.996975
2.006975
2.007575
2.0523
2.062025
2.0937
2.113975
2.1379
2.14285
2.20205
2.202675
2.2073
2.2087
2.231425
2.238725
2.24645
2.246575
2.256
2.2606
2.26445
2.2778
2.2876
2.3221
2.34215
2.346125
2.37925
2.38255
2.404925
2.45245
2.45405
2.465625
2.48215
2.496675
2.501525
2.501575
2.502975
2.506
2.506125
2.522675
2.52285
2.525325
2.531725
2.5334
2.5596
2.578825
2.579125
2.58355
2.585025
2.5854
2.591
2.595025
2.60975
2.616725
2.65265
2.6898
2.692525
2.694575
2.70265
2.7144
2.744325
2.7588
2.814325
2.818075
2.8414
2.843575
2.843975
2.84995
2.8565
2.883925
2.891575
2.895775
2.901875
2.90615
2.90745
2.932175
2.933275
2.934625
3.004825
3.006925
3.0095
3.012
3.0161
3.04695
3.053325
3.0616
3.079375
3.0806
3.09545
3.12665
3.126825
3.129225
3.1313
3.1382
3.15585
3.17325
3.1748
3.178075
3.2075
3.207975
3.208025
3.20915
3.223125
3.2419
3.258925
3.26425
3.3103
3.31875
3.322625
3.34
3.379075
3.38445
3.404275
3.405925
3.4066
3.4115
3.416225
3.417625
3.45545
3.462725
3.4674
3.467575
3.477725
3.4834
3.4925
3.49705
3.4976
3.505625
3.527975
3.53305
3.55165
3.553325
3.55885
3.579625
3.582225
3.5891
3.59425
3.60555
3.6061
3.610725
3.64225
3.644625
3.6589
3.6706
3.6904
3.70785
3.72175
3.722325
3.7267
3.729325
3.73025
3.739275
3.742725
3.7454
3.748325
3.752125
3.754075
3.762175
3.767525
3.778775
3.80335
3.8156
3.84795
3.919375
3.928175
3.933925
3.939375
3.950925
3.9518
4.002575
4.003375
4.004375
4.016125
4.018575
4.019275
4.025225
4.0253
4.02805
4.0304
4.0385
4.0388
4.049575
4.079725
4.087175
4.0897
4.09155
4.103775
4.109125
4.115875
4.123525
4.1247
4.1267
4.132225
4.1464
4.14825
4.1546
4.170775
4.2016
4.2143
4.233425
4.27705
4.3112
4.326625
4.328975
4.3436
4.349
4.349125
4.352425
4.3554
4.356125
4.356225
4.36005
4.364925
4.3804
4.3858
4.407125
4.412225
4.41865
4.431025
4.442275
4.44585
4.448325
4.449475
4.455225
4.45555
4.482925
4.5148
4.51745
4.550825
4.5681
4.585225
4.598625
4.603175
4.620025
4.620675
4.621225
4.628
4.637725
4.639625
4.643975
4.648525
4.6499
4.65155
4.652175
4.677075
4.6844
4.6908
4.693575
4.706325
4.70955
4.744475
4.757425
4.77385
4.780525
4.80895
4.809675
4.8102
4.82745
4.839825
4.860575
4.9326
4.940325
4.9581
4.9733
4.981
4.98145
4.989175
5.007725
5.009675
5.01045
5.010975
5.0179
5.0242
5.028725
5.0676
5.090675
5.097825
5.1384
5.17705
5.1988
5.20065
5.212425
5.221675
5.22615
5.233325
5.236075
5.2469
5.2505
5.254675
5.259825
5.25995
5.26275
5.26845
5.2805
5.293825
5.301725
5.303575
5.32715
5.33975
5.341475
5.34155
5.344325
5.35385
5.36565
5.3762
5.427125
5.4291
5.434425
5.437875
5.4511
5.51105
5.514775
5.516575
5.518925
5.52725
5.5414
5.5435
5.543875
5.54515
5.5465
5.547525
5.552525
5.55995
5.564425
5.565025
5.56645
5.57885
5.588075
5.61335
5.6229
5.629125
5.641975
5.6533
5.6569
5.663425
5.6678
5.669975
5.7068
5.7078
5.71165
5.74805
5.78995
5.8065
5.82355
5.83075
5.839
5.846375
5.84705
5.853375
5.85405
5.857575
5.872925
5.878675
5.886125
5.9032
5.907575
5.912125
5.91995
5.9236
5.943825
5.959325
5.963375
5.967225
5.9767
5.9775
5.9801
6.0098
6.009825
6.014625
6.0652
6.0693
6.1091
6.11765
6.123875
6.124125
6.128975
6.132175
6.152125
6.175325
6.181825
6.19575
6.19745
6.213075
6.226675
6.23985
6.24045
6.278925
6.2834
6.306475
6.3186
6.357275
6.396475
6.408325
6.41465
6.4328
6.433
6.43495
6.4415
6.443775
6.44455
6.446375
6.46505
6.4759
6.47885
6.489875
6.50255
6.50685
6.512125
6.52545
6.5503
6.55285
6.5537
6.559925
6.5614
6.5666
6.5675
6.57475
6.6016
6.669275
6.682725
6.690625
6.70235
6.703325
6.7077
6.7181
6.72855
6.73255
6.733875
6.734325
6.7424
6.750725
6.753075
6.79365
6.81005
6.8244
6.83955
6.85975
6.8735
6.8912
6.896025
6.899275
6.929075
6.936175
6.958275
6.97765
7.001125
7.011325
7.0132
7.0144
7.024225
7.02475
7.0296
7.031125
7.037425
7.042075
7.042575
7.045375
7.0565
7.05675
7.06025
7.062675
7.06885
7.087325
7.0973
7.1009
7.118125
7.12085
7.1314
7.134925
7.1494
7.16505
7.170625
7.201
7.224025
7.250075
7.2519
7.256575
7.32385
7.329125
7.3307
7.33395
7.33465
7.335525
7.348975
7.353825
7.356175
7.3594
7.363375
7.373425
7.38325
7.387325
7.40745
7.411275
7.41275
7.4298
7.444425
7.455375
7.4822
7.484575
7.4919
7.546825
7.603775
7.60985
7.613
7.61815
7.627
7.62945
7.64015
7.64205
7.64475
7.648175
7.65305
7.66025
7.6611
7.661375
7.66465
7.669875
7.6912
7.7154
7.7158
7.728475
7.739975
7.742475
7.7715
7.78435
7.78735
7.87605
7.876575
7.890875
7.915275
7.9161
7.917325
7.9337
7.9461
7.9479
7.948875
7.953675
7.962025
7.96325
7.974175
7.980475
7.9855
7.991125
8.008075
8.01355
8.013675
8.0148
8.015725
8.0223
8.0362
8.0496
8.052325
8.057575
8.06705
8.09575
8.14095
8.1704
8.181675
8.200775
8.2137
8.230025
8.2352
8.2359
8.2459
8.247625
8.2493
8.27125
8.284075
8.288125
8.291475
8.2984
8.301525
8.31345
8.339275
8.345475
8.352775
8.368525
8.40875
8.412675
8.417725
8.45995
8.465
8.50875
8.511375
8.512275
8.516425
8.528175
8.53975
8.556725
8.564675
8.593025
8.602275
8.603725
8.634
8.645125
8.6716
8.682875
8.702175
8.704725
8.708275
8.7397
8.74465
8.76095
8.7677
8.795025
8.8003
8.80525
8.805975
8.807175
8.8143
8.825425
8.8298
8.83535
8.842125
8.8513
8.865225
8.8798
8.907725
8.93485
8.9507
8.9534
8.95995
8.964175
8.9671
8.973025
8.9793
9.0146
9.0429
9.05985
9.0717
9.091875
799
