0.1019
0.115
0.1511
0.173125
0.176075
0.17675
0.184525
0.185325
0.19505
0.23295
0.24345
0.247625
0.247975
0.26515
0.276275
0.286225
0.29135
0.3032
0.314375
0.324525
0.332975
0.400475
0.403575
0.4124
0.418175
0.418625
0.425025
0.427875
0.427925
0.432875
0.435325
0.4374
0.462225
0.47205
0.476875
0.479525
0.496275
0.498175
0.504675
0.513425
0.5169
0.522175
0.53285
0.539125
0.540075
0.552975
0.59805
0.60775
0.6095
0.615675
0.6367
0.6445
0.718775
0.71975
0.720275
0.726925
0.741925
0.74205
0.742975
0.744675
0.778075
0.778725
0.781275
0.7814
0.78555
0.79215
0.80245
0.803225
0.81115
0.848575
0.88045
0.903675
0.94345
0.962475
0.977925
0.9838
1.01215
1.02535
1.028625
1.0388
1.0425
1.06055
1.062575
1.06355
1.072625
1.0746
1.077
1.085825
1.088925
1.10985
1.141575
1.15585
1.1941
1.19955
1.231475
1.2333
1.246725
1.289125
1.2898
1.3032
1.3034
1.314675
1.322175
1.324575
1.325
1.32525
1.32565
1.325775
1.353875
1.35875
1.36745
1.3743
1.376325
1.377775
1.389825
1.3917
1.40225
1.4078
1.411225
1.421125
1.430875
1.43145
1.437625
1.4435
1.445475
1.448475
1.497125
1.520375
1.526125
1.526825
1.548075
1.578875
1.5848
1.606675
1.6111
1.6229
1.63085
1.6466
1.653225
1.706
1.73245
1.734925
1.744325
1.765525
1.8016
1.807575
1.86245
1.90425
1.911825
1.915175
1.918575
1.927675
1.952725
1.95505
1.958725
1.96285
1.97425
1.9921
2.03975
2.046675
2.049825
2.0639
2.065625
2.0728
2.0778
2.08135
2.096275
2.122675
2.2004
2.205125
2.213675
2.23155
2.233575
2.2408
2.2526
2.25295
2.253725
2.256825
2.26175
2.263225
2.264125
2.2699
2.284525
2.29335
2.296575
2.30905
2.311025
2.325575
2.3269
2.35865
2.363925
2.39095
2.444575
2.4455
2.48875
2.494975
2.50465
2.508425
2.509375
2.5105
2.512675
2.52665
2.5299
2.541525
2.541575
2.543325
2.562925
2.56445
2.5679
2.587325
2.6092
2.62215
2.632125
2.641625
2.647575
2.66195
2.692725
2.698225
2.714175
2.724575
2.73575
2.7847
2.8207
2.82765
2.829525
2.83405
2.835525
2.840325
2.841925
2.843175
2.844975
2.84785
2.849525
2.853525
2.868725
2.882725
2.901625
2.90525
2.912225
2.913125
2.925425
2.966575
2.969225
2.9805
2.9971
3.029375
3.06685
3.092875
3.100275
3.1069
3.108325
3.11095
3.112225
3.117325
3.133575
3.1418
3.153125
3.157775
3.160225
3.182275
3.193125
3.220625
3.22465
3.259675
3.292175
3.292275
3.311
3.32035
3.32055
3.364675
3.401825
3.411425
3.419675
3.437075
3.440125
3.449975
3.456825
3.463975
3.465425
3.484825
3.4942
3.50035
3.504725
3.50955
3.515725
3.546875
3.550575
3.5692
3.621
3.629175
3.683625
3.6957
3.752025
3.759475
3.7638
3.7645
3.7661
3.768125
3.775775
3.780275
3.793125
3.798975
3.8078
3.82315
3.860625
3.87735
3.878675
3.90425
3.911075
3.92435
3.939525
3.95025
3.9887
4.00285
4.0036
4.00365
4.006025
4.00825
4.0154
4.02245
4.023375
4.0407
4.04965
4.066875
4.076475
4.0815
4.086075
4.095525
4.099175
4.1102
4.1157
4.120525
4.124475
4.146075
4.146625
4.146875
4.157075
4.1583
4.172625
4.197875
4.2021
4.203075
4.20315
4.232525
4.251125
4.257475
4.301625
4.302075
4.303975
4.3154
4.32365
4.3366
4.339275
4.344525
4.345175
4.35075
4.35595
4.35765
4.36975
4.374325
4.387925
4.401725
4.424175
4.43165
4.4389
4.446925
4.477175
4.50435
4.525325
4.5391
4.54665
4.5551
4.56315
4.601375
4.602025
4.602875
4.6045
4.621325
4.6282
4.632475
4.6391
4.64145
4.642125
4.6457
4.650725
4.651225
4.65265
4.660575
4.665825
4.68185
4.689225
4.70655
4.7136
4.722325
4.74655
4.748275
4.8285
4.832775
4.868125
4.8695
4.882675
4.88715
4.902375
4.904625
4.915325
4.91725
4.9255
4.9304
4.933675
4.93415
4.936275
4.9371
4.956575
4.9605
4.9607
4.96115
4.9829
4.98765
4.988275
4.992125
4.992575
4.9966
5.014825
5.0255
5.027625
5.0692
5.074225
5.088025
5.091675
5.2181
5.2245
5.234925
5.243325
5.248675
5.2601
5.2669
5.283525
5.314025
5.3257
5.331175
5.359
5.360475
5.3628
5.3729
5.41185
5.429575
5.448175
5.501975
5.509575
5.5151
5.53145
5.531625
5.5337
5.535875
5.53735
5.540025
5.544875
5.550575
5.558025
5.5703
5.572
5.574725
5.57865
5.578975
5.592775
5.60505
5.62665
5.640225
5.646425
5.6593
5.694625
5.696
5.72925
5.74405
5.752725
5.762175
5.78155
5.8008
5.80105
5.8037
5.8064
5.80675
5.811375
5.818375
5.82005
5.8276
5.830825
5.840025
5.8614
5.865525
5.86735
5.8741
5.874525
5.88105
5.889675
5.92995
5.93405
5.9443
5.99685
6.028325
6.052275
6.10505
6.111875
6.115875
6.128525
6.133975
6.1369
6.1398
6.1445
6.1491
6.14945
6.153125
6.155875
6.17715
6.187625
6.189625
6.192025
6.200275
6.201125
6.211375
6.214325
6.255375
6.2594
6.2719
6.273075
6.2854
6.29505
6.314175
6.372125
6.403625
6.423
6.4316
6.444425
6.4472
6.4473
6.458925
6.4614
6.4657
6.4809
6.4936
6.5234
6.55065
6.55415
6.584125
6.60285
6.70505
6.715975
6.722775
6.73875
6.768475
6.7692
6.7811
6.782875
6.8038
6.804975
6.8091
6.845675
6.84595
6.8491
6.853325
6.870125
6.88945
6.9416
6.955225
6.955775
6.9698
6.97065
7.0014
7.00825
7.01435
7.02185
7.0261
7.029825
7.0308
7.037075
7.045225
7.047425
7.049775
7.0537
7.053825
7.062575
7.069975
7.07315
7.082325
7.086125
7.08655
7.090575
7.1208
7.1239
7.128025
7.133125
7.135925
7.175
7.186475
7.21445
7.240125
7.24255
7.25455
7.25905
7.263125
7.28725
7.303425
7.3049
7.30585
7.320375
7.322475
7.323925
7.3288
7.3314
7.347675
7.347725
7.358225
7.3607
7.36305
7.367225
7.3695
7.38435
7.38625
7.4184
7.418775
7.419075
7.4236
7.4328
7.44165
7.4518
7.46335
7.470025
7.47315
7.4825
7.510075
7.511475
7.5126
7.527325
7.56235
7.579
7.601325
7.606075
7.606425
7.6127
7.62265
7.62365
7.625375
7.62705
7.634475
7.635425
7.6472
7.6529
7.661225
7.6698
7.67005
7.680275
7.68665
7.6887
7.69885
7.714175
7.719875
7.74815
7.7491
7.760675
7.7636
7.76745
7.78555
7.7957
7.818025
7.835275
7.839925
7.8658
7.9033
7.909325
7.912
7.922375
7.928
7.943875
7.95205
7.9552
7.964725
7.9666
7.972625
7.98
7.99555
7.998975
8.008675
8.009825
8.01065
8.01905
8.02085
8.037575
8.039625
8.0465
8.083925
8.092775
8.1206
8.13575
8.1569
8.158225
8.184225
8.202025
8.209925
8.212225
8.225375
8.246925
8.24775
8.24865
8.2637
8.272825
8.29375
8.301625
8.316975
8.317475
8.326925
8.3293
8.333225
8.33835
8.3448
8.408825
8.421425
8.4472
8.4523
8.4602
8.46135
8.510075
8.518325
8.519825
8.5245
8.528
8.534975
8.5352
8.5374
8.539325
8.56185
8.565675
8.57965
8.58805
8.58855
8.588825
8.592975
8.59795
8.609825
8.622725
8.626625
8.647025
8.66955
8.67555
8.70415
8.713525
8.731575
8.779125
8.7826
8.786125
8.79455
8.8094
8.810275
8.8107
8.812525
8.818175
8.8215
8.824075
8.8263
8.83315
8.853575
8.8724
8.87495
8.878475
8.895175
8.936
8.951325
8.956775
8.9822
8.996625
9.005875
9.00885
9.052125
9.0658
773
