0.055325
0.10195
0.114675
0.123775
0.123825
0.124375
0.126825
0.1317
0.132025
0.1427
0.151625
0.1522
0.17215
0.20035
0.202025
0.2159
0.22035
0.23025
0.23255
0.278625
0.292275
0.29605
0.298975
0.302
0.33825
0.345775
0.3514
0.359
0.382775
0.43515
0.43925
0.439725
0.4498
0.451125
0.452775
0.4539
0.458925
0.4625
0.484475
0.4942
0.49575
0.504325
0.5284
0.532525
0.535025
0.5362
0.554825
0.561075
0.565075
0.572125
0.57565
0.5803
0.6275
0.63045
0.65555
0.6573
0.666725
0.7031
0.706825
0.7118
0.713775
0.73295
0.73505
0.7395
0.740375
0.7412
0.75025
0.769425
0.76975
0.804
0.80855
0.821625
0.84
0.85365
0.853975
0.8634
0.879925
0.880125
0.90535
0.906525
0.9239
0.9256
0.94155
1.00005
1.016275
1.016325
1.025375
1.0397
1.050225
1.052375
1.0529
1.054225
1.05575
1.06505
1.0695
1.07205
1.07475
1.075
1.0763
1.101325
1.105325
1.1081
1.136025
1.13925
1.1523
1.1762
1.176425
1.189225
1.203625
1.226175
1.270325
1.291075
1.3058
1.306025
1.30775
1.315225
1.324475
1.333975
1.3371
1.354625
1.355875
1.359875
1.36075
1.36845
1.3713
1.37365
1.394525
1.417075
1.417175
1.429625
1.4423
1.449625
1.48945
1.508325
1.542275
1.5501
1.567925
1.6032
1.60705
1.607325
1.6076
1.624025
1.63075
1.641825
1.6465
1.6513
1.6658
1.675475
1.698525
1.702875
1.71365
1.7223
1.7277
1.805775
1.80985
1.824125
1.83475
1.85695
1.888775
1.92135
1.93625
1.950375
1.967325
1.9706
1.974625
1.974775
1.99235
2.01425
2.0156
2.021775
2.027075
2.0322
2.051975
2.0655
2.09175
2.09625
2.128
2.2029
2.209275
2.212975
2.21685
2.22105
2.2218
2.2346
2.234675
2.247975
2.26385
2.278475
2.2897
2.29305
2.301225
2.312725
2.32765
2.338625
2.37845
2.3901
2.40185
2.404475
2.420125
2.431725
2.437225
2.50265
2.518775
2.5359
2.537025
2.538575
2.5416
2.5631
2.571975
2.594675
2.6097
2.630575
2.668875
2.678175
2.686
2.690375
2.719175
2.72885
2.77505
2.776175
2.8073
2.808025
2.816125
2.8212
2.82235
2.825975
2.8331
2.835175
2.8448
2.849225
2.851675
2.8565
2.8574
2.87265
2.8735
2.88035
2.882
2.89665
2.925875
2.939325
2.9395
2.94495
2.95595
2.973425
2.997975
3.0733
3.077275
3.109825
3.112025
3.11245
3.117825
3.11915
3.13335
3.166725
3.170425
3.178575
3.1924
3.1964
3.20175
3.20375
3.209375
3.235
3.2392
3.25015
3.264075
3.264725
3.313825
3.414275
3.415275
3.415825
3.428225
3.45395
3.45765
3.461625
3.473725
3.47535
3.49485
3.50775
3.52675
3.540225
3.546325
3.546625
3.547175
3.561825
3.5838
3.59695
3.63515
3.64045
3.6589
3.661925
3.663025
3.701525
3.7021
3.718225
3.727475
3.732025
3.735625
3.7403
3.740725
3.752475
3.753
3.78085
3.791875
3.79935
3.80585
3.828225
3.833275
3.834075
3.834825
3.837
3.8419
3.86705
3.87745
3.88695
3.905575
3.924325
3.9371
3.94685
3.963225
3.997175
4.000975
4.015875
4.01695
4.019075
4.0344
4.042525
4.04255
4.069575
4.08825
4.11585
4.117075
4.11905
4.125275
4.1283
4.13065
4.147375
4.149925
4.16205
4.16215
4.177025
4.23355
4.257775
4.266275
4.267975
4.305975
4.311025
4.3133
4.31455
4.320425
4.331125
4.33785
4.34705
4.351075
4.3738
4.38655
4.39365
4.402575
4.416025
4.417375
4.4246
4.433925
4.433975
4.438925
4.48845
4.4908
4.50915
4.526925
4.6019
4.602975
4.6117
4.6229
4.6379
4.674025
4.677175
4.68255
4.682775
4.70705
4.70775
4.709925
4.718475
4.727
4.7282
4.729725
4.755675
4.7576
4.760175
4.763075
4.764025
4.787025
4.795675
4.81525
4.835125
4.875375
4.90885
4.922625
4.925025
4.928625
4.932775
4.9646
4.9926
4.99865
5.000975
5.003275
5.019625
5.0269
5.057725
5.061025
5.077375
5.095625
5.114175
5.127575
5.160475
5.1707
5.2049
5.2168
5.2252
5.228425
5.229325
5.25425
5.30695
5.308425
5.314925
5.342925
5.3728
5.38285
5.40155
5.40475
5.405425
5.41265
5.42895
5.4311
5.43145
5.436575
5.440125
5.4544
5.527375
5.529475
5.532875
5.541425
5.542075
5.54405
5.5492
5.56705
5.569025
5.57765
5.579525
5.60255
5.6247
5.634225
5.65735
5.6666
5.671
5.769375
5.77115
5.8024
5.80325
5.81175
5.82905
5.83425
5.83455
5.835775
5.846375
5.8506
5.854575
5.866
5.867275
5.904675
5.908175
5.911075
5.912175
5.912625
5.91455
5.9175
5.91805
5.92705
5.95815
5.964225
5.977925
6.0217
6.02565
6.0684
6.087625
6.1054
6.108
6.129225
6.13025
6.137775
6.166875
6.176975
6.187775
6.197975
6.20655
6.2188
6.220925
6.227175
6.24435
6.304725
6.308275
6.3158
6.33175
6.347225
6.347825
6.37825
6.384925
6.39805
6.40265
6.406175
6.412375
6.414025
6.416925
6.4364
6.440775
6.44155
6.443875
6.459025
6.4594
6.459475
6.478875
6.483925
6.49055
6.498075
6.50465
6.511425
6.537875
6.594075
6.607725
6.620775
6.631725
6.648425
6.689775
6.690275
6.703725
6.70425
6.706325
6.716725
6.72735
6.7274
6.7302
6.730775
6.738275
6.739
6.739275
6.7455
6.7479
6.752075
6.783
6.788175
6.7883
6.789775
6.791225
6.794675
6.796725
6.799275
6.81255
6.825175
6.827525
6.843375
6.8497
6.853625
6.859775
6.865675
6.8831
6.927125
6.932225
6.94435
6.994425
7.001175
7.0095
7.014275
7.025025
7.0296
7.03935
7.04065
7.043175
7.0438
7.060075
7.065075
7.06575
7.074175
7.074225
7.086975
7.123075
7.145025
7.146375
7.16965
7.171475
7.173025
7.178875
7.192125
7.196325
7.202475
7.206925
7.288925
7.3052
7.305925
7.306425
7.3124
7.31705
7.320575
7.338475
7.348125
7.3535
7.35485
7.36465
7.364675
7.385125
7.3953
7.412425
7.456775
7.46125
7.5136
7.523925
7.538725
7.5527
7.564275
7.57855
7.590525
7.601375
7.60425
7.6086
7.62
7.621825
7.62285
7.6255
7.628425
7.628875
7.6453
7.661675
7.663275
7.664875
7.6666
7.6669
7.667125
7.67455
7.6873
7.690025
7.696625
7.701225
7.709275
7.7127
7.7175
7.722825
7.749925
7.772475
7.782775
7.80075
7.80895
7.844325
7.859225
7.863175
7.8654
7.867975
7.8875
7.901
7.903925
7.913875
7.920225
7.92985
7.933375
7.94095
7.951125
7.966325
7.970825
7.9721
7.97875
7.980175
7.98145
7.99655
8.002775
8.017525
8.0184
8.018625
8.0251
8.04005
8.0656
8.068725
8.0755
8.116075
8.1339
8.139
8.1988
8.204325
8.21555
8.222025
8.222175
8.22305
8.226775
8.228025
8.228975
8.23065
8.2351
8.242975
8.2476
8.25935
8.259675
8.260175
8.268025
8.298925
8.307025
8.310925
8.314925
8.345425
8.35055
8.3519
8.36455
8.411225
8.4183
8.43495
8.479125
8.5004
8.506175
8.511025
8.5163
8.52775
8.53345
8.5348
8.53815
8.554275
8.555775
8.557025
8.5736
8.5808
8.5913
8.605
8.605375
8.613875
8.62445
8.63245
8.663425
8.70135
8.76385
8.770575
8.781725
8.81915
8.837325
8.84225
8.856725
8.865475
8.8925
8.893925
8.89965
8.91355
8.91945
8.9211
8.922925
8.930075
8.93295
8.9351
8.943475
8.946325
9.0002
9.007275
9.01385
9.05475
9.063625
9.0808
9.099375
757
