0.036575
0.1031
0.111575
0.113475
0.11385
0.115075
0.11655
0.119625
0.12035
0.12135
0.1258
0.13
0.131875
0.1321
0.132475
0.13595
0.136025
0.145425
0.15035
0.15105
0.16475
0.180425
0.189725
0.215375
0.23335
0.24265
0.246575
0.260875
0.270925
0.285525
0.29945
0.30685
0.354275
0.379425
0.401025
0.411475
0.41405
0.41785
0.419575
0.4202
0.421625
0.43945
0.446475
0.450025
0.47055
0.489325
0.4942
0.495225
0.51325
0.52315
0.548525
0.559675
0.561925
0.5695
0.5703
0.593125
0.603225
0.607
0.6359
0.68
0.6902
0.706025
0.709325
0.71515
0.72005
0.7284
0.732175
0.734225
0.73925
0.7475
0.751675
0.75735
0.7598
0.765125
0.79215
0.803825
0.806975
0.8073
0.816875
0.836425
0.85055
0.865425
0.8759
0.87785
0.882475
0.924975
0.93375
0.934675
0.9541
0.95865
0.995875
1.001325
1.008875
1.01715
1.02365
1.035925
1.039075
1.044925
1.048375
1.0484
1.05205
1.054225
1.06145
1.068525
1.072275
1.077475
1.090125
1.0958
1.09925
1.1142
1.11435
1.11505
1.13515
1.160375
1.17845
1.1939
1.204925
1.207825
1.20865
1.2417
1.24425
1.263375
1.26595
1.2665
1.271975
1.29005
1.303775
1.305
1.3144
1.32995
1.334525
1.33925
1.36255
1.363575
1.374225
1.3787
1.380925
1.384775
1.38665
1.39795
1.406275
1.414625
1.42725
1.430125
1.448225
1.4494
1.451725
1.454375
1.45725
1.45935
1.473725
1.50475
1.510475
1.517775
1.53605
1.54465
1.545575
1.56155
1.5616
1.58525
1.6007
1.609225
1.618075
1.623425
1.63995
1.640725
1.64135
1.641625
1.6534
1.6628
1.66565
1.6693
1.6694
1.671875
1.674825
1.68605
1.69305
1.72205
1.7342
1.7773
1.797025
1.861675
1.89515
1.898025
1.903225
1.908575
1.91095
1.92065
1.92215
1.935875
1.93785
1.94205
1.944725
1.9475
1.95645
1.969825
1.970375
1.970725
1.975625
1.9811
1.985025
1.986025
1.99745
2.043425
2.05525
2.07925
2.094275
2.107025
2.11895
2.1421
2.15285
2.154575
2.1585
2.167125
2.19915
2.204225
2.2104
2.225225
2.225875
2.23625
2.242175
2.243775
2.2623
2.29495
2.30745
2.313825
2.319375
2.319675
2.334525
2.427175
2.4945
2.501325
2.520675
2.55105
2.55315
2.554175
2.557775
2.562425
2.563725
2.57655
2.581175
2.5901
2.5918
2.5928
2.59895
2.5995
2.609975
2.6216
2.623675
2.62965
2.641275
2.642125
2.643975
2.645675
2.6505
2.662225
2.663025
2.672475
2.6751
2.680925
2.6815
2.708875
2.73145
2.7857
2.8072
2.807675
2.825025
2.840275
2.8516
2.8571
2.85975
2.86
2.865575
2.879575
2.8828
2.8929
2.905025
2.938675
2.94915
2.968225
2.986125
2.989325
2.995125
3.0312
3.103775
3.1053
3.138225
3.15585
3.17015
3.176125
3.180925
3.182425
3.191625
3.2138
3.21445
3.21955
3.225975
3.2265
3.229875
3.232125
3.245175
3.2704
3.400575
3.401225
3.4037
3.406725
3.41195
3.417075
3.42885
3.43145
3.462325
3.469925
3.4728
3.49215
3.50985
3.510425
3.51435
3.516825
3.567325
3.5712
3.577175
3.58725
3.5901
3.594
3.60635
3.65995
3.702225
3.707875
3.71105
3.7128
3.71925
3.722975
3.73585
3.74205
3.744175
3.744725
3.748425
3.75525
3.756975
3.758175
3.7656
3.774825
3.777975
3.78125
3.8012
3.802475
3.815125
3.830175
3.846425
3.8478
3.854525
3.8624
3.8826
3.9466
3.9486
4.004375
4.0061
4.006325
4.021325
4.02265
4.02465
4.0264
4.029
4.032675
4.040375
4.04235
4.04355
4.044525
4.061175
4.064025
4.069775
4.076325
4.097975
4.100175
4.10075
4.1128
4.116675
4.15445
4.154925
4.19365
4.198925
4.1993
4.2036
4.299975
4.300575
4.30465
4.305175
4.312275
4.315625
4.3339
4.3438
4.3454
4.350775
4.35635
4.357275
4.371525
4.3797
4.422525
4.423225
4.427375
4.435575
4.43935
4.44175
4.4486
4.44995
4.4568
4.4613
4.4654
4.47565
4.48925
4.496875
4.5116
4.519675
4.527575
4.5592
4.579625
4.59375
4.600125
4.603425
4.6225
4.629275
4.629625
4.63315
4.648125
4.669575
4.673725
4.683375
4.68685
4.691325
4.694075
4.7113
4.715025
4.71735
4.7179
4.7198
4.722375
4.75115
4.754125
4.761625
4.765675
4.766075
4.788975
4.79575
4.80625
4.817625
4.819725
4.8282
4.83255
4.8328
4.84695
4.855275
4.9092
4.910075
4.919425
4.928175
4.95925
4.9662
4.9685
5.0089
5.01985
5.0223
5.0225
5.023325
5.0312
5.0676
5.0909
5.093625
5.096075
5.098525
5.115975
5.117675
5.138975
5.157225
5.1749
5.190925
5.192175
5.21655
5.2286
5.233325
5.236275
5.23915
5.24475
5.267875
5.270825
5.275825
5.276075
5.28615
5.29085
5.293025
5.3304
5.33625
5.339925
5.34265
5.360825
5.39235
5.394675
5.413525
5.465625
5.4893
5.50395
5.504875
5.50845
5.51725
5.51945
5.541275
5.550275
5.5531
5.5593
5.567
5.59705
5.60615
5.611425
5.615025
5.637875
5.6585
5.65945
5.698925
5.763225
5.784475
5.803675
5.8037
5.804575
5.805275
5.81495
5.8206
5.82565
5.826175
5.827075
5.8296
5.83525
5.8424
5.84275
5.85105
5.8541
5.8622
5.875425
5.8766
5.88635
5.8878
5.899425
5.920275
5.9252
5.9337
5.968325
5.981525
6.000275
6.03645
6.079975
6.10475
6.110725
6.12185
6.16045
6.165825
6.166475
6.167425
6.176825
6.1808
6.1999
6.211425
6.21425
6.2514
6.2538
6.28805
6.288275
6.2883
6.325025
6.3417
6.34905
6.35135
6.351725
6.358225
6.3638
6.377825
6.391425
6.40325
6.40925
6.41885
6.427175
6.429125
6.435625
6.45465
6.4581
6.461
6.48085
6.4888
6.4912
6.491725
6.49235
6.493775
6.5115
6.523225
6.529075
6.565075
6.5919
6.59795
6.621875
6.625375
6.643
6.64775
6.64905
6.65155
6.663225
6.700925
6.7051
6.71725
6.723475
6.726775
6.7275
6.74565
6.757
6.763025
6.764275
6.770375
6.790725
6.794225
6.8073
6.825775
6.828575
6.833125
6.8496
6.866975
6.8755
6.890425
6.90635
6.914375
6.935075
6.991775
6.99275
6.996875
7.004225
7.0071
7.014975
7.01545
7.018425
7.026025
7.02695
7.0443
7.04515
7.051175
7.05235
7.0734
7.07515
7.075875
7.08545
7.085875
7.0993
7.118175
7.1252
7.128175
7.1408
7.159075
7.1884
7.1946
7.23255
7.2337
7.2691
7.302775
7.304275
7.304425
7.3077
7.3135
7.31395
7.3166
7.317
7.319725
7.32255
7.339125
7.34445
7.35445
7.360025
7.3637
7.372425
7.3929
7.39455
7.398175
7.399675
7.400275
7.411525
7.4121
7.41405
7.42035
7.422225
7.42455
7.42675
7.436775
7.445975
7.453075
7.456175
7.4716
7.4982
7.50655
7.5199
7.553725
7.576875
7.6001
7.601825
7.605475
7.60775
7.60825
7.61535
7.617025
7.61955
7.622
7.635975
7.63685
7.654775
7.660425
7.6795
7.680575
7.682275
7.715675
7.724575
7.731475
7.736675
7.75585
7.757925
7.77885
7.863625
7.9023
7.903175
7.907075
7.909725
7.9112
7.91755
7.918875
7.919275
7.9316
7.933375
7.93485
7.935525
7.9538
7.969275
7.98235
7.9838
7.9933
8.009625
8.062675
8.092125
8.10715
8.127575
8.129525
8.15555
8.201325
8.2202
8.22705
8.23
8.23145
8.2315
8.231825
8.235875
8.237125
8.2445
8.25005
8.2601
8.27735
8.295525
8.307825
8.312825
8.3294
8.3375
8.376075
8.381725
8.39465
8.42975
8.441025
8.44545
8.487225
8.509775
8.51995
8.52
8.53885
8.539475
8.5499
8.551575
8.568425
8.576025
8.5885
8.59205
8.5964
8.601
8.613025
8.61705
8.62675
8.632
8.6347
8.656625
8.665775
8.6703
8.679975
8.689925
8.6907
8.695225
8.700325
8.713925
8.726425
8.73515
8.745325
8.761975
8.7896
8.82835
8.8695
8.879275
8.895275
8.9066
8.91885
8.924775
8.92725
8.927575
8.94435
8.95175
8.952125
8.977475
8.985425
8.999325
814
