0.1018
0.104725
0.104825
0.109325
0.122625
0.123625
0.12405
0.1256
0.13365
0.13555
0.15055
0.1566
0.177375
0.179325
0.1905
0.2043
0.2079
0.213125
0.21945
0.224525
0.22575
0.2543
0.260275
0.262225
0.263175
0.266075
0.309575
0.326375
0.332575
0.33875
0.349125
0.35425
0.4156
0.43665
0.43735
0.4531
0.46395
0.47125
0.545525
0.5808
0.586025
0.58935
0.656075
0.657975
0.715075
0.721325
0.7495
0.7613
0.76455
0.765175
0.766325
0.767575
0.7814
0.7928
0.806475
0.811075
0.847175
0.85515
0.872225
0.893475
0.913325
0.92035
0.9494
0.95295
0.9628
0.96495
1.006575
1.010575
1.01555
1.018
1.0243
1.04245
1.0617
1.066525
1.071075
1.11345
1.117825
1.1386
1.146525
1.1642
1.187325
1.1962
1.2025
1.2464
1.265725
1.273275
1.28005
1.30095
1.3012
1.308025
1.3246
1.342
1.351075
1.362
1.368175
1.40285
1.408625
1.41925
1.438475
1.49785
1.502375
1.522225
1.554325
1.573875
1.6007
1.6071
1.60935
1.61395
1.6161
1.616925
1.6179
1.623725
1.624825
1.62575
1.63505
1.63735
1.638125
1.6412
1.645
1.65555
1.656125
1.660475
1.675875
1.6854
1.686925
1.69085
1.691975
1.713725
1.71735
1.718175
1.750175
1.750525
1.752475
1.7607
1.76835
1.782225
1.7884
1.807925
1.831325
1.860225
1.874925
1.87845
1.893725
1.916475
1.916575
1.922925
1.9245
1.929625
1.9308
1.93605
1.949025
1.95425
1.974575
1.980225
2.000875
2.00365
2.0097
2.01915
2.034025
2.0349
2.05975
2.0628
2.06295
2.06635
2.07125
2.12005
2.126725
2.13575
2.1502
2.169125
2.190375
2.2052
2.21915
2.2192
2.222275
2.225725
2.230875
2.235525
2.26005
2.269525
2.27925
2.3017
2.3031
2.334525
2.3357
2.33805
2.37335
2.390975
2.43775
2.500875
2.50155
2.509925
2.51735
2.521925
2.522875
2.5329
2.55905
2.59855
2.603
2.609275
2.6098
2.612425
2.61685
2.64735
2.668175
2.672275
2.679175
2.6914
2.714
2.746575
2.7646
2.765475
2.795925
2.80015
2.80995
2.810225
2.8105
2.818875
2.8243
2.845375
2.84605
2.850875
2.859
2.864025
2.892775
2.8941
2.908125
2.9158
2.9211
2.9379
2.943075
2.9616
2.968325
2.9779
2.990675
3.00315
3.042525
3.046725
3.05915
3.09
3.10145
3.10815
3.112275
3.11315
3.1211
3.1244
3.129275
3.13385
3.147675
3.15685
3.165575
3.1812
3.18295
3.18815
3.189475
3.19055
3.1926
3.195775
3.2218
3.22425
3.226875
3.2377
3.24565
3.260075
3.262025
3.262375
3.298775
3.3222
3.335775
3.35665
3.4048
3.406775
3.410825
3.413
3.46705
3.469325
3.48375
3.484025
3.4908
3.492725
3.496325
3.517625
3.5215
3.53605
3.576125
3.5797
3.5849
3.624975
3.65675
3.657
3.6985
3.70015
3.7017
3.71195
3.712125
3.714775
3.71525
3.721925
3.7265
3.7266
3.742075
3.751075
3.7625
3.764025
3.7679
3.7701
3.789
3.790075
3.792275
3.79605
3.8363
3.839125
3.841725
3.847475
3.847625
3.850325
3.85495
3.8651
3.8669
3.876225
3.8894
3.8939
3.89425
3.8954
3.895475
3.94255
4.004825
4.00765
4.01115
4.028775
4.04775
4.0586
4.0611
4.09935
4.106325
4.146675
4.1541
4.161175
4.171525
4.1742
4.1818
4.208775
4.211975
4.302475
4.308725
4.329175
4.33365
4.334075
4.338925
4.342225
4.35065
4.357775
4.372675
4.380475
4.38725
4.399625
4.418775
4.41925
4.4303
4.443975
4.4495
4.509275
4.51055
4.515975
4.527625
4.529775
4.56405
4.564275
4.599525
4.604875
4.612225
4.61545
4.6174
4.63445
4.64795
4.65015
4.662675
4.663675
4.6717
4.6813
4.703175
4.713175
4.7161
4.722225
4.7338
4.734175
4.793075
4.7966
4.810825
4.853725
4.902225
4.904025
4.9078
4.915125
4.917325
4.92255
4.930475
4.93605
4.95385
4.97635
4.9875
5.010825
5.01475
5.01715
5.019525
5.0202
5.049125
5.05135
5.06575
5.069025
5.14165
5.142325
5.153725
5.1836
5.1933
5.202425
5.204375
5.216375
5.235725
5.23945
5.239775
5.255025
5.25515
5.28055
5.28475
5.285625
5.297375
5.298125
5.30525
5.3074
5.30895
5.316225
5.33445
5.335325
5.3595
5.3642
5.368475
5.3737
5.39455
5.39935
5.4249
5.4494
5.502475
5.502975
5.5114
5.51235
5.5168
5.5233
5.5755
5.5862
5.593625
5.603225
5.638425
5.656475
5.705475
5.72505
5.7691
5.7705
5.772775
5.776475
5.81045
5.81195
5.815575
5.83295
5.83685
5.838525
5.840325
5.846425
5.85785
5.86885
5.877575
5.880425
5.910975
5.921475
5.930925
5.957325
5.960575
5.970375
6.00045
6.014775
6.028975
6.04035
6.071075
6.076375
6.100125
6.121825
6.123875
6.135475
6.144875
6.1526
6.15335
6.167275
6.1681
6.168475
6.173075
6.1763
6.196475
6.1997
6.2115
6.232175
6.244625
6.265025
6.28715
6.32305
6.3343
6.366525
6.392275
6.406275
6.4064
6.41375
6.417925
6.422675
6.431325
6.434125
6.4347
6.439975
6.44565
6.44965
6.450825
6.46205
6.464525
6.464975
6.4786
6.4932
6.505275
6.52645
6.5265
6.5537
6.590575
6.59505
6.60015
6.603425
6.623375
6.635225
6.63535
6.637775
6.70915
6.720075
6.721675
6.725975
6.726975
6.73285
6.738975
6.73995
6.740425
6.760525
6.76325
6.7691
6.77415
6.7898
6.7906
6.7972
6.809425
6.809725
6.8143
6.817
6.832625
6.834125
6.93875
6.9624
7.0023
7.006375
7.0078
7.017975
7.0199
7.0211
7.022275
7.028625
7.03345
7.03605
7.036175
7.0431
7.048475
7.051975
7.05505
7.05575
7.056025
7.066725
7.067175
7.080325
7.0914
7.09335
7.108875
7.1103
7.127975
7.135025
7.182825
7.1972
7.20645
7.21135
7.213625
7.235225
7.237975
7.246475
7.2641
7.301875
7.318
7.32645
7.358575
7.3617
7.3758
7.384675
7.3937
7.400475
7.43875
7.44105
7.449775
7.465825
7.492275
7.50265
7.5043
7.50895
7.51455
7.544575
7.56965
7.58035
7.58885
7.60005
7.601775
7.6077
7.61215
7.617025
7.622125
7.62335
7.63535
7.653725
7.655925
7.671125
7.676475
7.68125
7.690275
7.69455
7.696825
7.7104
7.711125
7.723175
7.730575
7.7312
7.733875
7.743875
7.764575
7.795075
7.7988
7.80105
7.809
7.820375
7.821125
7.833325
7.855175
7.90095
7.9093
7.91245
7.928475
7.940625
7.95075
7.9539
7.954925
7.965425
7.970575
7.975775
7.981975
7.98675
7.993025
7.99635
7.998875
7.99985
8.010325
8.028325
8.031125
8.087375
8.10035
8.101325
8.11815
8.136475
8.17165
8.213
8.2194
8.220775
8.227175
8.2458
8.250375
8.251925
8.271125
8.293125
8.293325
8.332725
8.373475
8.3881
8.4166
8.41775
8.463375
8.465425
8.46875
8.47575
8.4836
8.493
8.493025
8.501625
8.5071
8.50805
8.5118
8.5218
8.5223
8.524625
8.52685
8.534075
8.542725
8.543975
8.550125
8.551625
8.55495
8.565375
8.5699
8.5872
8.603875
8.604825
8.619825
8.645425
8.653775
8.663825
8.66825
8.6856
8.73905
8.794525
8.8116
8.820625
8.8236
8.84635
8.866775
8.887625
8.887875
8.890125
8.89405
8.89415
8.91755
8.932475
8.9364
8.94535
8.94645
8.9472
8.948025
8.95135
8.95895
8.96315
8.980475
8.99045
9.00345
9.07275
9.07295
749
