0.101
0.11475
0.120425
0.124225
0.1302
0.14435
0.145
0.15295
0.15475
0.154925
0.15775
0.15885
0.161375
0.161725
0.16185
0.170925
0.2113
0.244575
0.254875
0.262825
0.290625
0.31845
0.32065
0.390275
0.41125
0.411925
0.412
0.4155
0.4592
0.464925
0.480525
0.4909
0.50005
0.502625
0.502875
0.50765
0.507825
0.51395
0.521625
0.544375
0.5525
0.55875
0.597275
0.616575
0.63395
0.646125
0.6636
0.68535
0.7018
0.719425
0.71985
0.728625
0.72935
0.7302
0.736425
0.739575
0.74745
0.7568
0.758225
0.7596
0.7617
0.7839
0.79115
0.79945
0.8004
0.806575
0.818225
0.82755
0.828775
0.836325
0.83645
0.842925
0.851775
0.8523
0.86615
0.905725
0.93855
0.94065
0.956775
0.957525
0.959475
0.9795
0.98945
1.00625
1.013975
1.0301
1.0345
1.03835
1.05625
1.0747
1.086225
1.104975
1.10565
1.1156
1.115825
1.12275
1.138525
1.152675
1.1575
1.179975
1.205875
1.223775
1.249775
1.25405
1.279425
1.309475
1.3135
1.325775
1.335225
1.33715
1.33915
1.339175
1.3429
1.343875
1.346275
1.351925
1.364425
1.3683
1.3722
1.3771
1.38515
1.3862
1.38855
1.402775
1.4089
1.446925
1.449475
1.451075
1.49355
1.496825
1.517475
1.539075
1.557475
1.580825
1.597675
1.6018
1.60185
1.60445
1.61255
1.615225
1.62125
1.629825
1.640925
1.64765
1.678475
1.694
1.75185
1.7704
1.771125
1.81615
1.817225
1.821825
1.8261
1.86405
1.8968
1.9014
1.902175
1.903075
1.907175
1.91175
1.91665
1.92565
1.9291
1.932025
1.93325
1.9343
1.955125
1.9681
1.9724
1.97655
1.97875
1.97955
1.987925
2.0003
2.006975
2.00985
2.014575
2.01835
2.018875
2.022225
2.053725
2.067375
2.068
2.10725
2.14695
2.15905
2.177275
2.19065
2.202775
2.2105
2.214625
2.216
2.223525
2.225375
2.229175
2.23085
2.2322
2.2342
2.253175
2.259175
2.2739
2.285425
2.28715
2.3006
2.3231
2.324175
2.326725
2.33
2.338475
2.343325
2.355325
2.360225
2.365
2.3861
2.42235
2.445325
2.461175
2.46935
2.488225
2.49495
2.50035
2.507875
2.51115
2.51825
2.520275
2.52245
2.5319
2.538875
2.540675
2.544675
2.548975
2.552375
2.557025
2.561275
2.567175
2.5726
2.575725
2.579975
2.588275
2.595875
2.604525
2.6046
2.606875
2.615725
2.6246
2.6259
2.64355
2.643675
2.6442
2.660125
2.6692
2.672375
2.673875
2.6767
2.681425
2.696575
2.69745
2.7034
2.71935
2.749975
2.7573
2.788125
2.801375
2.801525
2.83625
2.853075
2.859975
2.860625
2.87535
2.895175
2.902525
2.903375
2.9276
2.95985
2.9667
2.97545
2.9795
2.985425
2.995875
3.002125
3.038525
3.06905
3.102725
3.107625
3.109675
3.11595
3.125825
3.1283
3.1297
3.139825
3.1417
3.146325
3.150825
3.15485
3.160925
3.168725
3.185375
3.19625
3.2034
3.205475
3.225175
3.230175
3.2334
3.240525
3.257125
3.26255
3.2809
3.293675
3.30925
3.33185
3.345775
3.3593
3.374125
3.38905
3.404475
3.407175
3.40745
3.408475
3.422675
3.424175
3.4259
3.42785
3.43265
3.43455
3.43915
3.43925
3.440325
3.452525
3.45465
3.469375
3.478175
3.496125
3.503425
3.5036
3.505525
3.509125
3.531725
3.5505
3.564925
3.58955
3.66575
3.7123
3.726925
3.738575
3.7451
3.74725
3.747325
3.759125
3.760225
3.761175
3.76815
3.791425
3.7943
3.797425
3.79915
3.806925
3.8113
3.814575
3.815825
3.816
3.871225
3.873225
3.881875
3.89275
3.895075
3.8966
3.928875
3.9362
3.9583
3.9848
3.985375
3.9885
4.009325
4.02685
4.0314
4.03325
4.0482
4.0577
4.0607
4.070775
4.0851
4.092775
4.098825
4.110825
4.11685
4.136975
4.1908
4.192125
4.255
4.3151
4.31805
4.32185
4.32485
4.325075
4.325375
4.325825
4.331925
4.3328
4.333575
4.33445
4.339625
4.3582
4.3599
4.38535
4.389025
4.398975
4.412725
4.422725
4.436975
4.465425
4.4763
4.486975
4.499975
4.51145
4.538925
4.543375
4.6026
4.6147
4.616325
4.617
4.62055
4.6253
4.626125
4.626175
4.6474
4.659675
4.66145
4.661975
4.66695
4.6706
4.677825
4.691925
4.700225
4.703525
4.705625
4.708325
4.709525
4.717475
4.7199
4.7258
4.731725
4.75075
4.7639
4.784325
4.78925
4.837325
4.85395
4.89175
4.902875
4.90455
4.9063
4.906825
4.91995
4.96415
4.97195
4.9736
4.980725
4.987325
4.988825
4.991725
5.005125
5.01535
5.02445
5.0441
5.0492
5.067625
5.083575
5.08925
5.09075
5.097275
5.101725
5.105575
5.11085
5.124475
5.13935
5.17765
5.180925
5.20215
5.223425
5.224825
5.23655
5.236825
5.23975
5.241625
5.2437
5.244725
5.259725
5.2732
5.274875
5.286675
5.297175
5.305125
5.334525
5.369425
5.3776
5.3784
5.380275
5.41435
5.4225
5.475925
5.5086
5.51215
5.527175
5.52805
5.534325
5.54085
5.5619
5.569325
5.57085
5.57565
5.597925
5.600325
5.602225
5.622225
5.625375
5.62575
5.634475
5.65955
5.679925
5.688575
5.69025
5.76835
5.797025
5.80015
5.802125
5.814375
5.8237
5.82775
5.837425
5.838175
5.841725
5.8426
5.85245
5.854475
5.855525
5.860325
5.86975
5.870375
5.8745
5.92485
5.925975
5.9306
5.94935
5.961925
5.99595
6.015575
6.0314
6.0716
6.083125
6.09115
6.10115
6.103975
6.1049
6.11215
6.117775
6.12055
6.12305
6.1351
6.14045
6.17485
6.175525
6.191675
6.195275
6.19805
6.209625
6.213325
6.217075
6.22855
6.263725
6.274375
6.28185
6.348925
6.3987
6.401575
6.406525
6.4131
6.4182
6.426625
6.42795
6.4349
6.43885
6.4471
6.45485
6.4569
6.462125
6.47205
6.47445
6.480275
6.493
6.528075
6.560725
6.598225
6.618075
6.622725
6.673925
6.689825
6.705025
6.7082
6.7265
6.7419
6.759625
6.76105
6.7877
6.79255
6.797925
6.801925
6.8205
6.823475
6.825925
6.828425
6.83245
6.863775
6.868575
6.8968
6.9277
6.9563
6.95975
6.965875
6.981975
7.002825
7.00595
7.0138
7.014775
7.02505
7.0263
7.034575
7.040575
7.05575
7.057475
7.06165
7.0694
7.069525
7.074275
7.07485
7.092375
7.103625
7.104725
7.109425
7.1106
7.111775
7.16815
7.17855
7.2009
7.24235
7.256775
7.2669
7.281825
7.2983
7.3011
7.3044
7.311275
7.313625
7.3233
7.330925
7.332525
7.336025
7.338825
7.342775
7.34915
7.358325
7.388125
7.390075
7.393475
7.39935
7.423475
7.4313
7.434775
7.435925
7.439625
7.450275
7.492575
7.502125
7.511025
7.595875
7.6004
7.60745
7.61185
7.61245
7.61785
7.619975
7.628775
7.632125
7.6451
7.670975
7.68425
7.707175
7.731
7.74185
7.76345
7.764625
7.774375
7.775575
7.807175
7.834375
7.843725
7.847225
7.871375
7.9011
7.919775
7.923025
7.9261
7.928375
7.931575
7.9328
7.9408
7.942025
7.9584
7.97095
7.977475
7.97985
7.987775
7.99025
7.99585
8.012525
8.032125
8.049075
8.05015
8.05235
8.054275
8.0733
8.094875
8.105925
8.10645
8.1115
8.1259
8.148925
8.1654
8.20335
8.203575
8.2165
8.22385
8.2451
8.257475
8.2757
8.281
8.281925
8.295975
8.29695
8.3157
8.3189
8.322575
8.3248
8.364825
8.36635
8.41095
8.413675
8.457175
8.4681
8.48215
8.504525
8.506725
8.5075
8.531675
8.55025
8.5508
8.55835
8.5618
8.56245
8.569825
8.574475
8.581075
8.58595
8.586325
8.60595
8.613125
8.6309
8.653475
8.673825
8.674425
8.6906
8.70975
8.7215
8.723225
8.739625
8.740825
8.749025
8.784475
8.8017
8.8047
8.810575
8.814775
8.819175
8.839825
8.841475
8.851925
8.87385
8.905625
8.917475
8.9244
8.933575
8.94425
8.967275
9.05545
793
