0.0626
0.105325
0.1089
0.10975
0.112675
0.1132
0.11435
0.1149
0.120675
0.1272
0.1349
0.14385
0.150875
0.155225
0.156475
0.164025
0.173
0.1751
0.179975
0.1811
0.1812
0.1846
0.18645
0.189825
0.19795
0.2028
0.208
0.209775
0.22995
0.2474
0.248025
0.275325
0.29485
0.294975
0.302975
0.303125
0.311825
0.33045
0.370575
0.38515
0.4027
0.405175
0.40635
0.407425
0.408525
0.426675
0.434175
0.434575
0.437375
0.440025
0.45915
0.47505
0.487025
0.4905
0.491375
0.499925
0.52385
0.526875
0.57975
0.615675
0.61585
0.619925
0.6487
0.65495
0.668525
0.6789
0.70365
0.7039
0.7181
0.737775
0.7408
0.74795
0.75835
0.760475
0.773275
0.779
0.786
0.817875
0.819125
0.830875
0.852825
0.854275
0.856725
0.859975
0.860075
0.883325
0.89005
0.891525
0.942175
0.967775
0.9757
1.020775
1.024
1.0411
1.076225
1.096375
1.0993
1.1034
1.108125
1.148675
1.164875
1.17305
1.18025
1.229
1.24015
1.26045
1.302075
1.3328
1.33885
1.339275
1.342275
1.348775
1.351875
1.355525
1.3576
1.357825
1.377825
1.39155
1.39225
1.449725
1.45335
1.4666
1.468825
1.480075
1.4985
1.5183
1.534475
1.549425
1.582875
1.602875
1.6106
1.611825
1.620175
1.625325
1.6293
1.63555
1.649725
1.65455
1.663325
1.67485
1.697675
1.701775
1.7087
1.713025
1.717075
1.71885
1.721675
1.728
1.729175
1.74295
1.76015
1.7606
1.7759
1.806925
1.8224
1.827725
1.8332
1.843675
1.8992
1.903975
1.90535
1.909525
1.921175
1.923125
1.92465
1.9328
1.94235
1.945725
1.950525
1.9513
1.958425
1.965325
1.96725
1.967775
1.970325
1.976275
2.003875
2.017575
2.0236
2.0283
2.0284
2.036875
2.0437
2.04965
2.05625
2.064425
2.06785
2.08005
2.08185
2.08405
2.103975
2.112875
2.113625
2.113925
2.138475
2.14075
2.15075
2.170975
2.191875
2.2085
2.209225
2.211525
2.215225
2.224025
2.22515
2.24405
2.25495
2.258025
2.26135
2.26425
2.2855
2.321575
2.321825
2.32645
2.35485
2.356825
2.364475
2.378
2.39015
2.393375
2.490775
2.495225
2.515175
2.519075
2.523275
2.524475
2.52655
2.539625
2.553575
2.55905
2.57285
2.5765
2.5808
2.58505
2.587175
2.590475
2.597625
2.597925
2.599425
2.60155
2.6088
2.624925
2.6495
2.66575
2.6779
2.735075
2.73875
2.74405
2.787225
2.800075
2.80335
2.8108
2.8157
2.821625
2.831025
2.833925
2.83945
2.86355
2.86465
2.869475
2.8711
2.914975
2.937525
2.94065
2.94765
2.955375
2.95915
2.963175
2.96595
2.993125
3.02875
3.032975
3.0389
3.047475
3.074125
3.0881
3.107375
3.150225
3.1528
3.1534
3.159125
3.163325
3.16485
3.166
3.168375
3.1784
3.19115
3.210775
3.226875
3.228425
3.2329
3.2669
3.2897
3.296025
3.303825
3.318
3.31905
3.324725
3.3635
3.38055
3.388575
3.40025
3.4137
3.416025
3.4202
3.424675
3.431875
3.43415
3.44015
3.44935
3.451975
3.462625
3.4677
3.486675
3.51685
3.51965
3.52045
3.525725
3.53055
3.540675
3.5522
3.56685
3.62185
3.65895
3.665275
3.7041
3.70675
3.71295
3.731575
3.74605
3.759825
3.772725
3.79305
3.795125
3.801575
3.86905
3.8713
3.8863
3.922225
3.9289
3.94345
3.94885
3.97215
3.98715
4.005925
4.009325
4.01
4.010325
4.02205
4.027875
4.0369
4.042825
4.051425
4.05165
4.062875
4.07235
4.073625
4.075925
4.08525
4.0907
4.093075
4.09315
4.095975
4.0964
4.100975
4.108025
4.127925
4.1423
4.143825
4.148475
4.1732
4.204375
4.214325
4.21755
4.22395
4.25415
4.254925
4.273675
4.2773
4.2801
4.315675
4.31785
4.32305
4.325175
4.326175
4.327325
4.3278
4.351675
4.3683
4.373075
4.373525
4.380875
4.389525
4.39675
4.41645
4.42725
4.44295
4.452225
4.461
4.48315
4.483425
4.520025
4.5612
4.595025
4.6022
4.6108
4.617725
4.62795
4.64455
4.648025
4.6542
4.66885
4.6708
4.68045
4.681
4.684875
4.689575
4.691825
4.711375
4.730525
4.73255
4.759475
4.768725
4.801925
4.80435
4.8055
4.81305
4.833125
4.838225
4.8705
4.90315
4.946825
4.94725
4.951
4.95145
4.958825
4.962225
4.9681
4.97385
4.98155
4.98275
4.9993
5.022225
5.02585
5.040425
5.04585
5.062825
5.0754
5.1031
5.1128
5.118025
5.122875
5.13745
5.163675
5.202175
5.2085
5.219625
5.23655
5.245975
5.25635
5.2687
5.28155
5.289
5.315675
5.329875
5.343375
5.3575
5.392825
5.3936
5.39385
5.409875
5.414075
5.41895
5.42025
5.423225
5.46685
5.492575
5.51725
5.5282
5.543475
5.5487
5.549625
5.561725
5.5678
5.60435
5.611525
5.613175
5.63505
5.636575
5.645525
5.663025
5.6756
5.701675
5.709325
5.709875
5.719975
5.7484
5.761425
5.79275
5.8124
5.8164
5.818775
5.8289
5.8338
5.848775
5.854475
5.856525
5.872875
5.87485
5.880675
5.890875
5.89875
5.914875
5.916175
5.943475
5.94835
5.956275
5.9705
5.9763
5.9822
6.002475
6.07615
6.08015
6.09165
6.094425
6.0992
6.110425
6.121675
6.127525
6.12955
6.139875
6.147775
6.1488
6.149275
6.183025
6.190325
6.191125
6.195575
6.20695
6.22565
6.2404
6.2655
6.3067
6.311
6.38225
6.4007
6.4062
6.40995
6.41285
6.42335
6.426925
6.42755
6.427875
6.440425
6.44995
6.450475
6.455225
6.459925
6.460975
6.46625
6.47725
6.484725
6.49775
6.51035
6.5196
6.53535
6.54635
6.5685
6.5861
6.595275
6.6445
6.6616
6.6726
6.700675
6.70295
6.70965
6.712525
6.71255
6.716525
6.717725
6.725275
6.72535
6.730275
6.73325
6.73655
6.740525
6.743575
6.74575
6.758325
6.763025
6.768775
6.7762
6.776825
6.780125
6.797475
6.823225
6.830725
6.8396
6.852775
6.85695
6.877725
6.892775
6.9026
6.92145
6.9518
6.957
6.967675
7.00335
7.005525
7.014125
7.042625
7.0461
7.047425
7.0475
7.05345
7.05445
7.060325
7.077225
7.080025
7.08205
7.113
7.114475
7.12575
7.158925
7.17235
7.188225
7.200275
7.26755
7.268775
7.270775
7.300375
7.307375
7.319475
7.322225
7.342525
7.352675
7.35305
7.36405
7.368275
7.375475
7.376225
7.3793
7.38005
7.382575
7.3881
7.42805
7.46665
7.481275
7.4831
7.484475
7.5132
7.53205
7.545175
7.571725
7.57325
7.5751
7.587525
7.600075
7.6028
7.608925
7.610775
7.627125
7.627375
7.648575
7.65505
7.656425
7.664175
7.681625
7.692825
7.69435
7.69595
7.704125
7.717925
7.7287
7.734175
7.753325
7.75695
7.75705
7.76195
7.783775
7.8549
7.8821
7.893275
7.9033
7.9087
7.93515
7.9356
7.936775
7.9408
7.94445
7.951975
7.9524
7.95355
7.957825
7.961925
7.964125
7.967325
7.979025
7.997175
8.00095
8.014425
8.039025
8.064
8.083
8.097875
8.1197
8.121725
8.13725
8.1922
8.200625
8.20125
8.205975
8.21
8.2149
8.215375
8.216025
8.229075
8.2311
8.234
8.23665
8.250125
8.250625
8.25105
8.27605
8.277775
8.282325
8.2922
8.29525
8.2957
8.29675
8.306025
8.31675
8.339
8.372925
8.40535
8.418825
8.5012
8.501775
8.505975
8.51655
8.516725
8.516825
8.51985
8.520475
8.525875
8.5291
8.53285
8.55145
8.5642
8.568625
8.581475
8.600925
8.6128
8.62095
8.62815
8.634475
8.637025
8.64295
8.683775
8.691325
8.70025
8.70615
8.7166
8.725375
8.738125
8.76285
8.80215
8.8068
8.816875
8.82665
8.839525
8.8478
8.84945
8.87075
8.874625
8.876925
8.878175
8.88065
8.88435
8.89225
8.910175
8.9143
8.91995
8.93745
8.9451
8.94705
8.957325
8.967225
8.9728
8.9786
8.99355
8.994825
8.997775
9.01765
9.022425
9.054575
9.059275
9.069575
9.084725
799
