0.118875
0.12105
0.1286
0.152375
0.1597
0.1669
0.17735
0.18505
0.20105
0.207175
0.220825
0.247275
0.2695
0.270625
0.27615
0.287525
0.300975
0.363925
0.371725
0.395875
0.4034
0.406575
0.4129
0.4144
0.429525
0.43325
0.433875
0.434975
0.435775
0.446
0.44715
0.4576
0.489025
0.50705
0.5094
0.51395
0.52895
0.5359
0.53635
0.54
0.60025
0.648225
0.6977
0.711725
0.737575
0.741275
0.747125
0.751175
0.7601
0.763125
0.776175
0.776525
0.780625
0.801275
0.81175
0.8205
0.83665
0.85255
0.8651
0.88905
0.8955
0.89875
0.903475
0.948175
0.959125
0.97685
0.99095
1.013875
1.0201
1.02355
1.02875
1.035675
1.036775
1.041275
1.0459
1.047025
1.0493
1.0529
1.0641
1.0779
1.09035
1.09165
1.09985
1.111975
1.1224
1.1243
1.143525
1.1829
1.18395
1.187475
1.233475
1.24185
1.2583
1.263825
1.30095
1.313075
1.322425
1.3253
1.327125
1.3302
1.331625
1.354175
1.35695
1.35985
1.373075
1.382175
1.383225
1.38795
1.3985
1.430475
1.4501
1.456775
1.457025
1.459325
1.4607
1.4626
1.462625
1.4779
1.481625
1.49695
1.509525
1.512
1.5277
1.55735
1.60865
1.61445
1.61895
1.622325
1.623975
1.646125
1.658375
1.673625
1.675125
1.677725
1.6788
1.6814
1.689375
1.691625
1.722125
1.72395
1.72915
1.743075
1.751675
1.77835
1.784325
1.790475
1.79275
1.806725
1.812925
1.81525
1.828675
1.844575
1.8729
1.895325
1.900825
1.934275
1.93615
1.93815
1.9499
1.959675
1.9605
1.963275
1.97005
1.981675
2.007025
2.0092
2.016275
2.029575
2.031025
2.0554
2.055625
2.07
2.075725
2.084175
2.10535
2.1078
2.205475
2.2148
2.22975
2.238175
2.242925
2.255625
2.2594
2.26485
2.283125
2.2974
2.3041
2.31065
2.31405
2.34405
2.348575
2.3578
2.36215
2.4012
2.4115
2.427075
2.43605
2.49735
2.500375
2.506875
2.508375
2.511225
2.514025
2.5277
2.529275
2.53525
2.5355
2.535575
2.538725
2.5419
2.545
2.5489
2.5493
2.549725
2.55235
2.55705
2.561025
2.564825
2.569575
2.5736
2.57515
2.5803
2.582975
2.6056
2.61265
2.652575
2.6837
2.69395
2.699275
2.70605
2.73545
2.74285
2.747475
2.748625
2.7871
2.8005
2.813975
2.819
2.83125
2.8377
2.8546
2.856175
2.8599
2.860225
2.895675
2.9031
2.903275
2.908625
2.9414
2.943625
2.95085
2.95145
2.973675
2.98665
2.994925
3.02605
3.02635
3.095925
3.10325
3.1156
3.119475
3.12205
3.129775
3.13405
3.1362
3.141525
3.15805
3.16485
3.167025
3.1715
3.172
3.1841
3.190475
3.2074
3.2195
3.258075
3.2616
3.26915
3.3124
3.322375
3.325
3.393575
3.4051
3.412375
3.412525
3.4142
3.4171
3.423425
3.426275
3.44305
3.455575
3.488775
3.5032
3.504425
3.509575
3.517875
3.519875
3.54055
3.54505
3.56235
3.5812
3.597125
3.606725
3.6101
3.612875
3.6168
3.7041
3.7138
3.71705
3.7195
3.72435
3.726325
3.746425
3.7515
3.756425
3.764075
3.776775
3.78585
3.803575
3.81335
3.828375
3.829225
3.8297
3.84625
3.863825
3.866325
3.87965
3.88495
3.888375
3.9071
3.911925
3.931025
3.944
3.944525
3.99115
3.9923
4.007575
4.00905
4.011375
4.016925
4.0228
4.02335
4.027075
4.028875
4.0318
4.037775
4.043825
4.049125
4.0721
4.0764
4.079
4.0807
4.0819
4.1069
4.123475
4.12735
4.132275
4.133825
4.136525
4.136575
4.14095
4.1982
4.19825
4.20075
4.20795
4.231
4.26
4.266875
4.303125
4.30565
4.307025
4.319575
4.3234
4.32625
4.330175
4.3319
4.33235
4.338325
4.343075
4.356425
4.367525
4.3713
4.410725
4.427625
4.43635
4.447575
4.47815
4.487175
4.498525
4.518025
4.55255
4.55425
4.56515
4.609925
4.61135
4.634525
4.654225
4.6707
4.670925
4.673825
4.677525
4.7046
4.715125
4.73225
4.7391
4.7593
4.7727
4.792475
4.794825
4.797
4.81
4.824625
4.87525
4.915975
4.928725
4.93175
4.933275
4.9347
4.94565
4.946875
4.9558
4.960975
4.96605
4.968925
4.970975
4.9746
4.977375
4.9913
4.991425
5.01125
5.016825
5.0181
5.0319
5.03845
5.04425
5.052375
5.052675
5.0581
5.059225
5.15
5.1583
5.166525
5.1849
5.195175
5.216875
5.2262
5.236575
5.246725
5.255425
5.256675
5.266075
5.27885
5.311875
5.31405
5.31805
5.3288
5.36575
5.378875
5.3867
5.39235
5.392625
5.413075
5.442525
5.470275
5.476175
5.50355
5.51075
5.516125
5.5259
5.542425
5.54505
5.54845
5.5583
5.56025
5.560625
5.576075
5.60475
5.623675
5.624125
5.635725
5.6369
5.653575
5.68145
5.7037
5.704625
5.71185
5.71255
5.733175
5.8009
5.803275
5.803975
5.82145
5.8218
5.837975
5.84
5.8413
5.841675
5.854975
5.87415
5.880775
5.88925
5.892025
5.895075
5.900825
5.915575
5.923625
5.925925
5.928625
5.929425
5.9317
5.940575
5.962475
5.9785
5.994625
6.003875
6.01985
6.020025
6.04385
6.06745
6.101675
6.106825
6.117075
6.11955
6.13335
6.13515
6.139375
6.1396
6.15735
6.159775
6.161025
6.1824
6.2062
6.2088
6.209225
6.219575
6.2312
6.232475
6.248425
6.258325
6.26445
6.279025
6.2899
6.316075
6.397475
6.401075
6.407175
6.407975
6.4095
6.419925
6.423275
6.42885
6.43125
6.451425
6.45225
6.453125
6.4635
6.467475
6.485475
6.4867
6.49695
6.5049
6.5244
6.52525
6.584375
6.59555
6.6199
6.6209
6.640975
6.65505
6.669425
6.672125
6.70335
6.7061
6.734625
6.737325
6.743825
6.75195
6.755525
6.768875
6.778825
6.7941
6.7952
6.801475
6.8025
6.81825
6.819475
6.82115
6.82815
6.833625
6.837175
6.8521
6.871925
6.875325
6.892675
6.920325
6.933325
6.953475
6.96325
6.963325
6.97665
6.985075
7.002675
7.011675
7.012975
7.02455
7.0265
7.04495
7.047125
7.05025
7.05565
7.06065
7.070875
7.07345
7.081525
7.0873
7.092275
7.096625
7.122275
7.150375
7.159725
7.17805
7.197775
7.2105
7.220275
7.233975
7.235275
7.240025
7.2562
7.264475
7.2785
7.300725
7.3096
7.31145
7.318125
7.3194
7.321175
7.336125
7.344525
7.353175
7.3546
7.3641
7.374125
7.3783
7.3786
7.381675
7.4036
7.404225
7.4062
7.407675
7.4086
7.410125
7.41325
7.421925
7.42755
7.4314
7.44245
7.45555
7.466125
7.522525
7.528125
7.54605
7.55535
7.5616
7.602675
7.623275
7.623775
7.625925
7.63645
7.6382
7.64965
7.6502
7.66535
7.66635
7.669175
7.684325
7.7008
7.725275
7.726275
7.730275
7.752375
7.770525
7.777525
7.787875
7.7934
7.8027
7.8115
7.81535
7.859675
7.9111
7.914625
7.91575
7.91695
7.917975
7.9231
7.93595
7.945025
7.953025
7.953575
7.96875
7.9707
7.97265
7.97725
7.9933
7.999675
8.005225
8.0062
8.0208
8.024675
8.0315
8.035825
8.04585
8.045925
8.08425
8.091275
8.0994
8.099975
8.1395
8.1429
8.1452
8.202375
8.208775
8.210825
8.21475
8.218025
8.21985
8.225525
8.226375
8.2268
8.23285
8.2414
8.258525
8.2676
8.275275
8.32885
8.33755
8.342175
8.396625
8.4207
8.44005
8.49085
8.4941
8.50985
8.522525
8.523375
8.524575
8.528025
8.530725
8.5316
8.556775
8.56215
8.574575
8.5793
8.581275
8.625675
8.6306
8.632175
8.633025
8.64365
8.663025
8.671525
8.6887
8.69895
8.72175
8.757975
8.768675
8.801125
8.80755
8.8134
8.819375
8.822825
8.828025
8.829325
8.82995
8.845975
8.84805
8.855525
8.862075
8.866675
8.8709
8.91895
8.92955
8.93405
8.937925
8.9498
8.9589
8.9621
8.96365
8.9964
9.01455
9.034025
9.0442
9.0635
9.08245
793
