0.08695
0.103775
0.11375
0.11545
0.117675
0.119275
0.125225
0.12585
0.127
0.129375
0.14665
0.14895
0.150075
0.1527
0.158825
0.159725
0.162775
0.17145
0.1791
0.18875
0.189375
0.20025
0.204325
0.2069
0.211175
0.21755
0.23865
0.24465
0.2525
0.2574
0.26285
0.294025
0.295275
0.2978
0.299375
0.330875
0.3358
0.42085
0.420875
0.440175
0.4483
0.449325
0.4495
0.470175
0.481925
0.489675
0.507075
0.52175
0.5372
0.557125
0.5686
0.579875
0.606625
0.619275
0.671375
0.68105
0.682175
0.708675
0.712425
0.71385
0.71585
0.731025
0.739225
0.7393
0.741
0.743525
0.79105
0.796575
0.805825
0.812825
0.828
0.8346
0.84635
0.854
0.85595
0.8628
0.86655
0.8896
0.895425
0.895525
0.912025
0.929325
0.947125
0.958575
0.98715
1.000625
1.003325
1.005775
1.005975
1.006075
1.01805
1.0219
1.0232
1.029925
1.052625
1.0614
1.068
1.070925
1.071825
1.0768
1.089975
1.09155
1.1413
1.150225
1.169825
1.2035
1.20625
1.21655
1.2339
1.2921
1.30205
1.303625
1.3123
1.317725
1.318525
1.337975
1.345275
1.35115
1.357725
1.360375
1.36085
1.364475
1.3713
1.375125
1.404
1.410375
1.429225
1.433925
1.45045
1.473125
1.5477
1.618425
1.6244
1.629875
1.6315
1.651375
1.658
1.6659
1.67545
1.68115
1.685275
1.706125
1.73525
1.740375
1.743275
1.749375
1.751725
1.77345
1.77675
1.78705
1.7917
1.793375
1.8049
1.838575
1.855175
1.8591
1.907175
1.90865
1.91295
1.95435
1.955675
1.95875
1.974925
1.9782
1.984125
1.9854
2.0083
2.0234
2.02375
2.0288
2.031175
2.040825
2.0477
2.053275
2.0732
2.0864
2.103
2.1175
2.153025
2.163575
2.180375
2.203
2.20385
2.21085
2.217925
2.226625
2.23255
2.23475
2.238275
2.245025
2.246425
2.2584
2.261175
2.270325
2.270625
2.273175
2.273825
2.2921
2.2947
2.32315
2.32925
2.331825
2.332425
2.3602
2.36445
2.36795
2.380875
2.4216
2.426275
2.4417
2.44965
2.45545
2.472075
2.47265
2.490975
2.499975
2.50255
2.508975
2.516825
2.516875
2.5208
2.5211
2.52425
2.5284
2.541525
2.546175
2.546275
2.546975
2.56785
2.57715
2.5949
2.6007
2.603975
2.61555
2.62955
2.63915
2.674375
2.67935
2.68255
2.699275
2.700375
2.702225
2.7244
2.7261
2.72735
2.760125
2.80585
2.80725
2.8123
2.81635
2.819275
2.8223
2.82625
2.848025
2.848525
2.854125
2.869875
2.8821
2.898825
2.92955
2.965375
2.993525
3.00195
3.04575
3.047
3.073125
3.0919
3.0986
3.111125
3.153925
3.16305
3.165275
3.17195
3.2148
3.217125
3.221075
3.22475
3.231075
3.24275
3.251075
3.27805
3.2867
3.291575
3.317375
3.332725
3.383425
3.3845
3.396325
3.418975
3.423925
3.4244
3.425175
3.446975
3.44955
3.450725
3.45545
3.455475
3.455575
3.462125
3.46295
3.467375
3.47085
3.50565
3.518375
3.518725
3.5228
3.525825
3.530275
3.532125
3.551775
3.557625
3.567725
3.57365
3.589775
3.605
3.6086
3.60975
3.619425
3.63905
3.6449
3.646825
3.647925
3.65205
3.677125
3.701075
3.710575
3.714875
3.71905
3.722325
3.726625
3.729675
3.736475
3.742375
3.743825
3.745975
3.75305
3.760475
3.762175
3.77275
3.83075
3.8398
3.849175
3.8535
3.858475
3.87275
3.8859
3.88925
3.88945
3.891475
3.949775
3.9537
3.9914
4.0026
4.00475
4.00925
4.009875
4.01015
4.020725
4.025225
4.05105
4.057425
4.07535
4.075825
4.07645
4.077
4.0826
4.114375
4.122
4.144375
4.20655
4.21965
4.238225
4.247125
4.251025
4.30215
4.302375
4.30425
4.306575
4.307725
4.3183
4.32575
4.32795
4.3292
4.331725
4.340725
4.348025
4.354325
4.3592
4.361575
4.375775
4.38005
4.380325
4.3916
4.399275
4.3994
4.40135
4.401825
4.40615
4.452775
4.454875
4.47035
4.481525
4.500825
4.590975
4.5976
4.605375
4.613225
4.617475
4.618775
4.628225
4.6387
4.64535
4.645375
4.6497
4.651925
4.652225
4.673325
4.690975
4.6937
4.693825
4.6951
4.700475
4.7089
4.735025
4.761025
4.7738
4.80165
4.80545
4.80595
4.8269
4.82715
4.85475
4.863275
4.878
4.91075
4.917325
4.924075
4.93835
4.9393
4.939675
4.95185
4.95805
4.961
4.96285
4.9663
4.969525
4.97955
5.005825
5.008475
5.01045
5.011225
5.014825
5.041275
5.0472
5.051075
5.075775
5.101025
5.14125
5.15285
5.2105
5.217525
5.218675
5.22015
5.224525
5.22685
5.231525
5.235025
5.244075
5.24625
5.276825
5.277775
5.3004
5.300975
5.310275
5.32085
5.34535
5.3638
5.387925
5.389975
5.3907
5.40295
5.4136
5.415925
5.421175
5.44035
5.469175
5.506775
5.513775
5.51385
5.530825
5.532725
5.537025
5.549725
5.56555
5.568625
5.58275
5.584
5.601825
5.609875
5.6105
5.62495
5.629275
5.637275
5.63905
5.640925
5.642675
5.670075
5.675875
5.690525
5.70585
5.747075
5.760375
5.77405
5.781475
5.7978
5.806725
5.812825
5.816775
5.818925
5.8246
5.837125
5.847025
5.84905
5.85225
5.861925
5.880225
5.8805
5.883575
5.889725
5.89095
5.90355
5.907225
5.917925
5.9216
5.92995
5.93595
5.948175
6.020325
6.04355
6.048775
6.063025
6.079825
6.096475
6.100925
6.10115
6.1035
6.11625
6.1222
6.128975
6.135475
6.16065
6.169475
6.17805
6.19865
6.202875
6.223825
6.2318
6.252425
6.252525
6.2555
6.25845
6.27285
6.2766
6.310075
6.314025
6.3279
6.328275
6.403675
6.4043
6.4064
6.407725
6.408375
6.4087
6.40925
6.410025
6.412725
6.421725
6.428025
6.4287
6.432025
6.436675
6.44835
6.471225
6.479
6.480125
6.49085
6.4948
6.501425
6.50275
6.515775
6.523375
6.530375
6.534625
6.5421
6.591925
6.599575
6.624075
6.625775
6.626025
6.63985
6.652125
6.657525
6.678325
6.71305
6.71445
6.720825
6.72595
6.733025
6.7364
6.737175
6.739875
6.750325
6.756775
6.77325
6.7919
6.800025
6.8051
6.82365
6.83055
6.835475
6.839825
6.865975
6.88275
6.88315
6.88545
6.91685
6.91915
6.9573
7.0014
7.005425
7.009325
7.012975
7.014625
7.037475
7.0384
7.0552
7.0632
7.067325
7.072375
7.087275
7.090425
7.09745
7.1052
7.1144
7.14155
7.14575
7.17985
7.18055
7.215
7.223475
7.228975
7.23465
7.23605
7.25655
7.27135
7.28745
7.30425
7.30935
7.309575
7.315025
7.325325
7.3347
7.35995
7.363875
7.371225
7.3812
7.38885
7.389175
7.4052
7.410325
7.432675
7.433325
7.461875
7.464375
7.4706
7.481025
7.489275
7.50495
7.508775
7.547275
7.55575
7.56095
7.589375
7.5924
7.6026
7.605125
7.608025
7.629
7.631925
7.637025
7.656275
7.6697
7.672975
7.67575
7.70275
7.71445
7.77025
7.772925
7.775125
7.82325
7.851
7.853425
7.85555
7.887
7.901425
7.906625
7.91955
7.922225
7.928975
7.959925
7.99905
8.002025
8.018925
8.021975
8.0255
8.033075
8.06705
8.0882
8.129025
8.141025
8.1923
8.2058
8.21905
8.2224
8.226125
8.232425
8.23605
8.2417
8.241875
8.2719
8.2747
8.27965
8.2804
8.29105
8.30675
8.309475
8.316275
8.3378
8.34555
8.4265
8.43905
8.4392
8.4483
8.46655
8.5008
8.51315
8.52125
8.5217
8.528
8.531375
8.5362
8.5393
8.5536
8.564575
8.60965
8.61215
8.623075
8.6253
8.634025
8.6353
8.65095
8.659475
8.660925
8.70885
8.710125
8.725625
8.72785
8.730425
8.760225
8.762975
8.772375
8.78115
8.8027
8.815225
8.815375
8.817
8.839125
8.846425
8.85445
8.8587
8.860375
8.86415
8.877575
8.886275
8.895725
8.905725
8.912225
8.933575
8.9381
8.94455
8.979525
8.995575
9.00225
9.020075
9.0321
9.04865
9.079075
9.088225
798
