0.005775
0.105175
0.1058
0.107475
0.1083
0.111925
0.1191
0.12065
0.126525
0.130875
0.142375
0.1472
0.151625
0.177675
0.17815
0.1841
0.190975
0.197675
0.2172
0.218525
0.225125
0.230675
0.24245
0.252675
0.259925
0.263525
0.2648
0.291275
0.3
0.348575
0.34995
0.3681
0.375725
0.401025
0.4024
0.404725
0.41585
0.431025
0.4318
0.444675
0.453875
0.460775
0.4658
0.475475
0.5009
0.5056
0.508025
0.5082
0.562975
0.563725
0.5805
0.586875
0.593175
0.59555
0.607575
0.61535
0.6182
0.622475
0.638975
0.6577
0.70835
0.710675
0.7137
0.729975
0.753825
0.75705
0.781
0.80295
0.8107
0.813425
0.819025
0.826825
0.856275
0.883175
0.914175
0.930675
0.96675
0.972275
0.991925
1.002675
1.003375
1.008375
1.01
1.011475
1.011825
1.015925
1.0171
1.0271
1.02805
1.0305
1.0369
1.0432
1.047925
1.048475
1.052275
1.05595
1.084525
1.09325
1.1013
1.103775
1.1052
1.115975
1.1228
1.135175
1.155875
1.157975
1.211525
1.215125
1.216325
1.221425
1.23725
1.247425
1.255675
1.258375
1.282425
1.32135
1.326075
1.331275
1.335925
1.3391
1.3401
1.342625
1.364525
1.367575
1.374725
1.37965
1.40085
1.40235
1.455725
1.468225
1.488825
1.526725
1.535325
1.562825
1.603875
1.615825
1.617775
1.618025
1.6234
1.624175
1.627525
1.6309
1.637625
1.6387
1.6391
1.646825
1.649075
1.65435
1.660175
1.66025
1.661425
1.679275
1.703075
1.703575
1.7147
1.71655
1.731975
1.7352
1.778475
1.7902
1.797425
1.8033
1.810375
1.9007
1.90115
1.902775
1.9078
1.910775
1.9275
1.928775
1.93925
1.948
1.957175
1.95755
1.960675
1.9642
1.970725
1.9744
1.97835
1.982675
1.9907
1.9981
1.999825
2.002525
2.01925
2.021625
2.038125
2.040375
2.0443
2.04985
2.077525
2.07835
2.12875
2.138425
2.1582
2.168175
2.1737
2.20135
2.204275
2.21035
2.21885
2.2215
2.238975
2.250225
2.25465
2.259475
2.262825
2.27315
2.2795
2.280825
2.29645
2.318075
2.32125
2.323275
2.32495
2.3346
2.341625
2.358175
2.37885
2.44995
2.459775
2.49535
2.507225
2.51115
2.5117
2.5336
2.535175
2.535875
2.55145
2.564225
2.59505
2.601825
2.610975
2.61595
2.62255
2.6394
2.652025
2.6645
2.671475
2.67785
2.6824
2.695325
2.720275
2.754175
2.76285
2.7828
2.80405
2.8123
2.819675
2.821575
2.821775
2.82295
2.835075
2.847425
2.85165
2.852325
2.858975
2.85925
2.866225
2.873975
2.892025
2.89625
2.902775
2.9074
2.915125
2.923975
2.927475
2.970475
2.979775
2.98125
3.013725
3.02665
3.03185
3.0763
3.0841
3.0853
3.0973
3.10235
3.106675
3.1102
3.111075
3.113175
3.1198
3.12245
3.1302
3.1312
3.1519
3.15965
3.164675
3.182
3.18415
3.18525
3.18815
3.201625
3.209175
3.220525
3.225575
3.22655
3.23095
3.240525
3.24675
3.262825
3.281125
3.3061
3.33345
3.3576
3.368875
3.39245
3.4054
3.413
3.4163
3.41865
3.42425
3.428125
3.4336
3.436875
3.454025
3.45795
3.462225
3.4751
3.4793
3.4929
3.502
3.50305
3.506675
3.50875
3.518725
3.535975
3.537075
3.55025
3.5568
3.57615
3.58305
3.60275
3.641475
3.6689
3.6758
3.6959
3.700125
3.7017
3.707975
3.7188
3.71985
3.72295
3.72335
3.728975
3.74375
3.7444
3.7505
3.769675
3.7707
3.774125
3.782
3.784125
3.790525
3.8211
3.834625
3.8391
3.8414
3.852225
3.871325
3.900525
3.903225
3.9156
3.93635
3.94015
3.945375
3.94745
3.985075
3.99295
4.00285
4.007675
4.0211
4.028725
4.03295
4.034925
4.044775
4.045225
4.047825
4.067825
4.078125
4.081625
4.092
4.121
4.128175
4.130925
4.1421
4.152025
4.1609
4.162425
4.1878
4.1889
4.19505
4.224175
4.24845
4.25595
4.286425
4.30875
4.31135
4.31545
4.317475
4.32055
4.322825
4.329275
4.332475
4.335125
4.3356
4.3386
4.349225
4.3538
4.358
4.3653
4.3825
4.3968
4.416025
4.420575
4.422275
4.428775
4.44155
4.448425
4.45515
4.478925
4.489875
4.512825
4.5278
4.5463
4.548675
4.553125
4.607675
4.610375
4.611975
4.6196
4.63545
4.64005
4.643325
4.6451
4.651625
4.6577
4.657725
4.662025
4.6642
4.67825
4.68105
4.68685
4.692
4.7058
4.7071
4.71275
4.73575
4.736275
4.7434
4.77665
4.782725
4.794725
4.805825
4.821875
4.860125
4.869275
4.86945
4.873725
4.896725
4.898525
4.91185
4.919125
4.9206
4.9235
4.935125
4.9376
4.94195
4.962625
4.977725
4.9821
4.984875
4.995775
4.995975
5.0007
5.009275
5.009725
5.0132
5.02195
5.0239
5.0251
5.03515
5.065875
5.0681
5.0741
5.09225
5.12935
5.138275
5.15325
5.183025
5.201025
5.20515
5.205875
5.2062
5.208075
5.2115
5.213
5.213225
5.231525
5.239075
5.248175
5.259925
5.26905
5.27695
5.297825
5.300525
5.316975
5.3191
5.358325
5.3667
5.372475
5.3749
5.446175
5.5016
5.507125
5.5076
5.519075
5.5255
5.542625
5.543275
5.548425
5.554675
5.5585
5.560875
5.573625
5.583725
5.5876
5.59745
5.599725
5.61085
5.6349
5.650025
5.650075
5.650275
5.679975
5.681
5.686075
5.7306
5.767475
5.79075
5.81095
5.8208
5.821175
5.82125
5.8276
5.83595
5.846475
5.848375
5.850075
5.8561
5.858025
5.8669
5.870725
5.8832
5.909975
5.92305
5.967675
5.974675
5.99585
6.002625
6.03
6.034525
6.03535
6.095225
6.095425
6.116475
6.126925
6.133125
6.14085
6.151375
6.155
6.159775
6.1691
6.181275
6.1813
6.186725
6.189075
6.21105
6.211875
6.21395
6.21885
6.2264
6.232425
6.264025
6.2718
6.2749
6.2864
6.301475
6.305075
6.324875
6.407375
6.4131
6.413225
6.413275
6.415975
6.423475
6.42475
6.429625
6.434525
6.46165
6.46455
6.468825
6.491675
6.499975
6.503225
6.50525
6.51005
6.5168
6.538175
6.558875
6.566975
6.572675
6.577125
6.582525
6.582875
6.626375
6.635475
6.63655
6.644275
6.694125
6.7174
6.728
6.75145
6.752825
6.753825
6.7571
6.762475
6.7651
6.76555
6.78545
6.792825
6.80335
6.8045
6.807925
6.828075
6.839075
6.848425
6.86425
6.873125
6.876925
6.8794
6.884575
6.88585
6.885925
6.892175
6.896925
6.919625
6.925825
6.92955
6.9552
6.9658
6.976025
6.99905
7.02155
7.039875
7.0476
7.059425
7.070875
7.071625
7.08615
7.09115
7.094725
7.1053
7.106225
7.124475
7.1419
7.142375
7.178675
7.204925
7.226175
7.232525
7.240175
7.24725
7.25165
7.269225
7.280925
7.2908
7.3152
7.318375
7.3211
7.341
7.3449
7.35605
7.3719
7.380825
7.397275
7.40105
7.40965
7.425525
7.43065
7.43485
7.441475
7.4532
7.48115
7.490275
7.543325
7.547875
7.5641
7.565625
7.570675
7.580825
7.58425
7.585025
7.597025
7.60155
7.60255
7.605525
7.607075
7.61145
7.618375
7.626625
7.631975
7.643275
7.64355
7.649925
7.65655
7.662125
7.662375
7.67605
7.6776
7.686675
7.701675
7.73995
7.745925
7.7467
7.75415
7.755375
7.7597
7.78145
7.78515
7.79755
7.842575
7.85305
7.8591
7.8973
7.909325
7.910275
7.9257
7.94475
7.967375
7.970025
7.970075
7.973425
7.9933
7.99395
7.994375
8.003725
8.007475
8.008175
8.0135
8.0174
8.056025
8.05605
8.06355
8.0733
8.1438
8.19315
8.215925
8.222825
8.2236
8.232425
8.23485
8.237875
8.241875
8.246125
8.25075
8.257225
8.2633
8.267575
8.28535
8.2879
8.289175
8.29545
8.302425
8.305825
8.3108
8.313425
8.3664
8.3715
8.375275
8.38235
8.3859
8.402325
8.421625
8.430875
8.450575
8.500725
8.501675
8.506025
8.51195
8.518925
8.528925
8.536225
8.551925
8.564475
8.568425
8.57255
8.57525
8.601775
8.607375
8.611675
8.61365
8.625125
8.630675
8.630725
8.639
8.64
8.645375
8.655625
8.660525
8.66515
8.6722
8.67815
8.684025
8.69805
8.76325
8.800075
8.80025
8.8065
8.806675
8.81675
8.820575
8.825125
8.83165
8.835725
8.847525
8.8561
8.8618
8.86915
8.8694
8.870175
8.87845
8.88165
8.906725
8.91335
8.9451
8.955325
8.96435
8.974275
8.983325
8.9867
8.991025
9.002275
9.034075
9.073675
846
