0.10105
0.104325
0.1106
0.11075
0.112925
0.11635
0.122675
0.12565
0.139225
0.140525
0.149575
0.153375
0.15665
0.17645
0.179325
0.193775
0.1972
0.21445
0.22485
0.225725
0.23045
0.25275
0.262025
0.276775
0.2771
0.3105
0.34705
0.355375
0.359875
0.364575
0.39855
0.405525
0.405675
0.414925
0.419225
0.42035
0.4226
0.4483
0.44965
0.4538
0.462125
0.464275
0.4676
0.4716
0.482075
0.48965
0.499575
0.50395
0.5093
0.516
0.5164
0.518175
0.528775
0.536
0.53765
0.56465
0.6147
0.681825
0.688625
0.689825
0.706975
0.737975
0.74125
0.745075
0.747025
0.747575
0.761675
0.765575
0.77025
0.782075
0.793075
0.8196
0.82225
0.824425
0.829975
0.86725
0.883025
0.88675
0.90065
0.92115
0.93125
0.941575
0.997525
1.003925
1.020425
1.022475
1.024
1.028625
1.043975
1.058725
1.065475
1.105675
1.110575
1.111025
1.111525
1.11345
1.188625
1.2212
1.2285
1.234925
1.24685
1.26
1.264625
1.280525
1.304175
1.30885
1.309275
1.3149
1.31675
1.323875
1.340825
1.348825
1.35415
1.357725
1.377575
1.3821
1.4161
1.426425
1.4567
1.46625
1.49165
1.551425
1.565775
1.600675
1.6055
1.609625
1.615275
1.622975
1.623725
1.630325
1.633575
1.635725
1.647175
1.6554
1.6562
1.66025
1.6646
1.678425
1.70495
1.71335
1.73455
1.738675
1.74075
1.74105
1.7463
1.748025
1.74885
1.759225
1.76115
1.79445
1.82895
1.8417
1.877875
1.88205
1.904975
1.9055
1.906
1.9152
1.9197
1.922525
1.9354
1.938075
1.940975
1.947275
1.964025
1.9692
1.977875
1.9894
2.003275
2.011225
2.02225
2.025275
2.030175
2.067325
2.069725
2.0813
2.082025
2.09715
2.1018
2.12125
2.125275
2.127725
2.1507
2.189375
2.196175
2.2023
2.2147
2.218425
2.228175
2.233075
2.23515
2.24035
2.24635
2.26525
2.268725
2.273
2.282825
2.28595
2.3114
2.32165
2.33575
2.34035
2.3742
2.38295
2.39095
2.39865
2.402775
2.41595
2.417825
2.420025
2.46285
2.4809
2.483325
2.502775
2.507275
2.511725
2.513875
2.517775
2.525575
2.526425
2.527675
2.539325
2.5411
2.54435
2.55135
2.55625
2.573525
2.578975
2.589575
2.60455
2.60515
2.6124
2.62535
2.6298
2.65625
2.67095
2.6822
2.696175
2.6985
2.70585
2.75605
2.816725
2.8246
2.825475
2.826925
2.832375
2.83415
2.837175
2.838
2.856275
2.859825
2.86525
2.875225
2.883875
2.891475
2.892525
2.8934
2.89975
2.905
2.923225
2.927325
2.9323
2.9436
2.94745
2.957775
2.98605
2.98925
3.038975
3.0473
3.051825
3.0633
3.099025
3.1258
3.133475
3.14055
3.143925
3.156025
3.1593
3.160025
3.1613
3.16795
3.18455
3.191125
3.23775
3.240375
3.24535
3.2534
3.258675
3.30035
3.306975
3.35275
3.368775
3.37535
3.390925
3.401175
3.406575
3.407975
3.4142
3.415675
3.420475
3.421525
3.422275
3.426825
3.44825
3.457875
3.46765
3.4721
3.4734
3.485375
3.4999
3.5032
3.5112
3.54395
3.55705
3.573
3.57305
3.576775
3.5895
3.61235
3.6507
3.69455
3.70185
3.70245
3.704075
3.7102
3.71695
3.719675
3.725225
3.7271
3.733
3.74205
3.74525
3.775325
3.781125
3.795175
3.8216
3.830125
3.85115
3.853675
3.8636
3.869725
3.877175
3.87915
3.902775
3.9062
3.92375
3.92635
3.926475
3.965425
4.002675
4.00955
4.0188
4.021825
4.036225
4.0444
4.045075
4.04705
4.0527
4.078075
4.084625
4.0871
4.099325
4.107275
4.12775
4.131925
4.165025
4.174075
4.183025
4.184475
4.211925
4.212375
4.2378
4.256775
4.262775
4.26825
4.274675
4.286975
4.3021
4.3026
4.3028
4.305125
4.311275
4.31265
4.321775
4.330475
4.339025
4.341625
4.3428
4.351775
4.365825
4.367075
4.37025
4.374325
4.380275
4.383475
4.384525
4.387775
4.40305
4.40565
4.415625
4.4231
4.4279
4.4326
4.444325
4.47555
4.4948
4.4978
4.501925
4.510825
4.5242
4.526375
4.601425
4.6017
4.602775
4.623975
4.6345
4.643425
4.6476
4.6518
4.652075
4.658125
4.677175
4.70135
4.703275
4.714425
4.719175
4.727375
4.73335
4.733875
4.744225
4.744825
4.74585
4.74815
4.753075
4.770975
4.814525
4.820575
4.836875
4.856025
4.879725
4.88955
4.89445
4.89975
4.90035
4.9017
4.90575
4.9118
4.915475
4.92085
4.92585
4.9308
4.932525
4.93515
4.9363
4.937675
4.9506
4.956425
4.9579
4.9633
4.964375
4.982875
4.993375
5.0127
5.019775
5.0241
5.0305
5.03695
5.0448
5.050025
5.082775
5.128825
5.150525
5.161725
5.185875
5.20455
5.2114
5.213025
5.2232
5.23375
5.246075
5.24805
5.25635
5.2644
5.280175
5.2813
5.282575
5.28835
5.2946
5.296975
5.298675
5.3047
5.307625
5.3174
5.3299
5.3301
5.334225
5.3407
5.3449
5.348375
5.367325
5.369975
5.423225
5.4498
5.464575
5.5067
5.50805
5.52215
5.5225
5.5315
5.53245
5.535025
5.582775
5.606925
5.626575
5.626675
5.651475
5.6709
5.686425
5.696575
5.697875
5.7133
5.7254
5.7287
5.73025
5.742375
5.79005
5.8057
5.806175
5.816
5.825675
5.827875
5.8283
5.835125
5.83835
5.8408
5.857025
5.860025
5.8617
5.86175
5.862625
5.875375
5.891725
5.8965
5.91185
5.9299
5.93145
5.9392
5.9405
5.966375
5.9799
5.99335
6.023075
6.023175
6.06355
6.074525
6.101375
6.10285
6.1041
6.115075
6.117375
6.1283
6.136375
6.145125
6.1475
6.1482
6.157175
6.183125
6.18515
6.1959
6.21965
6.221425
6.2291
6.233175
6.23375
6.235425
6.2874
6.31245
6.31655
6.319225
6.339975
6.354125
6.358625
6.3968
6.4041
6.4062
6.4132
6.41635
6.42115
6.4312
6.45445
6.457325
6.46015
6.466125
6.4709
6.4895
6.501625
6.51325
6.52065
6.5321
6.541225
6.5457
6.555825
6.585325
6.58635
6.5992
6.625625
6.63025
6.6537
6.665725
6.670325
6.707675
6.7119
6.7143
6.72965
6.731125
6.7353
6.737
6.7498
6.753975
6.7584
6.759175
6.76415
6.77665
6.78775
6.799375
6.8071
6.813175
6.833825
6.8781
6.888775
6.8916
6.924275
6.99955
7.00225
7.00745
7.016375
7.0215
7.027
7.02935
7.03125
7.044225
7.05715
7.0856
7.086125
7.106675
7.112
7.1339
7.1398
7.1455
7.160375
7.178775
7.2195
7.2197
7.302275
7.304025
7.320425
7.322625
7.32745
7.32875
7.331725
7.332875
7.337475
7.34495
7.3453
7.3495
7.365325
7.388075
7.391425
7.39555
7.397575
7.4032
7.406725
7.41155
7.4305
7.445425
7.447525
7.4553
7.459575
7.480375
7.4868
7.488175
7.50545
7.519675
7.522
7.527725
7.528725
7.54315
7.5525
7.601475
7.609075
7.61
7.61305
7.6194
7.620525
7.62295
7.63215
7.638625
7.6445
7.64955
7.664625
7.676375
7.6992
7.699375
7.7067
7.71475
7.73755
7.74645
7.7508
7.75425
7.75485
7.76055
7.769475
7.8074
7.8317
7.85565
7.86675
7.900275
7.90285
7.912325
7.913425
7.9237
7.92725
7.9372
7.940425
7.96415
7.968575
7.970475
7.9759
7.9944
7.9957
8.00145
8.006475
8.007575
8.017825
8.01995
8.048425
8.0543
8.057425
8.0778
8.17605
8.200875
8.215025
8.217975
8.2197
8.231425
8.243125
8.2517
8.253025
8.2543
8.26055
8.26395
8.278175
8.278675
8.280875
8.296175
8.3154
8.342675
8.3645
8.42945
8.441175
8.476675
8.50095
8.50785
8.5166
8.519425
8.529275
8.536975
8.5434
8.5568
8.57195
8.578875
8.6083
8.6107
8.611325
8.6289
8.643925
8.690875
8.72365
8.75115
8.752625
8.786775
8.804325
8.81025
8.8106
8.82455
8.8332
8.838375
8.8456
8.849725
8.85155
8.85445
8.8577
8.86755
8.880525
8.88675
8.9163
8.91905
8.92375
8.927525
8.942775
8.952175
8.9751
9.041225
9.056825
9.0884
805
