0.087025
0.1034
0.111925
0.11835
0.12125
0.122175
0.12485
0.139275
0.155625
0.1649
0.16755
0.170775
0.21225
0.23715
0.239975
0.291175
0.303575
0.32585
0.331525
0.332225
0.36115
0.391875
0.400175
0.425475
0.426075
0.434375
0.43745
0.4424
0.44275
0.4433
0.44475
0.463325
0.500275
0.5082
0.54015
0.563875
0.5667
0.5673
0.585075
0.587375
0.61015
0.614925
0.622675
0.627875
0.6307
0.7009
0.704475
0.713125
0.71505
0.71515
0.718675
0.720125
0.72435
0.734475
0.7504
0.7526
0.7554
0.755875
0.784825
0.795825
0.816225
0.81705
0.820475
0.826
0.8314
0.849675
0.857625
0.89085
0.8978
0.91545
0.94005
0.9584
0.967475
1.0001
1.01335
1.037375
1.0426
1.0484
1.05455
1.0675
1.085375
1.088875
1.0903
1.14435
1.1659
1.1728
1.173525
1.2064
1.2297
1.23685
1.24425
1.26915
1.309525
1.309925
1.312125
1.317625
1.3283
1.344375
1.3468
1.35275
1.36905
1.376025
1.37865
1.382975
1.389825
1.414625
1.415725
1.41855
1.43075
1.43785
1.4506
1.4664
1.46975
1.515175
1.52545
1.5338
1.53425
1.54845
1.550025
1.550125
1.560775
1.575075
1.606525
1.610875
1.614475
1.618025
1.6185
1.6252
1.62705
1.637725
1.6438
1.6439
1.647475
1.65245
1.66665
1.667675
1.6694
1.6706
1.68285
1.693675
1.71545
1.7237
1.73595
1.74785
1.754725
1.7608
1.7782
1.778325
1.794625
1.81685
1.8224
1.8529
1.86255
1.876625
1.901475
1.907975
1.910425
1.92615
1.9268
1.927925
1.930775
1.931525
1.936975
1.96415
1.98005
1.99205
1.994725
2.00345
2.014475
2.0179
2.020825
2.026425
2.043575
2.058025
2.0752
2.08315
2.083575
2.0879
2.110825
2.132925
2.153325
2.159075
2.168375
2.179625
2.18405
2.18765
2.200525
2.20405
2.20665
2.223775
2.22525
2.227475
2.230675
2.2442
2.26205
2.266675
2.270025
2.27425
2.280725
2.286125
2.300175
2.30145
2.306975
2.309675
2.31605
2.3249
2.332975
2.335725
2.350775
2.3898
2.396275
2.5046
2.520075
2.5276
2.533175
2.546175
2.5489
2.561125
2.56465
2.5774
2.581825
2.5921
2.60595
2.611675
2.639925
2.67835
2.67975
2.723575
2.800675
2.81625
2.828775
2.8388
2.839525
2.8498
2.85555
2.871625
2.8774
2.878525
2.895225
2.921525
2.927825
2.95345
2.9614
2.966175
2.9769
3.03515
3.101775
3.102525
3.10785
3.110225
3.1229
3.124125
3.125325
3.161525
3.179525
3.194375
3.198825
3.214775
3.24595
3.2482
3.25115
3.265825
3.268325
3.306325
3.31055
3.31695
3.348375
3.3534
3.395225
3.418725
3.4197
3.428075
3.42935
3.445775
3.44975
3.453
3.4591
3.46975
3.47225
3.4803
3.483175
3.485325
3.491475
3.5019
3.5053
3.5204
3.532625
3.568225
3.577675
3.5892
3.595875
3.5964
3.600775
3.607975
3.6314
3.6376
3.64505
3.650025
3.65865
3.6618
3.6622
3.67225
3.706125
3.7102
3.7122
3.72965
3.735375
3.735775
3.739675
3.7493
3.7524
3.754925
3.75725
3.7681
3.768675
3.7816
3.811825
3.818025
3.82765
3.849575
3.855975
3.876
3.8885
3.9251
3.934775
3.9967
4.013
4.01395
4.014475
4.03335
4.034225
4.04415
4.04985
4.0524
4.055
4.064725
4.06945
4.0707
4.088275
4.103575
4.1376
4.147275
4.152475
4.1627
4.16845
4.174625
4.17805
4.189525
4.199725
4.2024
4.221
4.223175
4.25185
4.255625
4.2806
4.29285
4.307525
4.312125
4.322525
4.3284
4.329175
4.3294
4.334275
4.342875
4.36295
4.363325
4.37175
4.3766
4.3807
4.3913
4.402125
4.42535
4.429275
4.433925
4.44995
4.457375
4.47165
4.5012
4.50345
4.5177
4.524125
4.565675
4.5994
4.63055
4.64265
4.647425
4.664575
4.67655
4.680475
4.68915
4.69315
4.6943
4.703725
4.703975
4.7082
4.72055
4.72095
4.74425
4.764475
4.7649
4.802675
4.817725
4.8568
4.859575
4.861075
4.9036
4.9067
4.90745
4.908325
4.913225
4.91615
4.92255
4.9256
4.92705
4.93325
4.94325
4.96925
4.9773
4.986175
4.998925
5.0047
5.014825
5.018425
5.0186
5.019275
5.021225
5.052425
5.08605
5.088125
5.11165
5.1249
5.143425
5.1491
5.190375
5.20795
5.2128
5.213125
5.229
5.232575
5.239
5.24245
5.243725
5.2438
5.2493
5.250075
5.25365
5.264275
5.2664
5.276
5.281575
5.28785
5.29305
5.296725
5.304725
5.305275
5.3077
5.3188
5.330975
5.347775
5.359775
5.367775
5.3684
5.3924
5.399825
5.412575
5.415225
5.423275
5.439975
5.4485
5.470825
5.5089
5.51785
5.5264
5.528675
5.531825
5.54065
5.541825
5.5434
5.546775
5.55
5.5728
5.573425
5.583175
5.585775
5.597175
5.6064
5.61025
5.61645
5.621175
5.62555
5.6346
5.641975
5.64275
5.643175
5.6464
5.649
5.65335
5.67365
5.7041
5.709575
5.7403
5.756625
5.801575
5.8027
5.806475
5.818575
5.835775
5.835875
5.8397
5.84225
5.84445
5.846975
5.8476
5.887225
5.88795
5.895725
5.897
5.897875
5.9081
5.9157
5.92695
5.929825
5.9348
5.974125
6.043725
6.0447
6.060075
6.068225
6.080775
6.09175
6.1051
6.1483
6.160075
6.1616
6.173125
6.18435
6.193025
6.1972
6.223925
6.2243
6.231775
6.23445
6.2854
6.2863
6.29035
6.30315
6.308875
6.376675
6.377825
6.396775
6.401475
6.402325
6.412975
6.413975
6.4421
6.449325
6.451175
6.453375
6.456325
6.4604
6.4612
6.47385
6.475575
6.499975
6.52595
6.54575
6.5822
6.58935
6.595525
6.612075
6.613325
6.647725
6.6741
6.6785
6.7003
6.70515
6.711925
6.71275
6.713625
6.7222
6.72385
6.73425
6.740725
6.750775
6.782425
6.785375
6.78685
6.79285
6.843725
6.89715
6.9082
6.937975
6.94445
6.95335
6.959575
7.028675
7.0324
7.052325
7.07315
7.0856
7.09475
7.096725
7.097225
7.134
7.136
7.138375
7.146025
7.15635
7.16555
7.173975
7.186525
7.21175
7.2362
7.2422
7.288325
7.302075
7.31855
7.338525
7.339725
7.3485
7.348625
7.361525
7.365575
7.405775
7.435125
7.443625
7.4446
7.482825
7.4893
7.490425
7.49705
7.50855
7.539175
7.552575
7.5559
7.58895
7.601775
7.6245
7.638775
7.644975
7.7009
7.70835
7.7126
7.7422
7.76675
7.78395
7.784225
7.79165
7.793375
7.795175
7.8335
7.83615
7.85875
7.87225
7.886025
7.8871
7.89825
7.910525
7.9154
7.916075
7.930225
7.939375
7.991175
7.99535
8.022925
8.025
8.034925
8.053325
8.07755
8.078025
8.096025
8.109475
8.11295
8.1206
8.1331
8.133225
8.175525
8.2051
8.2154
8.2191
8.22505
8.22685
8.2304
8.2341
8.235125
8.2379
8.23945
8.2413
8.2607
8.261425
8.330625
8.3571
8.358725
8.364975
8.398875
8.4088
8.43115
8.4463
8.47685
8.508275
8.508325
8.514425
8.5213
8.5222
8.5302
8.552875
8.5567
8.562575
8.57085
8.571125
8.586325
8.59135
8.599975
8.600125
8.6009
8.6318
8.65435
8.656
8.6565
8.659875
8.67615
8.687525
8.7339
8.77195
8.801675
8.8072
8.819075
8.821225
8.824875
8.838125
8.843175
8.877275
8.8818
8.8833
8.890425
8.89525
8.902275
8.914925
8.914975
8.920775
8.922725
8.945725
8.946575
8.951425
8.98645
8.998625
9.00315
9.01525
9.0357
9.0628
9.09935
751
