0.054925
0.111525
0.116625
0.13265
0.14005
0.140275
0.158675
0.159225
0.16225
0.1903
0.20825
0.21445
0.235325
0.27095
0.34215
0.3775
0.3906
0.402
0.417375
0.439725
0.452575
0.461975
0.477
0.478175
0.486125
0.486975
0.488125
0.49465
0.495025
0.500175
0.503975
0.510825
0.51945
0.52625
0.54565
0.547525
0.558875
0.567575
0.587125
0.62385
0.64875
0.651875
0.654225
0.6874
0.69595
0.7176
0.72525
0.726175
0.7307
0.7373
0.75825
0.765025
0.777025
0.7784
0.78075
0.78265
0.78845
0.792275
0.7982
0.799625
0.81785
0.826075
0.848425
0.851675
0.85465
0.8627
0.86705
0.883725
0.89695
0.9077
0.909
0.91005
0.9167
0.92645
0.9308
0.9751
0.982175
1.0018
1.0205
1.02355
1.02565
1.091425
1.09675
1.0975
1.1023
1.103775
1.115525
1.126775
1.142175
1.146325
1.148025
1.1574
1.21015
1.254975
1.315375
1.317275
1.326625
1.329525
1.33095
1.3323
1.3438
1.3446
1.345225
1.349625
1.369975
1.370675
1.41
1.42505
1.426475
1.4332
1.45725
1.47935
1.48115
1.4934
1.49365
1.502175
1.51945
1.541825
1.55395
1.5542
1.557525
1.564625
1.58155
1.59055
1.60025
1.604875
1.60885
1.6158
1.61835
1.628475
1.640025
1.644525
1.6456
1.646925
1.6558
1.66885
1.697925
1.71855
1.724975
1.72805
1.729925
1.737125
1.737775
1.7414
1.753575
1.76035
1.760475
1.774725
1.79035
1.81795
1.818725
1.82735
1.830625
1.84175
1.84515
1.861225
1.86375
1.866725
1.867625
1.90195
1.903525
1.903775
1.918475
1.928525
1.933625
1.95195
1.95345
1.95675
1.957175
1.9631
1.9681
1.973075
2.20245
2.217025
2.217775
2.219975
2.2202
2.225075
2.2285
2.23325
2.243125
2.2452
2.2717
2.2844
2.30125
2.303225
2.31385
2.3291
2.334225
2.359725
2.42845
2.45805
2.462325
2.489125
2.491425
2.497775
2.50465
2.506125
2.509425
2.511375
2.51795
2.51825
2.52435
2.5266
2.52705
2.530625
2.53255
2.54565
2.549475
2.55605
2.559075
2.55985
2.5601
2.5645
2.5768
2.57755
2.585225
2.6004
2.618175
2.6215
2.628675
2.630825
2.637225
2.638325
2.665325
2.7045
2.7231
2.725625
2.74695
2.750575
2.763575
2.764175
2.802175
2.805275
2.809125
2.811675
2.813125
2.81805
2.83195
2.83265
2.8452
2.850525
2.859125
2.86645
2.883375
2.8862
2.8905
2.9227
2.929475
2.932325
2.952325
2.95645
2.985675
2.994325
2.9962
3.0236
3.024175
3.03325
3.0469
3.057775
3.05965
3.0645
3.074825
3.096525
3.10665
3.11625
3.118925
3.12025
3.121375
3.126
3.129675
3.1324
3.139525
3.1448
3.1511
3.152775
3.156525
3.162325
3.16925
3.170375
3.18125
3.1962
3.201225
3.210475
3.234275
3.237875
3.242975
3.252775
3.265775
3.295675
3.301825
3.3518
3.36315
3.363875
3.376025
3.40195
3.4122
3.427325
3.43435
3.439725
3.4597
3.467075
3.4697
3.472
3.4725
3.473525
3.49205
3.4966
3.498675
3.50785
3.511875
3.516175
3.5277
3.60145
3.610275
3.624175
3.656075
3.659475
3.67495
3.699425
3.701
3.7019
3.7025
3.703675
3.70605
3.715375
3.72385
3.73265
3.7399
3.74745
3.750625
3.751
3.7524
3.75405
3.767925
3.77075
3.770825
3.78065
3.78105
3.784275
3.792975
3.798925
3.8242
3.8329
3.839875
3.843325
3.87015
3.8725
3.8883
3.890025
3.926025
3.93645
3.94285
3.969925
3.977525
3.97905
3.989075
3.9918
3.998775
4.00075
4.004225
4.005175
4.011725
4.0127
4.01425
4.0185
4.0195
4.021525
4.036975
4.05045
4.0623
4.078775
4.081
4.0824
4.094425
4.09875
4.10745
4.108875
4.141125
4.142825
4.152025
4.1769
4.1781
4.178275
4.193275
4.202725
4.215875
4.234425
4.247625
4.2544
4.302525
4.303225
4.308375
4.31065
4.31455
4.315425
4.3191
4.320175
4.348975
4.349975
4.358975
4.4053
4.407925
4.421725
4.440975
4.4563
4.460775
4.4703
4.4749
4.477175
4.497475
4.497725
4.535225
4.547025
4.557275
4.609975
4.61275
4.612925
4.613225
4.61525
4.6268
4.633625
4.663625
4.665925
4.66815
4.66935
4.685475
4.69145
4.7096
4.71425
4.722175
4.7468
4.74945
4.76385
4.765425
4.7667
4.7806
4.82575
4.8328
4.847475
4.87265
4.903325
4.90515
4.913325
4.9157
4.917275
4.92255
4.9246
4.926325
4.9336
4.933925
4.93795
4.9408
4.970325
4.9731
4.9745
4.97765
4.97815
4.988625
4.988975
5.0068
5.009475
5.0106
5.010725
5.0211
5.0226
5.02415
5.03035
5.034075
5.037525
5.038475
5.048775
5.059925
5.06525
5.0759
5.076
5.083275
5.103525
5.1381
5.13835
5.139675
5.17355
5.175125
5.1999
5.202675
5.202925
5.205375
5.207275
5.21205
5.21395
5.215875
5.232325
5.2675
5.2744
5.280475
5.3014
5.3063
5.306825
5.31215
5.312275
5.315475
5.31915
5.359175
5.3863
5.42485
5.483525
5.49825
5.528825
5.532375
5.54305
5.545275
5.565975
5.5663
5.566375
5.56915
5.56925
5.602625
5.6113
5.6134
5.631825
5.636275
5.644675
5.665575
5.6721
5.674
5.6751
5.680525
5.686175
5.704775
5.735725
5.746825
5.7556
5.755925
5.7732
5.801125
5.801425
5.80375
5.805675
5.8094
5.810625
5.813425
5.82
5.82365
5.839825
5.8435
5.85215
5.8527
5.858725
5.873325
5.888025
5.895575
5.899375
5.924175
5.9242
5.927475
5.969825
6.037725
6.048325
6.057425
6.068425
6.105325
6.11975
6.1243
6.125425
6.128825
6.14155
6.1429
6.146
6.16875
6.185725
6.195225
6.203575
6.20885
6.2139
6.21785
6.229475
6.236225
6.2444
6.295875
6.3066
6.32115
6.386825
6.392
6.408925
6.4194
6.42125
6.42685
6.434825
6.43675
6.438
6.4527
6.456525
6.46145
6.47175
6.474175
6.499225
6.509025
6.576625
6.578375
6.597
6.6202
6.6591
6.673375
6.6812
6.6881
6.69635
6.700475
6.705575
6.71285
6.71695
6.720225
6.721725
6.727125
6.731325
6.732375
6.7353
6.75055
6.7536
6.7594
6.7673
6.77045
6.78865
6.7964
6.800975
6.8201
6.828575
6.83775
6.83785
6.84805
6.85985
6.859925
6.87985
6.896475
6.906825
6.92725
6.93295
6.945025
6.952975
6.977075
6.98795
7.0023
7.009
7.009825
7.0272
7.02765
7.030475
7.0404
7.048275
7.06
7.096125
7.106575
7.1132
7.12465
7.130425
7.13925
7.167825
7.17415
7.1871
7.18985
7.215175
7.21615
7.224225
7.235225
7.257
7.2578
7.26255
7.2826
7.2937
7.302175
7.316575
7.336325
7.347875
7.351125
7.359675
7.3699
7.3833
7.386425
7.387275
7.39265
7.40815
7.416425
7.420425
7.420475
7.424975
7.4353
7.4422
7.448875
7.44995
7.4659
7.4809
7.48245
7.492225
7.529125
7.559725
7.6013
7.6014
7.6109
7.610975
7.6114
7.612375
7.617125
7.620425
7.621625
7.63075
7.6311
7.632725
7.6599
7.6613
7.6746
7.674725
7.675975
7.6785
7.689575
7.692875
7.70355
7.7067
7.70965
7.72245
7.726375
7.731075
7.76175
7.7842
7.788025
7.794125
7.816525
7.81685
7.832525
7.839525
7.852075
7.9048
7.92735
7.9312
7.9326
7.93275
7.933225
7.94285
7.947875
7.94905
7.951825
7.9521
7.956075
7.96395
7.964775
7.969425
7.9735
7.97835
7.981025
8.000275
8.0118
8.019075
8.025875
8.037525
8.0403
8.0604
8.06875
8.07245
8.086125
8.088
8.102725
8.11375
8.12675
8.14025
8.180025
8.1852
8.1861
8.203625
8.205175
8.217225
8.226175
8.2298
8.2342
8.242075
8.2708
8.2758
8.28565
8.290375
8.29445
8.30985
8.314175
8.323825
8.326625
8.33235
8.3346
8.366025
8.367125
8.379
8.39585
8.39915
8.4004
8.41275
8.4164
8.4478
8.455775
8.4814
8.501525
8.507975
8.51675
8.5247
8.536
8.5399
8.54705
8.548375
8.5676
8.56875
8.570625
8.570675
8.580425
8.583775
8.603775
8.6143
8.62015
8.62215
8.6222
8.624475
8.628975
8.6422
8.655175
8.675675
8.678425
8.684975
8.686
8.698275
8.7067
8.711425
8.73965
8.78455
8.797075
8.800075
8.8026
8.81705
8.822225
8.82725
8.83415
8.83705
8.8499
8.856225
8.884925
8.901875
8.90265
8.903425
8.916775
8.920325
8.9236
8.932525
8.9372
8.938825
8.997375
9.036575
9.038
9.049825
9.0926
851
