0.10215
0.103175
0.109275
0.12075
0.12595
0.12935
0.13565
0.16205
0.164875
0.165325
0.1663
0.170025
0.229325
0.2322
0.235275
0.2464
0.2546
0.268975
0.281075
0.2829
0.305725
0.31455
0.329225
0.3316
0.344325
0.349025
0.386075
0.409075
0.43185
0.4418
0.45305
0.477425
0.479075
0.49485
0.49885
0.521075
0.554725
0.56645
0.6107
0.61385
0.620525
0.6249
0.6297
0.649125
0.69265
0.70575
0.720575
0.72225
0.734175
0.741725
0.74315
0.744325
0.77395
0.7915
0.800175
0.805025
0.80745
0.8117
0.81175
0.8161
0.825325
0.8353
0.852
0.875175
0.8805
0.8971
0.900075
0.9129
0.9165
1.009275
1.0105
1.010875
1.01725
1.01745
1.0206
1.028975
1.033025
1.033175
1.044175
1.04575
1.0673
1.074525
1.0754
1.103675
1.141325
1.16265
1.166225
1.168375
1.1737
1.18455
1.201875
1.267825
1.2764
1.309175
1.3152
1.3169
1.33355
1.33935
1.3503
1.351625
1.35355
1.355
1.3621
1.3735
1.399725
1.40635
1.432425
1.4435
1.452475
1.4621
1.463275
1.4746
1.476
1.4835
1.5023
1.504875
1.5156
1.516025
1.5733
1.575675
1.603225
1.617675
1.618025
1.6281
1.64275
1.646175
1.663975
1.682
1.68725
1.68885
1.693525
1.693675
1.713725
1.7225
1.74015
1.787675
1.8098
1.82015
1.8393
1.906975
1.90885
1.910575
1.919575
1.929
1.929175
1.93995
1.9409
1.9446
1.9715
1.975775
1.981475
1.9873
1.987875
1.988375
1.993875
1.996275
2.0013
2.00905
2.0174
2.017925
2.021775
2.02225
2.02265
2.03745
2.05295
2.063425
2.064625
2.066075
2.102625
2.119325
2.143375
2.15125
2.1626
2.16505
2.1694
2.20025
2.2004
2.20075
2.21285
2.21835
2.219975
2.22985
2.2305
2.23185
2.238225
2.250275
2.25445
2.257975
2.262525
2.264825
2.2662
2.27755
2.2777
2.283375
2.287075
2.29485
2.299225
2.299875
2.302225
2.308825
2.312825
2.31535
2.32815
2.334125
2.35325
2.360225
2.380475
2.421575
2.4361
2.451
2.469375
2.47805
2.4928
2.496325
2.49685
2.50015
2.50035
2.502825
2.513675
2.52015
2.521675
2.533
2.542425
2.5441
2.54675
2.555425
2.563275
2.563875
2.56445
2.5683
2.5688
2.5872
2.587325
2.59225
2.596425
2.60485
2.631125
2.6382
2.639375
2.674675
2.6915
2.7087
2.73715
2.7444
2.805825
2.821525
2.82715
2.831075
2.831125
2.842775
2.849
2.85915
2.9094
2.91075
2.911825
2.915525
2.915825
2.93775
2.941575
2.9483
2.986475
2.987925
3.003725
3.0125
3.022925
3.064075
3.096
3.108
3.112
3.11385
3.125675
3.128025
3.128875
3.13045
3.1329
3.13515
3.142525
3.144175
3.147075
3.1472
3.161575
3.16915
3.180275
3.180775
3.191675
3.19745
3.20655
3.218775
3.229325
3.233925
3.24095
3.25565
3.3075
3.3254
3.363975
3.401825
3.40665
3.4085
3.423675
3.4237
3.4377
3.43775
3.438575
3.447575
3.449825
3.4527
3.4718
3.4804
3.4838
3.489925
3.515375
3.5186
3.518925
3.52045
3.52395
3.526525
3.5478
3.557775
3.565975
3.595375
3.59765
3.59775
3.59955
3.612275
3.632425
3.641375
3.68005
3.683225
3.701875
3.7026
3.70955
3.721675
3.722325
3.7342
3.741725
3.7524
3.757375
3.761375
3.772125
3.7748
3.7787
3.794625
3.7953
3.803875
3.806775
3.807375
3.83235
3.860425
3.869575
3.879525
3.906075
3.91625
3.92215
3.929375
3.9454
3.9648
4.00515
4.005575
4.01085
4.013325
4.014475
4.0186
4.01875
4.029225
4.030125
4.033375
4.0392
4.03985
4.039975
4.051475
4.053975
4.082825
4.09265
4.107025
4.1101
4.113
4.120025
4.123475
4.1252
4.143
4.180825
4.249275
4.301325
4.308025
4.316725
4.317325
4.317375
4.319925
4.331225
4.3316
4.3526
4.3617
4.383
4.407875
4.41505
4.41925
4.4283
4.433225
4.437725
4.446925
4.47025
4.4703
4.5024
4.5086
4.5154
4.526975
4.5396
4.551975
4.56965
4.579575
4.60185
4.60675
4.61195
4.6146
4.633375
4.63485
4.638875
4.64735
4.653475
4.66875
4.67585
4.67835
4.682175
4.70415
4.708275
4.70945
4.71075
4.71715
4.73195
4.73525
4.765575
4.779325
4.789875
4.79515
4.84955
4.85825
4.89315
4.897625
4.90505
4.911175
4.912325
4.929075
4.935225
4.96325
4.963325
4.96515
4.96855
4.98365
4.984025
4.988325
4.997175
5.005575
5.010225
5.010525
5.0109
5.017275
5.0213
5.026625
5.0397
5.044575
5.11235
5.16425
5.177675
5.178725
5.1865
5.20025
5.203425
5.220875
5.227125
5.2324
5.233425
5.2458
5.24715
5.2499
5.282875
5.288125
5.292575
5.296625
5.306125
5.321575
5.331475
5.362275
5.386425
5.4046
5.40575
5.4261
5.456575
5.457825
5.457875
5.480225
5.48285
5.49925
5.5003
5.50205
5.5063
5.506675
5.5199
5.52375
5.532425
5.536325
5.53925
5.54205
5.55265
5.55395
5.560425
5.5649
5.5711
5.575375
5.598025
5.621325
5.6795
5.68685
5.7605
5.77425
5.82465
5.8384
5.84375
5.849775
5.850625
5.8509
5.8601
5.87155
5.88805
5.892
5.908675
5.91255
5.915275
5.9633
5.963825
5.967175
5.978275
6.004175
6.02835
6.036275
6.04925
6.054575
6.0728
6.10645
6.108075
6.10965
6.114275
6.117
6.121375
6.13345
6.140275
6.150125
6.1513
6.155
6.157525
6.1629
6.171525
6.176525
6.18115
6.185925
6.195475
6.1965
6.2011
6.206075
6.216075
6.2194
6.249075
6.25135
6.25415
6.2721
6.275375
6.27605
6.285825
6.29635
6.34155
6.3646
6.4
6.401125
6.4047
6.407275
6.408475
6.4203
6.43115
6.4349
6.4383
6.4523
6.45505
6.456125
6.45755
6.460475
6.460725
6.4634
6.463475
6.46635
6.48145
6.4952
6.504825
6.50935
6.5167
6.51875
6.5274
6.52825
6.547625
6.551125
6.567075
6.591725
6.602125
6.609525
6.6155
6.633975
6.640725
6.651175
6.651225
6.682075
6.7112
6.715
6.71715
6.729775
6.730575
6.74425
6.7458
6.7471
6.748175
6.75035
6.7547
6.7594
6.771775
6.798975
6.8006
6.800725
6.8079
6.816475
6.8288
6.848525
6.8578
6.867875
6.8753
6.8788
6.948525
7.00515
7.0076
7.0082
7.0175
7.024725
7.0356
7.03725
7.0395
7.052075
7.065025
7.069975
7.0713
7.072775
7.074125
7.084675
7.1068
7.127275
7.15385
7.16785
7.1922
7.195725
7.216575
7.245425
7.265275
7.28865
7.2958
7.300875
7.3073
7.3159
7.321
7.322575
7.324475
7.324725
7.3309
7.3377
7.378125
7.3828
7.3858
7.3897
7.39
7.402975
7.419375
7.421125
7.43045
7.431825
7.44505
7.4638
7.4727
7.47745
7.50615
7.555025
7.578425
7.60005
7.606075
7.613
7.6258
7.62845
7.631925
7.640575
7.64915
7.649375
7.6494
7.655625
7.6559
7.677975
7.678425
7.679725
7.68055
7.690675
7.691675
7.7204
7.741875
7.77405
7.803975
7.867125
7.870525
7.883
7.90945
7.91465
7.926775
7.95365
7.9569
7.9622
7.97065
7.97085
7.981475
7.982075
7.983075
7.9931
8.01245
8.021275
8.0598
8.088825
8.09965
8.129875
8.130725
8.135825
8.136275
8.1762
8.17685
8.18045
8.19585
8.198025
8.2204
8.230925
8.238875
8.2443
8.25565
8.26135
8.268625
8.268825
8.2711
8.278875
8.27905
8.29285
8.317325
8.3254
8.326475
8.332925
8.351125
8.3978
8.40365
8.4425
8.457
8.484575
8.5096
8.522175
8.52605
8.544025
8.558025
8.5609
8.5669
8.57295
8.57555
8.58765
8.5908
8.59125
8.603825
8.630475
8.639375
8.645925
8.68815
8.69125
8.69275
8.6936
8.707825
8.72955
8.7309
8.735025
8.735625
8.735825
8.7559
8.793325
8.79835
8.80275
8.804825
8.82115
8.8241
8.83095
8.834075
8.83565
8.839475
8.841875
8.8441
8.851175
8.867675
8.8685
8.88955
8.90275
8.920025
8.927325
8.933275
8.942225
8.943575
8.961675
8.974575
9.0233
9.028375
9.053475
9.08845
813
