0.042125
0.1
0.107575
0.1159
0.122125
0.1248
0.13175
0.145975
0.1576
0.157875
0.1687
0.1751
0.175675
0.1776
0.20005
0.203425
0.215975
0.22645
0.233625
0.23405
0.2446
0.265475
0.2845
0.2898
0.3439
0.37915
0.381975
0.389
0.39755
0.40755
0.40995
0.411475
0.4132
0.41365
0.4179
0.4183
0.419175
0.42485
0.479825
0.483825
0.4896
0.515725
0.53405
0.550925
0.553025
0.5745
0.580925
0.59045
0.59625
0.600125
0.60595
0.610275
0.6172
0.7019
0.702325
0.711325
0.7177
0.720675
0.72265
0.728975
0.730325
0.7413
0.74335
0.74495
0.7587
0.78315
0.7986
0.803175
0.845975
0.846075
0.848775
0.85135
0.8546
0.8769
0.891225
0.899975
0.949525
0.958875
0.9657
0.977125
1.000225
1.003575
1.0093
1.012875
1.015625
1.018975
1.022475
1.022925
1.02405
1.0263
1.03025
1.037775
1.0457
1.0499
1.0534
1.06515
1.067825
1.0873
1.09275
1.114725
1.122175
1.129975
1.1304
1.145675
1.146825
1.148225
1.17135
1.1894
1.195475
1.197925
1.20265
1.22455
1.23755
1.31245
1.321125
1.330725
1.338775
1.34775
1.3498
1.355575
1.3574
1.359275
1.36375
1.38675
1.390575
1.426375
1.43285
1.4411
1.452375
1.455975
1.467175
1.4849
1.490975
1.519275
1.54555
1.553
1.557
1.578425
1.5806
1.609275
1.623
1.6234
1.626825
1.6391
1.64045
1.651075
1.6518
1.662125
1.6661
1.66895
1.67045
1.6847
1.6971
1.703875
1.714825
1.7215
1.739
1.740925
1.745775
1.74915
1.772475
1.77955
1.782925
1.793025
1.839375
1.84745
1.882325
1.8951
1.898975
1.908425
1.915075
1.91765
1.9264
1.932775
1.9435
1.9436
1.944125
1.95725
1.965825
1.9689
1.98665
1.9921
2.0058
2.010325
2.03155
2.037675
2.0493
2.0514
2.068925
2.07025
2.0705
2.0742
2.0992
2.1493
2.1888
2.201475
2.25115
2.26525
2.273575
2.286175
2.2904
2.297675
2.299075
2.301375
2.30655
2.312475
2.324175
2.32595
2.334375
2.3607
2.38155
2.38165
2.382125
2.394875
2.415625
2.482075
2.4847
2.490575
2.49365
2.5125
2.5203
2.5244
2.562775
2.564475
2.56485
2.5656
2.573075
2.5766
2.58005
2.58995
2.59565
2.61085
2.624775
2.6311
2.663575
2.725025
2.726
2.755075
2.78185
2.8042
2.83695
2.843175
2.854675
2.86055
2.873175
2.876975
2.88255
2.887225
2.89265
2.8959
2.902725
2.907025
2.908525
2.909125
2.922025
2.92965
2.933275
2.97465
3.016775
3.05575
3.089425
3.10615
3.115725
3.117575
3.121575
3.137975
3.14265
3.1675
3.175175
3.184025
3.23405
3.25005
3.2528
3.256
3.2606
3.290875
3.294125
3.3294
3.332325
3.344125
3.39155
3.3984
3.400775
3.40735
3.428875
3.4292
3.445675
3.4512
3.482625
3.49905
3.50815
3.52775
3.53805
3.553775
3.56845
3.57055
3.576525
3.576925
3.58645
3.590075
3.60965
3.6144
3.641775
3.675625
3.70235
3.702875
3.7084
3.734825
3.739875
3.75045
3.780125
3.79165
3.816325
3.821975
3.8363
3.8458
3.849975
3.859525
3.869175
3.869575
3.8775
3.883825
3.899
3.90965
3.93005
3.997425
4.007725
4.012225
4.01995
4.02145
4.0276
4.038975
4.04145
4.043075
4.05825
4.0589
4.06065
4.06375
4.065325
4.0704
4.10055
4.11045
4.120275
4.1285
4.1307
4.134675
4.14145
4.153275
4.170675
4.185775
4.1875
4.190875
4.19115
4.211125
4.3052
4.30655
4.307575
4.30865
4.31715
4.32725
4.330075
4.330125
4.33815
4.34025
4.34625
4.362625
4.373525
4.376725
4.377
4.3783
4.383
4.3863
4.3932
4.400625
4.406975
4.408625
4.424475
4.431425
4.452175
4.488275
4.49115
4.494125
4.519025
4.528175
4.53275
4.580775
4.583075
4.598775
4.606225
4.610925
4.614175
4.619175
4.621875
4.631575
4.63685
4.656375
4.65935
4.66435
4.70015
4.705775
4.706975
4.716575
4.7197
4.7297
4.74225
4.74395
4.74995
4.772
4.791725
4.8023
4.815525
4.815575
4.826775
4.856725
4.864675
4.865025
4.902425
4.920625
4.9228
4.938375
4.940425
4.94365
4.944425
4.958725
4.959625
4.961975
4.976225
4.98155
4.98245
4.984
4.984625
4.987575
4.987775
4.99275
4.999825
5.001925
5.00545
5.005925
5.006
5.014225
5.0323
5.032425
5.054975
5.056
5.08145
5.109475
5.13105
5.136275
5.18575
5.1954
5.202775
5.20335
5.213475
5.2304
5.233575
5.239225
5.247875
5.255775
5.261325
5.266425
5.2668
5.267875
5.289975
5.302725
5.30445
5.3064
5.318625
5.3402
5.343775
5.36055
5.378475
5.4265
5.471525
5.519125
5.5471
5.555475
5.5578
5.56315
5.566375
5.584575
5.58545
5.6083
5.6273
5.63875
5.639925
5.67195
5.6841
5.697175
5.701025
5.70905
5.72645
5.7298
5.76665
5.779325
5.78785
5.78935
5.795275
5.79965
5.805975
5.82915
5.83875
5.85245
5.8718
5.886975
5.89375
5.89615
5.8974
5.905175
5.922475
5.922675
5.92415
5.936575
5.954725
5.955325
6.036675
6.040575
6.0666
6.09855
6.111425
6.11285
6.113675
6.114275
6.121975
6.123575
6.126075
6.136525
6.13935
6.144775
6.14735
6.14815
6.151
6.17725
6.20085
6.21465
6.223875
6.242825
6.28925
6.301675
6.326225
6.327875
6.334025
6.336425
6.40105
6.404275
6.412925
6.4141
6.4161
6.417575
6.4413
6.44485
6.448275
6.451
6.469325
6.470025
6.4928
6.5065
6.507975
6.53645
6.550525
6.55135
6.569175
6.57535
6.581175
6.6004
6.6123
6.614875
6.6356
6.636825
6.64355
6.6566
6.67115
6.678525
6.7002
6.70185
6.70555
6.708725
6.725825
6.727275
6.729275
6.74455
6.7586
6.765075
6.767875
6.771425
6.774725
6.77755
6.80795
6.8305
6.8335
6.85885
6.8669
6.8674
6.8737
6.87905
6.8817
6.897175
6.9002
6.9006
6.912275
6.933875
6.94435
6.9701
6.978775
7.0033
7.005025
7.010025
7.015
7.02025
7.0223
7.025575
7.031625
7.0339
7.034775
7.03865
7.041575
7.0483
7.04965
7.050375
7.052275
7.053125
7.05325
7.05705
7.072
7.081175
7.083425
7.089025
7.108
7.1206
7.12425
7.126475
7.13435
7.1365
7.1473
7.149675
7.156625
7.157925
7.158375
7.16305
7.190525
7.192775
7.2197
7.2304
7.254
7.257725
7.258375
7.273975
7.304725
7.305725
7.30575
7.30675
7.31145
7.31175
7.322825
7.361925
7.363575
7.365
7.397675
7.4701
7.47855
7.490825
7.513275
7.515225
7.565425
7.603075
7.6114
7.611875
7.623125
7.633675
7.6337
7.634425
7.648625
7.654075
7.656825
7.66035
7.67085
7.67505
7.68195
7.6887
7.696075
7.712225
7.800275
7.81535
7.84395
7.846525
7.8531
7.863275
7.88135
7.88425
7.894975
7.8952
7.89895
7.9035
7.9089
7.90915
7.912575
7.916625
7.921475
7.93115
7.9436
7.946
7.958675
7.96575
7.9681
7.978
7.988575
8.013675
8.0208
8.022525
8.027625
8.0408
8.04655
8.052125
8.054525
8.05505
8.0584
8.103325
8.15515
8.156175
8.173675
8.177775
8.2088
8.208825
8.2149
8.215775
8.217375
8.217775
8.22155
8.2225
8.235325
8.24685
8.2485
8.249625
8.252225
8.254
8.257775
8.26175
8.274875
8.277325
8.2851
8.293675
8.298125
8.3065
8.306925
8.313225
8.320325
8.337075
8.34585
8.369375
8.386125
8.401725
8.41705
8.417675
8.43085
8.442475
8.4686
8.4837
8.50065
8.510925
8.5257
8.53185
8.534175
8.536
8.5554
8.5587
8.579025
8.60175
8.604375
8.60465
8.608925
8.62015
8.630375
8.632575
8.6352
8.6476
8.64925
8.6511
8.658575
8.6992
8.705875
8.7111
8.71895
8.731425
8.75485
8.756975
8.765275
8.7782
8.797375
8.80025
8.8009
8.80665
8.813675
8.82195
8.837275
8.843725
8.8593
8.866775
8.86745
8.884925
8.911975
8.967475
8.9705
8.987075
9.003325
9.004425
9.0099
9.0689
9.098025
807
