0.10705
0.10715
0.109025
0.11165
0.1125
0.11825
0.120825
0.122725
0.127375
0.146625
0.148225
0.1576
0.180325
0.182075
0.19495
0.208725
0.2143
0.214775
0.235725
0.263375
0.30685
0.314
0.3514
0.37075
0.390975
0.40925
0.409475
0.416875
0.41875
0.4321
0.450675
0.460225
0.472475
0.4902
0.50945
0.51525
0.52175
0.5244
0.5268
0.567025
0.5841
0.60445
0.60915
0.6119
0.617725
0.6431
0.649425
0.669275
0.689725
0.706475
0.71125
0.713725
0.715625
0.733875
0.73605
0.74245
0.743125
0.74625
0.74765
0.75895
0.760075
0.7656
0.770925
0.777975
0.7846
0.7847
0.78645
0.790975
0.80435
0.804675
0.8229
0.8275
0.8281
0.838775
0.83975
0.849925
0.877325
0.87995
0.883025
0.900975
0.91405
0.94205
0.9465
0.94725
0.947925
1.010925
1.013475
1.015025
1.017475
1.03435
1.049225
1.057875
1.060475
1.069725
1.072225
1.0737
1.08095
1.08145
1.081625
1.083475
1.08435
1.090425
1.09255
1.101525
1.10395
1.10775
1.129625
1.13525
1.13755
1.141325
1.15805
1.180375
1.202775
1.230775
1.2384
1.249525
1.301475
1.3133
1.315075
1.316275
1.318725
1.326825
1.3458
1.35165
1.353775
1.36655
1.369675
1.379575
1.38015
1.382475
1.40765
1.4081
1.4099
1.4216
1.4241
1.431825
1.439475
1.439775
1.47325
1.49785
1.50245
1.514425
1.519575
1.522125
1.534725
1.53865
1.5745
1.5935
1.60015
1.6035
1.61925
1.621
1.63035
1.635175
1.651
1.6641
1.667825
1.677625
1.712075
1.71435
1.714375
1.721175
1.7271
1.768175
1.768225
1.7756
1.790175
1.823425
1.841125
1.841325
1.86315
1.87325
1.90145
1.9115
1.912775
1.918225
1.920625
1.9261
1.929675
1.9366
1.9377
1.955025
1.9673
1.974125
2.0
2.002975
2.00305
2.057075
2.072625
2.073325
2.07435
2.086
2.095725
2.168825
2.17845
2.1839
2.198725
2.2005
2.20105
2.20185
2.203725
2.20535
2.21
2.21055
2.216925
2.217075
2.21795
2.2186
2.226375
2.230925
2.233
2.24175
2.2482
2.258825
2.259
2.297625
2.3056
2.3227
2.33325
2.371125
2.388875
2.39605
2.3967
2.414525
2.4493
2.463525
2.46865
2.493425
2.500675
2.5057
2.5064
2.513625
2.5174
2.52175
2.52605
2.54265
2.544525
2.54985
2.55035
2.5512
2.564825
2.5653
2.59375
2.594075
2.6027
2.60725
2.61275
2.621525
2.668975
2.67505
2.67975
2.69155
2.70765
2.744175
2.749275
2.79635
2.8071
2.8084
2.814125
2.821325
2.8252
2.847125
2.850075
2.853775
2.858775
2.859275
2.8743
2.8969
2.9073
2.91085
2.942125
2.949775
2.954025
2.976125
2.99765
3.02165
3.081
3.103
3.1295
3.13795
3.145075
3.179425
3.18545
3.192725
3.19415
3.20045
3.2054
3.22985
3.2329
3.255325
3.27015
3.283925
3.287425
3.291425
3.2929
3.32995
3.407825
3.408225
3.417425
3.420625
3.421275
3.42405
3.4282
3.42915
3.4429
3.44825
3.456925
3.45755
3.47405
3.480575
3.48885
3.4905
3.493475
3.506975
3.527675
3.528175
3.538675
3.53925
3.555325
3.621325
3.6407
3.645775
3.65115
3.657125
3.66405
3.694625
3.698125
3.70105
3.7026
3.7039
3.71995
3.7207
3.72745
3.72775
3.728375
3.7286
3.7359
3.73595
3.745625
3.7531
3.7608
3.7682
3.77295
3.7764
3.789725
3.8036
3.816225
3.824675
3.832275
3.8407
3.862525
3.864675
3.87875
3.8833
3.892025
3.895275
3.921975
3.92375
3.92695
3.9306
3.9383
3.93835
3.94425
3.982175
4.010675
4.0107
4.015
4.015125
4.01755
4.0267
4.0271
4.0298
4.054775
4.061475
4.07045
4.079375
4.07995
4.099275
4.144425
4.172975
4.17795
4.196675
4.208675
4.2188
4.22185
4.25985
4.260375
4.275675
4.288425
4.307025
4.3127
4.315025
4.32965
4.338025
4.349525
4.36845
4.37535
4.38155
4.384575
4.3996
4.4264
4.4422
4.444775
4.464575
4.4876
4.505075
4.507625
4.518025
4.53175
4.567775
4.6007
4.6036
4.60855
4.615375
4.616125
4.619725
4.624725
4.63155
4.640125
4.654325
4.6607
4.6615
4.664375
4.66585
4.667025
4.6743
4.67735
4.68165
4.68485
4.68565
4.687375
4.7182
4.723775
4.724175
4.725575
4.727975
4.733925
4.736
4.76155
4.768925
4.795875
4.81275
4.829125
4.841675
4.87665
4.878975
4.880725
4.9037
4.911675
4.91195
4.91815
4.922325
4.92445
4.93645
4.987025
4.997625
5.003725
5.0136
5.05005
5.064925
5.1734
5.190075
5.199975
5.2023
5.20935
5.21175
5.212425
5.214275
5.21585
5.217525
5.21955
5.221875
5.2339
5.239625
5.256925
5.2628
5.266675
5.269275
5.274975
5.275275
5.2832
5.284925
5.297875
5.300525
5.337075
5.344575
5.345325
5.353275
5.4123
5.420675
5.4219
5.46805
5.4742
5.506825
5.51415
5.51525
5.515275
5.51805
5.534475
5.5482
5.561625
5.564525
5.606075
5.615
5.623025
5.637775
5.642025
5.654675
5.659675
5.661075
5.66755
5.68415
5.715575
5.7326
5.737475
5.73995
5.80385
5.8052
5.814425
5.82315
5.832225
5.838525
5.84465
5.86535
5.89125
5.905
5.90795
5.9155
5.93365
5.937925
5.9497
5.9559
5.968625
6.0036
6.071125
6.08935
6.100925
6.119825
6.128725
6.129525
6.14205
6.14355
6.14645
6.149425
6.161175
6.16965
6.18515
6.1909
6.213575
6.224975
6.24435
6.25245
6.252925
6.25595
6.260825
6.27385
6.356975
6.35745
6.3632
6.376325
6.405
6.4142
6.418025
6.4229
6.43215
6.4371
6.4497
6.4599
6.461875
6.47135
6.480975
6.481425
6.492775
6.499125
6.50565
6.506425
6.514625
6.514925
6.524475
6.5262
6.526425
6.528925
6.534775
6.53615
6.5378
6.5403
6.549
6.583575
6.596475
6.597125
6.6196
6.642875
6.70135
6.7212
6.7359
6.7586
6.77065
6.790525
6.79725
6.8076
6.814325
6.824
6.8465
6.864925
6.8767
6.90395
6.9046
6.935275
6.961275
6.984725
7.000025
7.00235
7.004925
7.006325
7.02715
7.027625
7.04365
7.049425
7.056575
7.0605
7.06175
7.0705
7.079025
7.11475
7.1241
7.1273
7.13185
7.132775
7.164925
7.17345
7.176375
7.209825
7.23265
7.246625
7.279725
7.3023
7.306775
7.3069
7.30775
7.309525
7.3258
7.3263
7.333525
7.337725
7.38665
7.38755
7.392075
7.424925
7.43295
7.435025
7.461
7.488
7.4955
7.4986
7.498875
7.530775
7.5425
7.54695
7.565325
7.605075
7.610175
7.6153
7.626025
7.6274
7.642075
7.651125
7.664525
7.668775
7.669225
7.681925
7.6888
7.716275
7.75305
7.782475
7.80225
7.809
7.813725
7.8167
7.8199
7.837975
7.8465
7.886375
7.900275
7.902575
7.907525
7.9195
7.930275
7.9331
7.933775
7.935175
7.93895
7.9393
7.94785
7.950925
7.955275
7.95785
7.963475
7.967025
7.9878
7.999525
8.000925
8.005225
8.024975
8.038
8.0418
8.0423
8.08955
8.125425
8.1702
8.20595
8.2102
8.213925
8.2166
8.2207
8.23055
8.2322
8.23895
8.2465
8.252075
8.2558
8.268525
8.277475
8.29255
8.301175
8.319425
8.324725
8.32685
8.33185
8.333825
8.336075
8.336325
8.3553
8.373475
8.398
8.402875
8.43935
8.44265
8.46615
8.471775
8.494875
8.5073
8.514325
8.5192
8.525775
8.53645
8.54695
8.54965
8.5644
8.566725
8.58895
8.6
8.6285
8.636025
8.697225
8.71075
8.71445
8.7251
8.72545
8.753425
8.800825
8.801025
8.801275
8.804075
8.80805
8.80815
8.808675
8.8273
8.83195
8.83315
8.838225
8.8517
8.852275
8.85425
8.85535
8.87875
8.880125
8.89775
8.901825
8.9077
8.90865
8.91255
8.923375
8.93495
8.9551
8.961325
8.96815
8.977375
9.0132
9.0407
9.050025
9.059175
9.0761
792
