0.1018
0.107775
0.114625
0.118575
0.123075
0.1361
0.141775
0.163675
0.16945
0.18235
0.19505
0.202675
0.317775
0.381825
0.38705
0.398375
0.402825
0.40425
0.4145
0.422675
0.424175
0.436375
0.4398
0.44555
0.4715
0.479575
0.491225
0.4942
0.496875
0.508375
0.54
0.540525
0.5486
0.5767
0.58555
0.585825
0.595575
0.612375
0.61865
0.6269
0.6357
0.666775
0.6883
0.703825
0.703875
0.733525
0.7354
0.7421
0.754275
0.75645
0.7676
0.769625
0.77315
0.7748
0.7904
0.79335
0.79395
0.798525
0.824825
0.84535
0.848975
0.863225
0.863825
0.86755
0.8676
0.869075
0.9084
0.9348
0.9521
0.963175
0.96655
1.00195
1.0054
1.008375
1.013175
1.016675
1.027025
1.028675
1.050825
1.069775
1.083125
1.0877
1.09575
1.099225
1.110525
1.1527
1.171925
1.176625
1.1822
1.22115
1.231125
1.2741
1.280025
1.280925
1.28745
1.30415
1.304275
1.30435
1.30915
1.3098
1.31
1.312125
1.314025
1.317775
1.32105
1.345325
1.348725
1.355325
1.36025
1.378125
1.381075
1.408725
1.41845
1.425675
1.429075
1.4339
1.4395
1.463525
1.492125
1.496675
1.4987
1.5082
1.569675
1.603725
1.60585
1.6084
1.60965
1.61735
1.625175
1.629475
1.64835
1.6538
1.655975
1.6597
1.6946
1.705025
1.712975
1.720875
1.73935
1.815525
1.87625
1.91735
1.924725
1.926925
1.9296
1.937875
1.949725
1.951125
1.95765
1.971225
1.991675
1.994275
2.0024
2.01985
2.024775
2.028125
2.0289
2.049125
2.05335
2.07455
2.149225
2.183225
2.18465
2.185225
2.20215
2.20255
2.21655
2.2536
2.262
2.278275
2.284925
2.333625
2.3574
2.37655
2.392325
2.414275
2.448775
2.463875
2.466175
2.487275
2.502025
2.50705
2.508825
2.514525
2.514925
2.516675
2.527975
2.530125
2.53965
2.540225
2.541775
2.5555
2.560675
2.574275
2.57485
2.574875
2.601275
2.631425
2.63545
2.6505
2.661975
2.723575
2.731075
2.7667
2.7873
2.800325
2.8046
2.805175
2.81265
2.82275
2.826675
2.836175
2.851725
2.85795
2.893925
2.894775
2.903525
2.944075
2.945325
2.957325
2.979275
3.016175
3.0254
3.030775
3.033775
3.0678
3.0692
3.0846
3.10145
3.10355
3.108475
3.12825
3.1351
3.141775
3.151475
3.1625
3.196975
3.224075
3.23845
3.239575
3.269
3.26945
3.279675
3.284875
3.288475
3.2898
3.31885
3.319475
3.37555
3.3912
3.4037
3.408025
3.408275
3.4223
3.425975
3.4296
3.4324
3.432475
3.4341
3.4344
3.435675
3.4414
3.442925
3.446325
3.4522
3.463525
3.46795
3.476875
3.4851
3.488375
3.491225
3.50495
3.506825
3.54905
3.583425
3.5992
3.602975
3.625625
3.62855
3.68585
3.713075
3.72365
3.7239
3.74805
3.751675
3.757525
3.762225
3.7635
3.78255
3.78335
3.7863
3.81965
3.85925
3.86385
3.878025
3.88465
3.89345
3.897
3.933825
3.951575
3.954225
4.002575
4.011075
4.01935
4.0201
4.02275
4.023325
4.027675
4.02855
4.037075
4.0373
4.040425
4.049525
4.055275
4.08755
4.091775
4.097675
4.11135
4.1114
4.1169
4.13935
4.14365
4.153425
4.1648
4.18165
4.218425
4.221675
4.23855
4.25855
4.295025
4.3003
4.31235
4.31615
4.319675
4.32045
4.3324
4.34845
4.35905
4.370075
4.373175
4.3744
4.3914
4.39495
4.396175
4.40245
4.44115
4.443275
4.4664
4.485325
4.503575
4.58195
4.598675
4.601425
4.603
4.6063
4.614725
4.624875
4.627175
4.632
4.6334
4.65395
4.6559
4.66235
4.672375
4.6735
4.67365
4.68575
4.694025
4.7059
4.7208
4.748675
4.780825
4.781375
4.7962
4.832275
4.83795
4.85345
4.88665
4.919625
4.91975
4.921575
4.927575
4.943175
4.952
4.95555
4.95835
4.961275
4.9699
4.971725
4.9767
4.9887
4.991375
4.992175
5.00545
5.006875
5.011625
5.01225
5.012975
5.03025
5.037225
5.044075
5.0443
5.044375
5.04605
5.0731
5.0735
5.087625
5.12235
5.1774
5.199975
5.201425
5.206575
5.210125
5.213625
5.230425
5.234075
5.2479
5.2622
5.26565
5.2759
5.277875
5.280375
5.300025
5.318875
5.33475
5.344775
5.35115
5.3652
5.367925
5.37895
5.384275
5.40865
5.44075
5.4571
5.502475
5.5145
5.51965
5.5355
5.5366
5.537225
5.5387
5.548025
5.555825
5.557025
5.56475
5.5705
5.574475
5.57695
5.598325
5.6128
5.6175
5.64535
5.666425
5.6808
5.688575
5.714075
5.7233
5.72395
5.732325
5.757275
5.771375
5.772875
5.77695
5.79275
5.8038
5.8136
5.84545
5.8497
5.8578
5.85815
5.86015
5.86205
5.869875
5.877075
5.877175
5.8775
5.92695
5.950425
5.9702
5.97805
5.988875
6.00555
6.009475
6.01185
6.01825
6.091775
6.10545
6.114125
6.132875
6.144725
6.1581
6.166325
6.170325
6.18645
6.213675
6.223
6.22645
6.22955
6.232375
6.2428
6.245025
6.2719
6.306975
6.30805
6.31385
6.31435
6.330125
6.3992
6.41055
6.412925
6.415375
6.42305
6.425875
6.434525
6.450525
6.451925
6.453875
6.4549
6.4683
6.483925
6.490225
6.49105
6.4982
6.510925
6.519975
6.548275
6.551425
6.6273
6.635225
6.68945
6.7031
6.70525
6.70915
6.71105
6.7136
6.7268
6.728875
6.73135
6.7534
6.75355
6.760275
6.766625
6.767375
6.7804
6.793575
6.797425
6.80365
6.809825
6.810325
6.814
6.825825
6.82785
6.8338
6.83915
6.839875
6.846275
6.8606
6.862175
6.870125
6.87025
6.874325
6.893775
6.896625
6.921675
6.9246
6.933025
6.944075
6.96205
7.00265
7.0061
7.017875
7.026625
7.02745
7.03775
7.0456
7.0515
7.057075
7.0748
7.082525
7.08655
7.11925
7.1325
7.135175
7.146775
7.1491
7.150075
7.168425
7.1763
7.179175
7.183
7.204925
7.208125
7.24915
7.25445
7.259675
7.30095
7.317725
7.317975
7.3217
7.323425
7.324375
7.33
7.332175
7.333275
7.337775
7.345125
7.346525
7.34655
7.3638
7.36665
7.367075
7.371625
7.3758
7.378275
7.380325
7.383175
7.388075
7.388275
7.388525
7.413275
7.44455
7.44615
7.455175
7.456475
7.4642
7.479175
7.4996
7.562775
7.593325
7.60125
7.602375
7.603425
7.609525
7.62135
7.628275
7.64175
7.647225
7.649375
7.655575
7.6936
7.695075
7.695925
7.702175
7.711
7.72655
7.7333
7.745625
7.762225
7.773625
7.783125
7.783225
7.79725
7.8558
7.869225
7.8948
7.905375
7.909725
7.918025
7.918075
7.921575
7.92285
7.92425
7.933925
7.9493
7.951325
7.951575
7.990325
7.994175
8.0018
8.01055
8.01725
8.035225
8.048675
8.10175
8.116525
8.12625
8.12975
8.143825
8.16955
8.20835
8.21145
8.2158
8.223875
8.2364
8.2446
8.250475
8.25875
8.26055
8.2637
8.27335
8.276725
8.27805
8.296025
8.302525
8.3043
8.31425
8.324475
8.32775
8.337875
8.358425
8.36655
8.416025
8.43125
8.4405
8.456425
8.472925
8.506425
8.508525
8.53105
8.5334
8.535225
8.538125
8.54575
8.55615
8.565675
8.586425
8.5869
8.587575
8.59215
8.6166
8.61755
8.620575
8.62165
8.628275
8.6447
8.65575
8.660175
8.682625
8.70725
8.71275
8.7141
8.717475
8.726725
8.7274
8.752225
8.772575
8.77325
8.8014
8.803325
8.804325
8.817825
8.82145
8.82435
8.828525
8.83125
8.833825
8.83635
8.85095
8.87335
8.887
8.8876
8.902275
8.9078
8.911275
8.9126
8.940475
8.941775
8.95835
8.967275
8.974075
8.979025
8.99215
8.993475
9.012375
9.039975
9.04
9.06845
9.081825
9.099425
769
