0.1058
0.11125
0.116175
0.12265
0.1272
0.12815
0.135475
0.144425
0.149525
0.151025
0.15765
0.164975
0.1791
0.1827
0.184075
0.185225
0.196325
0.206725
0.24875
0.2508
0.2513
0.2702
0.276875
0.283575
0.2935
0.325225
0.330425
0.3618
0.38825
0.400325
0.402075
0.4028
0.412775
0.413975
0.4158
0.419225
0.434275
0.43825
0.4471
0.458375
0.4587
0.461825
0.468
0.47685
0.479175
0.483625
0.485325
0.485975
0.49575
0.497175
0.50255
0.512675
0.52605
0.55005
0.573425
0.623125
0.6413
0.7322
0.7427
0.745475
0.760875
0.770175
0.776425
0.7801
0.7888
0.7893
0.7946
0.804775
0.8063
0.807425
0.822
0.824075
0.82625
0.83
0.830975
0.842375
0.855275
0.8688
0.869725
0.891175
0.94715
0.9529
0.962875
0.97905
1.00025
1.002525
1.00785
1.0176
1.01925
1.02445
1.031875
1.03345
1.0563
1.075925
1.081775
1.081975
1.084175
1.091825
1.10515
1.105875
1.12575
1.131275
1.144075
1.153875
1.17125
1.183075
1.231525
1.245525
1.255025
1.31175
1.3381
1.346525
1.35855
1.36485
1.371025
1.373225
1.37645
1.384025
1.384925
1.3851
1.3884
1.404425
1.4182
1.41975
1.4254
1.437075
1.4584
1.462875
1.46945
1.52865
1.550275
1.5703
1.597125
1.606075
1.609525
1.60965
1.621125
1.621725
1.621825
1.6263
1.630125
1.632575
1.63925
1.6465
1.65015
1.65395
1.65695
1.662625
1.66295
1.663325
1.699425
1.7346
1.749475
1.75355
1.760775
1.76325
1.77
1.774275
1.775
1.7825
1.800175
1.8174
1.863325
1.863375
1.9072
1.9179
1.92285
1.937
1.937875
1.9566
1.964075
1.987175
1.988425
2.004925
2.06295
2.0665
2.1015
2.10795
2.119625
2.149075
2.15275
2.1607
2.173925
2.18705
2.194225
2.20525
2.20975
2.21145
2.2131
2.2369
2.245975
2.267675
2.277875
2.285525
2.300675
2.3101
2.314
2.3187
2.32585
2.33515
2.339175
2.3395
2.357975
2.3612
2.372525
2.3732
2.445175
2.4487
2.45605
2.4741
2.507175
2.507325
2.5113
2.522275
2.52675
2.531825
2.544625
2.5812
2.584675
2.585725
2.585975
2.588675
2.59565
2.625825
2.6271
2.629375
2.638075
2.64615
2.648575
2.66905
2.67275
2.68125
2.684125
2.7042
2.716525
2.775025
2.80145
2.8079
2.820575
2.820675
2.825475
2.82655
2.8314
2.836275
2.84065
2.859625
2.8608
2.861275
2.867975
2.873175
2.89555
2.8957
2.90885
2.9471
2.9495
2.959375
2.961625
2.9798
2.98625
2.99995
3.00055
3.002225
3.003575
3.008475
3.020275
3.0438
3.075875
3.08265
3.1009
3.103925
3.1142
3.11765
3.119875
3.1354
3.141175
3.143825
3.1444
3.1478
3.15835
3.162475
3.1736
3.186075
3.1928
3.19395
3.1979
3.20955
3.220975
3.233825
3.24285
3.24745
3.276775
3.282
3.320225
3.320775
3.34185
3.34275
3.3651
3.3831
3.38995
3.4011
3.405425
3.406625
3.409775
3.410075
3.4218
3.423225
3.425625
3.43955
3.44495
3.448825
3.4604
3.4704
3.5293
3.533375
3.53665
3.54455
3.54865
3.555825
3.560675
3.564825
3.5701
3.57295
3.577475
3.58615
3.613275
3.62615
3.630725
3.632175
3.6471
3.669725
3.675475
3.683775
3.701425
3.70365
3.712725
3.713
3.718375
3.721775
3.73125
3.734125
3.73915
3.756275
3.760525
3.7684
3.78975
3.82225
3.823825
3.83085
3.851125
3.878225
3.89715
3.90155
3.92405
3.936625
3.942075
3.9611
3.967075
4.0017
4.0144
4.014525
4.022225
4.025625
4.046125
4.049025
4.0525
4.055125
4.06815
4.104875
4.1231
4.147175
4.150025
4.1752
4.188625
4.189075
4.22545
4.237075
4.245675
4.26815
4.3093
4.32315
4.3313
4.355675
4.357275
4.3632
4.37135
4.3845
4.395025
4.4049
4.427375
4.438825
4.44315
4.467825
4.544525
4.586025
4.601175
4.60735
4.61155
4.6251
4.62635
4.62815
4.629775
4.633425
4.6349
4.645775
4.65685
4.65785
4.65905
4.663375
4.67475
4.6775
4.685375
4.700675
4.70175
4.705425
4.71275
4.7175
4.72535
4.7296
4.72985
4.7332
4.7484
4.751725
4.755725
4.8019
4.81685
4.82215
4.85655
4.861375
4.8823
4.8839
4.886575
4.891875
4.90885
4.909125
4.916625
4.917325
4.91825
4.92515
4.926
4.928075
4.936575
4.962825
4.96505
4.9723
5.024975
5.02875
5.0415
5.07055
5.0846
5.134975
5.15185
5.1556
5.169325
5.171375
5.1741
5.18805
5.2009
5.205425
5.21035
5.213925
5.22535
5.22675
5.2312
5.235275
5.241725
5.249875
5.24995
5.250875
5.254825
5.2615
5.275725
5.277675
5.285
5.287875
5.332525
5.34435
5.350775
5.357975
5.38885
5.39175
5.445375
5.4666
5.498675
5.5041
5.505225
5.5121
5.5294
5.5327
5.533225
5.53415
5.5342
5.536925
5.5429
5.5434
5.55285
5.56295
5.5702
5.600625
5.6016
5.60995
5.614525
5.616125
5.624975
5.63325
5.649275
5.6592
5.66145
5.6646
5.6716
5.6763
5.70275
5.706725
5.7145
5.746525
5.747025
5.749475
5.749825
5.7738
5.805325
5.807175
5.813
5.816025
5.82525
5.8359
5.850775
5.8606
5.87275
5.876625
5.87735
5.877825
5.88035
5.88055
5.898525
5.927225
5.92885
5.937075
5.93945
5.965525
5.987675
5.98805
5.988175
6.008275
6.04965
6.058075
6.063375
6.09655
6.1056
6.1138
6.11615
6.127
6.13105
6.149
6.1932
6.21765
6.255375
6.2591
6.260625
6.26465
6.272
6.297925
6.375225
6.37695
6.378425
6.3891
6.3972
6.415875
6.421125
6.425325
6.429025
6.434975
6.43705
6.43835
6.43975
6.4406
6.44265
6.4522
6.463075
6.4648
6.465725
6.477625
6.492125
6.492925
6.4985
6.502675
6.50785
6.512025
6.526175
6.5469
6.551575
6.5631
6.5678
6.56805
6.5694
6.58505
6.588875
6.592375
6.603875
6.604525
6.6205
6.632325
6.666675
6.70795
6.726625
6.72725
6.755475
6.788675
6.852375
6.85785
6.87025
6.870275
6.904875
6.905575
6.916075
6.935575
6.9673
6.969025
6.98235
7.003625
7.0087
7.016125
7.017225
7.018375
7.029075
7.052125
7.06075
7.069275
7.082825
7.084675
7.085325
7.098025
7.109925
7.11165
7.12945
7.143125
7.151
7.1695
7.193725
7.268825
7.28255
7.304625
7.30645
7.30915
7.3202
7.3237
7.3261
7.326775
7.327375
7.330575
7.365975
7.367175
7.372925
7.379625
7.391725
7.399075
7.424175
7.426425
7.452425
7.461125
7.469575
7.50535
7.51155
7.563325
7.564425
7.57815
7.581625
7.58915
7.608175
7.61355
7.618275
7.621325
7.622425
7.6244
7.627
7.631275
7.63175
7.63455
7.645275
7.648275
7.64945
7.6809
7.6885
7.695875
7.697475
7.70105
7.70565
7.7071
7.72295
7.725225
7.73875
7.748325
7.75285
7.763675
7.764
7.7675
7.7986
7.809825
7.8201
7.857725
7.904575
7.904775
7.90685
7.906875
7.912125
7.912425
7.91625
7.919525
7.924975
7.927075
7.93345
7.950825
7.951075
7.954025
7.9591
7.9638
7.977125
8.002925
8.004125
8.009025
8.031575
8.0679
8.074775
8.09155
8.092825
8.135925
8.138025
8.17535
8.2017
8.22475
8.2283
8.235175
8.239675
8.254275
8.25935
8.2678
8.297275
8.30185
8.313875
8.3202
8.3799
8.4009
8.412125
8.43075
8.43895
8.480875
8.4868
8.50385
8.508
8.510725
8.515575
8.5187
8.52265
8.52345
8.538425
8.541425
8.5443
8.551625
8.567575
8.582425
8.5832
8.603575
8.612725
8.614475
8.6158
8.623175
8.63325
8.64825
8.70475
8.7516
8.776475
8.7878
8.79525
8.810175
8.810475
8.81065
8.81095
8.826775
8.82695
8.82705
8.8314
8.83445
8.84075
8.8466
8.85105
8.872675
8.88005
8.88265
8.88375
8.8863
8.904275
8.978475
8.98155
8.986
9.007625
9.0143
9.016175
9.045125
9.049475
9.06075
9.0865
9.09545
800
