0.108325
0.114775
0.12225
0.12365
0.1305
0.148875
0.1512
0.15455
0.163575
0.165325
0.1696
0.17085
0.18905
0.19665
0.208425
0.2159
0.24025
0.2427
0.2454
0.25225
0.310775
0.315425
0.32775
0.32925
0.334025
0.334575
0.401175
0.40645
0.408975
0.4103
0.418225
0.418825
0.43335
0.440075
0.47475
0.47995
0.486225
0.515725
0.574575
0.578525
0.674275
0.682675
0.689425
0.70125
0.709825
0.72345
0.76
0.77125
0.782875
0.791225
0.79915
0.802125
0.8225
0.849
0.864275
0.86805
0.870225
0.88575
0.9104
0.9125
0.926425
0.97725
1.0185
1.02735
1.049
1.050225
1.054175
1.067775
1.074325
1.0746
1.0761
1.07865
1.09825
1.102475
1.114925
1.158225
1.242125
1.251925
1.298
1.301425
1.3062
1.308125
1.313775
1.320675
1.32715
1.3396
1.35165
1.35305
1.3576
1.3607
1.3622
1.3663
1.3719
1.3742
1.374475
1.3858
1.404775
1.410525
1.4184
1.428875
1.458925
1.4761
1.486425
1.492375
1.496625
1.516025
1.527875
1.548825
1.601975
1.606525
1.6068
1.613
1.650675
1.653875
1.65545
1.657825
1.666175
1.708525
1.713875
1.715925
1.7183
1.72155
1.72915
1.73235
1.7477
1.812
1.81935
1.822025
1.8356
1.88545
1.904625
1.9092
1.916425
1.930425
1.939275
1.97115
1.9823
1.98425
1.98825
2.00675
2.01695
2.034425
2.0734
2.096975
2.125975
2.150175
2.178325
2.204075
2.2073
2.208225
2.213375
2.223075
2.246325
2.2491
2.249275
2.26055
2.2607
2.2669
2.2685
2.279325
2.2813
2.283025
2.2869
2.292525
2.300525
2.3339
2.339725
2.344325
2.354725
2.388525
2.38945
2.4037
2.444175
2.47245
2.50205
2.50465
2.50665
2.5141
2.5218
2.52625
2.533275
2.53385
2.54565
2.56595
2.567425
2.58325
2.586875
2.6024
2.617375
2.6216
2.622575
2.629725
2.63135
2.655575
2.657625
2.665225
2.68905
2.701775
2.7052
2.70645
2.7193
2.807475
2.812125
2.817775
2.82215
2.823125
2.82465
2.827175
2.829925
2.835075
2.85855
2.865775
2.8916
2.89165
2.9113
2.93045
2.9356
2.9369
2.939425
2.971125
2.985425
2.994175
3.0425
3.073925
3.089325
3.10425
3.107725
3.107925
3.11025
3.117475
3.118675
3.12225
3.1338
3.1386
3.1516
3.15985
3.16165
3.174475
3.1811
3.184575
3.1934
3.199
3.239775
3.261125
3.3065
3.317475
3.3249
3.400825
3.4216
3.421775
3.43165
3.431975
3.4375
3.443475
3.4506
3.4582
3.45985
3.46545
3.466625
3.47905
3.484
3.48595
3.49185
3.50395
3.515375
3.535775
3.541325
3.554175
3.5637
3.576275
3.589875
3.613325
3.625975
3.635575
3.665525
3.6922
3.713675
3.718525
3.73435
3.734625
3.74255
3.751975
3.755375
3.758125
3.760625
3.770425
3.786725
3.78895
3.794575
3.82395
3.867725
3.88705
3.906475
3.994825
4.001825
4.011125
4.013475
4.018125
4.0261
4.032075
4.044825
4.0583
4.061175
4.07675
4.103975
4.111025
4.1138
4.116075
4.11845
4.12755
4.129025
4.149825
4.1506
4.1631
4.1871
4.188175
4.21015
4.224225
4.25625
4.287725
4.2979
4.30785
4.30905
4.315875
4.32
4.322475
4.327175
4.33585
4.34215
4.34955
4.355825
4.36105
4.3722
4.39265
4.404975
4.407375
4.4088
4.4337
4.43915
4.441025
4.44705
4.47845
4.490225
4.51465
4.51975
4.526325
4.5321
4.551475
4.58995
4.604475
4.610425
4.612375
4.633425
4.6417
4.646175
4.647425
4.6558
4.659375
4.66675
4.667525
4.69305
4.707025
4.725875
4.7311
4.763825
4.768625
4.7705
4.7855
4.79745
4.843425
4.847925
4.865075
4.870875
4.871975
4.889125
4.91095
4.91215
4.914375
4.931075
4.9318
4.9479
4.950875
4.95655
4.956575
4.9597
4.971775
4.97355
4.981775
4.983075
4.98745
5.00215
5.0175
5.018725
5.021
5.02195
5.042675
5.051825
5.0535
5.073975
5.10065
5.10915
5.13505
5.153
5.1859
5.1988
5.204025
5.21845
5.218925
5.219525
5.23585
5.239225
5.254825
5.255525
5.2586
5.25945
5.2876
5.2884
5.2888
5.29815
5.3272
5.368325
5.369675
5.38475
5.39075
5.39625
5.4007
5.404075
5.404725
5.4049
5.4241
5.426325
5.436025
5.4618
5.4723
5.4774
5.494025
5.5006
5.5018
5.50465
5.508275
5.5243
5.526775
5.540975
5.545625
5.551425
5.55395
5.55685
5.569125
5.569825
5.5762
5.576925
5.581
5.581525
5.5932
5.597125
5.600925
5.6158
5.622775
5.63905
5.641425
5.671925
5.680725
5.695525
5.723725
5.7242
5.73535
5.763725
5.7867
5.79935
5.825725
5.82735
5.834
5.837025
5.840975
5.851925
5.853025
5.883625
5.904025
5.91065
5.9132
5.925875
5.95725
5.9706
5.973575
5.99035
6.0017
6.01745
6.0289
6.03975
6.052325
6.053125
6.08295
6.099425
6.102775
6.10775
6.111475
6.116
6.116625
6.122
6.12585
6.141275
6.143225
6.150625
6.168025
6.17175
6.1718
6.191375
6.2018
6.202975
6.207425
6.215175
6.221525
6.222825
6.243725
6.2982
6.342475
6.346625
6.35795
6.36775
6.409975
6.4151
6.41805
6.422
6.4249
6.42925
6.4317
6.439775
6.44545
6.44575
6.4656
6.474925
6.481075
6.484625
6.484975
6.488475
6.5051
6.510975
6.523675
6.55105
6.552725
6.555525
6.565775
6.57305
6.577625
6.611925
6.6444
6.654075
6.67415
6.67745
6.69605
6.69765
6.70735
6.7193
6.720775
6.724775
6.726625
6.732125
6.73835
6.741025
6.764075
6.77925
6.78185
6.782075
6.788775
6.789525
6.79245
6.80305
6.80395
6.81635
6.822425
6.82675
6.8321
6.83805
6.84715
6.84955
6.8496
6.8531
6.862225
6.87645
6.877725
6.87995
6.888025
6.89485
6.896775
6.9202
6.936975
6.965825
7.00435
7.013075
7.020425
7.021525
7.022725
7.027975
7.03095
7.0439
7.0463
7.058475
7.059525
7.059875
7.0945
7.09595
7.09785
7.103225
7.107575
7.14045
7.15005
7.156775
7.168575
7.1845
7.190725
7.193975
7.209525
7.246
7.248025
7.3028
7.30695
7.308975
7.310275
7.310925
7.3214
7.3222
7.322825
7.326
7.32975
7.331025
7.342925
7.353975
7.361475
7.368025
7.370325
7.373825
7.380475
7.38115
7.39305
7.394325
7.408525
7.408575
7.41255
7.42625
7.45155
7.46155
7.466825
7.5636
7.5746
7.5859
7.593375
7.6054
7.6086
7.6333
7.643125
7.64355
7.6464
7.6538
7.65535
7.65745
7.663225
7.666175
7.673275
7.6783
7.67865
7.682875
7.69145
7.715575
7.723625
7.7396
7.742075
7.78725
7.811425
7.88165
7.885075
7.901575
7.903925
7.9082
7.913425
7.91485
7.918
7.919825
7.922225
7.9265
7.927775
7.93025
7.9377
7.938225
7.938275
7.941625
7.964275
7.964375
7.97325
7.98745
7.99225
7.992525
8.001825
8.00235
8.0097
8.015925
8.0276
8.055975
8.0573
8.087075
8.092825
8.1003
8.1329
8.170275
8.20185
8.212525
8.225775
8.237525
8.2422
8.2513
8.256725
8.262925
8.2675
8.276375
8.2821
8.285375
8.2855
8.287625
8.288825
8.30685
8.30785
8.34465
8.36945
8.370875
8.385775
8.4355
8.44375
8.51475
8.5149
8.522775
8.5271
8.52885
8.531825
8.5357
8.53965
8.548375
8.5547
8.561525
8.5655
8.565575
8.5731
8.5765
8.579725
8.5892
8.610375
8.6317
8.633425
8.636475
8.653775
8.6706
8.67685
8.6946
8.695875
8.69675
8.725925
8.73465
8.7494
8.749675
8.7808
8.80855
8.819375
8.84445
8.8472
8.861025
8.907625
8.926725
8.93755
8.938025
8.94805
8.952325
8.9528
8.96815
8.96915
8.98325
8.9887
9.063525
775
