0.05935
0.10205
0.1164
0.12755
0.13595
0.13735
0.1505
0.1515
0.157225
0.187225
0.191175
0.202375
0.205125
0.22955
0.244175
0.2529
0.259475
0.26475
0.27885
0.308625
0.31915
0.321175
0.322175
0.32505
0.33805
0.383
0.40785
0.43135
0.43575
0.4455
0.446425
0.454625
0.458275
0.492075
0.520925
0.52955
0.53125
0.55165
0.573525
0.580825
0.59
0.630875
0.6394
0.6459
0.66005
0.6734
0.686875
0.690425
0.692725
0.70125
0.706325
0.719175
0.75255
0.7603
0.76575
0.774225
0.77965
0.78735
0.8039
0.834525
0.851725
0.858525
0.85935
0.86305
0.8777
0.878125
0.885575
0.902125
0.9395
1.001275
1.0049
1.0092
1.011075
1.0183
1.0235
1.0264
1.03685
1.04405
1.050675
1.0572
1.061575
1.0722
1.07515
1.089475
1.0897
1.09545
1.10475
1.107625
1.121275
1.127625
1.1381
1.152225
1.161475
1.17175
1.189925
1.21775
1.2225
1.2238
1.229875
1.3086
1.320375
1.32295
1.33305
1.33695
1.3439
1.350175
1.3539
1.35695
1.374475
1.3758
1.3831
1.391525
1.396375
1.423775
1.42405
1.4465
1.45455
1.463975
1.46495
1.47835
1.4797
1.499375
1.5687
1.60295
1.603875
1.620775
1.629675
1.6419
1.6456
1.656275
1.667775
1.67725
1.6933
1.701075
1.7317
1.7326
1.75475
1.7706
1.7736
1.77385
1.783775
1.81105
1.850525
1.861375
1.865975
1.87055
1.89265
1.90335
1.913475
1.91605
1.916475
1.917625
1.922975
1.92755
1.945625
1.9504
1.960825
1.965725
1.96955
1.973025
1.97535
1.977075
1.98075
1.98095
1.987025
1.9897
2.004275
2.01335
2.0141
2.015275
2.019325
2.0285
2.02905
2.031625
2.039175
2.050275
2.061575
2.09385
2.109975
2.116025
2.125825
2.198675
2.207425
2.213475
2.21825
2.22245
2.22735
2.230475
2.230525
2.2368
2.241525
2.24495
2.2647
2.277625
2.290575
2.292975
2.30245
2.321025
2.340475
2.3492
2.35295
2.36745
2.372675
2.374275
2.3763
2.38155
2.399675
2.448125
2.502725
2.5063
2.51055
2.520025
2.527075
2.527325
2.530625
2.532075
2.541675
2.542575
2.54735
2.5495
2.5523
2.566775
2.58005
2.5828
2.59655
2.60315
2.6239
2.644075
2.683
2.723925
2.74715
2.749475
2.751375
2.78
2.81135
2.81295
2.821575
2.82595
2.828675
2.834275
2.84085
2.84725
2.850525
2.85115
2.85825
2.87285
2.879
2.9077
2.917875
2.9316
2.94375
2.9507
2.955875
2.959175
2.972425
2.9857
2.98745
2.99665
3.004175
3.0058
3.013075
3.08365
3.0837
3.102675
3.108375
3.11035
3.1184
3.1251
3.15085
3.159075
3.15995
3.164475
3.173825
3.1882
3.2017
3.210825
3.21645
3.22365
3.268575
3.27155
3.2827
3.304025
3.307675
3.321725
3.3239
3.327375
3.362975
3.376525
3.386025
3.4065
3.414175
3.41595
3.4168
3.417275
3.417725
3.418225
3.434225
3.445175
3.4546
3.455325
3.465275
3.479875
3.494025
3.499875
3.51175
3.5356
3.53815
3.547275
3.557175
3.5642
3.56445
3.584375
3.59525
3.59625
3.620675
3.667225
3.69995
3.700475
3.71
3.721475
3.7297
3.7328
3.735175
3.74055
3.759525
3.77785
3.792575
3.795775
3.7963
3.823925
3.8268
3.8283
3.830575
3.8333
3.8544
3.869725
3.882475
3.892125
3.9194
3.921375
3.92315
3.923175
4.000925
4.0079
4.008
4.022225
4.02425
4.02855
4.04485
4.04705
4.048275
4.0561
4.0637
4.070225
4.07055
4.0838
4.097375
4.147375
4.158525
4.163925
4.1661
4.166375
4.3051
4.307475
4.32205
4.326975
4.339125
4.350725
4.35645
4.357725
4.363925
4.3642
4.377625
4.3837
4.38655
4.387325
4.387425
4.390875
4.391
4.421
4.429725
4.434675
4.44525
4.480025
4.55795
4.558825
4.60055
4.617425
4.625475
4.637275
4.639425
4.6605
4.660925
4.66355
4.67365
4.685575
4.694325
4.696375
4.706125
4.721175
4.762575
4.7709
4.82885
4.835075
4.837125
4.839925
4.8425
4.8849
4.892
4.914625
4.9218
4.937275
4.940525
4.951625
4.9969
5.007775
5.029225
5.041175
5.0646
5.06705
5.104475
5.1065
5.2065
5.2154
5.22115
5.22875
5.24225
5.2577
5.261075
5.264925
5.27435
5.2951
5.305225
5.3108
5.31465
5.315325
5.317425
5.325925
5.3334
5.341675
5.358525
5.369125
5.377175
5.38095
5.38185
5.3917
5.401925
5.4517
5.45545
5.458925
5.506675
5.51005
5.511925
5.512425
5.514975
5.5178
5.520025
5.52575
5.529275
5.542475
5.543875
5.559475
5.61295
5.642325
5.6606
5.662675
5.662875
5.67435
5.688925
5.690025
5.710475
5.7123
5.74855
5.76695
5.815875
5.8181
5.820125
5.826225
5.85505
5.8597
5.86185
5.87795
5.911075
5.9202
5.932
5.945825
5.94755
5.9706
6.021425
6.02425
6.0439
6.0687
6.1171
6.1175
6.130825
6.1315
6.1344
6.1445
6.146725
6.15785
6.15965
6.163125
6.1675
6.1903
6.195275
6.216225
6.226825
6.23745
6.251
6.2939
6.33455
6.384825
6.404125
6.416175
6.4217
6.429725
6.441075
6.44475
6.452575
6.45425
6.454825
6.4739
6.47575
6.4904
6.49655
6.517175
6.517275
6.5173
6.521525
6.52635
6.528225
6.53535
6.55305
6.553975
6.55475
6.55735
6.566325
6.5845
6.588275
6.62095
6.650325
6.712625
6.714775
6.727325
6.73515
6.73575
6.741575
6.7418
6.75795
6.773375
6.7926
6.798875
6.8085
6.816125
6.82205
6.825975
6.850875
6.850975
6.85885
6.85965
6.863525
6.882925
6.971175
6.995775
7.016625
7.0177
7.019175
7.027675
7.028275
7.02885
7.030375
7.03275
7.0351
7.0367
7.040375
7.0457
7.046975
7.049875
7.0504
7.0624
7.072925
7.076275
7.091075
7.09695
7.098125
7.123175
7.13015
7.19315
7.193525
7.234025
7.242375
7.257575
7.259075
7.2596
7.3123
7.326025
7.326225
7.361675
7.369275
7.373075
7.3742
7.3853
7.3998
7.40175
7.41085
7.44355
7.443925
7.465275
7.5002
7.5137
7.51745
7.52085
7.526
7.553475
7.58855
7.597525
7.6024
7.603775
7.604175
7.604275
7.6082
7.609925
7.6124
7.626125
7.62895
7.633875
7.654525
7.67985
7.6813
7.6873
7.6878
7.7545
7.789475
7.79625
7.830025
7.84635
7.90005
7.908025
7.9087
7.931625
7.94445
7.95245
7.9636
7.965825
7.9756
7.975775
7.976075
7.978675
7.99395
7.994675
8.001825
8.004925
8.009925
8.014025
8.02145
8.02315
8.02755
8.037725
8.04345
8.0466
8.0868
8.15655
8.1723
8.20065
8.2059
8.225725
8.247575
8.254175
8.2764
8.280125
8.28205
8.2823
8.2912
8.293925
8.297725
8.318725
8.333775
8.3546
8.394025
8.409075
8.4121
8.42055
8.4244
8.431125
8.4416
8.489025
8.4892
8.526925
8.528775
8.53855
8.54315
8.54725
8.553175
8.564025
8.566175
8.567175
8.57675
8.581125
8.588725
8.61345
8.6146
8.619825
8.6214
8.6296
8.630525
8.639
8.659225
8.66505
8.675975
8.6829
8.686375
8.718
8.74275
8.7451
8.803975
8.820325
8.8233
8.830975
8.83555
8.871575
8.87195
8.881075
8.8838
8.8839
8.8947
8.896
8.901275
8.913375
8.928875
8.94345
8.96
8.97305
8.981
8.982275
8.9845
9.003475
9.03285
9.0566
9.077275
739
