0.10025
0.10105
0.10645
0.111425
0.119325
0.12395
0.125025
0.12705
0.133625
0.13585
0.141775
0.1481
0.164825
0.175575
0.182175
0.187425
0.214275
0.215225
0.217975
0.219925
0.267625
0.3051
0.31155
0.32405
0.353375
0.3562
0.35715
0.3769
0.40155
0.405225
0.41655
0.4222
0.422225
0.426125
0.431625
0.434225
0.4349
0.44905
0.450225
0.451525
0.457975
0.471175
0.478075
0.480575
0.491
0.5219
0.52815
0.539975
0.546075
0.548775
0.554325
0.559775
0.560075
0.574575
0.57475
0.58995
0.597875
0.650375
0.6904
0.699425
0.71335
0.7281
0.7312
0.747875
0.760025
0.7642
0.776225
0.788425
0.809075
0.816075
0.817675
0.81825
0.818525
0.8195
0.846125
0.8744
0.87645
0.891225
0.918575
0.9459
0.946675
0.953375
0.977825
0.998675
1.002975
1.0151
1.01905
1.029575
1.032775
1.034425
1.0349
1.037
1.040925
1.048325
1.05325
1.053425
1.08645
1.103
1.109075
1.118825
1.1209
1.16995
1.1895
1.197375
1.1992
1.200175
1.204425
1.21865
1.243625
1.247975
1.25795
1.306875
1.30905
1.31425
1.323125
1.331225
1.33395
1.39495
1.409075
1.412625
1.41675
1.44415
1.4576
1.48005
1.49175
1.497025
1.498425
1.519475
1.549125
1.5682
1.616875
1.6193
1.62265
1.62645
1.6295
1.63375
1.6387
1.645075
1.6481
1.651575
1.670475
1.678425
1.682925
1.69935
1.700125
1.7211
1.746975
1.7526
1.762375
1.768975
1.78185
1.7948
1.799875
1.804
1.839425
1.85755
1.86575
1.86775
1.8754
1.910675
1.912125
1.9507
1.9613
1.963
1.97315
1.978
2.001225
2.001725
2.002925
2.007475
2.0084
2.029675
2.04565
2.0601
2.061625
2.06955
2.07205
2.075725
2.0806
2.09045
2.1067
2.10785
2.1211
2.19195
2.195975
2.200225
2.203975
2.204625
2.207025
2.221325
2.22465
2.225575
2.225825
2.2264
2.242375
2.24605
2.26205
2.263475
2.2659
2.27705
2.282475
2.2868
2.29225
2.332525
2.335525
2.341975
2.3513
2.371425
2.38395
2.42775
2.460225
2.46315
2.4695
2.51035
2.51885
2.532725
2.541125
2.56495
2.5767
2.577025
2.5824
2.5883
2.5974
2.60645
2.61245
2.638975
2.672625
2.678775
2.760025
2.77335
2.82675
2.828625
2.833175
2.84835
2.85785
2.8586
2.87265
2.874225
2.884575
2.884675
2.914425
2.9169
2.9426
2.9431
2.9433
2.950275
2.9605
2.968725
2.969975
2.980575
2.9827
2.985075
3.01025
3.010775
3.019875
3.052925
3.066675
3.093825
3.1007
3.105725
3.117575
3.120925
3.123925
3.1279
3.12995
3.13105
3.138275
3.156625
3.157325
3.157725
3.158375
3.169675
3.1773
3.185625
3.191625
3.2099
3.213725
3.221025
3.222975
3.267975
3.3117
3.354525
3.400825
3.404725
3.411475
3.412825
3.415525
3.418675
3.43655
3.44405
3.445125
3.461725
3.472925
3.47635
3.489425
3.489575
3.493575
3.4972
3.497975
3.505775
3.50785
3.5205
3.53175
3.534425
3.53795
3.538725
3.5558
3.5635
3.584925
3.602525
3.612175
3.618375
3.629825
3.634675
3.636525
3.63885
3.70085
3.7042
3.706325
3.715875
3.719925
3.72585
3.7354
3.7707
3.77115
3.780975
3.7841
3.8181
3.8234
3.824075
3.830575
3.8428
3.8703
3.90495
3.923625
3.92375
3.95445
3.9765
4.000025
4.01135
4.013875
4.014275
4.026125
4.03895
4.05335
4.0554
4.057025
4.073
4.0772
4.07885
4.085725
4.08685
4.09625
4.102575
4.103075
4.1278
4.16015
4.1627
4.16715
4.16955
4.17085
4.19865
4.208725
4.237475
4.2433
4.2443
4.25215
4.269325
4.30405
4.3108
4.313775
4.31675
4.32285
4.3293
4.33495
4.34375
4.3644
4.37835
4.398
4.40945
4.41965
4.422475
4.4271
4.4298
4.4555
4.45735
4.470375
4.477275
4.487025
4.52185
4.567225
4.604275
4.604875
4.60735
4.621525
4.62295
4.6315
4.635975
4.6365
4.646675
4.654375
4.6604
4.661325
4.679325
4.68905
4.6959
4.70515
4.71285
4.720025
4.7204
4.732225
4.740475
4.742675
4.7562
4.784025
4.8336
4.851075
4.873325
4.897625
4.90015
4.906875
4.9083
4.91285
4.941625
4.958675
4.960975
4.963025
4.9646
4.967725
4.9719
4.99225
5.0067
5.008475
5.0253
5.05135
5.073425
5.154425
5.158025
5.175225
5.20365
5.225325
5.228
5.2305
5.240975
5.257625
5.2617
5.2636
5.309225
5.324875
5.3451
5.348225
5.36135
5.370175
5.37055
5.3818
5.3896
5.439775
5.452475
5.465975
5.505725
5.5108
5.517125
5.522825
5.5376
5.538025
5.54245
5.5653
5.581775
5.584675
5.58715
5.60665
5.628
5.6314
5.65605
5.677325
5.682375
5.715225
5.725675
5.75065
5.8014
5.8031
5.809275
5.8107
5.813875
5.822975
5.831375
5.841675
5.85005
5.859275
5.864575
5.8816
5.9012
5.903475
5.913225
5.917175
5.918225
5.918925
5.93895
5.94265
5.948925
5.961925
5.963825
5.969175
5.9717
5.9865
6.00335
6.011575
6.028575
6.032725
6.0377
6.063525
6.0683
6.106425
6.107875
6.114825
6.1196
6.133525
6.142225
6.14365
6.14575
6.149225
6.15265
6.159675
6.1603
6.160875
6.16365
6.1652
6.16685
6.196775
6.197575
6.20975
6.22205
6.2377
6.241725
6.2444
6.25315
6.261175
6.27015
6.299525
6.309
6.348925
6.359475
6.37065
6.374125
6.400325
6.4181
6.462125
6.475925
6.487225
6.49945
6.521625
6.5261
6.5319
6.5509
6.5625
6.565275
6.595125
6.602475
6.61205
6.6236
6.644675
6.66165
6.66545
6.684575
6.68515
6.689125
6.70505
6.7085
6.708675
6.729275
6.73045
6.74055
6.7594
6.7657
6.78085
6.795
6.80085
6.809475
6.81115
6.81575
6.8213
6.83245
6.874125
6.884375
6.8929
6.90815
6.94225
6.968975
7.0017
7.00355
7.0064
7.02515
7.057825
7.0652
7.11255
7.119325
7.120425
7.137875
7.14425
7.173125
7.1754
7.18275
7.1983
7.20405
7.207675
7.231325
7.240825
7.302875
7.303
7.3043
7.30755
7.311825
7.31755
7.318625
7.33245
7.35775
7.359575
7.364375
7.371125
7.37285
7.3761
7.38175
7.38825
7.396075
7.4086
7.415125
7.43645
7.43835
7.451575
7.4569
7.461775
7.468725
7.494425
7.4952
7.497275
7.507825
7.51105
7.518925
7.54
7.55245
7.566375
7.57305
7.5803
7.58685
7.60685
7.618175
7.623175
7.625425
7.631275
7.632825
7.63745
7.654775
7.6629
7.671725
7.685275
7.699275
7.7224
7.725675
7.7731
7.8016
7.803525
7.810475
7.834575
7.83985
7.8494
7.8618
7.92355
7.92835
7.92955
7.9717
7.97665
7.979625
7.980825
7.98745
7.9889
7.9899
7.99315
7.999675
8.018875
8.03225
8.033375
8.0347
8.046925
8.051925
8.06635
8.079275
8.08515
8.116475
8.1404
8.204775
8.212325
8.219375
8.223725
8.226525
8.23055
8.230625
8.2439
8.24425
8.2445
8.25685
8.26805
8.274525
8.2791
8.281725
8.2865
8.2936
8.304375
8.3116
8.3235
8.360275
8.363525
8.3875
8.389075
8.41175
8.50315
8.50425
8.522275
8.528
8.5282
8.5289
8.530325
8.53185
8.5359
8.54985
8.56105
8.562775
8.567
8.576325
8.581725
8.5943
8.5946
8.5987
8.6066
8.608175
8.61035
8.6139
8.614275
8.6322
8.638575
8.65535
8.657225
8.65865
8.658775
8.664875
8.674175
8.677025
8.677775
8.69235
8.695475
8.7432
8.749575
8.785275
8.791475
8.800725
8.8011
8.803125
8.80325
8.8083
8.808425
8.812425
8.819075
8.81915
8.81955
8.82205
8.833675
8.834325
8.836375
8.837525
8.846425
8.85245
8.857775
8.85975
8.8661
8.881575
8.88425
8.888425
8.893025
8.895025
8.911625
8.926825
8.936625
8.941625
8.94165
8.948025
8.950525
8.959375
8.9634
8.964075
8.971175
9.02485
9.0323
9.093
9.094
793
