0.065325
0.11765
0.1218
0.12335
0.136625
0.14135
0.153575
0.16005
0.168275
0.168375
0.17125
0.17525
0.180025
0.189925
0.19425
0.20065
0.204525
0.20725
0.21945
0.2382
0.24295
0.246
0.254025
0.262575
0.277525
0.29995
0.3024
0.30765
0.314375
0.347925
0.353175
0.4012
0.403025
0.4064
0.410325
0.415325
0.43165
0.436775
0.449475
0.4532
0.4552
0.4607
0.499925
0.50105
0.5091
0.509975
0.527275
0.559075
0.598225
0.605875
0.612125
0.6245
0.629025
0.654675
0.687175
0.6984
0.707375
0.717625
0.720875
0.734375
0.73725
0.746375
0.74715
0.757
0.761325
0.762775
0.7679
0.78235
0.783375
0.814425
0.81815
0.81865
0.8187
0.8215
0.828475
0.85845
0.874425
0.87625
0.8863
0.90455
0.93825
0.968075
1.01145
1.020775
1.03625
1.0406
1.059875
1.070925
1.08085
1.0941
1.103925
1.105925
1.11785
1.1244
1.1342
1.1425
1.143375
1.17125
1.1768
1.21165
1.231275
1.2358
1.26135
1.28625
1.28975
1.299775
1.303925
1.30545
1.31245
1.3226
1.32735
1.336425
1.33775
1.343625
1.347675
1.3482
1.356725
1.38075
1.3849
1.4034
1.40495
1.413575
1.43095
1.432225
1.447975
1.44875
1.45865
1.466375
1.48005
1.569325
1.611075
1.628625
1.64505
1.648225
1.665425
1.67295
1.694225
1.708275
1.743175
1.745425
1.7458
1.75085
1.78035
1.79625
1.805225
1.86905
1.900075
1.905475
1.90845
1.909625
1.912575
1.913675
1.9187
1.923325
1.9246
1.93235
1.934625
1.935275
1.939775
1.951925
1.97
1.978175
1.98325
1.9937
2.03105
2.06565
2.07695
2.09455
2.09885
2.1221
2.167475
2.2077
2.210875
2.21415
2.214675
2.2163
2.21685
2.245825
2.24645
2.2716
2.274725
2.27585
2.310175
2.3205
2.34305
2.376525
2.4105
2.412125
2.50105
2.509225
2.510675
2.512575
2.51535
2.5211
2.529275
2.53085
2.5375
2.53915
2.54295
2.5561
2.55685
2.561775
2.568875
2.571075
2.5726
2.578475
2.58035
2.580925
2.5939
2.60965
2.62825
2.638975
2.652775
2.653025
2.65345
2.681825
2.681925
2.69435
2.720225
2.74335
2.7646
2.7738
2.800075
2.8001
2.80695
2.82
2.8363
2.8456
2.866225
2.87385
2.878175
2.88005
2.915875
2.923925
2.927175
2.958825
2.964
2.99095
3.0031
3.0136
3.054725
3.0729
3.0875
3.10595
3.10635
3.107625
3.109875
3.116375
3.11965
3.1247
3.1298
3.1303
3.1312
3.137275
3.14405
3.17085
3.1743
3.17985
3.187075
3.189225
3.200325
3.22505
3.2408
3.249825
3.260325
3.266625
3.288775
3.3394
3.341075
3.3508
3.35575
3.408825
3.4198
3.423175
3.4293
3.4295
3.43145
3.431575
3.433625
3.440775
3.44215
3.44325
3.443675
3.4444
3.4465
3.45115
3.459175
3.4754
3.4947
3.501225
3.504525
3.505375
3.514725
3.51515
3.530075
3.5434
3.5523
3.5624
3.5634
3.5854
3.5868
3.592325
3.595825
3.617175
3.6282
3.649425
3.651325
3.656725
3.710275
3.712925
3.722925
3.723725
3.72815
3.72845
3.733275
3.734025
3.745975
3.75225
3.76315
3.795775
3.802625
3.8028
3.8134
3.81355
3.82565
3.83055
3.8521
3.86265
3.86695
3.873825
3.9006
3.9306
3.9332
3.943675
3.950575
3.954675
3.974375
4.001625
4.002225
4.00305
4.00335
4.013325
4.0241
4.027175
4.0284
4.032675
4.036475
4.041725
4.042075
4.055025
4.0562
4.06565
4.075475
4.09035
4.123725
4.15595
4.16405
4.167525
4.173075
4.1762
4.1829
4.20865
4.22765
4.237875
4.240775
4.266075
4.27805
4.30085
4.30245
4.30695
4.311525
4.31265
4.32185
4.326625
4.32995
4.34135
4.348775
4.36145
4.364825
4.367
4.36785
4.369
4.36945
4.373075
4.39535
4.3957
4.396025
4.43265
4.4376
4.448875
4.455575
4.46065
4.461025
4.462275
4.46715
4.487725
4.487775
4.521175
4.530025
4.55005
4.5576
4.57355
4.60975
4.612975
4.616425
4.619175
4.6215
4.6222
4.6264
4.6301
4.63815
4.654025
4.6569
4.657675
4.660575
4.666375
4.7132
4.714975
4.720625
4.728375
4.7507
4.756375
4.802675
4.84035
4.869325
4.881325
4.901475
4.90315
4.9038
4.904175
4.90575
4.909975
4.91565
4.91685
4.917825
4.9185
4.93195
4.93535
4.963825
4.9664
4.967
4.9689
4.973775
4.97875
4.9852
4.9913
4.9963
5.006025
5.01985
5.02645
5.03425
5.0356
5.05
5.05105
5.06565
5.097875
5.1362
5.14335
5.200725
5.206825
5.215825
5.219375
5.221975
5.22865
5.231825
5.2447
5.24575
5.254
5.259725
5.26115
5.273275
5.28615
5.28955
5.290125
5.302025
5.30825
5.3088
5.31055
5.31095
5.312475
5.320825
5.3317
5.342675
5.344
5.3515
5.3558
5.356275
5.369225
5.376175
5.388075
5.4759
5.501875
5.510225
5.510775
5.5123
5.518375
5.522875
5.523825
5.53075
5.5346
5.5398
5.54625
5.56495
5.575175
5.577125
5.58155
5.5837
5.583975
5.588
5.58955
5.620475
5.63055
5.639775
5.680575
5.70815
5.712025
5.71375
5.726375
5.7303
5.766325
5.7912
5.804925
5.811025
5.833125
5.842025
5.8468
5.848225
5.8525
5.853025
5.858875
5.86765
5.875075
5.875525
5.901025
5.90605
5.908225
5.915075
5.9232
5.961825
5.9686
5.97415
5.97905
5.99495
6.005575
6.017825
6.06885
6.102
6.114925
6.115525
6.11635
6.122675
6.12275
6.1304
6.1417
6.149
6.1495
6.150775
6.1559
6.16155
6.161775
6.173125
6.1842
6.185175
6.18825
6.21265
6.24985
6.25715
6.257625
6.27405
6.2935
6.30895
6.3174
6.340425
6.344275
6.35175
6.40485
6.407975
6.41825
6.418425
6.435
6.4543
6.455025
6.462925
6.46635
6.471375
6.4716
6.481825
6.4937
6.50185
6.5121
6.532125
6.556625
6.583625
6.62965
6.640075
6.70795
6.7196
6.72405
6.7338
6.76925
6.7875
6.81825
6.82985
6.8356
6.84185
6.8784
6.920925
6.957625
6.9577
6.958025
6.9596
6.961125
7.00195
7.007875
7.008575
7.009225
7.032225
7.035425
7.04265
7.059075
7.068675
7.074825
7.08735
7.09205
7.092125
7.096975
7.09735
7.1049
7.137875
7.1434
7.147725
7.15505
7.15595
7.163625
7.179825
7.209725
7.212075
7.302275
7.30815
7.31065
7.318675
7.32235
7.327375
7.342575
7.348225
7.357525
7.36295
7.36635
7.368175
7.373225
7.390075
7.39845
7.407425
7.412825
7.415725
7.4233
7.4569
7.4611
7.474075
7.4797
7.495175
7.51
7.5183
7.525175
7.569625
7.587525
7.615
7.64105
7.6536
7.6603
7.66425
7.680825
7.68745
7.69305
7.72495
7.7519
7.77615
7.795675
7.80675
7.909525
7.9154
7.917575
7.925525
7.93705
7.940925
7.942225
7.960125
7.96015
7.962625
7.974225
7.985975
8.002325
8.008725
8.01795
8.03565
8.0367
8.03835
8.06495
8.078425
8.080475
8.082825
8.111375
8.121775
8.1481
8.164325
8.2019
8.2083
8.21775
8.2197
8.2302
8.23335
8.237775
8.238775
8.24035
8.248375
8.249975
8.269275
8.2728
8.275025
8.281175
8.284175
8.2981
8.300475
8.34575
8.35825
8.39045
8.39955
8.4893
8.507975
8.515425
8.519125
8.52205
8.527
8.528925
8.56745
8.57635
8.58915
8.59255
8.601
8.606625
8.608025
8.62075
8.63255
8.647775
8.658725
8.661425
8.67485
8.677025
8.697075
8.74885
8.7662
8.7706
8.771775
8.8078
8.8487
8.8622
8.86625
8.866775
8.872325
8.893525
8.905125
8.933775
8.9414
8.95075
8.981525
8.99135
9.015425
9.0378
9.04515
9.060775
9.066625
9.09165
772
