0.102825
0.109875
0.12775
0.134625
0.1425
0.146675
0.173125
0.17985
0.1985
0.201525
0.224
0.228475
0.2345
0.234725
0.243
0.24815
0.25425
0.282275
0.324975
0.33545
0.3398
0.348325
0.369425
0.4095
0.4193
0.426775
0.43085
0.447
0.45135
0.457575
0.46465
0.4662
0.47385
0.4746
0.51335
0.51925
0.537525
0.54495
0.56295
0.56485
0.582725
0.585825
0.590225
0.597
0.597625
0.609675
0.65635
0.661775
0.668225
0.705525
0.732575
0.7602
0.7648
0.777425
0.782175
0.7825
0.804875
0.841025
0.876375
0.88255
0.939
0.9543
0.960375
1.001525
1.003325
1.00425
1.014225
1.02395
1.0296
1.0321
1.042075
1.064075
1.07825
1.0805
1.08245
1.110675
1.1324
1.147875
1.167625
1.181575
1.2373
1.3069
1.3125
1.317475
1.325225
1.32615
1.326925
1.352775
1.36475
1.383325
1.3865
1.406125
1.41605
1.417175
1.4363
1.457475
1.4642
1.472825
1.4801
1.485875
1.488825
1.498575
1.530025
1.539775
1.567775
1.601475
1.60485
1.607625
1.63085
1.632275
1.6374
1.63785
1.661775
1.6657
1.670375
1.7594
1.765
1.7823
1.80095
1.815975
1.864275
1.875175
1.90035
1.90155
1.902275
1.905075
1.90535
1.9063
1.90925
1.918925
1.924725
1.930125
1.9317
1.93325
1.93415
1.938375
1.9443
1.976575
1.98045
1.9805
2.000525
2.001425
2.024525
2.035975
2.036475
2.062125
2.0764
2.09385
2.098875
2.113775
2.123175
2.165125
2.172425
2.1785
2.181
2.18205
2.200125
2.207225
2.210925
2.215425
2.2274
2.23275
2.23605
2.236625
2.238525
2.244
2.260175
2.2684
2.28375
2.293875
2.3036
2.312
2.3125
2.33665
2.3565
2.358025
2.36295
2.3885
2.417775
2.446225
2.45645
2.49135
2.502225
2.506875
2.50925
2.50955
2.51355
2.51775
2.51925
2.5267
2.529075
2.53535
2.538575
2.54135
2.5438
2.5455
2.562025
2.5744
2.576825
2.5824
2.59265
2.592925
2.603825
2.6076
2.623525
2.63065
2.633725
2.638275
2.639025
2.6413
2.713875
2.7777
2.800775
2.8014
2.802525
2.8032
2.8046
2.8127
2.82985
2.834175
2.847275
2.86625
2.873275
2.884825
2.903
2.926225
2.93365
2.940575
2.9484
2.96745
3.054825
3.137575
3.160475
3.16185
3.183975
3.216975
3.219775
3.2314
3.240975
3.26455
3.270325
3.290725
3.398025
3.405025
3.427475
3.4324
3.435225
3.4367
3.446725
3.457725
3.469125
3.473
3.49165
3.51455
3.515075
3.520925
3.575675
3.580725
3.608175
3.61155
3.6229
3.65075
3.669325
3.6945
3.7036
3.715375
3.717775
3.718375
3.71875
3.72355
3.726625
3.7361
3.741175
3.7415
3.742625
3.743175
3.7464
3.7478
3.74805
3.751325
3.757275
3.77075
3.7757
3.7908
3.813375
3.8346
3.837325
3.849425
3.84995
3.871225
3.890125
3.890825
3.9092
3.9125
3.987025
4.002325
4.00425
4.011225
4.012725
4.014975
4.01885
4.0242
4.0297
4.03045
4.043475
4.050075
4.058175
4.06825
4.07785
4.0973
4.10855
4.11265
4.113375
4.1284
4.133225
4.146025
4.147425
4.151575
4.164775
4.180025
4.226775
4.227175
4.238925
4.251
4.274075
4.300875
4.30245
4.3212
4.3218
4.323775
4.32525
4.327475
4.330525
4.340675
4.35285
4.35585
4.372425
4.385425
4.38635
4.402
4.403675
4.406875
4.4119
4.432375
4.44125
4.443025
4.485575
4.492775
4.5007
4.50775
4.517275
4.52075
4.54545
4.547075
4.604525
4.612175
4.62075
4.627725
4.6278
4.640425
4.64665
4.659225
4.661225
4.6647
4.666975
4.66765
4.673575
4.684775
4.6974
4.699775
4.7043
4.710975
4.71145
4.7131
4.714625
4.7258
4.738225
4.7404
4.791975
4.794175
4.79525
4.808925
4.82395
4.82595
4.83595
4.84085
4.847025
4.849675
4.8562
4.875575
4.878425
4.88985
4.90055
4.903125
4.913775
4.9245
4.931225
4.946475
4.953725
4.95685
4.977175
4.98165
5.002325
5.00555
5.007425
5.016775
5.028925
5.052925
5.055075
5.0816
5.100125
5.102925
5.110325
5.115225
5.119125
5.17525
5.19735
5.203575
5.203875
5.2045
5.2063
5.21185
5.212425
5.214225
5.2438
5.25745
5.29695
5.30455
5.30595
5.3147
5.328525
5.328925
5.3298
5.330975
5.3434
5.34645
5.35155
5.35925
5.367825
5.381275
5.38435
5.385475
5.393375
5.396175
5.403425
5.42035
5.4683
5.47955
5.50225
5.507425
5.52
5.52905
5.532675
5.5395
5.5414
5.5425
5.56775
5.57175
5.58285
5.583375
5.592775
5.593825
5.6063
5.6137
5.6254
5.637525
5.640375
5.654725
5.660025
5.6814
5.7171
5.752225
5.75805
5.760675
5.774325
5.791375
5.79965
5.8008
5.80635
5.81935
5.819475
5.83665
5.85755
5.86
5.885925
5.90575
5.90905
5.91215
5.91545
5.916125
5.92655
5.9319
5.94035
5.9526
5.955325
5.982675
6.041225
6.051475
6.0621
6.069075
6.0704
6.07465
6.1042
6.104675
6.1091
6.109525
6.1179
6.132375
6.136425
6.1425
6.143225
6.1561
6.158375
6.16465
6.1703
6.17595
6.183725
6.187
6.191775
6.222
6.22945
6.237125
6.237775
6.241925
6.245125
6.25155
6.2697
6.2844
6.349875
6.395425
6.42225
6.4227
6.428725
6.4335
6.439725
6.441125
6.4632
6.46475
6.4709
6.490725
6.501925
6.504675
6.5478
6.55065
6.564625
6.566275
6.57585
6.57735
6.603375
6.6331
6.668125
6.668625
6.68515
6.6855
6.7291
6.744225
6.747525
6.751825
6.75215
6.759575
6.766675
6.76865
6.7691
6.782525
6.78355
6.793825
6.7957
6.811125
6.82545
6.84285
6.87915
6.88025
6.92565
6.9281
6.9382
6.953475
6.980225
6.9862
7.02595
7.026625
7.028525
7.0365
7.04785
7.04855
7.0486
7.05035
7.067925
7.070775
7.0745
7.0853
7.101675
7.103175
7.11135
7.1148
7.117875
7.1381
7.2022
7.21905
7.3011
7.307625
7.31085
7.315425
7.315725
7.3179
7.335225
7.339475
7.340325
7.341375
7.341725
7.34185
7.35175
7.363375
7.366875
7.375775
7.3779
7.38225
7.394675
7.42175
7.432
7.45055
7.451225
7.4582
7.46045
7.4653
7.4875
7.49045
7.50345
7.5679
7.604275
7.605075
7.6075
7.618925
7.626
7.63785
7.6384
7.6386
7.6448
7.644975
7.650125
7.65415
7.65435
7.655075
7.6607
7.661625
7.674275
7.676225
7.678325
7.684225
7.6907
7.712975
7.737925
7.77345
7.7758
7.7814
7.794425
7.8031
7.813775
7.817525
7.8455
7.84735
7.875675
7.9029
7.903
7.910575
7.91165
7.91185
7.914025
7.921125
7.925375
7.9446
7.947825
7.9487
7.955725
7.95875
7.959275
7.963275
7.96815
7.98725
7.987525
7.992825
7.994825
8.0031
8.008975
8.0288
8.04555
8.053975
8.07715
8.092275
8.10065
8.12315
8.131525
8.139825
8.160875
8.162975
8.16445
8.19705
8.203425
8.20975
8.218825
8.219325
8.225775
8.226375
8.232475
8.24115
8.246125
8.2475
8.25465
8.269425
8.286025
8.294325
8.295675
8.309475
8.316025
8.325625
8.3278
8.3288
8.3344
8.51105
8.514125
8.52125
8.525625
8.527525
8.53395
8.53485
8.53665
8.538375
8.5452
8.546525
8.54815
8.553175
8.562675
8.589525
8.596375
8.602825
8.610525
8.620175
8.627025
8.6549
8.6672
8.695325
8.6992
8.72515
8.732675
8.734225
8.74055
8.7407
8.771825
8.80185
8.80925
8.81605
8.821375
8.82225
8.8376
8.8422
8.8448
8.846
8.8645
8.87935
8.8864
8.92105
8.924775
8.94205
8.9441
8.94735
8.9636
8.96465
9.01545
9.02175
9.033975
9.03545
9.0556
9.080525
9.094025
773
