0.100425
0.10055
0.102275
0.116775
0.1257
0.137275
0.138475
0.150425
0.15895
0.17305
0.182575
0.192125
0.2043
0.213
0.222825
0.249525
0.2531
0.2768
0.28565
0.290025
0.29625
0.3155
0.35045
0.3718
0.371975
0.410625
0.4117
0.413275
0.42225
0.424025
0.434225
0.452225
0.456975
0.461225
0.469725
0.47095
0.49785
0.498075
0.515475
0.51585
0.548975
0.557975
0.577
0.592725
0.605225
0.6855
0.697675
0.714525
0.732025
0.733225
0.7376
0.7462
0.749525
0.759975
0.791
0.7991
0.799525
0.81015
0.822275
0.825825
0.86775
0.867825
0.880175
0.930275
0.96715
1.000925
1.013875
1.017375
1.025575
1.032375
1.03695
1.04445
1.052975
1.06235
1.089025
1.10225
1.12345
1.154225
1.1894
1.216075
1.25065
1.262175
1.2824
1.308775
1.325225
1.3294
1.3319
1.342
1.346875
1.351625
1.364775
1.380725
1.395825
1.404475
1.4046
1.4048
1.408675
1.413775
1.422075
1.45445
1.471
1.4773
1.487975
1.499125
1.502275
1.504775
1.539025
1.548125
1.5506
1.567925
1.603175
1.606275
1.6115
1.6223
1.6268
1.63035
1.63375
1.634
1.6645
1.666625
1.6697
1.6706
1.679325
1.686225
1.69255
1.6955
1.7227
1.735125
1.736025
1.744025
1.7449
1.745475
1.75255
1.7547
1.781
1.796375
1.816725
1.8238
1.840475
1.873775
1.881525
1.882125
1.910375
1.9133
1.91905
1.92405
1.934025
1.94825
1.952825
1.969775
1.970875
1.972325
1.979
1.986875
1.992125
2.0083
2.01455
2.021225
2.0264
2.028
2.050875
2.05095
2.065225
2.067975
2.069525
2.145425
2.170225
2.192775
2.20525
2.20705
2.2081
2.20875
2.23085
2.233175
2.247075
2.24865
2.25245
2.2571
2.26405
2.2685
2.2701
2.271975
2.282725
2.287975
2.326775
2.332425
2.341775
2.3583
2.389075
2.400575
2.4011
2.417125
2.430175
2.4709
2.4909
2.503725
2.5067
2.506975
2.508825
2.512175
2.517525
2.51915
2.542275
2.5488
2.5516
2.552025
2.5577
2.560075
2.5653
2.58655
2.592
2.59435
2.598425
2.602025
2.608275
2.6119
2.6327
2.63435
2.64055
2.643775
2.669375
2.671225
2.6905
2.695725
2.699175
2.699525
2.702975
2.7111
2.716225
2.73
2.763925
2.8075
2.808775
2.812525
2.81935
2.81945
2.8235
2.82355
2.823575
2.8347
2.882775
2.88535
2.895375
2.896775
2.90005
2.909775
2.919575
2.921425
2.933975
2.935275
2.954075
2.999125
3.0226
3.027375
3.040225
3.048325
3.061625
3.07285
3.1013
3.107275
3.12085
3.1261
3.13215
3.135875
3.15945
3.171125
3.181475
3.1821
3.184925
3.186275
3.187425
3.255125
3.266225
3.2873
3.306575
3.323125
3.331025
3.340275
3.35395
3.36895
3.37445
3.3786
3.4011
3.402425
3.404325
3.4064
3.41385
3.414575
3.437925
3.4481
3.457175
3.478075
3.479
3.481825
3.486275
3.498
3.498325
3.502425
3.5172
3.538625
3.545875
3.547625
3.5546
3.55555
3.56545
3.5747
3.5839
3.598875
3.604325
3.689625
3.6932
3.70055
3.7101
3.71665
3.7218
3.72185
3.72285
3.7281
3.7368
3.739225
3.7425
3.762775
3.78485
3.80055
3.802825
3.809025
3.817875
3.85765
3.8629
3.8684
3.87515
3.906275
3.9115
3.928025
3.930475
3.974725
3.9976
4.00585
4.006225
4.014025
4.01565
4.02655
4.0272
4.032375
4.034125
4.035375
4.036625
4.0436
4.051625
4.076775
4.076875
4.078475
4.0833
4.186325
4.189075
4.2168
4.221425
4.227925
4.235525
4.286875
4.305775
4.312725
4.340825
4.3414
4.3468
4.3541
4.3653
4.40775
4.42965
4.43985
4.45315
4.492775
4.494675
4.5287
4.552075
4.576525
4.600175
4.60455
4.60775
4.6201
4.626525
4.627475
4.65355
4.65555
4.659075
4.66365
4.670475
4.674
4.682775
4.69615
4.7162
4.71955
4.7286
4.73655
4.740525
4.78895
4.789
4.79195
4.807175
4.834325
4.86895
4.90705
4.924225
4.926725
4.927425
4.93145
4.93705
4.938275
4.950675
4.988825
5.000275
5.005675
5.0273
5.02925
5.03015
5.0448
5.064175
5.0646
5.0874
5.1186
5.120975
5.135425
5.141925
5.163475
5.173775
5.184725
5.19695
5.207275
5.20775
5.22215
5.23215
5.241775
5.244925
5.249725
5.255025
5.2653
5.266075
5.2677
5.273225
5.2783
5.30095
5.308125
5.30875
5.310675
5.3238
5.352475
5.357125
5.3688
5.370725
5.37415
5.3867
5.399875
5.41845
5.419925
5.41995
5.42495
5.43705
5.445975
5.44975
5.4586
5.48375
5.50435
5.5088
5.51045
5.510775
5.524775
5.527
5.5276
5.5292
5.53865
5.5511
5.5604
5.56405
5.57385
5.582075
5.582575
5.58315
5.585075
5.596925
5.6036
5.609975
5.6224
5.637
5.637225
5.6384
5.644175
5.645825
5.663125
5.6723
5.673225
5.688775
5.70635
5.7269
5.730425
5.731
5.75985
5.8053
5.81485
5.82015
5.824875
5.827675
5.835575
5.84835
5.86355
5.878475
5.880325
5.88525
5.886875
5.88905
5.897275
5.897625
5.898325
5.90115
5.9112
5.9252
5.92755
5.93865
5.961325
5.988125
5.992525
6.02105
6.024475
6.05315
6.0612
6.0647
6.081375
6.108075
6.110225
6.1137
6.121125
6.122775
6.133725
6.133875
6.14085
6.1548
6.15525
6.17275
6.175425
6.1776
6.1839
6.194175
6.2116
6.216875
6.232025
6.23855
6.2397
6.243075
6.2594
6.2669
6.26795
6.306725
6.31115
6.31995
6.3223
6.330575
6.3497
6.373475
6.382725
6.4069
6.41505
6.4161
6.4176
6.42075
6.43085
6.4313
6.43715
6.44145
6.45025
6.455325
6.458475
6.47225
6.493575
6.4943
6.500575
6.516175
6.531375
6.531875
6.604375
6.61655
6.6225
6.683575
6.6848
6.690575
6.70235
6.71875
6.723825
6.726275
6.733375
6.73475
6.744275
6.745725
6.752875
6.76025
6.76555
6.77245
6.77275
6.777
6.7821
6.792975
6.8099
6.81365
6.829975
6.85615
6.8684
6.8687
6.869125
6.8823
6.8828
6.88895
6.895025
6.92475
6.933825
6.949875
6.966075
6.972
7.00055
7.0117
7.01805
7.044125
7.048375
7.049675
7.055625
7.062
7.06875
7.093975
7.10205
7.107275
7.1189
7.1201
7.125525
7.131175
7.137075
7.138975
7.13945
7.158975
7.166225
7.1914
7.20345
7.20455
7.208075
7.2287
7.24965
7.260725
7.276875
7.30065
7.3025
7.317675
7.33115
7.333725
7.375125
7.385325
7.3921
7.4117
7.424675
7.432425
7.439475
7.45245
7.456175
7.46065
7.47955
7.503025
7.5266
7.54785
7.5549
7.6008
7.604875
7.6061
7.62225
7.624075
7.62455
7.6251
7.626275
7.652475
7.656025
7.67875
7.68665
7.708625
7.7137
7.71945
7.72215
7.7313
7.7359
7.77305
7.77525
7.782675
7.793925
7.799125
7.837725
7.851275
7.9036
7.90655
7.908325
7.909
7.920875
7.941025
7.9474
7.96755
7.97065
7.9788
7.992175
8.0102
8.014275
8.032025
8.040975
8.061575
8.065975
8.068075
8.09315
8.097125
8.106625
8.143775
8.169125
8.2212
8.223175
8.223425
8.229775
8.230175
8.2361
8.24995
8.2591
8.262425
8.266425
8.2683
8.280625
8.2815
8.291675
8.305475
8.31045
8.328125
8.3284
8.330275
8.331175
8.3367
8.35315
8.353575
8.420725
8.446625
8.4984
8.5076
8.51045
8.519425
8.523575
8.534025
8.537825
8.5572
8.559475
8.571025
8.575425
8.5941
8.598275
8.609725
8.6105
8.61325
8.61375
8.628525
8.643675
8.65125
8.66215
8.68255
8.725475
8.733175
8.74715
8.757375
8.79475
8.799275
8.8055
8.81595
8.82055
8.8329
8.8335
8.837275
8.862325
8.877175
8.89295
8.900375
8.9081
8.91405
8.932825
8.93865
8.9593
8.9624
8.96315
8.97145
8.989475
8.99515
9.085825
786
