0.094125
0.114625
0.1229
0.1409
0.1416
0.145775
0.1486
0.162325
0.181125
0.18535
0.187525
0.189875
0.193875
0.196675
0.20695
0.207225
0.211375
0.216375
0.2306
0.236
0.2397
0.25915
0.288875
0.356975
0.36305
0.38355
0.40175
0.40405
0.406175
0.412175
0.41385
0.416625
0.420625
0.42775
0.4296
0.453175
0.465275
0.468925
0.48625
0.4936
0.52955
0.531
0.532575
0.535275
0.542475
0.545475
0.546
0.563725
0.57295
0.58335
0.590025
0.5978
0.6276
0.63525
0.6355
0.64625
0.65115
0.658175
0.69665
0.712325
0.7143
0.7148
0.7367
0.738325
0.738775
0.739525
0.743625
0.754425
0.776675
0.794725
0.8013
0.817575
0.823
0.841075
0.841475
0.861425
0.86295
0.86615
0.8667
0.873325
0.877075
0.8803
0.88475
0.9321
0.96535
0.966025
1.00935
1.016375
1.0168
1.018675
1.026875
1.05005
1.0569
1.066625
1.070925
1.072975
1.079775
1.0825
1.087425
1.09435
1.106575
1.116025
1.1181
1.12675
1.1321
1.132375
1.151125
1.1628
1.168525
1.1707
1.179525
1.182125
1.2217
1.23895
1.26645
1.289975
1.302675
1.303625
1.308575
1.3168
1.31705
1.320475
1.325275
1.3586
1.3644
1.368525
1.3763
1.37895
1.393575
1.44745
1.476825
1.483275
1.4955
1.4966
1.500675
1.510725
1.53165
1.623525
1.6244
1.626575
1.6416
1.642025
1.646125
1.6499
1.6638
1.664325
1.690925
1.69545
1.74865
1.757075
1.758775
1.773525
1.77535
1.780725
1.800175
1.813775
1.839125
1.840875
1.8504
1.851525
1.896975
1.8994
1.901525
1.9084
1.908525
1.912175
1.924475
1.932475
1.934775
1.93795
1.9445
1.954175
1.96435
1.968925
1.9835
1.98505
1.996275
1.998425
2.00155
2.038025
2.064025
2.0768
2.0801
2.14295
2.15915
2.2027
2.208575
2.224425
2.226175
2.233025
2.235775
2.236675
2.237475
2.242075
2.249625
2.25415
2.25795
2.2751
2.291575
2.294525
2.305475
2.3099
2.319425
2.33715
2.34145
2.36555
2.375925
2.385025
2.38665
2.407425
2.4089
2.41925
2.432425
2.436725
2.453725
2.45855
2.470525
2.47225
2.485725
2.499425
2.50155
2.505925
2.5095
2.53445
2.541075
2.544925
2.5642
2.568775
2.571475
2.583
2.588325
2.611925
2.629875
2.63405
2.6411
2.652775
2.6535
2.65885
2.661725
2.6757
2.69975
2.730825
2.772225
2.802575
2.8234
2.82555
2.835525
2.843125
2.8441
2.854925
2.855625
2.858325
2.874425
2.910575
2.911425
2.914175
2.924275
2.93045
2.982725
2.99575
3.02985
3.042175
3.0618
3.074475
3.09415
3.10155
3.104725
3.10925
3.113175
3.123725
3.1288
3.132125
3.132525
3.1327
3.14985
3.16825
3.17675
3.177675
3.19535
3.201825
3.205175
3.20575
3.2139
3.21545
3.229175
3.2618
3.3099
3.3431
3.378525
3.416575
3.4172
3.425275
3.4476
3.467175
3.46925
3.472825
3.49405
3.504175
3.508475
3.51975
3.522925
3.53655
3.53705
3.5441
3.55285
3.586075
3.6227
3.62455
3.6283
3.6425
3.6445
3.7051
3.706975
3.70705
3.711625
3.72235
3.733625
3.73885
3.753725
3.75925
3.76365
3.769125
3.7781
3.778275
3.780725
3.785775
3.787275
3.7909
3.79235
3.799725
3.8022
3.805125
3.814275
3.828225
3.840125
3.861475
3.865175
3.891575
3.892025
3.894075
3.9048
3.973875
4.004275
4.00555
4.0137
4.0301
4.03225
4.032325
4.08485
4.091025
4.0937
4.095975
4.106125
4.107275
4.125075
4.1335
4.170625
4.194475
4.20235
4.22215
4.225175
4.259275
4.2948
4.303675
4.30895
4.315925
4.319125
4.321375
4.336375
4.340775
4.349775
4.3545
4.361375
4.3628
4.368125
4.370225
4.372
4.374775
4.383025
4.387725
4.391225
4.396475
4.400525
4.405225
4.418225
4.42485
4.43185
4.432075
4.4432
4.4436
4.4452
4.4509
4.480925
4.48815
4.489675
4.492575
4.505175
4.509875
4.540125
4.566975
4.5934
4.60205
4.6049
4.60825
4.6102
4.61335
4.614675
4.63145
4.635125
4.635425
4.636525
4.664925
4.665875
4.682025
4.692325
4.705225
4.71435
4.7189
4.72835
4.732125
4.752625
4.78695
4.79015
4.794425
4.865975
4.908825
4.911825
4.9132
4.9176
4.91865
4.9188
4.9289
4.931725
4.93315
4.941225
4.948725
4.956625
4.96235
4.963
5.000225
5.007575
5.009675
5.0146
5.0279
5.035575
5.03955
5.100025
5.11375
5.11425
5.12995
5.13195
5.1686
5.191275
5.207675
5.208925
5.2207
5.22365
5.2405
5.242775
5.244125
5.252925
5.257925
5.26015
5.262425
5.267
5.267775
5.2769
5.279525
5.308275
5.3126
5.33215
5.334325
5.33765
5.347425
5.370875
5.376025
5.382125
5.394875
5.3991
5.416825
5.425625
5.426175
5.428775
5.43155
5.4678
5.4896
5.504375
5.508625
5.51675
5.517325
5.519375
5.578525
5.58085
5.5874
5.59565
5.59915
5.60785
5.608525
5.6144
5.6157
5.63135
5.637925
5.6438
5.6592
5.662
5.662025
5.662725
5.686625
5.7202
5.7247
5.734575
5.754275
5.76665
5.771225
5.778925
5.782525
5.8067
5.81875
5.820125
5.840525
5.842975
5.844875
5.84815
5.862425
5.898825
5.900775
5.916675
5.923925
5.934775
5.943125
5.956425
5.957375
5.973925
6.0159
6.0246
6.05595
6.06685
6.0844
6.088075
6.0905
6.1016
6.10845
6.11955
6.1203
6.1233
6.132675
6.14045
6.14745
6.154325
6.158525
6.165025
6.178075
6.18205
6.186175
6.194025
6.210375
6.212125
6.218275
6.2361
6.2812
6.295675
6.30855
6.3934
6.403925
6.426525
6.427025
6.441375
6.459775
6.471375
6.47845
6.484225
6.4852
6.506875
6.51525
6.52765
6.53765
6.542175
6.543675
6.548
6.55445
6.5558
6.5604
6.570875
6.5852
6.58735
6.606825
6.659475
6.669575
6.68705
6.6956
6.7007
6.711025
6.739625
6.745375
6.74875
6.77345
6.7845
6.817625
6.8259
6.83125
6.8314
6.86185
6.890475
6.902075
6.9291
7.006325
7.0266
7.0368
7.04215
7.043925
7.051925
7.061325
7.0749
7.08065
7.08905
7.104625
7.109425
7.1101
7.11265
7.116225
7.121275
7.13145
7.1723
7.181175
7.1826
7.20105
7.201725
7.2084
7.21685
7.224475
7.22575
7.237525
7.2431
7.265225
7.276
7.326725
7.333025
7.333625
7.3371
7.3557
7.356325
7.389725
7.395025
7.40025
7.40345
7.40675
7.409675
7.427975
7.43595
7.445925
7.44685
7.466
7.47055
7.4893
7.518925
7.52855
7.542875
7.584625
7.599825
7.60105
7.6037
7.607525
7.608
7.611475
7.615925
7.616425
7.61945
7.631475
7.631675
7.63735
7.6442
7.647475
7.654
7.66415
7.6671
7.673825
7.67415
7.674225
7.6998
7.702275
7.70345
7.707
7.758525
7.7705
7.775225
7.778675
7.81965
7.8923
7.903175
7.9045
7.90465
7.90505
7.910075
7.9138
7.922325
7.92285
7.9385
7.950025
7.973475
7.989325
7.9932
8.01285
8.045225
8.07425
8.085175
8.094475
8.104075
8.1333
8.159525
8.1695
8.199925
8.207975
8.212675
8.2262
8.241025
8.24265
8.2704
8.271875
8.273675
8.2851
8.286425
8.293475
8.29435
8.31305
8.3329
8.335825
8.358125
8.381875
8.4051
8.441175
8.4503
8.4761
8.518575
8.52015
8.5276
8.5305
8.542275
8.546625
8.57995
8.592725
8.62005
8.65235
8.673025
8.6967
8.704475
8.717875
8.731075
8.754875
8.784575
8.80555
8.80655
8.806575
8.8163
8.816875
8.81815
8.8184
8.840225
8.854525
8.856
8.85625
8.862625
8.869375
8.872875
8.8925
8.90215
8.946425
8.946525
8.95765
8.9668
8.988325
8.99895
9.01265
9.046475
9.066825
9.068225
775
