0.10685
0.10875
0.108825
0.112175
0.1128
0.12015
0.120725
0.121
0.129625
0.132475
0.13935
0.13965
0.14125
0.14525
0.165325
0.1934
0.193775
0.2251
0.22905
0.230475
0.236825
0.242125
0.2429
0.2501
0.259975
0.2731
0.31265
0.318825
0.32475
0.327975
0.35345
0.354275
0.37425
0.39125
0.4151
0.429125
0.4318
0.46215
0.470325
0.47205
0.47815
0.49665
0.500375
0.5377
0.54075
0.551675
0.577025
0.59485
0.5951
0.612975
0.618175
0.627225
0.65345
0.65745
0.67595
0.679175
0.70715
0.709575
0.711225
0.725425
0.726425
0.743175
0.74425
0.748075
0.7759
0.809275
0.823125
0.8257
0.829775
0.871975
0.910275
0.91205
0.95815
0.97195
0.98715
1.000675
1.001925
1.003125
1.019
1.01905
1.02605
1.0346
1.05305
1.0632
1.077575
1.07845
1.0806
1.112425
1.116675
1.14365
1.147425
1.16285
1.170975
1.174025
1.1763
1.19245
1.192475
1.2022
1.24455
1.268725
1.289725
1.29125
1.300625
1.30655
1.311425
1.31335
1.31525
1.317375
1.31755
1.318975
1.319425
1.321725
1.3294
1.330825
1.33485
1.337375
1.3549
1.358475
1.3592
1.363975
1.36685
1.3678
1.3691
1.369875
1.3772
1.381125
1.3988
1.404025
1.421075
1.430375
1.4421
1.448
1.511325
1.514125
1.519425
1.53885
1.562025
1.574825
1.6047
1.60815
1.6144
1.61575
1.617725
1.621225
1.62305
1.62435
1.632275
1.634775
1.635575
1.6382
1.6526
1.66905
1.679325
1.682125
1.6848
1.68705
1.696625
1.6971
1.702
1.732625
1.7378
1.760175
1.799775
1.812075
1.832375
1.878625
1.883075
1.891625
1.8936
1.903075
1.904775
1.9182
1.930025
1.932125
1.932175
1.9423
1.953125
1.96495
1.971625
1.982825
1.99065
1.9917
2.01845
2.04455
2.050375
2.073425
2.098375
2.11345
2.139175
2.1631
2.17895
2.207275
2.211825
2.21325
2.213925
2.217725
2.225275
2.2477
2.2643
2.2693
2.270925
2.28035
2.285675
2.29475
2.3023
2.3032
2.342625
2.394275
2.437725
2.444575
2.464475
2.488975
2.501625
2.515175
2.51665
2.540025
2.544475
2.5539
2.560575
2.565325
2.576075
2.586075
2.58885
2.593975
2.6851
2.6894
2.694825
2.720975
2.7236
2.728275
2.752275
2.7687
2.8016
2.80695
2.808125
2.8134
2.814025
2.8211
2.8249
2.83075
2.833325
2.836525
2.843325
2.846425
2.85695
2.860625
2.866625
2.871975
2.87455
2.877525
2.882425
2.8881
2.8885
2.890825
2.9093
2.915475
2.9199
2.937675
2.96355
2.96365
2.964925
2.9801
3.003875
3.049625
3.074625
3.1017
3.104375
3.10995
3.1292
3.1386
3.150325
3.160175
3.1695
3.171875
3.192875
3.2052
3.216425
3.229825
3.264275
3.271675
3.286875
3.292025
3.404125
3.4075
3.416425
3.418175
3.42165
3.422125
3.426875
3.4556
3.4598
3.46635
3.473875
3.491025
3.49875
3.52835
3.53
3.549375
3.579
3.588175
3.6067
3.607175
3.64355
3.6627
3.674775
3.700175
3.706
3.709125
3.724125
3.727625
3.728875
3.738675
3.76515
3.7657
3.78255
3.78675
3.78875
3.7934
3.798725
3.8002
3.806625
3.811825
3.814525
3.852325
3.8681
3.87545
3.893725
3.90205
3.905425
3.9594
4.0068
4.017525
4.017875
4.029025
4.0318
4.0391
4.04
4.04175
4.044675
4.047075
4.0662
4.080325
4.083625
4.091025
4.11105
4.115925
4.123925
4.1242
4.130125
4.162425
4.17205
4.172575
4.188425
4.188475
4.1928
4.201125
4.214275
4.2762
4.293875
4.311925
4.319825
4.321375
4.326075
4.331825
4.334175
4.33865
4.343175
4.34355
4.3594
4.369325
4.37915
4.380575
4.3812
4.397925
4.397975
4.403975
4.415925
4.41975
4.423575
4.433975
4.44455
4.450425
4.4512
4.460475
4.4607
4.467475
4.48445
4.504575
4.533675
4.571775
4.610025
4.6167
4.617775
4.630225
4.6333
4.633425
4.638175
4.64465
4.663725
4.667675
4.670725
4.693075
4.744725
4.7799
4.798025
4.811575
4.824275
4.830775
4.833625
4.840375
4.9294
4.9367
4.942125
4.979625
4.98785
4.989125
4.989775
5.00705
5.007075
5.021525
5.029175
5.048825
5.084225
5.08685
5.0876
5.121925
5.1321
5.150375
5.177475
5.1782
5.211625
5.219225
5.22495
5.22985
5.231275
5.237625
5.2377
5.245175
5.2644
5.267125
5.27525
5.276825
5.28395
5.31375
5.322425
5.327025
5.33765
5.346725
5.34745
5.364825
5.456475
5.480725
5.503975
5.505025
5.516
5.530875
5.5323
5.53705
5.53735
5.548525
5.55975
5.5646
5.570675
5.602375
5.6089
5.6264
5.65245
5.6675
5.67265
5.69225
5.7161
5.758775
5.7831
5.80595
5.8091
5.8124
5.817225
5.8221
5.8251
5.83475
5.839275
5.8447
5.856875
5.864575
5.882375
5.885925
5.891975
5.900825
5.914875
5.924225
5.938675
5.963
5.985875
6.020125
6.04675
6.04745
6.057175
6.092725
6.1088
6.1112
6.11435
6.11715
6.118225
6.1189
6.12345
6.129575
6.152075
6.160325
6.164075
6.166675
6.1698
6.175475
6.1967
6.203925
6.228175
6.260775
6.268175
6.26855
6.282225
6.30735
6.316625
6.33855
6.39085
6.4014
6.4052
6.407275
6.40965
6.409925
6.41375
6.41775
6.425925
6.438325
6.446325
6.459175
6.460875
6.472325
6.474775
6.4803
6.497825
6.50225
6.503525
6.516575
6.519425
6.531775
6.534025
6.540425
6.554175
6.565325
6.578325
6.585975
6.587875
6.593825
6.601425
6.6044
6.6107
6.700775
6.7057
6.706375
6.736075
6.7379
6.74455
6.746325
6.751775
6.762175
6.764725
6.76745
6.77815
6.785275
6.79685
6.80355
6.82885
6.83045
6.854225
6.876225
6.89005
6.8914
6.93595
6.944025
6.953175
7.006325
7.02
7.033075
7.0441
7.048325
7.05775
7.0645
7.073225
7.077925
7.085175
7.092725
7.11405
7.115175
7.1204
7.122
7.125325
7.1265
7.1361
7.138875
7.15105
7.1939
7.199975
7.20055
7.206125
7.20785
7.242475
7.26215
7.302875
7.309025
7.31055
7.3119
7.321075
7.331175
7.331575
7.33235
7.3384
7.341125
7.342425
7.349225
7.351525
7.3643
7.368875
7.377375
7.37795
7.413725
7.4254
7.425725
7.439125
7.450925
7.454825
7.463175
7.464
7.471425
7.478
7.480725
7.508325
7.5212
7.53405
7.568925
7.5813
7.60725
7.60915
7.6133
7.6141
7.621225
7.621375
7.627075
7.63945
7.642125
7.64635
7.651125
7.652225
7.660575
7.68765
7.695925
7.7071
7.712325
7.71415
7.7425
7.752325
7.765525
7.769225
7.771175
7.7807
7.787625
7.82435
7.82885
7.841775
7.873675
7.8752
7.8943
7.905025
7.91
7.9153
7.92695
7.93265
7.93865
7.9487
7.95445
8.00785
8.020625
8.02345
8.04025
8.04815
8.052925
8.05985
8.06505
8.069575
8.0725
8.091975
8.1021
8.159675
8.167875
8.204725
8.2068
8.22395
8.22425
8.22585
8.23225
8.257825
8.268025
8.275175
8.2855
8.30405
8.30415
8.3078
8.31415
8.315025
8.317775
8.33185
8.335175
8.3485
8.368675
8.373275
8.383275
8.386
8.395025
8.423225
8.438175
8.46425
8.51135
8.532225
8.543
8.543175
8.54435
8.554725
8.5551
8.55875
8.5635
8.581575
8.58985
8.598475
8.6039
8.610075
8.635025
8.648275
8.654525
8.671325
8.68735
8.691
8.718025
8.7273
8.76455
8.803475
8.807925
8.81605
8.822125
8.826025
8.83855
8.889025
8.89805
8.904225
8.910825
8.9223
8.925075
8.932975
8.952625
8.960625
8.987675
8.99535
9.004875
9.01685
9.027025
9.06495
9.07015
764
