0.062325
0.10065
0.1011
0.1148
0.1177
0.122575
0.152275
0.1608
0.16705
0.169675
0.1879
0.1892
0.1989
0.235225
0.250625
0.256
0.2618
0.2632
0.28215
0.284325
0.31625
0.3259
0.3286
0.33115
0.33795
0.37145
0.375925
0.3808
0.391475
0.409725
0.4107
0.41225
0.429
0.4324
0.44125
0.448725
0.458725
0.4623
0.4674
0.4679
0.47725
0.497975
0.5227
0.5315
0.5322
0.53345
0.5394
0.54575
0.572125
0.573525
0.59975
0.617175
0.618025
0.671075
0.69565
0.701625
0.703025
0.706575
0.740375
0.744625
0.75665
0.7603
0.76655
0.7671
0.779725
0.7814
0.78175
0.7857
0.788125
0.7922
0.7948
0.798575
0.809575
0.81225
0.82455
0.83075
0.831275
0.8322
0.834625
0.8574
0.8575
0.869525
0.876475
0.89385
0.908575
0.9135
0.935975
1.012325
1.020675
1.022475
1.030075
1.031075
1.03575
1.04875
1.051575
1.07965
1.079925
1.083425
1.108375
1.114075
1.1321
1.152175
1.180125
1.181025
1.196475
1.207725
1.218475
1.239225
1.247575
1.259
1.263175
1.28835
1.3003
1.320225
1.32615
1.329125
1.330425
1.355475
1.358025
1.36445
1.378
1.3892
1.389825
1.3974
1.415325
1.426625
1.43285
1.440725
1.4438
1.45315
1.4621
1.4707
1.488275
1.50005
1.5212
1.530825
1.534575
1.5454
1.6003
1.600775
1.606925
1.607675
1.60955
1.612475
1.618875
1.6226
1.62505
1.629725
1.62985
1.633075
1.636725
1.642975
1.64405
1.64925
1.65295
1.65435
1.656225
1.65915
1.661
1.6724
1.6806
1.68245
1.687525
1.69225
1.696225
1.70875
1.71665
1.728725
1.735175
1.7387
1.7862
1.809475
1.821775
1.8447
1.8555
1.859125
1.88255
1.8834
1.899925
1.91535
1.925175
1.93775
1.95325
1.9555
1.9626
1.971325
1.97185
1.98315
1.98555
2.008225
2.023225
2.03415
2.039875
2.045425
2.0489
2.058725
2.068275
2.087875
2.1042
2.106875
2.11525
2.12065
2.13225
2.159825
2.160725
2.185725
2.200075
2.204125
2.212675
2.2147
2.215925
2.218325
2.219525
2.258725
2.263725
2.2656
2.276875
2.287025
2.3048
2.307675
2.312575
2.34135
2.342825
2.367425
2.39085
2.392075
2.4044
2.41105
2.41395
2.420625
2.443275
2.48655
2.5017
2.505975
2.507125
2.51785
2.521
2.5316
2.534325
2.534575
2.540025
2.54575
2.551825
2.5732
2.578925
2.579
2.5953
2.60095
2.609
2.61675
2.6461
2.66115
2.676875
2.678275
2.7365
2.745325
2.75585
2.7607
2.762525
2.78245
2.80155
2.801875
2.815525
2.823125
2.823725
2.837975
2.838925
2.8445
2.85565
2.858275
2.859125
2.872575
2.8732
2.874075
2.87885
2.9053
2.907075
2.911875
2.9191
2.932975
2.958375
2.97925
2.990225
2.9979
3.0368
3.038475
3.0399
3.047075
3.0708
3.1009
3.106025
3.109325
3.11255
3.120375
3.129275
3.1464
3.14725
3.158225
3.1731
3.194325
3.2187
3.225775
3.236275
3.242275
3.2448
3.2624
3.29375
3.29685
3.361125
3.3676
3.40325
3.40405
3.423475
3.425
3.4398
3.45445
3.45925
3.463675
3.473875
3.47435
3.4915
3.494925
3.50185
3.515275
3.51845
3.536675
3.54125
3.55785
3.58975
3.5994
3.6045
3.6064
3.6074
3.706425
3.709125
3.7108
3.71985
3.722775
3.7258
3.735675
3.7375
3.7425
3.745625
3.747225
3.74815
3.756075
3.75815
3.764125
3.76925
3.7763
3.802975
3.8059
3.81655
3.81875
3.849875
3.863975
3.8975
3.904675
3.927825
3.9369
3.967425
4.00425
4.004375
4.019225
4.0248
4.0249
4.0293
4.042425
4.0518
4.06285
4.078575
4.0803
4.095125
4.120875
4.13925
4.153725
4.1569
4.15895
4.167925
4.207275
4.2079
4.22595
4.22655
4.264225
4.278975
4.293225
4.337225
4.34345
4.34675
4.364025
4.375925
4.3979
4.4161
4.416925
4.424675
4.4335
4.4377
4.438875
4.4397
4.442
4.461975
4.49645
4.50865
4.5146
4.541425
4.597475
4.6041
4.61675
4.618325
4.627075
4.629375
4.633725
4.641875
4.6494
4.6514
4.65505
4.6609
4.665775
4.665825
4.66695
4.690125
4.7025
4.706525
4.72125
4.733525
4.756775
4.786425
4.804125
4.811225
4.82205
4.839775
4.84
4.883125
4.9079
4.921725
4.937625
4.93815
4.95355
4.9545
4.9553
4.95905
4.96055
4.968375
5.017375
5.025725
5.03305
5.04865
5.072275
5.0738
5.1138
5.12505
5.18065
5.1835
5.2013
5.210225
5.216325
5.22585
5.22675
5.234175
5.23805
5.254975
5.25525
5.257225
5.269825
5.2741
5.27735
5.314775
5.3513
5.351625
5.369575
5.372675
5.3768
5.38775
5.4243
5.44625
5.479875
5.50345
5.5084
5.512225
5.5304
5.5309
5.5395
5.540825
5.553625
5.55455
5.559025
5.5638
5.56935
5.57685
5.588525
5.598325
5.6164
5.639375
5.643025
5.6537
5.688825
5.697175
5.71055
5.71155
5.713675
5.7851
5.800025
5.814425
5.816
5.816475
5.82825
5.83035
5.83455
5.83485
5.83995
5.87385
5.885375
5.89245
5.904675
5.905675
5.944625
5.948875
5.9508
5.954125
5.9652
6.016875
6.020725
6.049325
6.109
6.11
6.1137
6.11935
6.121275
6.129325
6.133225
6.13815
6.1411
6.1507
6.153675
6.166525
6.18905
6.19255
6.1988
6.21
6.218675
6.223075
6.224475
6.245225
6.2575
6.258975
6.2897
6.318075
6.330125
6.3643
6.38395
6.392275
6.403075
6.4045
6.4046
6.416675
6.418675
6.4194
6.42095
6.432375
6.433275
6.4347
6.446875
6.451025
6.472875
6.473925
6.474175
6.475675
6.480875
6.503375
6.56945
6.572775
6.58435
6.5864
6.593325
6.62615
6.6312
6.682575
6.6829
6.6894
6.70825
6.71435
6.714375
6.72385
6.724175
6.7332
6.7417
6.75895
6.761125
6.7692
6.806125
6.8075
6.827675
6.828275
6.82895
6.843425
6.8436
6.84425
6.852325
6.857925
6.924175
6.944575
6.9489
7.0055
7.012425
7.014975
7.029875
7.03015
7.0452
7.048625
7.0499
7.05
7.055125
7.067
7.067425
7.089875
7.100325
7.1114
7.120525
7.12865
7.132325
7.14265
7.158525
7.162425
7.182925
7.211675
7.212425
7.28045
7.3015
7.312175
7.312375
7.318275
7.319125
7.334675
7.33845
7.361625
7.3673
7.36945
7.371275
7.416225
7.423575
7.4378
7.452475
7.454
7.45695
7.462475
7.474475
7.5363
7.53705
7.540275
7.5419
7.580025
7.583375
7.591825
7.608125
7.619525
7.6279
7.639025
7.6455
7.65935
7.660225
7.684275
7.7118
7.7209
7.7356
7.760975
7.762475
7.765875
7.7817
7.783
7.810925
7.8165
7.83555
7.85265
7.863025
7.903525
7.911825
7.9189
7.920925
7.92725
7.931475
7.951225
7.956075
7.9651
7.99085
7.99115
8.00185
8.0119
8.017275
8.0425
8.04285
8.06115
8.090775
8.095625
8.096525
8.112925
8.116225
8.19155
8.19605
8.2001
8.200375
8.218575
8.229075
8.23395
8.238275
8.26065
8.272775
8.281
8.317725
8.3379
8.347825
8.353175
8.386425
8.398125
8.441625
8.45195
8.457725
8.469925
8.47695
8.5098
8.50985
8.511375
8.516225
8.53095
8.5327
8.539925
8.557475
8.582475
8.5844
8.587025
8.589275
8.599575
8.625375
8.661625
8.68385
8.6852
8.69335
8.70075
8.721975
8.72835
8.729225
8.7568
8.770325
8.7707
8.775
8.7801
8.810425
8.83605
8.840375
8.856325
8.86195
8.8822
8.884075
8.8858
8.908125
8.909
8.910475
8.928475
8.9493
8.974275
8.97525
9.0005
9.002025
9.006175
9.0148
9.024175
9.062025
9.064525
9.066425
9.07755
769
