0.05535
0.077925
0.103725
0.106
0.11045
0.127325
0.13085
0.132525
0.1475
0.1565
0.167675
0.177225
0.182625
0.1952
0.216675
0.264925
0.281275
0.291875
0.306375
0.33315
0.36725
0.4067
0.40765
0.4124
0.414225
0.41475
0.42035
0.423875
0.424175
0.425075
0.4313
0.432725
0.438025
0.44635
0.45765
0.458325
0.46105
0.462725
0.462875
0.4667
0.4754
0.48235
0.484475
0.486375
0.4907
0.552075
0.56875
0.577325
0.582675
0.599325
0.712025
0.71535
0.72
0.7239
0.73035
0.75845
0.76105
0.7801
0.783425
0.785
0.8106
0.81265
0.82615
0.829175
0.839225
0.852275
0.8592
0.8641
0.935775
0.953375
1.004375
1.007825
1.00825
1.01735
1.018775
1.0618
1.071675
1.07675
1.079
1.083975
1.0919
1.0966
1.107375
1.10755
1.110825
1.118275
1.16325
1.187175
1.19605
1.212575
1.2551
1.25695
1.258125
1.269825
1.27655
1.313125
1.31655
1.319075
1.321425
1.322475
1.3288
1.3313
1.333475
1.33695
1.343075
1.3617
1.366775
1.37085
1.379225
1.379875
1.389675
1.3911
1.400075
1.458725
1.4735
1.4789
1.5016
1.518325
1.550675
1.5609
1.60105
1.61425
1.620925
1.62375
1.6251
1.6264
1.629825
1.634375
1.639125
1.640275
1.64085
1.64965
1.658975
1.6613
1.663275
1.664375
1.666125
1.667425
1.67315
1.68275
1.702625
1.74665
1.76805
1.769375
1.7893
1.814375
1.831425
1.843625
1.88155
1.893525
1.91105
1.91515
1.92425
1.937325
1.942325
1.944725
1.94655
1.953675
1.959575
1.96035
1.98335
1.992825
1.99305
2.011675
2.013925
2.0329
2.050825
2.052825
2.0651
2.06675
2.068075
2.089375
2.108475
2.133825
2.14165
2.167175
2.168525
2.1902
2.19775
2.208575
2.2112
2.220775
2.221175
2.23895
2.240425
2.242075
2.243125
2.248325
2.2578
2.266925
2.2707
2.27935
2.293875
2.297325
2.33145
2.351025
2.373575
2.378425
2.39425
2.40085
2.40485
2.422375
2.4251
2.433675
2.438975
2.44955
2.47195
2.50125
2.50175
2.5123
2.51325
2.518675
2.5329
2.536175
2.5374
2.539525
2.5422
2.544275
2.567075
2.56765
2.595375
2.63125
2.6546
2.68055
2.743675
2.753575
2.756225
2.789625
2.79105
2.806275
2.8091
2.82165
2.824625
2.83395
2.834825
2.84535
2.869225
2.8722
2.890775
2.937925
2.966475
2.9677
2.9704
2.98675
3.0208
3.060225
3.10515
3.120775
3.1335
3.137875
3.145425
3.14635
3.146425
3.1493
3.1612
3.1748
3.1802
3.189675
3.191125
3.19545
3.214825
3.22515
3.23765
3.246725
3.261675
3.281675
3.319675
3.360975
3.3743
3.38885
3.40705
3.413125
3.427425
3.4345
3.438475
3.439
3.44995
3.451725
3.456675
3.4636
3.464925
3.465725
3.466025
3.467675
3.468175
3.4717
3.488325
3.5162
3.528675
3.5389
3.54295
3.558425
3.576625
3.5851
3.593275
3.6025
3.637075
3.659475
3.686875
3.687975
3.699275
3.706425
3.713125
3.717225
3.734325
3.753925
3.792525
3.802475
3.855825
3.867775
3.891525
3.902625
3.93855
3.9434
3.987875
4.0265
4.0291
4.03585
4.04395
4.045675
4.04795
4.0512
4.0531
4.058425
4.0613
4.07605
4.07765
4.084125
4.092975
4.098575
4.113175
4.12045
4.1241
4.1346
4.1476
4.169525
4.17395
4.240575
4.253775
4.26175
4.3012
4.3087
4.314075
4.32015
4.3216
4.331375
4.360975
4.373325
4.37785
4.394025
4.410475
4.41675
4.4172
4.4696
4.5007
4.5053
4.5416
4.55445
4.6198
4.6217
4.6242
4.624225
4.632975
4.64115
4.643225
4.6447
4.663575
4.66805
4.669675
4.6779
4.69055
4.6983
4.698875
4.701025
4.7014
4.70615
4.706425
4.71225
4.715625
4.71715
4.718625
4.72085
4.735875
4.743175
4.75815
4.8096
4.81955
4.826475
4.83425
4.835875
4.844075
4.888825
4.894925
4.901925
4.909325
4.91415
4.9165
4.929325
4.9336
4.933825
4.9384
4.94935
4.9505
4.954875
4.9561
4.96565
4.9658
4.972625
4.9902
4.990875
5.018175
5.026275
5.035775
5.0524
5.05495
5.074
5.093975
5.11185
5.1188
5.2016
5.202875
5.20915
5.213825
5.226275
5.2355
5.239575
5.25135
5.262575
5.295475
5.296275
5.2993
5.307275
5.308725
5.35675
5.3592
5.37535
5.387925
5.40335
5.411325
5.432575
5.44225
5.442475
5.44715
5.4792
5.495575
5.500425
5.500525
5.502275
5.5088
5.510175
5.5123
5.520825
5.526575
5.53505
5.5351
5.554275
5.56325
5.56815
5.58995
5.6254
5.627675
5.62905
5.6368
5.666725
5.67735
5.68725
5.690125
5.70315
5.709675
5.716575
5.718325
5.734625
5.7761
5.7842
5.80585
5.806425
5.8073
5.8162
5.828925
5.8583
5.891075
5.90485
5.916625
5.9227
5.941725
6.05355
6.0551
6.08125
6.1126
6.1153
6.122925
6.130075
6.1427
6.15275
6.154075
6.157225
6.1669
6.1687
6.176125
6.18515
6.189175
6.1979
6.204675
6.210025
6.21175
6.213725
6.231525
6.234925
6.251175
6.269375
6.271
6.289525
6.31195
6.317675
6.32795
6.33825
6.340475
6.377475
6.387925
6.398725
6.413975
6.414875
6.417025
6.439475
6.449725
6.452125
6.459975
6.46195
6.47065
6.47395
6.47405
6.488225
6.5158
6.5277
6.535475
6.557075
6.607175
6.6098
6.610525
6.61165
6.6139
6.6313
6.631325
6.642625
6.7016
6.702175
6.7136
6.715325
6.7243
6.73495
6.7422
6.744625
6.75805
6.767925
6.77265
6.7777
6.8069
6.812325
6.819975
6.855225
6.8581
6.878375
6.8982
6.93345
6.954975
6.963525
6.96855
7.00145
7.00475
7.024225
7.02555
7.0266
7.03275
7.03785
7.0484
7.056425
7.059425
7.06995
7.0708
7.084725
7.09655
7.098325
7.117975
7.120425
7.142125
7.14405
7.1471
7.174025
7.1936
7.21165
7.2205
7.228525
7.235825
7.2537
7.2586
7.273125
7.282925
7.30385
7.30585
7.3076
7.309575
7.31335
7.3191
7.325025
7.326075
7.3294
7.3332
7.336525
7.341825
7.346325
7.34685
7.35655
7.356825
7.37235
7.373725
7.374525
7.384
7.38705
7.4019
7.412825
7.41345
7.41405
7.422675
7.436325
7.4492
7.463575
7.4992
7.509725
7.541625
7.5448
7.5653
7.602075
7.610525
7.61055
7.61565
7.619575
7.63135
7.635325
7.6741
7.677
7.6776
7.68035
7.69125
7.70665
7.70835
7.708875
7.721
7.749
7.7514
7.788325
7.803375
7.8189
7.82975
7.851075
7.859875
7.906075
7.915525
7.921175
7.92135
7.9309
7.931225
7.93555
7.942425
7.951425
7.9653
7.96885
7.97475
7.98115
7.98715
7.98855
8.00595
8.0309
8.0336
8.043675
8.055725
8.060125
8.07245
8.0843
8.091075
8.098525
8.103625
8.12545
8.130575
8.199325
8.205525
8.2101
8.2125
8.213225
8.2143
8.214825
8.216925
8.21955
8.2244
8.233075
8.234225
8.236075
8.2433
8.25235
8.2556
8.328125
8.3288
8.3464
8.360125
8.387
8.38895
8.405675
8.409
8.449175
8.470475
8.502625
8.5168
8.52065
8.53395
8.545975
8.557975
8.5596
8.560175
8.570375
8.575775
8.591925
8.5989
8.607675
8.610075
8.6227
8.629375
8.639625
8.653425
8.66725
8.670675
8.674125
8.6781
8.70325
8.72885
8.742525
8.75425
8.802
8.812125
8.815175
8.8375
8.8501
8.861
8.878225
8.881375
8.88575
8.902275
8.914125
8.92945
8.948675
8.949775
8.977475
9.00865
9.019075
9.050625
9.099925
754
