0.1079
0.112375
0.114525
0.117825
0.118525
0.12455
0.12845
0.1383
0.1387
0.138775
0.140175
0.16125
0.162875
0.163775
0.16515
0.1739
0.1754
0.1762
0.180125
0.187075
0.1896
0.22665
0.227625
0.228975
0.2327
0.270825
0.275225
0.28325
0.29955
0.301575
0.3926
0.40185
0.4162
0.45215
0.4532
0.45635
0.459275
0.472875
0.48095
0.506475
0.5079
0.515775
0.531025
0.531775
0.544075
0.596025
0.600225
0.609125
0.62245
0.623225
0.6264
0.6546
0.671925
0.6946
0.7068
0.712575
0.7304
0.73375
0.7526
0.778275
0.778325
0.778875
0.80175
0.80645
0.806775
0.818325
0.829825
0.8458
0.85735
0.862025
0.8962
0.89775
0.90865
0.9285
0.951625
0.953675
0.95475
0.964525
0.968125
0.96845
0.973175
0.98145
1.001425
1.001575
1.001725
1.004825
1.023025
1.03435
1.0428
1.0616
1.0628
1.063625
1.07835
1.078575
1.0912
1.099725
1.11585
1.12665
1.12825
1.158375
1.17735
1.18775
1.189775
1.195575
1.203375
1.212875
1.219425
1.246525
1.303375
1.319975
1.32295
1.33115
1.33955
1.34815
1.349925
1.3604
1.3669
1.369075
1.391775
1.392225
1.406225
1.413875
1.422575
1.425375
1.44595
1.449225
1.4864
1.49445
1.516225
1.5208
1.52105
1.547975
1.586475
1.613625
1.615
1.615025
1.615475
1.61745
1.6304
1.654425
1.66095
1.6634
1.67425
1.67925
1.6858
1.68615
1.686325
1.698275
1.700275
1.7004
1.72205
1.741825
1.75235
1.782025
1.784375
1.796975
1.812475
1.815475
1.82505
1.826825
1.827025
1.82745
1.835075
1.88115
1.887
1.911
1.91145
1.91535
1.915425
1.915675
1.920025
1.9224
1.92385
1.930175
1.944
1.94785
1.94955
1.95185
1.95275
1.9636
1.9692
1.972275
2.0022
2.004
2.00405
2.010825
2.014525
2.074425
2.0798
2.08175
2.09015
2.131675
2.151275
2.15715
2.20165
2.225925
2.2471
2.2561
2.26085
2.271075
2.285025
2.2974
2.309825
2.31235
2.316
2.347725
2.360925
2.36415
2.371825
2.3868
2.41655
2.4278
2.447925
2.466675
2.471075
2.4805
2.482
2.526425
2.537125
2.538925
2.540725
2.568125
2.573625
2.576725
2.580325
2.587
2.59595
2.599375
2.61685
2.6488
2.684175
2.688
2.714225
2.738275
2.749825
2.769475
2.795675
2.804175
2.80805
2.816925
2.8242
2.82735
2.83255
2.837475
2.8383
2.83855
2.845075
2.846475
2.8511
2.851825
2.85485
2.854975
2.860675
2.865475
2.8842
2.884875
2.8888
2.8946
2.93985
2.942525
2.953025
2.980125
3.0052
3.015275
3.045025
3.0539
3.08935
3.101
3.1033
3.107925
3.12685
3.129725
3.1323
3.132625
3.15195
3.171975
3.1861
3.23005
3.27765
3.345
3.36035
3.371175
3.4015
3.417275
3.43015
3.44025
3.446625
3.44705
3.456825
3.457125
3.503475
3.530325
3.56545
3.5703
3.57675
3.58055
3.680525
3.6913
3.697675
3.705275
3.70545
3.7133
3.714425
3.718325
3.738125
3.762575
3.763325
3.8363
3.84785
3.848775
3.858575
3.8599
3.870525
3.9076
3.908875
3.91945
3.950825
3.9659
3.969625
3.97925
4.008575
4.00965
4.0102
4.01815
4.02925
4.032525
4.038525
4.039275
4.0473
4.04785
4.05795
4.06035
4.065575
4.06845
4.07275
4.07495
4.08035
4.093625
4.09575
4.098225
4.104275
4.109825
4.1186
4.121625
4.13995
4.1401
4.146775
4.150175
4.16325
4.171525
4.1878
4.20165
4.202275
4.234225
4.30195
4.302925
4.30755
4.309225
4.309425
4.312
4.331875
4.332125
4.33505
4.337025
4.342275
4.34565
4.37585
4.3817
4.38375
4.3937
4.395425
4.4243
4.446325
4.4768
4.4891
4.489425
4.49025
4.543575
4.5961
4.600925
4.603825
4.60715
4.60985
4.61075
4.62015
4.640675
4.6542
4.6597
4.665375
4.6661
4.69015
4.702175
4.70605
4.731425
4.75935
4.772425
4.812575
4.8159
4.84465
4.864675
4.902925
4.903275
4.9043
4.905875
4.914325
4.919225
4.9196
4.930525
4.9308
4.94855
4.9514
4.9546
4.9642
4.964225
4.964525
4.966975
4.969775
4.9781
4.983875
4.9893
4.996725
5.008075
5.02065
5.0213
5.024225
5.031825
5.03685
5.041325
5.09165
5.09435
5.096275
5.156425
5.15925
5.165525
5.215675
5.2171
5.2244
5.227775
5.23745
5.246225
5.252225
5.256075
5.272375
5.276125
5.336025
5.34095
5.361
5.362425
5.365225
5.371875
5.384375
5.396675
5.446975
5.453725
5.5001
5.507375
5.512875
5.51355
5.524275
5.530175
5.532575
5.541475
5.550975
5.5577
5.56375
5.57065
5.599825
5.60145
5.608975
5.6268
5.6283
5.62835
5.63295
5.642825
5.663325
5.6679
5.6711
5.68315
5.722175
5.745825
5.753225
5.807325
5.821325
5.8327
5.835575
5.8411
5.85735
5.858425
5.87965
5.88135
5.892475
5.90995
5.910875
5.955125
5.95845
5.9774
5.97755
6.04595
6.0739
6.077
6.09945
6.101475
6.101875
6.10455
6.10925
6.114125
6.114225
6.138925
6.150425
6.1595
6.161675
6.163475
6.17185
6.1793
6.200525
6.2166
6.223625
6.224175
6.2256
6.2381
6.245625
6.248475
6.262225
6.275625
6.284975
6.287525
6.2894
6.330925
6.3452
6.401475
6.40185
6.4072
6.40925
6.410675
6.412125
6.414225
6.4253
6.429575
6.433425
6.4387
6.44115
6.44185
6.443475
6.44955
6.4594
6.460575
6.46425
6.46445
6.47115
6.471375
6.49725
6.5004
6.523875
6.561425
6.57185
6.57745
6.602875
6.615225
6.670475
6.675925
6.678825
6.692125
6.7048
6.712275
6.713075
6.7218
6.729
6.73845
6.755
6.7568
6.7661
6.7684
6.77015
6.773275
6.775525
6.78615
6.7954
6.8011
6.803575
6.804475
6.807275
6.83065
6.8328
6.864275
6.9022
6.92105
6.92735
6.928775
6.9539
6.957525
7.00055
7.006525
7.0068
7.0114
7.011975
7.024
7.02455
7.03385
7.035275
7.04405
7.0453
7.063075
7.079275
7.0805
7.092375
7.1012
7.103625
7.115975
7.14495
7.167525
7.1913
7.20555
7.2169
7.281475
7.288
7.3006
7.302325
7.3035
7.305575
7.3096
7.331425
7.3317
7.339375
7.341275
7.349825
7.351775
7.35255
7.3616
7.3621
7.38815
7.422925
7.434775
7.4494
7.45605
7.46075
7.5168
7.526975
7.534225
7.606675
7.61145
7.6223
7.630875
7.6336
7.637825
7.6416
7.6654
7.680525
7.69405
7.701075
7.70685
7.741475
7.77645
7.800925
7.80555
7.8549
7.893075
7.9081
7.909425
7.913575
7.9137
7.91585
7.916475
7.91775
7.919025
7.91905
7.919075
7.932475
7.941625
7.947275
7.952625
7.956825
7.96455
7.964775
7.967075
7.980575
7.980625
7.98185
7.98385
7.9928
8.0079
8.008725
8.02215
8.02965
8.043325
8.086125
8.089425
8.0906
8.119575
8.13375
8.134525
8.1571
8.174875
8.2103
8.212075
8.2186
8.23355
8.244725
8.250225
8.262675
8.2745
8.29305
8.304475
8.30895
8.313925
8.31645
8.31735
8.35005
8.3524
8.37235
8.402775
8.402875
8.410675
8.4615
8.498525
8.5125
8.519825
8.549425
8.55425
8.557475
8.582025
8.590575
8.598175
8.61005
8.610775
8.621925
8.626575
8.634125
8.6546
8.661975
8.6672
8.708175
8.73385
8.75785
8.768825
8.801275
8.808125
8.812025
8.813075
8.821925
8.82515
8.839275
8.84085
8.844
8.85725
8.880825
8.883475
8.88545
8.886725
8.892025
8.893925
8.8966
8.90745
8.912475
8.93225
8.9674
8.993575
9.033675
9.034375
9.05495
9.0624
9.075225
761
