0.1057
0.11135
0.129625
0.131275
0.131325
0.133525
0.140375
0.1417
0.143325
0.153075
0.1585
0.1678
0.1735
0.186775
0.2321
0.2333
0.238975
0.240375
0.24135
0.24215
0.254975
0.2816
0.2894
0.28995
0.305925
0.306375
0.4028
0.404825
0.41575
0.419175
0.424675
0.427875
0.43205
0.436425
0.4435
0.449425
0.45265
0.456125
0.485125
0.4936
0.508675
0.51875
0.538325
0.5395
0.55965
0.5686
0.5815
0.63805
0.639075
0.6798
0.701775
0.70305
0.7224
0.729375
0.730875
0.7399
0.7458
0.746625
0.7498
0.7512
0.7527
0.7711
0.772075
0.78375
0.7867
0.798575
0.804125
0.80505
0.815175
0.82085
0.824075
0.833675
0.8599
0.881
0.881025
0.881275
0.896925
0.9365
0.98485
1.001625
1.004025
1.0072
1.007375
1.033525
1.037675
1.03865
1.046275
1.0533
1.062275
1.0628
1.065025
1.0677
1.079275
1.09945
1.11895
1.124875
1.1294
1.161325
1.179925
1.183525
1.184075
1.225825
1.22845
1.23635
1.245525
1.25985
1.26725
1.273925
1.2793
1.285
1.299975
1.3014
1.305825
1.308675
1.3149
1.319025
1.32435
1.32565
1.32615
1.32745
1.330475
1.343075
1.345625
1.350075
1.3736
1.374775
1.39265
1.394175
1.394675
1.400825
1.407975
1.4321
1.4351
1.492275
1.499325
1.570325
1.60505
1.6087
1.619075
1.620825
1.6258
1.627575
1.630175
1.637375
1.640475
1.654875
1.6555
1.679375
1.681575
1.68695
1.69095
1.70405
1.7225
1.72435
1.743975
1.7453
1.759075
1.7678
1.769175
1.81445
1.821875
1.82705
1.848725
1.87655
1.903275
1.909
1.9132
1.92435
1.927875
1.937975
1.9649
2.010075
2.03255
2.040025
2.06985
2.104925
2.1136
2.11945
2.17165
2.1765
2.178475
2.202075
2.210525
2.210575
2.227925
2.234925
2.237625
2.240625
2.243475
2.2564
2.2596
2.2673
2.2705
2.2806
2.2822
2.282975
2.286025
2.3074
2.30805
2.30945
2.317025
2.323625
2.326725
2.351225
2.3517
2.3724
2.388025
2.388075
2.417425
2.44965
2.49895
2.50195
2.511525
2.520925
2.531925
2.543725
2.553825
2.55595
2.5849
2.5883
2.5928
2.5987
2.60905
2.6097
2.6236
2.6326
2.69175
2.69255
2.7587
2.77885
2.801925
2.803275
2.806175
2.807675
2.817425
2.837275
2.842975
2.84595
2.853675
2.869075
2.87455
2.8853
2.885725
2.891425
2.9024
2.9198
2.931275
2.947075
2.952025
2.955375
2.980675
3.017825
3.037475
3.0534
3.1109
3.13935
3.139925
3.155025
3.15695
3.1621
3.172875
3.180675
3.18475
3.1934
3.208225
3.223275
3.242175
3.247675
3.2567
3.2686
3.26995
3.315275
3.35125
3.367725
3.391425
3.411975
3.41655
3.42135
3.422775
3.42975
3.438325
3.443175
3.4495
3.453975
3.471675
3.5018
3.518875
3.522275
3.52395
3.525325
3.5352
3.555375
3.595825
3.602725
3.60505
3.60925
3.609875
3.641675
3.712175
3.712725
3.716625
3.72735
3.7335
3.738075
3.7399
3.7405
3.751725
3.7647
3.766475
3.8119
3.814075
3.82895
3.8301
3.832725
3.840925
3.8416
3.843975
3.8467
3.895
3.93665
3.956525
3.9621
3.973625
3.9766
4.024575
4.0264
4.03235
4.045825
4.0491
4.051025
4.065675
4.0678
4.07065
4.078475
4.0822
4.0831
4.09745
4.1119
4.115275
4.132375
4.138925
4.1481
4.160925
4.20075
4.25
4.2559
4.28265
4.3072
4.308875
4.309225
4.309675
4.3141
4.3201
4.330675
4.3338
4.34385
4.3628
4.367
4.396575
4.398525
4.3992
4.428075
4.42905
4.445925
4.451825
4.453175
4.4635
4.48085
4.493225
4.504275
4.516775
4.536
4.55945
4.5781
4.60735
4.609325
4.611175
4.61175
4.612725
4.614925
4.6165
4.628675
4.634825
4.67225
4.67685
4.678675
4.6821
4.686325
4.689675
4.69085
4.694075
4.718375
4.724625
4.7449
4.79455
4.81175
4.831125
4.83345
4.833925
4.860275
4.89135
4.902175
4.90335
4.906175
4.907775
4.91015
4.9128
4.912875
4.913375
4.91845
4.942125
4.9424
4.950075
4.95405
4.957375
4.96195
4.966375
4.96825
4.990875
4.9929
5.003125
5.00875
5.01435
5.014575
5.027425
5.041775
5.048725
5.05685
5.058225
5.062825
5.0722
5.07625
5.092
5.102025
5.14905
5.1494
5.1598
5.18195
5.20075
5.21085
5.218575
5.222075
5.225
5.22645
5.231625
5.2339
5.24745
5.249775
5.250775
5.265725
5.29185
5.294425
5.29585
5.296125
5.302725
5.31825
5.31935
5.345375
5.3458
5.3459
5.358525
5.36325
5.3678
5.419675
5.4617
5.462725
5.463975
5.493375
5.496425
5.50715
5.513225
5.515725
5.518325
5.51935
5.52165
5.52195
5.524325
5.5282
5.542875
5.5669
5.571725
5.572525
5.57395
5.578275
5.590225
5.592575
5.60835
5.614475
5.616675
5.620075
5.626875
5.632875
5.639875
5.65005
5.66235
5.663725
5.6763
5.690525
5.721125
5.776775
5.793175
5.80255
5.80315
5.82005
5.825175
5.829475
5.83005
5.842025
5.880625
5.883875
5.89835
5.901975
5.921675
5.9306
5.93445
5.9379
5.9707
5.97505
6.048475
6.049375
6.065625
6.075775
6.107075
6.114775
6.116475
6.1182
6.1262
6.128
6.143475
6.16155
6.16665
6.1675
6.169
6.1887
6.20595
6.206325
6.213425
6.21855
6.222175
6.229575
6.236975
6.28395
6.28975
6.34775
6.393625
6.396975
6.42935
6.43505
6.44025
6.440375
6.444825
6.452275
6.469175
6.487075
6.523525
6.52945
6.574275
6.57505
6.579225
6.598725
6.622375
6.6876
6.688775
6.69585
6.703675
6.704825
6.707975
6.7117
6.7146
6.7206
6.729425
6.730275
6.76435
6.791925
6.7929
6.8184
6.823125
6.83035
6.83835
6.8414
6.85675
6.88415
6.89215
6.91305
6.9203
6.940375
6.941175
6.95315
7.0065
7.006975
7.010225
7.014475
7.018225
7.018675
7.024325
7.04325
7.046525
7.06075
7.06865
7.079425
7.079975
7.087875
7.0957
7.095725
7.101275
7.10345
7.111125
7.113375
7.117375
7.1254
7.1361
7.148575
7.1522
7.1612
7.196175
7.208
7.220125
7.2329
7.237
7.25815
7.26255
7.3003
7.308125
7.310925
7.314875
7.3183
7.36745
7.3699
7.3789
7.38185
7.38935
7.39225
7.40455
7.424425
7.42545
7.437325
7.48215
7.4915
7.52665
7.60665
7.6253
7.6291
7.63045
7.6461
7.65865
7.662825
7.670625
7.6823
7.682375
7.6827
7.683075
7.68905
7.68995
7.699
7.7051
7.713275
7.7374
7.75105
7.753925
7.7589
7.778475
7.7843
7.788
7.815625
7.91
7.922575
7.9226
7.941225
7.94325
7.947325
7.948125
7.951925
7.9607
7.961025
7.9703
8.0046
8.015125
8.017175
8.0448
8.048675
8.08205
8.0826
8.08485
8.110275
8.122875
8.13115
8.149775
8.15985
8.189025
8.19605
8.200125
8.201225
8.226825
8.25025
8.316925
8.36135
8.364375
8.377475
8.39145
8.405075
8.430425
8.482325
8.50935
8.51035
8.513
8.513725
8.517425
8.528825
8.5312
8.5328
8.533425
8.535125
8.54375
8.577325
8.58155
8.583725
8.58455
8.60395
8.607875
8.609925
8.615025
8.620925
8.64345
8.64915
8.65875
8.664175
8.679
8.680925
8.68205
8.6903
8.69505
8.709375
8.766575
8.80205
8.80595
8.81335
8.82005
8.83015
8.8348
8.840425
8.852425
8.863425
8.871875
8.882375
8.8895
8.907625
8.929125
8.932325
8.93615
8.97135
8.97465
9.0072
9.0215
9.02175
9.031125
9.03115
9.04705
757
