0.058575
0.1009
0.121225
0.13665
0.13735
0.139075
0.13915
0.140075
0.140475
0.1516
0.174275
0.17505
0.177925
0.17975
0.1811
0.1883
0.22385
0.235325
0.236275
0.263575
0.278
0.291375
0.2962
0.29965
0.360075
0.393325
0.41735
0.42135
0.426725
0.42735
0.427575
0.430075
0.431
0.43595
0.440375
0.45
0.45705
0.469075
0.48705
0.4994
0.52995
0.548625
0.55855
0.581825
0.63465
0.6628
0.663575
0.676475
0.700975
0.716325
0.717625
0.72555
0.73445
0.743975
0.771625
0.780675
0.785325
0.792275
0.806575
0.813475
0.8285
0.840375
0.841125
0.868325
0.878775
0.882575
0.91125
0.9164
0.91745
0.953675
0.963525
0.965875
0.97075
1.00075
1.00135
1.00865
1.011125
1.01115
1.011975
1.019
1.0472
1.05045
1.052
1.05365
1.05955
1.0598
1.062275
1.065025
1.065475
1.065825
1.072625
1.092575
1.10655
1.113025
1.133575
1.13445
1.13565
1.1361
1.1384
1.156675
1.1683
1.21865
1.223625
1.277125
1.3018
1.3028
1.313175
1.31575
1.31765
1.3372
1.34285
1.346825
1.348625
1.35755
1.3715
1.374525
1.378675
1.38275
1.388825
1.39745
1.4109
1.424375
1.43145
1.43925
1.452875
1.4616
1.469575
1.4989
1.52575
1.53435
1.564025
1.567575
1.568325
1.5867
1.589225
1.606975
1.625525
1.644025
1.6657
1.671475
1.68085
1.69565
1.69665
1.698575
1.70235
1.7036
1.70425
1.71795
1.72545
1.73065
1.76385
1.765875
1.7699
1.8104
1.8592
1.8614
1.86305
1.863675
1.889
1.898
1.904425
1.912825
1.922525
1.926425
1.947325
1.9504
1.992875
1.999175
2.00385
2.011125
2.019225
2.04035
2.040825
2.084075
2.0965
2.0973
2.10795
2.134475
2.14305
2.162375
2.167975
2.177
2.1834
2.1872
2.20325
2.20715
2.20735
2.207375
2.215825
2.22095
2.22315
2.244625
2.264
2.273875
2.27595
2.283525
2.2846
2.311625
2.328575
2.330125
2.3356
2.36475
2.3839
2.39675
2.44805
2.48385
2.495075
2.50645
2.50825
2.51405
2.519975
2.5263
2.54005
2.540625
2.551575
2.55225
2.555375
2.564975
2.569025
2.57325
2.606525
2.6068
2.615275
2.61735
2.6569
2.67365
2.683225
2.7364
2.76055
2.7796
2.80445
2.807925
2.816925
2.817725
2.8248
2.82625
2.8365
2.84055
2.87405
2.87965
2.880325
2.895975
2.9034
2.9648
2.986025
3.0122
3.01965
3.0648
3.069975
3.086925
3.12185
3.12685
3.13505
3.1368
3.148425
3.158975
3.1652
3.168775
3.1764
3.191375
3.192375
3.1938
3.227425
3.24455
3.272575
3.2778
3.283875
3.305725
3.314675
3.330725
3.343
3.344925
3.4166
3.4189
3.4246
3.427075
3.43405
3.44285
3.47315
3.474925
3.500825
3.503525
3.5037
3.52055
3.53945
3.550275
3.557225
3.5644
3.5802
3.59215
3.595975
3.61715
3.631325
3.63265
3.636575
3.63705
3.63795
3.653825
3.700175
3.7005
3.704075
3.711325
3.7135
3.7194
3.729325
3.731625
3.73495
3.73985
3.741
3.7438
3.7441
3.747
3.75705
3.7808
3.794825
3.79935
3.8077
3.808975
3.838325
3.8393
3.8542
3.86645
3.875925
3.89205
3.896475
3.914
3.9355
3.9742
3.98225
3.987075
4.009575
4.01855
4.0271
4.028075
4.0287
4.0345
4.035725
4.036525
4.0433
4.0472
4.047875
4.05695
4.058725
4.061275
4.0721
4.0841
4.0939
4.107675
4.116375
4.125825
4.138975
4.142925
4.157275
4.16745
4.178875
4.181025
4.203925
4.211825
4.22175
4.2222
4.233925
4.2358
4.2544
4.284875
4.290225
4.296325
4.3048
4.3138
4.31555
4.317075
4.32155
4.32645
4.328475
4.34605
4.35555
4.361025
4.3775
4.379875
4.392275
4.39335
4.4124
4.413275
4.419875
4.435375
4.439675
4.444675
4.445825
4.52985
4.539275
4.5415
4.5652
4.60075
4.601575
4.6032
4.604475
4.606025
4.61665
4.620975
4.630475
4.648325
4.65065
4.68065
4.682275
4.686975
4.71685
4.730275
4.73525
4.735475
4.74135
4.746975
4.784025
4.820975
4.8303
4.851225
4.852625
4.8543
4.88365
4.9002
4.9038
4.918725
4.92215
4.923425
4.94135
4.9522
4.9584
4.958825
4.962875
4.99735
4.997675
5.022275
5.0241
5.056825
5.07115
5.0737
5.094275
5.09715
5.0972
5.10075
5.10745
5.114975
5.1236
5.125925
5.126625
5.1305
5.15305
5.164375
5.1673
5.17855
5.203275
5.20405
5.20945
5.216025
5.24785
5.27035
5.2726
5.2793
5.288725
5.30125
5.313525
5.329675
5.333
5.34455
5.38375
5.384975
5.440275
5.440475
5.49285
5.494725
5.51255
5.516025
5.529575
5.532
5.55915
5.559425
5.5638
5.5724
5.5731
5.587275
5.590725
5.60265
5.60845
5.613925
5.615275
5.62275
5.639375
5.6581
5.6591
5.664875
5.699575
5.707075
5.728
5.7399
5.750975
5.75415
5.771075
5.791675
5.79925
5.80355
5.80925
5.817975
5.822375
5.824875
5.827425
5.832275
5.8326
5.84585
5.8663
5.879775
5.883575
5.891
5.904675
5.907775
5.9112
5.91565
5.92065
5.922975
5.928025
5.9324
5.93675
5.938025
5.945475
5.947
5.94875
5.9764
6.020525
6.037775
6.068275
6.10465
6.108025
6.1088
6.116575
6.14845
6.150875
6.158775
6.165
6.1699
6.229875
6.24235
6.2458
6.2495
6.253275
6.260775
6.2687
6.312425
6.315425
6.3444
6.352725
6.384025
6.404825
6.405375
6.4108
6.414175
6.419875
6.425575
6.425925
6.42705
6.433675
6.437125
6.449525
6.44955
6.452075
6.454
6.458
6.458925
6.4668
6.479
6.48375
6.4855
6.501475
6.5055
6.514075
6.52955
6.539975
6.547975
6.5488
6.56465
6.5664
6.58205
6.600075
6.61395
6.6294
6.63055
6.634075
6.644725
6.652975
6.67095
6.684875
6.703775
6.71315
6.71545
6.719075
6.72115
6.7281
6.7326
6.7506
6.76165
6.778275
6.779125
6.801725
6.806425
6.818575
6.8242
6.833425
6.838475
6.8484
6.86
6.8817
6.899775
6.932225
6.943625
6.959625
6.96845
7.000525
7.0043
7.006525
7.00985
7.011125
7.017575
7.02065
7.027875
7.051525
7.05805
7.082625
7.086325
7.09805
7.1151
7.163825
7.165875
7.172675
7.17355
7.262325
7.30115
7.307475
7.316725
7.3224
7.323475
7.33695
7.3387
7.341
7.342525
7.3472
7.355775
7.366725
7.3722
7.373775
7.38605
7.409375
7.410625
7.43935
7.44265
7.446225
7.496875
7.49815
7.5214
7.521775
7.542475
7.597075
7.602525
7.60255
7.6027
7.607825
7.6119
7.6454
7.6489
7.65825
7.6702
7.6778
7.6805
7.68435
7.68745
7.7148
7.7236
7.73725
7.756075
7.775775
7.77975
7.845675
7.85305
7.89625
7.9157
7.92075
7.925825
7.926825
7.934775
7.93955
7.940675
7.943975
7.95195
7.98845
7.997125
8.0253
8.0378
8.041525
8.04185
8.048575
8.0539
8.055175
8.0562
8.07295
8.091525
8.11915
8.12345
8.144875
8.1535
8.17505
8.19305
8.20045
8.213825
8.2171
8.221025
8.2254
8.235125
8.23785
8.238525
8.267525
8.270925
8.27185
8.27305
8.276725
8.285325
8.303775
8.335525
8.3546
8.37155
8.3807
8.394025
8.398875
8.431025
8.475325
8.484875
8.511875
8.52635
8.526625
8.529125
8.54175
8.542425
8.552625
8.561975
8.56455
8.570475
8.5742
8.57505
8.5833
8.59215
8.59615
8.6121
8.6162
8.625575
8.635575
8.6484
8.651925
8.65195
8.664475
8.6719
8.725
8.7255
8.759625
8.7602
8.7604
8.773625
8.795175
8.80955
8.81195
8.812475
8.813275
8.824825
8.8357
8.842275
8.8423
8.854475
8.86165
8.87265
8.87605
8.8768
8.8908
8.891625
8.893325
8.8964
8.907425
8.930375
8.9428
8.955275
8.9631
8.9893
8.9976
9.019375
9.022675
9.0302
9.09985
789
