0.1024
0.107925
0.107975
0.111825
0.112825
0.11525
0.11735
0.1263
0.1288
0.13075
0.131075
0.131925
0.1343
0.134825
0.136375
0.169975
0.1872
0.187925
0.19265
0.207
0.2221
0.246475
0.2702
0.298625
0.3084
0.3113
0.35555
0.35895
0.36165
0.394175
0.408425
0.421175
0.43205
0.438275
0.446775
0.4551
0.45535
0.456575
0.465
0.471175
0.498575
0.504525
0.50875
0.5094
0.5121
0.51245
0.515325
0.5292
0.531
0.5343
0.537625
0.542875
0.543725
0.55815
0.5983
0.600625
0.615475
0.62855
0.661875
0.669975
0.701325
0.703225
0.704925
0.7063
0.707675
0.708725
0.71915
0.719775
0.726225
0.727775
0.741775
0.751575
0.759375
0.7606
0.772
0.790925
0.792925
0.79455
0.825975
0.828475
0.8453
0.851425
0.8862
0.889275
0.9212
0.9917
1.000625
1.004575
1.009275
1.0172
1.017975
1.029075
1.0299
1.0388
1.0478
1.05345
1.055225
1.056275
1.056875
1.0741
1.074775
1.082175
1.0868
1.099075
1.12715
1.1285
1.13735
1.146175
1.15325
1.1674
1.1707
1.192525
1.216825
1.22265
1.240025
1.258425
1.3043
1.304975
1.30755
1.307975
1.3275
1.3325
1.3359
1.33925
1.34735
1.357275
1.383675
1.39215
1.396325
1.410375
1.448475
1.450925
1.4515
1.453225
1.5038
1.53785
1.540325
1.548125
1.55395
1.570025
1.57875
1.5813
1.5969
1.597775
1.6056
1.6102
1.633625
1.643375
1.65325
1.66705
1.66945
1.683925
1.68845
1.694525
1.69655
1.715625
1.7238
1.7357
1.736525
1.744
1.747775
1.75105
1.757925
1.7683
1.782775
1.797225
1.820725
1.8598
1.888225
1.9069
1.915825
1.916175
1.9219
1.926375
1.9368
1.9452
1.947075
1.952475
1.9793
1.9883
2.0009
2.0184
2.024625
2.03385
2.05395
2.065775
2.077475
2.0776
2.078325
2.1009
2.142675
2.16165
2.2034
2.205625
2.21245
2.213625
2.221125
2.2238
2.22845
2.229025
2.237675
2.262525
2.263225
2.26665
2.26695
2.2877
2.291525
2.2972
2.323325
2.338825
2.33915
2.359025
2.373825
2.38895
2.41145
2.4188
2.428375
2.43845
2.48035
2.495425
2.50835
2.512075
2.512175
2.51365
2.517375
2.525325
2.53405
2.544375
2.54705
2.54895
2.586225
2.586325
2.5875
2.60015
2.619275
2.656575
2.686175
2.70575
2.73535
2.8012
2.8023
2.809
2.83075
2.8315
2.847825
2.87165
2.881875
2.90165
2.913625
2.930625
2.940225
2.9461
2.963175
2.967575
2.993
3.01415
3.042625
3.053325
3.103925
3.10495
3.10585
3.113375
3.114375
3.127025
3.133025
3.1392
3.139775
3.155325
3.162675
3.164725
3.173725
3.1777
3.182125
3.182775
3.185425
3.199025
3.217425
3.218575
3.244
3.251275
3.28445
3.296175
3.30515
3.33175
3.333975
3.345325
3.3666
3.379475
3.384125
3.41075
3.419275
3.421575
3.440675
3.4427
3.450525
3.4834
3.483575
3.487225
3.493975
3.503225
3.5113
3.5399
3.545
3.5466
3.5765
3.577625
3.5926
3.6025
3.607625
3.651425
3.66625
3.6748
3.69445
3.701575
3.705475
3.707325
3.71455
3.71685
3.7172
3.7222
3.732475
3.764875
3.770525
3.782075
3.801825
3.811325
3.855225
3.881075
3.890375
3.899775
3.9056
3.9325
3.936225
3.95165
3.972175
4.008725
4.010825
4.0186
4.023475
4.02825
4.0545
4.057825
4.05795
4.06275
4.06995
4.07315
4.079975
4.08105
4.081175
4.088925
4.089075
4.0947
4.09725
4.1088
4.1176
4.12715
4.143925
4.155825
4.167625
4.205775
4.227725
4.23735
4.29105
4.29975
4.308975
4.3161
4.32535
4.32945
4.36355
4.3658
4.3666
4.387425
4.3949
4.396575
4.40175
4.405525
4.416325
4.4336
4.49055
4.49235
4.514875
4.580075
4.603525
4.613125
4.613175
4.615075
4.626125
4.639825
4.64115
4.6417
4.67185
4.69565
4.718575
4.73205
4.765425
4.768975
4.786925
4.825925
4.826875
4.8348
4.853125
4.8568
4.8661
4.88835
4.902475
4.9035
4.90875
4.913275
4.917325
4.918775
4.9202
4.92345
4.937
4.93875
4.93965
4.9444
4.948425
4.955225
4.960375
4.968025
4.969
4.97215
4.987625
5.00055
5.00455
5.0064
5.01175
5.019425
5.036125
5.0473
5.08175
5.08955
5.127975
5.142925
5.1548
5.158175
5.17265
5.203
5.204175
5.21355
5.2322
5.232325
5.2494
5.261025
5.2649
5.2655
5.29055
5.296175
5.300725
5.301425
5.333075
5.334125
5.342
5.3724
5.39735
5.41825
5.4661
5.497625
5.498275
5.504875
5.5049
5.511075
5.51355
5.51835
5.5329
5.5406
5.5433
5.556625
5.55975
5.560275
5.56905
5.614275
5.62315
5.634225
5.640075
5.648425
5.650475
5.6722
5.699025
5.707275
5.708975
5.71275
5.71475
5.72735
5.7323
5.74335
5.7503
5.75355
5.76645
5.7704
5.7795
5.813725
5.816625
5.828775
5.83
5.83525
5.850725
5.865925
5.87665
5.8889
5.91085
5.913325
5.947175
5.958275
6.0089
6.017525
6.027575
6.031375
6.06445
6.077675
6.084875
6.10425
6.1115
6.116825
6.1237
6.12665
6.1323
6.132475
6.134325
6.157075
6.163475
6.1707
6.184625
6.188025
6.189425
6.19185
6.1926
6.195
6.195025
6.2011
6.2058
6.20635
6.212
6.222625
6.232725
6.25175
6.25645
6.27795
6.298075
6.304325
6.333725
6.341175
6.36035
6.3631
6.363775
6.418775
6.434075
6.4353
6.436475
6.44235
6.4475
6.476225
6.492075
6.492325
6.500425
6.503275
6.510325
6.5181
6.54385
6.54855
6.57625
6.5844
6.587225
6.595875
6.62025
6.64375
6.660275
6.69805
6.703475
6.7193
6.719925
6.7206
6.73215
6.742375
6.742475
6.779675
6.7936
6.803425
6.8231
6.823125
6.82815
6.8353
6.83835
6.841425
6.858075
6.8604
6.87465
6.890475
6.895725
6.929725
6.96245
6.9833
6.985125
7.004
7.0245
7.0347
7.041625
7.04285
7.047925
7.054825
7.06635
7.0861
7.095575
7.098025
7.1124
7.118975
7.130425
7.132475
7.137875
7.139175
7.156175
7.17625
7.183675
7.192175
7.21735
7.224175
7.229775
7.306575
7.3069
7.30845
7.3123
7.313175
7.316
7.316525
7.322425
7.33215
7.337625
7.338775
7.34285
7.343525
7.3574
7.363775
7.3667
7.372875
7.37695
7.37995
7.384725
7.386225
7.39985
7.402675
7.41235
7.415175
7.425925
7.4267
7.431575
7.431975
7.446425
7.464375
7.504125
7.516275
7.5547
7.577275
7.609625
7.615975
7.6282
7.633825
7.64145
7.643075
7.65445
7.682275
7.6896
7.693775
7.71345
7.7391
7.744425
7.74575
7.74625
7.754675
7.762375
7.837025
7.877225
7.922525
7.93005
7.93205
7.935875
7.9508
7.95825
7.967175
7.967975
7.973175
7.97945
7.991275
7.994125
8.0145
8.0374
8.0474
8.06455
8.071875
8.07275
8.074925
8.0839
8.1413
8.143925
8.151875
8.1593
8.171925
8.1846
8.20125
8.201675
8.2143
8.215525
8.215825
8.222925
8.24
8.25265
8.267275
8.273825
8.2851
8.290175
8.296025
8.30495
8.310025
8.317575
8.32045
8.32275
8.3259
8.32875
8.34125
8.36095
8.369925
8.382475
8.4015
8.410175
8.4158
8.427875
8.459175
8.5121
8.513925
8.51915
8.5212
8.53375
8.534725
8.541275
8.54805
8.557025
8.566275
8.5717
8.577725
8.582725
8.588675
8.600975
8.603775
8.608125
8.611
8.6176
8.61915
8.663975
8.69035
8.712275
8.712925
8.72555
8.7461
8.77415
8.77565
8.803375
8.809325
8.811575
8.83245
8.832775
8.845125
8.8573
8.86125
8.869725
8.8765
8.878075
8.89515
8.897075
8.913175
8.917275
8.9597
9.0037
9.008825
9.03365
9.03635
9.044725
9.07255
9.094875
777
