0.102625
0.108175
0.113325
0.113975
0.11985
0.12535
0.1261
0.13555
0.140075
0.1446
0.1518
0.1564
0.181175
0.188175
0.1882
0.1894
0.2145
0.218975
0.221675
0.230375
0.23805
0.240025
0.2575
0.2674
0.2684
0.277825
0.278475
0.2874
0.295225
0.2992
0.3219
0.3537
0.361825
0.363725
0.3776
0.419525
0.420625
0.430125
0.433675
0.442475
0.442525
0.485
0.496175
0.50355
0.50385
0.509325
0.520625
0.5239
0.563275
0.56445
0.615925
0.619275
0.6534
0.66075
0.678825
0.68085
0.7011
0.71935
0.720775
0.73405
0.7442
0.7584
0.765775
0.7784
0.784025
0.78485
0.785875
0.8026
0.81065
0.819675
0.845375
0.861325
0.8666
0.9833
0.9893
1.019375
1.025975
1.02905
1.03465
1.043725
1.056
1.060175
1.063875
1.0639
1.08615
1.10835
1.112825
1.144075
1.152525
1.160025
1.17505
1.221525
1.23025
1.2668
1.295575
1.320075
1.3213
1.3235
1.3242
1.32715
1.34275
1.350425
1.3515
1.355125
1.36695
1.39355
1.4006
1.4012
1.4091
1.4092
1.4107
1.4277
1.428325
1.46935
1.483125
1.485375
1.48835
1.5062
1.506325
1.53005
1.54215
1.581425
1.603225
1.608125
1.608925
1.6124
1.616625
1.628925
1.63745
1.6435
1.662275
1.665175
1.68025
1.686775
1.688025
1.69955
1.706925
1.7097
1.711775
1.71365
1.73005
1.747825
1.752925
1.7797
1.798525
1.820475
1.839675
1.86195
1.87175
1.904425
1.90585
1.912125
1.91525
1.944375
1.946625
1.95615
1.9569
1.978225
1.993025
1.995025
1.995625
2.013575
2.061925
2.062
2.06315
2.0682
2.1195
2.1196
2.13715
2.139375
2.14545
2.1458
2.17385
2.1798
2.2044
2.2055
2.20695
2.219425
2.228125
2.234675
2.2442
2.2738
2.301325
2.31855
2.33675
2.338175
2.340825
2.352675
2.3585
2.38075
2.403075
2.4195
2.430175
2.456125
2.50445
2.5081
2.518875
2.522425
2.527175
2.5276
2.5366
2.542275
2.56925
2.582275
2.59595
2.596625
2.596725
2.603125
2.609125
2.621525
2.657025
2.6582
2.66485
2.703825
2.72225
2.729375
2.735625
2.746875
2.7612
2.8007
2.80885
2.810175
2.8214
2.826075
2.83595
2.849525
2.850025
2.857875
2.8593
2.862425
2.86545
2.86675
2.880075
2.883225
2.9039
2.904225
2.904475
2.9231
2.92625
2.9516
2.960575
2.97345
2.989275
2.9919
2.99205
3.008825
3.010525
3.022875
3.04945
3.0566
3.077375
3.100075
3.107875
3.113
3.117025
3.122625
3.135675
3.1547
3.178375
3.2109
3.211475
3.21955
3.226125
3.2265
3.2309
3.23585
3.24195
3.244825
3.268925
3.3418
3.405325
3.40885
3.41755
3.4266
3.43465
3.445075
3.44655
3.476175
3.4876
3.4901
3.50535
3.510575
3.514325
3.5146
3.5222
3.528975
3.530975
3.538425
3.545925
3.551425
3.562475
3.573975
3.5807
3.614525
3.616475
3.62655
3.631925
3.63255
3.650625
3.67435
3.7096
3.712875
3.722
3.723075
3.727675
3.730975
3.731625
3.732625
3.737875
3.737925
3.746925
3.7567
3.7671
3.777125
3.77745
3.781
3.787025
3.790025
3.79295
3.813975
3.8196
3.846125
3.865625
3.868975
3.917275
3.92895
3.94635
4.013125
4.020225
4.021875
4.0226
4.0228
4.032175
4.03825
4.0419
4.05055
4.067575
4.071425
4.075575
4.087275
4.08745
4.089825
4.095525
4.116525
4.133975
4.1341
4.142025
4.1431
4.2076
4.209325
4.2381
4.2439
4.250825
4.26545
4.2723
4.2988
4.30115
4.304275
4.3076
4.31125
4.31425
4.3231
4.32565
4.331175
4.3401
4.34375
4.3548
4.37215
4.37675
4.39975
4.4259
4.438575
4.4476
4.4497
4.47815
4.480925
4.49035
4.49495
4.503425
4.512425
4.517075
4.56555
4.5772
4.5795
4.590125
4.59445
4.6065
4.607525
4.612225
4.6132
4.635425
4.636125
4.65305
4.6581
4.663025
4.664675
4.669325
4.701925
4.7103
4.750025
4.764775
4.778525
4.805575
4.814225
4.8214
4.823625
4.825625
4.83195
4.903775
4.905125
4.914375
4.917675
4.920925
4.9211
4.93505
4.96105
4.97595
5.002475
5.009525
5.0341
5.0501
5.051075
5.0707
5.0796
5.093875
5.10675
5.109875
5.133925
5.147575
5.2077
5.2146
5.216125
5.22015
5.222125
5.224575
5.2298
5.24535
5.25115
5.25835
5.26005
5.264075
5.2682
5.27865
5.281175
5.28425
5.2997
5.31555
5.328625
5.34
5.3441
5.344225
5.347375
5.3651
5.389875
5.4232
5.492625
5.50825
5.513975
5.51965
5.52395
5.525025
5.5423
5.543925
5.562575
5.567575
5.573325
5.57605
5.5838
5.59775
5.59785
5.598125
5.612075
5.612225
5.618375
5.619175
5.629675
5.653675
5.669425
5.6698
5.6885
5.717825
5.739325
5.762075
5.7839
5.7976
5.803625
5.811675
5.85775
5.89175
5.89415
5.905925
5.929975
5.936725
5.93805
5.948525
5.959725
6.02465
6.037975
6.0392
6.062475
6.0629
6.1191
6.1217
6.12255
6.1235
6.12955
6.132625
6.147475
6.157025
6.1633
6.163975
6.1733
6.175775
6.177225
6.179075
6.17945
6.186575
6.19025
6.199675
6.21225
6.2161
6.22045
6.22545
6.237375
6.27775
6.302825
6.3163
6.3619
6.37595
6.395525
6.396675
6.4074
6.4095
6.413975
6.41905
6.442525
6.443675
6.45645
6.463475
6.46425
6.464775
6.48245
6.51785
6.518475
6.5284
6.536
6.537575
6.55005
6.577775
6.61615
6.622025
6.6467
6.663925
6.702825
6.70395
6.705925
6.713975
6.7333
6.740425
6.740975
6.7442
6.7456
6.752775
6.75655
6.7741
6.805775
6.811275
6.815325
6.817625
6.824925
6.840725
6.841825
6.8447
6.847925
6.893
6.89765
6.96315
7.006475
7.00865
7.01305
7.029375
7.033075
7.037725
7.0414
7.046025
7.0526
7.053225
7.053825
7.0554
7.065225
7.08245
7.101525
7.1032
7.12355
7.125325
7.134125
7.138975
7.139475
7.142875
7.143125
7.143975
7.16485
7.17745
7.1947
7.196425
7.19825
7.201925
7.204675
7.229975
7.245025
7.2509
7.260275
7.263175
7.2636
7.27445
7.278225
7.3206
7.3326
7.336175
7.33885
7.343425
7.3532
7.368275
7.373475
7.396925
7.417875
7.427675
7.43425
7.449925
7.4752
7.485925
7.49735
7.517475
7.53165
7.538975
7.602475
7.606225
7.607075
7.613375
7.62615
7.627275
7.639375
7.6491
7.66115
7.6625
7.662675
7.68505
7.686225
7.6866
7.717125
7.7186
7.722175
7.729325
7.73415
7.737175
7.740925
7.754225
7.7703
7.77805
7.793925
7.799325
7.806175
7.817575
7.823575
7.84675
7.860575
7.866625
7.890625
7.912575
7.91565
7.9254
7.9265
7.93045
7.93265
7.945575
7.9457
7.952925
7.9577
7.9635
7.9653
7.9691
7.969875
7.982975
7.9921
7.997375
8.00015
8.007125
8.008175
8.014675
8.054575
8.058175
8.086025
8.090225
8.121025
8.123575
8.127075
8.14085
8.14485
8.17315
8.2025
8.202725
8.20345
8.216375
8.21825
8.2284
8.23285
8.2365
8.24625
8.25225
8.257075
8.264275
8.264775
8.26895
8.27385
8.289525
8.291375
8.30115
8.3018
8.305325
8.30895
8.322925
8.32525
8.3261
8.33435
8.34765
8.35525
8.3797
8.383875
8.3948
8.39545
8.398325
8.4013
8.40945
8.42105
8.490125
8.497775
8.4992
8.508825
8.514625
8.51705
8.51885
8.526175
8.5301
8.543825
8.553925
8.5641
8.5691
8.5714
8.595
8.59615
8.634575
8.68125
8.6908
8.7648
8.77785
8.8001
8.800425
8.8122
8.81825
8.81975
8.821725
8.82775
8.840875
8.8442
8.850725
8.8512
8.85655
8.86775
8.86815
8.869975
8.876575
8.8841
8.886325
8.909575
8.912975
8.923775
8.92645
8.931025
8.943175
8.970225
8.9861
8.9918
8.995325
8.997725
9.00545
9.016225
9.043775
9.060975
9.0856
789
