0.10345
0.104175
0.10715
0.1196
0.12295
0.1342
0.14535
0.14605
0.149025
0.15785
0.16
0.160125
0.2157
0.220025
0.221025
0.228425
0.285175
0.288375
0.291825
0.321525
0.3222
0.3594
0.385825
0.396475
0.40325
0.405375
0.408025
0.4169
0.429125
0.432375
0.439225
0.4592
0.46355
0.464525
0.465
0.48705
0.491375
0.500625
0.509725
0.517425
0.524875
0.52625
0.554175
0.56945
0.569725
0.574325
0.60685
0.64925
0.65155
0.673675
0.697075
0.702075
0.70255
0.7059
0.71
0.723075
0.723725
0.730225
0.73985
0.741575
0.742625
0.7602
0.7615
0.7821
0.783675
0.7837
0.796525
0.80845
0.808725
0.80915
0.811375
0.8242
0.83095
0.8512
0.866325
0.874025
0.879375
0.8962
0.8994
0.923
0.937225
0.938775
0.9899
1.002125
1.0034
1.0122
1.014575
1.0158
1.0175
1.02175
1.03395
1.034075
1.035275
1.037425
1.038525
1.062925
1.07085
1.0712
1.077175
1.0965
1.107125
1.138975
1.14815
1.176725
1.208275
1.2163
1.2165
1.236425
1.2668
1.270075
1.289025
1.30185
1.303525
1.30725
1.3094
1.32725
1.334325
1.366625
1.3673
1.383775
1.39075
1.395125
1.402775
1.406125
1.409
1.418825
1.442675
1.450475
1.46525
1.4738
1.499125
1.53545
1.5403
1.54105
1.541875
1.5435
1.549825
1.5637
1.613975
1.61805
1.618675
1.6326
1.635175
1.651775
1.66235
1.7007
1.71145
1.721075
1.7238
1.72815
1.730075
1.7325
1.747175
1.778025
1.7973
1.7987
1.802925
1.831025
1.859775
1.88665
1.8999
1.9102
1.920825
1.925375
1.92655
1.931275
1.931775
1.9373
1.946925
1.9484
1.949275
1.95155
1.960575
1.960625
1.9615
1.96305
1.972825
1.975325
1.981375
1.985075
1.985575
1.9908
1.99875
2.015525
2.017525
2.01895
2.026375
2.03385
2.045475
2.0475
2.062125
2.06325
2.074175
2.07535
2.097675
2.10025
2.1066
2.1331
2.19845
2.205775
2.2106
2.220275
2.2211
2.2236
2.22765
2.235725
2.24085
2.241825
2.2421
2.2447
2.262225
2.264175
2.268625
2.27655
2.31995
2.32485
2.33055
2.36445
2.3696
2.385725
2.414125
2.416875
2.4774
2.499975
2.5016
2.502175
2.5172
2.52705
2.577475
2.57825
2.581375
2.586725
2.58675
2.59535
2.59725
2.6028
2.60605
2.61505
2.6172
2.622975
2.629775
2.638675
2.679675
2.680725
2.68135
2.69905
2.731925
2.736375
2.762275
2.781275
2.805575
2.806225
2.809825
2.811
2.8236
2.829125
2.8357
2.837475
2.83785
2.838675
2.861875
2.863825
2.8922
2.963725
2.973
2.9878
2.992525
3.0179
3.027475
3.0756
3.076625
3.10045
3.1042
3.10565
3.10585
3.113725
3.116425
3.124025
3.128925
3.138975
3.1497
3.153725
3.159775
3.16305
3.167225
3.17365
3.1792
3.183525
3.200325
3.205025
3.2176
3.218725
3.220275
3.230375
3.238875
3.244225
3.252925
3.25545
3.261475
3.276375
3.28275
3.286425
3.31595
3.326775
3.348325
3.357925
3.404025
3.431925
3.432625
3.43575
3.439975
3.4447
3.4465
3.4727
3.49015
3.4971
3.49805
3.501625
3.52125
3.5213
3.53015
3.535325
3.553025
3.554025
3.59615
3.5993
3.60045
3.60225
3.622475
3.665225
3.678775
3.685125
3.702725
3.704575
3.70985
3.712
3.713425
3.7176
3.718
3.724125
3.7244
3.7273
3.7283
3.7313
3.7384
3.756225
3.7707
3.777225
3.79345
3.794825
3.79525
3.7958
3.79815
3.80445
3.806925
3.817275
3.817925
3.821125
3.86855
3.87155
3.884225
3.915925
3.922475
3.934875
3.947475
3.953425
3.96535
4.002575
4.005325
4.01095
4.013225
4.015275
4.015325
4.016
4.017325
4.0183
4.03105
4.038025
4.0456
4.0491
4.050525
4.05155
4.076675
4.11655
4.140075
4.165975
4.16675
4.1732
4.173575
4.18115
4.183675
4.196375
4.221625
4.2239
4.272575
4.3051
4.3085
4.313075
4.318775
4.33285
4.3379
4.3421
4.34305
4.343375
4.36225
4.36395
4.3649
4.380775
4.402425
4.4047
4.4155
4.4266
4.4273
4.4432
4.450375
4.4601
4.46465
4.553725
4.5548
4.562325
4.5843
4.59635
4.602925
4.610575
4.612125
4.6256
4.629125
4.6366
4.64075
4.64755
4.649275
4.67805
4.715675
4.724025
4.748925
4.75255
4.76245
4.767425
4.77465
4.775925
4.776375
4.78555
4.802625
4.818
4.826425
4.84135
4.8453
4.872325
4.8734
4.8822
4.893825
4.9072
4.90965
4.9152
4.919875
4.9241
4.934325
4.93605
4.956275
4.96655
4.96695
4.9713
5.014425
5.0145
5.01945
5.0398
5.042125
5.0877
5.0879
5.089225
5.121475
5.13915
5.14825
5.157325
5.162025
5.1984
5.207925
5.21305
5.22765
5.228975
5.233025
5.2413
5.25775
5.25975
5.293875
5.315575
5.346575
5.348075
5.363375
5.42115
5.426475
5.4357
5.482225
5.495525
5.50355
5.5078
5.520025
5.524775
5.5266
5.5437
5.55535
5.563075
5.56485
5.566325
5.576225
5.58115
5.613525
5.617175
5.630775
5.6601
5.667925
5.6773
5.68685
5.68995
5.691
5.76385
5.768125
5.80095
5.805225
5.814875
5.8372
5.837825
5.8411
5.8508
5.8533
5.8567
5.868275
5.87095
5.874775
5.87925
5.8802
5.893925
5.920275
5.930825
5.9763
5.983775
6.00955
6.021425
6.045
6.0451
6.0801
6.085425
6.0976
6.10165
6.111525
6.11895
6.125475
6.1263
6.135125
6.146175
6.168625
6.168975
6.178575
6.18625
6.190975
6.19395
6.203325
6.204525
6.218925
6.21975
6.224775
6.24095
6.25425
6.254625
6.2808
6.29015
6.31305
6.335525
6.354225
6.35595
6.399975
6.403125
6.411025
6.42395
6.4311
6.44475
6.45625
6.474275
6.5196
6.52605
6.53905
6.598625
6.6093
6.629175
6.640375
6.644775
6.6598
6.7025
6.70535
6.710975
6.71155
6.715025
6.717725
6.7205
6.720925
6.7257
6.739625
6.742525
6.749925
6.76135
6.765875
6.775175
6.780975
6.78505
6.796675
6.8114
6.811875
6.814925
6.8214
6.8322
6.8346
6.836975
6.840275
6.8437
6.8487
6.868725
6.88065
6.882275
6.884125
6.890175
6.920325
6.9327
7.000225
7.000625
7.00875
7.016425
7.02055
7.044925
7.055875
7.068175
7.0751
7.12025
7.1211
7.1365
7.1864
7.188425
7.192525
7.2519
7.3031
7.3117
7.31585
7.3231
7.327975
7.328975
7.332725
7.33595
7.3509
7.35705
7.366575
7.379275
7.388125
7.388925
7.407675
7.420175
7.451375
7.457075
7.4851
7.50175
7.507875
7.5514
7.5582
7.56825
7.584
7.604425
7.6079
7.618
7.620075
7.640225
7.645575
7.648875
7.651425
7.651725
7.6536
7.677
7.68325
7.712025
7.71775
7.727125
7.7327
7.7496
7.763675
7.78605
7.787625
7.798425
7.7988
7.800675
7.8239
7.830675
7.830975
7.872625
7.874175
7.877775
7.884075
7.8993
7.919525
7.920825
7.92165
7.924125
7.930125
7.9311
7.9451
7.95105
7.95295
7.9628
7.968225
7.969375
7.976325
7.98075
8.0236
8.029125
8.04175
8.0434
8.04565
8.0706
8.08775
8.148975
8.1586
8.168725
8.197725
8.200025
8.207925
8.209175
8.2204
8.2446
8.247425
8.25995
8.263225
8.265725
8.2699
8.2801
8.285525
8.286925
8.287125
8.298125
8.299925
8.306675
8.32705
8.329325
8.345125
8.358175
8.35865
8.394675
8.51085
8.52045
8.541575
8.547425
8.555475
8.557125
8.571625
8.5816
8.596275
8.6273
8.660575
8.666825
8.68225
8.6976
8.7135
8.716475
8.71785
8.72965
8.766975
8.801775
8.812175
8.81735
8.820475
8.8209
8.822725
8.83475
8.835375
8.852625
8.89765
8.8987
8.91655
8.94175
8.94265
8.94945
8.9563
8.960675
8.971825
8.989475
9.005925
9.018325
9.043525
9.04735
9.0482
9.0596
9.071225
9.071525
9.085225
789
