0.033625
0.103825
0.1431
0.143975
0.14775
0.157475
0.1576
0.1616
0.17225
0.17735
0.185725
0.188775
0.193175
0.19455
0.214825
0.223975
0.228125
0.239925
0.243075
0.25055
0.2624
0.26725
0.288025
0.30485
0.344675
0.360825
0.372525
0.385925
0.392325
0.4003
0.409225
0.4228
0.423575
0.42575
0.4327
0.43335
0.436875
0.448375
0.44915
0.461575
0.487875
0.48805
0.505925
0.510175
0.522425
0.5263
0.5804
0.5883
0.59035
0.604125
0.6361
0.6443
0.6574
0.70045
0.70755
0.713275
0.719425
0.7267
0.7324
0.732475
0.74135
0.74185
0.74235
0.748125
0.7543
0.7549
0.78075
0.78485
0.789975
0.7975
0.84165
0.8527
0.859075
0.904375
0.9195
0.954975
0.972375
0.987
0.9938
1.00715
1.011175
1.0136
1.015875
1.01755
1.0195
1.0225
1.02665
1.03085
1.0345
1.05375
1.065825
1.0741
1.07755
1.08095
1.092125
1.104625
1.120425
1.1473
1.15685
1.159575
1.164
1.169825
1.1916
1.239225
1.26095
1.26865
1.3097
1.329225
1.338425
1.346975
1.352975
1.357875
1.36475
1.371125
1.3857
1.395525
1.396825
1.4671
1.474525
1.488625
1.5414
1.5636
1.56765
1.581025
1.581775
1.5934
1.604425
1.612175
1.612675
1.624025
1.626125
1.62795
1.630725
1.632025
1.63235
1.63275
1.637225
1.652125
1.6566
1.6642
1.6738
1.732775
1.7484
1.7535
1.77765
1.8311
1.8444
1.85765
1.861175
1.8763
1.88105
1.88185
1.910375
1.91445
1.91865
1.923875
1.931625
1.943175
1.944375
1.951375
1.95465
1.9647
1.972625
1.973525
1.990275
1.998425
2.01325
2.013525
2.03985
2.042
2.089125
2.09085
2.10955
2.145475
2.146475
2.16665
2.16785
2.19485
2.19905
2.202325
2.21765
2.22675
2.238625
2.24225
2.25195
2.2658
2.279975
2.28155
2.295125
2.30375
2.31085
2.313275
2.324
2.328425
2.330075
2.338075
2.3863
2.3912
2.394525
2.40315
2.418725
2.459375
2.474025
2.4928
2.495875
2.516775
2.52035
2.52225
2.5265
2.5333
2.534125
2.539375
2.543225
2.547675
2.553525
2.558025
2.5775
2.582825
2.58395
2.5943
2.6408
2.641975
2.650675
2.66555
2.681775
2.718275
2.722225
2.7224
2.724
2.724225
2.75045
2.781375
2.7832
2.78855
2.801175
2.8079
2.81395
2.82655
2.836175
2.838775
2.852875
2.854525
2.8766
2.8846
2.89235
2.911675
2.92345
2.924225
2.946075
2.951075
2.961375
2.96265
2.970225
2.97695
3.00495
3.048425
3.071225
3.109275
3.112525
3.11685
3.125125
3.128225
3.14835
3.1493
3.1562
3.158975
3.1795
3.19965
3.203375
3.205725
3.212575
3.221725
3.231775
3.2337
3.242375
3.244825
3.2526
3.26265
3.271225
3.2807
3.28765
3.28995
3.293375
3.323075
3.32705
3.3361
3.3439
3.35565
3.388475
3.40345
3.4055
3.407475
3.408925
3.42895
3.43335
3.4394
3.444225
3.456575
3.4573
3.473375
3.47685
3.48615
3.494225
3.505175
3.516425
3.517375
3.521125
3.52415
3.5258
3.55285
3.559975
3.563625
3.5861
3.6331
3.700425
3.7017
3.703825
3.706375
3.7158
3.715925
3.7171
3.72905
3.729775
3.734025
3.73425
3.73745
3.737475
3.747275
3.755625
3.762825
3.764925
3.7743
3.775875
3.78285
3.785275
3.7927
3.8003
3.802125
3.80875
3.8333
3.84795
3.8497
3.85035
3.889625
3.896175
3.913725
3.91815
3.956525
3.9677
3.97525
4.0029
4.005375
4.0113
4.0258
4.03925
4.0448
4.0519
4.062175
4.0728
4.0766
4.085025
4.089325
4.09135
4.093275
4.1029
4.12455
4.12615
4.129375
4.164275
4.166275
4.18115
4.216225
4.225825
4.234925
4.2566
4.26645
4.26695
4.289875
4.30645
4.311375
4.311525
4.31725
4.324625
4.3282
4.330475
4.332425
4.34005
4.345325
4.35455
4.3646
4.370325
4.389175
4.3905
4.394275
4.418575
4.4251
4.428925
4.43215
4.441675
4.443025
4.4555
4.461625
4.46425
4.4843
4.495
4.503675
4.5145
4.56835
4.60415
4.606175
4.607
4.612525
4.62
4.62185
4.62935
4.63095
4.63115
4.639275
4.6459
4.653925
4.666275
4.668975
4.6734
4.675775
4.679
4.684875
4.69795
4.709425
4.710425
4.71495
4.74965
4.75655
4.764025
4.77195
4.781225
4.7851
4.792575
4.7942
4.84315
4.860375
4.872525
4.900825
4.902975
4.90655
4.9086
4.91125
4.913375
4.9178
4.92345
4.928575
4.9307
4.93325
4.9378
4.943375
4.95335
4.9542
4.957475
4.9625
4.981075
4.9814
4.983975
4.989275
4.99875
5.024075
5.02815
5.03175
5.0463
5.077525
5.123175
5.124325
5.1406
5.153925
5.180825
5.182225
5.2017
5.204075
5.217125
5.2296
5.236775
5.237125
5.2426
5.2514
5.251625
5.25215
5.2538
5.291925
5.293725
5.30075
5.325025
5.32555
5.326675
5.330625
5.333175
5.3353
5.3448
5.349825
5.357775
5.362225
5.380675
5.38665
5.386675
5.422175
5.431625
5.4339
5.439125
5.496025
5.501825
5.50195
5.51855
5.52655
5.530275
5.536
5.5416
5.542725
5.5514
5.56995
5.576275
5.618475
5.62135
5.625475
5.633025
5.648525
5.65155
5.6618
5.662575
5.692025
5.699075
5.720475
5.724525
5.8045
5.820025
5.828425
5.83645
5.839525
5.85965
5.870025
5.8772
5.883175
5.888775
5.89855
5.90145
5.919475
5.92895
5.96895
5.97805
6.00205
6.015675
6.015875
6.036925
6.03865
6.047375
6.08135
6.090275
6.098425
6.105425
6.120275
6.125425
6.129
6.15205
6.157175
6.16425
6.16795
6.1764
6.193725
6.201225
6.225825
6.23755
6.2494
6.249475
6.25295
6.2629
6.2638
6.2725
6.34125
6.374525
6.380725
6.386975
6.3948
6.396
6.40005
6.401225
6.4081
6.410475
6.416975
6.417525
6.425675
6.430275
6.432425
6.44185
6.454225
6.46475
6.466275
6.4801
6.4852
6.506375
6.510325
6.541225
6.5501
6.5566
6.5596
6.593425
6.601575
6.642275
6.6449
6.648775
6.663375
6.7081
6.714725
6.715375
6.717125
6.73015
6.734275
6.7357
6.73725
6.746225
6.78005
6.808375
6.815275
6.8401
6.8413
6.8635
6.873
6.875
6.892275
6.91335
6.918325
6.93345
6.93505
6.9391
6.981
6.983975
6.99355
7.000425
7.005525
7.015425
7.0215
7.026225
7.034575
7.048825
7.0604
7.0658
7.067425
7.0731
7.08225
7.0895
7.09685
7.098575
7.100675
7.103825
7.114575
7.12115
7.12155
7.12325
7.139225
7.140225
7.1874
7.2042
7.2167
7.243325
7.2791
7.315775
7.326775
7.327225
7.328475
7.3317
7.3444
7.344975
7.34695
7.349675
7.35415
7.36185
7.36645
7.382625
7.3829
7.388125
7.39335
7.418025
7.442675
7.4515
7.5175
7.52695
7.56885
7.57575
7.59935
7.604225
7.6055
7.610275
7.639225
7.643825
7.673275
7.6846
7.72475
7.73065
7.733625
7.7403
7.748825
7.749
7.754075
7.775125
7.7936
7.800325
7.83245
7.844625
7.856775
7.856975
7.875525
7.87765
7.893225
7.902
7.908725
7.9125
7.924225
7.92565
7.926225
7.9343
7.934325
7.93445
7.936475
7.9365
7.9593
7.990125
7.9933
8.0359
8.0388
8.081025
8.10945
8.134675
8.15595
8.16925
8.178675
8.20185
8.20345
8.2035
8.21355
8.217975
8.2262
8.240075
8.2493
8.259575
8.26255
8.2714
8.277725
8.279025
8.28
8.286475
8.292475
8.29405
8.2991
8.3155
8.31645
8.32085
8.330775
8.3329
8.33525
8.351925
8.361025
8.4031
8.424775
8.43745
8.4537
8.464725
8.493225
8.51115
8.516175
8.51635
8.5185
8.52185
8.52245
8.52915
8.54535
8.54695
8.5473
8.556975
8.566175
8.57795
8.578025
8.597975
8.598975
8.609425
8.6095
8.620825
8.67165
8.694325
8.713775
8.750325
8.7723
8.774425
8.800925
8.801075
8.8043
8.806375
8.81165
8.816425
8.818775
8.819475
8.824175
8.827875
8.836025
8.8444
8.84505
8.847725
8.8494
8.87175
8.871975
8.94125
8.94575
8.952325
8.9712
8.9824
8.990225
8.993225
9.024175
9.025675
9.0455
9.06035
815
