0.1193
0.136675
0.13795
0.1471
0.1652
0.175675
0.1764
0.177275
0.18075
0.1897
0.190875
0.2009
0.2067
0.2081
0.214875
0.225325
0.252625
0.279975
0.339775
0.341225
0.388325
0.40045
0.4201
0.425225
0.425675
0.426275
0.428925
0.440875
0.4459
0.4736
0.476425
0.480375
0.4818
0.482575
0.51265
0.523475
0.535525
0.54255
0.544725
0.5448
0.552425
0.591475
0.63055
0.643725
0.65765
0.660975
0.66425
0.702775
0.70585
0.70625
0.7132
0.71905
0.737125
0.743925
0.7444
0.746775
0.748225
0.752275
0.77905
0.7791
0.7804
0.788
0.797125
0.801375
0.8019
0.80575
0.82745
0.838175
0.842425
0.88465
0.889425
0.89895
0.93815
0.94105
0.950575
0.984325
0.989775
1.00085
1.0073
1.02795
1.02835
1.03085
1.0314
1.06805
1.0793
1.095225
1.09635
1.109775
1.1773
1.21665
1.24885
1.311925
1.31375
1.33395
1.3378
1.340125
1.3777
1.418075
1.420775
1.46115
1.466625
1.473525
1.4915
1.50395
1.5339
1.57335
1.589125
1.59455
1.601875
1.605075
1.607
1.635975
1.64015
1.6668
1.673975
1.67745
1.6833
1.6981
1.699125
1.700325
1.702925
1.71005
1.722625
1.725625
1.727625
1.7406
1.74395
1.744425
1.7523
1.760475
1.7707
1.779025
1.78985
1.798925
1.85275
1.8882
1.8963
1.906975
1.936275
1.937175
1.942575
1.963125
1.993
2.01615
2.02825
2.038425
2.0501
2.0605
2.079525
2.08715
2.09295
2.130775
2.1404
2.143725
2.191725
2.2129
2.226225
2.229025
2.2295
2.231725
2.2443
2.257325
2.26085
2.2737
2.284125
2.298175
2.325225
2.331175
2.3437
2.352075
2.352825
2.390425
2.396725
2.3975
2.40915
2.453275
2.482825
2.4947
2.5011
2.503925
2.5125
2.5127
2.5229
2.52695
2.528375
2.532975
2.5338
2.569625
2.5751
2.57685
2.5783
2.5891
2.60745
2.618475
2.63955
2.673375
2.674225
2.6849
2.69445
2.720375
2.72925
2.74455
2.745375
2.751375
2.79115
2.799975
2.801475
2.805225
2.8156
2.81875
2.836175
2.84585
2.865225
2.89965
2.9173
2.927225
2.98815
3.1027
3.108575
3.119175
3.1206
3.1232
3.126675
3.1278
3.136025
3.1404
3.145625
3.147975
3.169025
3.181825
3.19545
3.1988
3.210725
3.221525
3.22935
3.2782
3.2932
3.3024
3.39945
3.403725
3.405775
3.4067
3.422025
3.457
3.4585
3.46195
3.467325
3.4762
3.477825
3.480075
3.4836
3.493775
3.50455
3.576175
3.592975
3.6012
3.6017
3.610275
3.6139
3.620575
3.651
3.68525
3.68945
3.7033
3.70515
3.710825
3.71305
3.718775
3.724625
3.72695
3.73805
3.740275
3.747675
3.756725
3.758325
3.78415
3.785025
3.791
3.802875
3.80365
3.814675
3.8259
3.83315
3.8409
3.8435
3.870825
3.885425
3.894375
3.90875
3.909475
3.923
3.936175
3.9519
3.967375
3.988475
4.0104
4.014575
4.02715
4.03325
4.0391
4.042
4.054725
4.06495
4.10445
4.116175
4.122075
4.126275
4.134975
4.1355
4.194775
4.265
4.31005
4.319375
4.31965
4.32725
4.332875
4.338125
4.34475
4.349675
4.35485
4.365975
4.369075
4.369425
4.392675
4.40705
4.434475
4.44625
4.460625
4.462475
4.470625
4.4783
4.4788
4.480075
4.504475
4.528775
4.533075
4.53725
4.552775
4.5599
4.56165
4.569325
4.597675
4.603525
4.61735
4.627225
4.6297
4.65175
4.667
4.672825
4.676175
4.681875
4.693225
4.694825
4.701
4.705525
4.7061
4.7082
4.711
4.7135
4.72455
4.732375
4.740125
4.741725
4.7456
4.748
4.765625
4.766925
4.769825
4.804825
4.832675
4.8594
4.8768
4.898775
4.908725
4.911125
4.912925
4.914275
4.91525
4.91775
4.9245
4.925575
4.927175
4.950775
4.9612
4.964
4.9644
4.97005
4.9796
4.981925
4.98575
5.0091
5.0579
5.067675
5.074975
5.08285
5.083975
5.09075
5.15645
5.17085
5.1936
5.20565
5.207425
5.2103
5.21415
5.2168
5.220325
5.221075
5.22245
5.23725
5.24315
5.245125
5.25955
5.2645
5.264825
5.2716
5.27235
5.27635
5.286
5.305325
5.307675
5.313775
5.315625
5.315775
5.37655
5.390075
5.429275
5.432575
5.4444
5.46275
5.492225
5.5002
5.500225
5.502225
5.505275
5.510575
5.515075
5.51935
5.520375
5.542875
5.548475
5.5528
5.55595
5.5592
5.56025
5.5702
5.58055
5.5918
5.5932
5.594375
5.606925
5.6074
5.62235
5.637525
5.63945
5.66685
5.67385
5.690975
5.734075
5.7666
5.79885
5.801025
5.8071
5.822575
5.83835
5.838875
5.850025
5.868675
5.8714
5.879325
5.88165
5.890225
5.90755
5.9122
5.918275
5.919775
5.9342
5.93475
5.9364
5.948
5.970675
5.983225
5.993175
5.996275
5.999125
6.013775
6.01665
6.03715
6.047525
6.049825
6.06745
6.09505
6.11145
6.11395
6.12305
6.1236
6.12365
6.1327
6.1443
6.1448
6.149325
6.161075
6.1687
6.179275
6.18895
6.19855
6.212775
6.2487
6.250025
6.2644
6.283725
6.3083
6.310025
6.351475
6.367975
6.381825
6.404725
6.41495
6.423375
6.42815
6.432375
6.440525
6.46005
6.4718
6.479375
6.481975
6.50565
6.505875
6.524
6.545
6.585475
6.59715
6.626975
6.687325
6.700075
6.714
6.715825
6.72795
6.732825
6.7378
6.798975
6.81745
6.831925
6.841625
6.843925
6.86015
6.865975
6.867025
6.8677
6.912325
6.99975
7.0004
7.00655
7.010475
7.034225
7.035075
7.04305
7.044075
7.04615
7.04665
7.04765
7.049825
7.053125
7.062675
7.063175
7.0795
7.096725
7.1035
7.107075
7.110825
7.125975
7.137375
7.1487
7.16035
7.178775
7.184375
7.184525
7.270075
7.2808
7.3037
7.30515
7.307525
7.30925
7.310375
7.312825
7.3164
7.33285
7.3444
7.348525
7.3498
7.36015
7.36255
7.365275
7.390525
7.3934
7.403075
7.406925
7.416575
7.430275
7.433575
7.440325
7.4503
7.491625
7.510575
7.516825
7.5188
7.525075
7.530025
7.5319
7.593625
7.603625
7.603775
7.60515
7.61105
7.617175
7.618
7.6218
7.6233
7.64475
7.65165
7.653825
7.655725
7.658775
7.669375
7.673525
7.682075
7.689925
7.70565
7.72335
7.731475
7.735725
7.7464
7.74715
7.758775
7.794925
7.79755
7.80655
7.83975
7.873475
7.879775
7.893875
7.89735
7.899625
7.9018
7.905175
7.905675
7.9117
7.920675
7.93775
7.9392
7.9438
7.94535
7.9496
7.96665
7.9866
7.9882
7.98845
8.0021
8.051225
8.064175
8.066775
8.076325
8.087525
8.09825
8.134975
8.142475
8.16465
8.216675
8.218475
8.218575
8.225475
8.22875
8.22975
8.235475
8.238625
8.2407
8.256175
8.266325
8.2667
8.275725
8.2801
8.280725
8.28645
8.289075
8.298575
8.304
8.353075
8.358275
8.3608
8.3713
8.384275
8.38885
8.389825
8.4025
8.402975
8.4058
8.4183
8.42955
8.505275
8.51385
8.52215
8.5253
8.56535
8.603925
8.6084
8.61295
8.613825
8.6174
8.63215
8.665825
8.66675
8.668325
8.692075
8.70695
8.70795
8.714175
8.7271
8.728775
8.74625
8.80065
8.80955
8.821425
8.830725
8.8313
8.83795
8.84295
8.846825
8.85135
8.85635
8.858325
8.868825
8.8743
8.877475
8.88895
8.895725
8.897525
8.899825
8.92435
8.932825
8.952725
8.963125
8.967575
8.9725
8.9859
9.0306
9.06695
9.06995
9.07715
747
