0.1025
0.104025
0.11165
0.1144
0.1167
0.14815
0.1496
0.1594
0.162525
0.1708
0.178125
0.17995
0.18825
0.19285
0.22215
0.2321
0.237225
0.2383
0.23845
0.256725
0.264275
0.268675
0.285025
0.30935
0.362775
0.4009
0.4028
0.422125
0.42215
0.431675
0.4329
0.446225
0.4472
0.4827
0.493575
0.497875
0.504375
0.5175
0.5245
0.555025
0.6048
0.6329
0.639625
0.648675
0.66065
0.665375
0.6786
0.70705
0.71655
0.72445
0.727975
0.766825
0.770325
0.77315
0.7866
0.792475
0.7927
0.8156
0.817225
0.8214
0.86655
0.895375
0.913025
0.916075
0.9617
0.964275
1.0001
1.023825
1.025975
1.027925
1.028225
1.039625
1.0527
1.0542
1.085375
1.100675
1.1087
1.12115
1.1294
1.177175
1.2506
1.253675
1.25895
1.269225
1.28955
1.303925
1.3069
1.320075
1.3236
1.32565
1.32635
1.331675
1.341375
1.355075
1.371625
1.384475
1.389725
1.4026
1.4101
1.410275
1.413675
1.419925
1.423425
1.4293
1.4433
1.450675
1.46685
1.481225
1.48675
1.498075
1.518925
1.529075
1.53645
1.5492
1.552325
1.5601
1.59585
1.607825
1.618
1.618775
1.628375
1.63105
1.6318
1.633475
1.641075
1.648725
1.65355
1.654075
1.67175
1.68
1.6845
1.712375
1.74665
1.76845
1.77275
1.785925
1.7865
1.822
1.85095
1.866275
1.8796
1.895975
1.904525
1.91645
1.917225
1.941075
1.941225
1.9499
1.95615
1.96785
1.9856
1.9964
2.002825
2.007425
2.01185
2.01265
2.018625
2.033725
2.08335
2.1516
2.157275
2.163975
2.182975
2.20125
2.20195
2.2098
2.21235
2.240075
2.246425
2.26585
2.268375
2.27465
2.27775
2.28185
2.287025
2.305575
2.313175
2.326425
2.3474
2.35545
2.358075
2.371025
2.38675
2.395625
2.40035
2.400575
2.441025
2.44825
2.4809
2.502125
2.511
2.515925
2.524875
2.5377
2.54455
2.548175
2.550125
2.55645
2.5871
2.599275
2.6408
2.680975
2.68605
2.68635
2.69665
2.719875
2.722625
2.80405
2.804975
2.805125
2.80835
2.81115
2.823875
2.8426
2.843125
2.8493
2.851275
2.8535
2.8538
2.86015
2.868875
2.8991
2.910575
2.924575
2.934275
2.9497
2.990225
3.0015
3.00355
3.030175
3.0588
3.117425
3.119775
3.12075
3.130775
3.136025
3.145125
3.154925
3.16015
3.175175
3.1757
3.176225
3.18005
3.18015
3.195875
3.195975
3.20175
3.203
3.205625
3.221825
3.2823
3.309075
3.372475
3.40515
3.425475
3.4303
3.43115
3.431675
3.43835
3.456025
3.46935
3.4882
3.5113
3.531625
3.561725
3.573675
3.5981
3.627025
3.6452
3.654
3.662225
3.6731
3.67395
3.6925
3.70355
3.705175
3.7163
3.733875
3.743225
3.753325
3.76325
3.781025
3.785875
3.818425
3.8265
3.829
3.8408
3.84705
3.8494
3.940575
3.9545
3.97815
4.0039
4.005875
4.0198
4.03295
4.041075
4.067075
4.085925
4.08635
4.0906
4.093075
4.096225
4.10225
4.116
4.12045
4.145025
4.16405
4.1651
4.168225
4.182675
4.183775
4.184075
4.185175
4.19945
4.203625
4.243275
4.3042
4.318675
4.3257
4.328425
4.332775
4.33535
4.338425
4.34565
4.352525
4.353275
4.3563
4.369675
4.37295
4.3845
4.40165
4.412525
4.415425
4.427775
4.4378
4.451275
4.463075
4.4948
4.496525
4.519275
4.5872
4.605275
4.608525
4.610225
4.611775
4.614875
4.6181
4.630175
4.633075
4.633275
4.6388
4.638975
4.645975
4.64705
4.6474
4.65065
4.657475
4.678225
4.682575
4.72565
4.747875
4.7916
4.83755
4.84975
4.8531
4.864975
4.8734
4.87565
4.90635
4.911875
4.917425
4.923525
4.927925
4.95765
4.95855
4.95865
4.9655
4.9684
4.9704
4.9852
4.991525
4.996475
5.014525
5.03825
5.0396
5.041575
5.056675
5.060475
5.070525
5.081575
5.150375
5.194625
5.205575
5.209475
5.22515
5.226825
5.23275
5.249475
5.264975
5.310175
5.312375
5.312875
5.316825
5.334275
5.33595
5.35765
5.370275
5.38205
5.385675
5.401475
5.4067
5.46205
5.462275
5.50075
5.501425
5.519975
5.520075
5.52275
5.5295
5.536575
5.537475
5.547225
5.55545
5.557375
5.57145
5.571575
5.572825
5.576075
5.58905
5.596175
5.599225
5.6027
5.62345
5.634475
5.6424
5.6455
5.67735
5.692225
5.7003
5.725875
5.772625
5.784325
5.805375
5.811625
5.819075
5.823
5.8246
5.824775
5.824825
5.8378
5.840925
5.8613
5.8623
5.865525
5.8658
5.879475
5.8892
5.8911
5.90885
5.909375
5.91745
5.9977
6.021075
6.0689
6.07015
6.0783
6.102125
6.106475
6.10855
6.113875
6.121325
6.123275
6.133575
6.148575
6.154975
6.159
6.1811
6.2119
6.219975
6.22525
6.23725
6.237675
6.246775
6.247975
6.2602
6.264925
6.298075
6.320175
6.33225
6.34515
6.372475
6.385925
6.402525
6.40895
6.416425
6.4172
6.431825
6.4349
6.4353
6.446525
6.4471
6.452
6.46045
6.46455
6.468575
6.469425
6.474125
6.47645
6.48965
6.4908
6.5037
6.506775
6.52425
6.55315
6.560725
6.561525
6.617075
6.650075
6.686325
6.6905
6.6937
6.712925
6.714225
6.728275
6.7401
6.744125
6.74655
6.754125
6.75485
6.75575
6.763275
6.77245
6.797375
6.803325
6.80785
6.8178
6.820975
6.84375
6.877825
6.883125
6.888675
6.891225
6.898525
6.900475
6.9049
6.9209
7.002975
7.00595
7.00765
7.0171
7.01845
7.01975
7.021225
7.029825
7.033175
7.043975
7.0622
7.068125
7.0705
7.088775
7.095275
7.098725
7.1223
7.123075
7.1266
7.1438
7.1445
7.150925
7.156475
7.1859
7.213825
7.21435
7.235325
7.2443
7.2474
7.2523
7.265
7.274825
7.3136
7.31655
7.3179
7.3349
7.3405
7.343125
7.354225
7.3669
7.4232
7.445775
7.45815
7.462225
7.462975
7.463625
7.46955
7.504075
7.529375
7.548825
7.558975
7.5738
7.57925
7.583125
7.607325
7.609875
7.6179
7.62475
7.62715
7.631875
7.646025
7.663625
7.666925
7.6886
7.692425
7.709075
7.709275
7.7372
7.767075
7.7708
7.778625
7.794375
7.8052
7.869175
7.901825
7.920825
7.929825
7.93
7.935475
7.944475
7.946425
7.95745
7.9697
7.982925
7.987
7.9952
7.999625
8.01125
8.04085
8.049325
8.057725
8.063875
8.08355
8.097125
8.098425
8.12835
8.1624
8.202125
8.205975
8.217025
8.22405
8.228525
8.2513
8.253325
8.2538
8.25395
8.254375
8.264475
8.2646
8.2709
8.27455
8.317875
8.3208
8.325325
8.33045
8.3584
8.35905
8.36545
8.3836
8.42045
8.421675
8.438375
8.50335
8.515975
8.517175
8.562025
8.586125
8.602025
8.615775
8.638
8.646125
8.658925
8.662175
8.67845
8.804825
8.807175
8.815175
8.819025
8.8243
8.82605
8.826175
8.835175
8.840575
8.8427
8.843475
8.848075
8.853875
8.856225
8.857275
8.858425
8.880975
8.8826
8.887475
8.892
8.89375
8.8992
8.94985
8.956425
8.956775
8.9845
8.99055
9.0015
9.035275
9.060225
711
