0.10895
0.118125
0.139375
0.14485
0.146475
0.155375
0.16035
0.1638
0.165325
0.169475
0.170425
0.174525
0.18145
0.192025
0.19515
0.19725
0.20625
0.211775
0.21395
0.220575
0.221525
0.238775
0.26275
0.27675
0.299975
0.332925
0.33835
0.369925
0.38025
0.38115
0.3874
0.41085
0.419175
0.43805
0.453425
0.462325
0.463175
0.472725
0.4755
0.48895
0.4925
0.5136
0.56595
0.578225
0.582325
0.603175
0.6514
0.661375
0.686875
0.6927
0.6947
0.706475
0.712975
0.72645
0.7301
0.738275
0.744
0.746575
0.7517
0.753375
0.758475
0.76325
0.76665
0.776425
0.784625
0.800975
0.80305
0.80685
0.81545
0.824525
0.836575
0.84515
0.8793
0.88365
0.897775
0.8985
0.94405
0.963025
0.9725
0.97405
1.02465
1.0423
1.046225
1.047675
1.058025
1.05865
1.065425
1.067225
1.08635
1.0891
1.10395
1.1104
1.120025
1.124125
1.12615
1.1498
1.154875
1.1662
1.174875
1.221225
1.22295
1.23695
1.2503
1.287
1.298025
1.304075
1.309475
1.31095
1.31755
1.320975
1.334475
1.35375
1.358025
1.360375
1.360825
1.3752
1.379125
1.395225
1.418325
1.452925
1.5366
1.5443
1.61255
1.61295
1.6158
1.61645
1.619425
1.619875
1.620025
1.64285
1.6513
1.6545
1.66675
1.7506
1.76425
1.780875
1.7991
1.8168
1.829025
1.82975
1.83915
1.84845
1.862075
1.89195
1.9134
1.92265
1.944125
1.94525
1.94815
1.9482
1.951725
1.9535
1.954125
2.006375
2.009375
2.0226
2.039425
2.06595
2.06605
2.08805
2.150075
2.16125
2.1718
2.201225
2.2091
2.20965
2.236825
2.25305
2.25395
2.25605
2.26295
2.2687
2.293375
2.305225
2.3346
2.340975
2.361475
2.363125
2.371925
2.3739
2.4073
2.419825
2.466875
2.4918
2.51245
2.515825
2.51635
2.522125
2.523925
2.524675
2.52835
2.530225
2.551825
2.554425
2.5569
2.5597
2.5649
2.571925
2.575175
2.57875
2.581525
2.592875
2.598175
2.6062
2.6143
2.633475
2.642025
2.69925
2.70445
2.72795
2.77325
2.8041
2.81735
2.820525
2.82095
2.831875
2.8497
2.849925
2.86115
2.867925
2.887275
2.8892
2.8963
2.899175
2.914125
2.914375
2.927075
2.93545
2.9496
2.951725
2.9546
2.9554
2.95565
2.97045
3.006125
3.008225
3.009125
3.011725
3.01835
3.0221
3.0431
3.1109
3.11265
3.115225
3.11615
3.11915
3.125375
3.134125
3.138225
3.143275
3.147625
3.14825
3.152125
3.154675
3.15715
3.171925
3.174025
3.1834
3.215375
3.216
3.2313
3.238475
3.247975
3.29425
3.321275
3.363825
3.382125
3.40325
3.411475
3.413225
3.4201
3.427275
3.4386
3.4482
3.480275
3.493425
3.495625
3.496075
3.501725
3.506275
3.53755
3.571275
3.595725
3.5964
3.629575
3.651275
3.6696
3.6739
3.702675
3.7035
3.712475
3.715475
3.71805
3.724975
3.726675
3.727525
3.729275
3.73425
3.75405
3.761575
3.771175
3.783475
3.79165
3.7942
3.8068
3.8093
3.82195
3.830575
3.83125
3.83235
3.83395
3.837525
3.8843
3.88795
3.8915
3.898
3.90025
3.908375
3.928025
3.93995
3.950225
3.978975
3.9815
4.0016
4.0067
4.007275
4.0177
4.018175
4.03005
4.030675
4.040525
4.0408
4.044725
4.05775
4.057975
4.0735
4.080375
4.082725
4.095425
4.09565
4.09765
4.09925
4.108475
4.1186
4.182875
4.198875
4.20095
4.287225
4.300975
4.3018
4.30185
4.329075
4.33035
4.33875
4.34
4.34355
4.347
4.356375
4.3605
4.36965
4.371825
4.37785
4.39545
4.407025
4.416275
4.42265
4.431675
4.47045
4.4795
4.479525
4.508975
4.55165
4.556025
4.609375
4.609775
4.6115
4.61435
4.624175
4.648975
4.651575
4.6529
4.659925
4.669725
4.670825
4.67365
4.675825
4.688725
4.6921
4.69815
4.72695
4.74565
4.751575
4.7857
4.7896
4.80705
4.8466
4.847475
4.8854
4.9102
4.9157
4.931875
4.960325
4.9704
4.980625
4.999475
5.002775
5.0158
5.03675
5.044675
5.0453
5.0614
5.072325
5.0756
5.08245
5.09745
5.10965
5.11355
5.13085
5.175
5.200525
5.201875
5.20315
5.203675
5.20585
5.21385
5.220225
5.220325
5.24385
5.2505
5.253925
5.254275
5.2689
5.270975
5.2768
5.28185
5.301725
5.31345
5.324325
5.3362
5.340025
5.3539
5.39485
5.4288
5.43655
5.441075
5.441775
5.444475
5.449175
5.452475
5.485625
5.507775
5.51285
5.51445
5.5278
5.53075
5.53225
5.53435
5.540275
5.541125
5.545925
5.547425
5.55365
5.556775
5.559225
5.562575
5.56435
5.565575
5.5771
5.5772
5.57765
5.591775
5.595925
5.597175
5.60265
5.615225
5.696075
5.74265
5.748425
5.7564
5.7859
5.803175
5.8061
5.8084
5.809875
5.81105
5.82005
5.820575
5.82575
5.82935
5.8302
5.851575
5.85535
5.859975
5.86115
5.86455
5.874
5.8817
5.882375
5.9121
5.916175
5.9276
5.939625
5.94355
5.958725
5.96855
5.982775
5.98885
5.989075
6.0038
6.01465
6.025875
6.067225
6.073175
6.089875
6.10275
6.10895
6.113275
6.122975
6.125475
6.13245
6.136575
6.14205
6.149725
6.16005
6.1667
6.170975
6.1712
6.175775
6.1877
6.2011
6.209775
6.2179
6.22475
6.2386
6.240175
6.253175
6.2605
6.2773
6.284725
6.316825
6.368175
6.395425
6.4006
6.412175
6.413975
6.416375
6.4165
6.4234
6.432175
6.4382
6.45165
6.457075
6.47075
6.4831
6.4907
6.52565
6.5265
6.527975
6.54075
6.5783
6.581025
6.5833
6.6009
6.611425
6.62605
6.654725
6.68585
6.70035
6.70445
6.712125
6.71455
6.7149
6.724975
6.727475
6.731125
6.73845
6.739675
6.74255
6.758025
6.77075
6.77945
6.785475
6.81155
6.817525
6.857975
6.8924
6.90105
6.912425
6.919975
6.935175
6.9597
6.962225
6.997725
7.01315
7.013175
7.0147
7.016325
7.017975
7.0293
7.031825
7.034425
7.035
7.041425
7.04815
7.053275
7.060925
7.06525
7.07265
7.076725
7.081125
7.106425
7.111075
7.1111
7.138675
7.146
7.15285
7.1541
7.165025
7.16545
7.16655
7.171175
7.184025
7.1861
7.193825
7.19935
7.20335
7.20755
7.208025
7.24985
7.27345
7.299975
7.3014
7.303975
7.304275
7.309675
7.31295
7.316175
7.334125
7.334475
7.33945
7.339575
7.3399
7.34225
7.355275
7.35535
7.358825
7.361675
7.362075
7.371425
7.373925
7.3862
7.38865
7.3898
7.39435
7.42265
7.4674
7.47275
7.4748
7.4926
7.5003
7.50765
7.539325
7.551225
7.580875
7.58365
7.5966
7.60465
7.625175
7.632225
7.636175
7.6513
7.65425
7.668325
7.68335
7.687675
7.710225
7.7167
7.722025
7.724225
7.76045
7.7812
7.83385
7.893575
7.900825
7.91415
7.9148
7.91625
7.9326
7.9405
7.9408
7.9415
7.943575
7.943775
7.945525
7.947775
7.95495
7.970425
7.973375
8.0095
8.017475
8.019825
8.034
8.0455
8.052225
8.07535
8.097175
8.102075
8.11775
8.1348
8.1676
8.2021
8.207725
8.208175
8.209575
8.2099
8.211075
8.2192
8.219275
8.221075
8.233525
8.235175
8.2367
8.2534
8.2641
8.266175
8.28155
8.3013
8.306825
8.31605
8.363225
8.36755
8.374975
8.391425
8.404925
8.405425
8.4228
8.4439
8.5129
8.51525
8.5207
8.528975
8.5376
8.539075
8.556225
8.561925
8.56195
8.5646
8.567625
8.5778
8.585525
8.601175
8.602225
8.60325
8.609675
8.6265
8.654475
8.657725
8.6582
8.695325
8.711775
8.712375
8.721525
8.757725
8.78315
8.800175
8.807725
8.819175
8.8233
8.8385
8.8438
8.851625
8.85445
8.8618
8.863025
8.863175
8.8667
8.875175
8.8844
8.887275
8.8878
8.9099
8.932625
8.9599
8.9946
9.002725
9.00425
786
