0.11045
0.1112
0.113
0.113925
0.12885
0.134175
0.1398
0.142025
0.1644
0.173525
0.17655
0.182225
0.1957
0.201325
0.211375
0.215625
0.21665
0.231625
0.2336
0.252025
0.256375
0.2705
0.277125
0.277825
0.2804
0.302875
0.306575
0.31305
0.3328
0.3651
0.388525
0.410775
0.427875
0.434525
0.442525
0.446525
0.453125
0.46445
0.48595
0.52775
0.554675
0.578375
0.584075
0.597475
0.627975
0.633325
0.661925
0.7041
0.7062
0.70925
0.709925
0.713025
0.719025
0.7195
0.7202
0.723375
0.728875
0.729025
0.73775
0.74065
0.740925
0.74105
0.752225
0.75505
0.78635
0.79445
0.795825
0.79765
0.80545
0.825725
0.83
0.83335
0.83595
0.8571
0.86315
0.86325
0.869175
0.874525
0.8863
0.89275
0.909275
0.92075
0.922475
0.924075
0.9241
0.929075
0.955825
0.963575
0.978775
1.003225
1.01945
1.026475
1.031425
1.03325
1.034
1.04065
1.05395
1.066825
1.076225
1.0767
1.0883
1.09055
1.093475
1.09805
1.10575
1.1123
1.1167
1.121675
1.124675
1.140925
1.142825
1.17645
1.1784
1.196375
1.20565
1.22185
1.2542
1.310175
1.33125
1.33425
1.364375
1.371575
1.372825
1.393275
1.397925
1.408175
1.427975
1.432025
1.43995
1.46995
1.471625
1.473
1.48085
1.502175
1.5149
1.538325
1.54605
1.54895
1.583475
1.604625
1.608825
1.614325
1.615225
1.63565
1.642275
1.65465
1.65705
1.658375
1.6655
1.6714
1.6722
1.680575
1.68365
1.718575
1.725325
1.726525
1.728975
1.73385
1.74915
1.753825
1.7744
1.7766
1.7783
1.780025
1.7964
1.836925
1.854375
1.860625
1.890725
1.9087
1.909125
1.9151
1.9235
1.93585
1.948625
1.99815
2.009075
2.021725
2.0317
2.0324
2.037975
2.155625
2.162825
2.177
2.188275
2.193825
2.200575
2.2051
2.208625
2.218325
2.23295
2.234775
2.239925
2.2479
2.248325
2.2495
2.256175
2.258125
2.271375
2.2901
2.30835
2.314975
2.320275
2.3246
2.3329
2.339825
2.341525
2.3583
2.4254
2.4289
2.435775
2.4659
2.49855
2.500525
2.5059
2.50705
2.51245
2.52505
2.544675
2.551175
2.551575
2.553225
2.55485
2.558475
2.563675
2.56635
2.569025
2.576
2.58025
2.58045
2.593525
2.615725
2.616675
2.6214
2.6277
2.6422
2.65315
2.6615
2.66855
2.681925
2.685625
2.698375
2.704975
2.708775
2.7098
2.716775
2.743675
2.812425
2.81975
2.832475
2.8536
2.863225
2.8672
2.9134
2.91545
2.938075
2.9429
2.946675
2.956825
2.958925
2.981175
3.011875
3.03125
3.0325
3.0436
3.080275
3.096575
3.09925
3.1144
3.119525
3.135275
3.141825
3.143425
3.14875
3.1764
3.1829
3.18925
3.2015
3.203525
3.2085
3.215575
3.2228
3.228125
3.243775
3.263525
3.27825
3.286225
3.290375
3.309075
3.332175
3.3362
3.34745
3.3714
3.385525
3.396825
3.401875
3.427475
3.456775
3.5019
3.5033
3.5124
3.5298
3.546425
3.557075
3.57395
3.6089
3.6297
3.66005
3.662025
3.671975
3.6866
3.704975
3.709275
3.713525
3.71835
3.718975
3.7231
3.72515
3.726675
3.731675
3.736475
3.74135
3.742875
3.745375
3.750275
3.7647
3.78255
3.784475
3.790175
3.79215
3.808475
3.821575
3.824875
3.830525
3.858525
3.886375
3.9223
3.947
3.951425
3.953325
3.96335
4.0168
4.023075
4.023375
4.0308
4.035525
4.035775
4.041525
4.0425
4.04255
4.069325
4.0842
4.098225
4.100325
4.12355
4.12435
4.128575
4.135825
4.141675
4.1425
4.1747
4.1778
4.198125
4.19865
4.277825
4.288325
4.294575
4.3022
4.30235
4.310675
4.315775
4.3201
4.3264
4.32705
4.327725
4.3278
4.355875
4.3799
4.3841
4.391875
4.40355
4.416575
4.417125
4.42525
4.42835
4.43005
4.435175
4.43955
4.45015
4.450575
4.450725
4.46805
4.496425
4.5147
4.5207
4.534
4.5548
4.556725
4.5753
4.582575
4.6021
4.605525
4.610875
4.620425
4.624225
4.624375
4.639825
4.651375
4.658275
4.6596
4.672775
4.67345
4.675625
4.687375
4.6886
4.68955
4.6966
4.7164
4.7194
4.723975
4.72645
4.733225
4.73575
4.745675
4.7473
4.7474
4.758275
4.76205
4.767725
4.800075
4.838225
4.887975
4.913675
4.916575
4.925075
4.935175
4.9398
4.9487
4.953925
4.954075
4.956325
4.962125
4.9851
4.98965
5.01215
5.0145
5.023375
5.0692
5.073175
5.08075
5.090375
5.094525
5.09635
5.0969
5.10505
5.1916
5.205975
5.2084
5.21135
5.2311
5.241975
5.244575
5.2562
5.260975
5.268625
5.27325
5.294275
5.302225
5.302325
5.30865
5.31495
5.318425
5.321825
5.347975
5.349725
5.360975
5.391175
5.397175
5.4002
5.4055
5.4149
5.41615
5.42155
5.432175
5.46325
5.4769
5.487325
5.49105
5.500125
5.502475
5.507075
5.5126
5.515825
5.524
5.534075
5.536875
5.54295
5.576175
5.60265
5.6281
5.62845
5.6426
5.6737
5.6881
5.728375
5.7381
5.7476
5.808475
5.8317
5.84585
5.8706
5.8825
5.882975
5.88605
5.889425
5.892175
5.89495
5.909375
5.9166
5.924
5.9284
5.9305
5.95575
5.959175
5.96235
5.971975
5.980475
5.99795
6.066525
6.105075
6.105425
6.117325
6.1271
6.12885
6.1355
6.16135
6.19055
6.191325
6.196725
6.23445
6.235825
6.243
6.247175
6.26235
6.26965
6.30835
6.3231
6.331525
6.4031
6.40345
6.406625
6.40705
6.409825
6.41005
6.4242
6.4263
6.433425
6.4339
6.45445
6.455575
6.458175
6.464875
6.47385
6.4751
6.4763
6.480975
6.483275
6.51825
6.536375
6.537775
6.5451
6.56455
6.576025
6.587425
6.682175
6.71115
6.712825
6.730375
6.74895
6.75465
6.772775
6.773525
6.79875
6.802875
6.80345
6.81295
6.818075
6.851025
6.851075
6.854525
6.88915
6.89075
6.913025
6.939875
6.987175
7.0179
7.02155
7.0254
7.0276
7.031325
7.0344
7.04175
7.042375
7.045275
7.058125
7.06235
7.064075
7.07615
7.0913
7.09505
7.09535
7.1203
7.122175
7.1293
7.131875
7.2178
7.244325
7.263775
7.2744
7.3353
7.3647
7.3722
7.37715
7.3984
7.399325
7.4207
7.42075
7.429975
7.436275
7.4511
7.45455
7.461125
7.461875
7.4739
7.518625
7.522225
7.526675
7.528175
7.587825
7.60055
7.606
7.625825
7.6328
7.63505
7.645925
7.648475
7.650625
7.65725
7.6616
7.671675
7.733125
7.7558
7.77695
7.7771
7.796575
7.8255
7.8533
7.862225
7.862675
7.8723
7.87515
7.9031
7.907
7.90755
7.912625
7.917
7.930475
7.931725
7.93225
7.933
7.938425
7.9522
7.953975
7.97955
7.992825
8.001275
8.003425
8.01375
8.042375
8.0425
8.0676
8.071325
8.088975
8.1195
8.1222
8.14575
8.151375
8.152175
8.166375
8.17195
8.1725
8.1872
8.2074
8.209275
8.2204
8.221425
8.225125
8.2444
8.25275
8.26605
8.278275
8.30405
8.3063
8.311725
8.3262
8.336625
8.3471
8.358825
8.3606
8.370575
8.406675
8.4695
8.469625
8.525375
8.5269
8.534
8.544775
8.545575
8.560425
8.6013
8.619975
8.628275
8.63805
8.643525
8.666275
8.689475
8.6991
8.7068
8.768275
8.799625
8.8116
8.8134
8.8276
8.83005
8.834775
8.8524
8.868025
8.890125
8.90235
8.91535
8.923175
8.930875
8.93165
8.93715
8.9494
8.96065
8.98895
9.00465
9.064575
749
