0.10235
0.102975
0.10405
0.106825
0.1087
0.11235
0.1268
0.12895
0.12945
0.13115
0.15415
0.162875
0.165025
0.176325
0.180325
0.18465
0.1879
0.21175
0.2119
0.218525
0.236225
0.237175
0.26655
0.27395
0.275825
0.2768
0.27745
0.2839
0.2964
0.32835
0.3432
0.35355
0.366475
0.410825
0.4194
0.419625
0.421275
0.4241
0.4279
0.430775
0.438625
0.44115
0.4415
0.450125
0.45215
0.455775
0.459775
0.463825
0.47135
0.47405
0.476275
0.478775
0.485
0.49155
0.5096
0.511275
0.553875
0.587425
0.5914
0.59215
0.60835
0.60845
0.608925
0.612275
0.68915
0.701275
0.708125
0.710275
0.713225
0.71395
0.715825
0.7334
0.7404
0.74095
0.746775
0.746925
0.7577
0.758125
0.7632
0.767525
0.771775
0.796675
0.8205
0.82225
0.8254
0.85145
0.879
0.87965
0.89595
0.897175
0.9107
0.91955
0.927675
0.969125
1.002375
1.0145
1.0149
1.018625
1.055025
1.057025
1.072625
1.07685
1.099625
1.1142
1.1284
1.129175
1.13275
1.147
1.163525
1.26
1.26435
1.288725
1.3028
1.30765
1.309975
1.3246
1.326725
1.328375
1.344075
1.344175
1.36
1.37525
1.389925
1.394025
1.396175
1.407425
1.42135
1.448025
1.475725
1.524925
1.526825
1.528875
1.533
1.589725
1.60885
1.60935
1.612175
1.617275
1.632475
1.640325
1.645175
1.6553
1.6607
1.66825
1.671075
1.672575
1.6799
1.680975
1.689375
1.69795
1.708075
1.717975
1.728075
1.734025
1.7349
1.7606
1.7621
1.771
1.77175
1.79025
1.79355
1.798075
1.814625
1.8559
1.905125
1.909125
1.92175
1.9257
1.930525
1.942625
1.9437
1.944675
1.9489
1.950675
1.956425
1.9641
1.965075
1.968875
1.9705
1.972175
1.973225
1.973575
1.9871
1.9875
2.004825
2.006425
2.0111
2.01445
2.0338
2.046025
2.050425
2.05605
2.08665
2.101325
2.173625
2.20595
2.208825
2.225075
2.22655
2.2305
2.23415
2.234625
2.237425
2.240075
2.2403
2.2491
2.25325
2.271625
2.290075
2.30005
2.30135
2.332975
2.346
2.357325
2.376975
2.38425
2.388225
2.389375
2.390125
2.3946
2.3979
2.4235
2.42775
2.497125
2.503375
2.5165
2.517625
2.5207
2.521
2.52255
2.52465
2.53405
2.54695
2.5564
2.578275
2.5962
2.62145
2.6242
2.624375
2.62625
2.6469
2.66755
2.6774
2.68155
2.688725
2.69255
2.699775
2.707975
2.72535
2.73285
2.749575
2.75535
2.808075
2.8099
2.814675
2.815475
2.817675
2.824725
2.829075
2.837775
2.83855
2.838725
2.845475
2.849825
2.8737
2.875775
2.90455
2.910825
2.924825
2.927925
2.928725
2.96875
2.9695
3.00085
3.003975
3.02975
3.029975
3.03245
3.033175
3.040975
3.0581
3.063575
3.069575
3.0747
3.083075
3.107725
3.115175
3.1229
3.13265
3.1417
3.142775
3.14635
3.157425
3.15745
3.164925
3.165625
3.172225
3.174525
3.174925
3.1939
3.2037
3.2095
3.22825
3.235025
3.2473
3.2583
3.284825
3.37815
3.4012
3.404725
3.4083
3.420925
3.4233
3.4251
3.426125
3.430775
3.433125
3.434725
3.436725
3.440625
3.452
3.4524
3.456375
3.466425
3.469
3.4764
3.4776
3.478675
3.5161
3.54005
3.550725
3.552175
3.5594
3.566425
3.5739
3.578875
3.58705
3.6001
3.606575
3.641125
3.64515
3.672125
3.67685
3.71395
3.7285
3.732675
3.733575
3.740025
3.7703
3.77295
3.779175
3.794725
3.8043
3.8105
3.81355
3.816675
3.82045
3.824
3.8251
3.826275
3.829125
3.8378
3.84125
3.8443
3.84875
3.855475
3.855525
3.872825
3.87615
3.8794
3.91815
3.92545
3.951225
3.95225
3.9577
3.997475
4.003075
4.006325
4.0069
4.0093
4.015875
4.019725
4.045725
4.047175
4.060775
4.062425
4.070075
4.0987
4.12935
4.13605
4.16595
4.190025
4.194375
4.219875
4.23865
4.273225
4.29055
4.3034
4.305175
4.308925
4.310175
4.322275
4.338975
4.346725
4.3564
4.35735
4.36945
4.384425
4.388075
4.397975
4.432375
4.4348
4.44785
4.44935
4.467825
4.478375
4.4801
4.48545
4.49585
4.516625
4.601825
4.61765
4.61935
4.621775
4.629975
4.63525
4.654725
4.655425
4.66
4.684575
4.6886
4.737875
4.73815
4.764
4.766025
4.7704
4.780925
4.817625
4.81965
4.827525
4.8617
4.8644
4.89665
4.900325
4.9045
4.909825
4.917725
4.931475
4.933125
4.93335
4.938775
4.94775
4.94815
4.948425
4.95075
4.9559
4.967775
4.97105
4.9749
4.9978
4.99795
4.998075
4.9981
5.00365
5.007075
5.02645
5.028475
5.0352
5.0702
5.07125
5.0717
5.0895
5.10105
5.141575
5.1434
5.153325
5.1584
5.1672
5.1771
5.19125
5.20055
5.200625
5.204025
5.205775
5.2127
5.22285
5.225775
5.2258
5.22965
5.237225
5.244275
5.262575
5.273375
5.274875
5.28995
5.290075
5.316
5.341425
5.34695
5.347825
5.3624
5.451775
5.45805
5.470775
5.487025
5.498875
5.500875
5.502425
5.51335
5.514325
5.5224
5.522575
5.53955
5.5431
5.55175
5.568125
5.57595
5.59
5.59435
5.60275
5.6196
5.629275
5.63295
5.642
5.658825
5.664725
5.6661
5.709225
5.71865
5.74245
5.75735
5.767925
5.8043
5.809225
5.81265
5.818275
5.82085
5.82795
5.84645
5.877275
5.8838
5.898775
5.926775
5.947475
5.96275
5.972425
6.000425
6.0567
6.06695
6.095925
6.1012
6.102775
6.10635
6.117125
6.125125
6.13155
6.132125
6.13235
6.1356
6.14025
6.141025
6.197025
6.202725
6.204625
6.205825
6.212025
6.223325
6.2236
6.231175
6.2448
6.24795
6.25035
6.2786
6.281025
6.288925
6.293025
6.299475
6.3124
6.364175
6.387675
6.38775
6.399475
6.4032
6.412025
6.414625
6.418525
6.42575
6.461825
6.4715
6.4756
6.47965
6.480925
6.48305
6.485625
6.493575
6.49395
6.497425
6.5091
6.516575
6.52965
6.5403
6.54215
6.57195
6.587575
6.6114
6.613025
6.630025
6.6384
6.6471
6.676475
6.689025
6.70335
6.7119
6.714775
6.715375
6.720875
6.73465
6.739875
6.740525
6.74645
6.74955
6.764275
6.766525
6.774525
6.7942
6.796925
6.798975
6.8057
6.805725
6.840275
6.84515
6.845475
6.845775
6.860075
6.867625
6.878275
6.971475
6.991475
7.007025
7.018825
7.02375
7.032075
7.034325
7.0348
7.04135
7.045875
7.05255
7.0526
7.05615
7.06435
7.068975
7.069625
7.086625
7.09205
7.1227
7.127125
7.12935
7.137575
7.1418
7.150525
7.193625
7.1949
7.2059
7.2194
7.272575
7.321775
7.322025
7.334625
7.334725
7.340925
7.350075
7.358375
7.3654
7.367525
7.372825
7.373275
7.375175
7.383825
7.384075
7.38425
7.4028
7.41095
7.42855
7.444
7.471425
7.521275
7.521675
7.536275
7.555575
7.559975
7.60075
7.60275
7.60595
7.6092
7.631375
7.64445
7.64765
7.65865
7.678325
7.693775
7.6984
7.69895
7.69915
7.700375
7.717275
7.73285
7.749475
7.7519
7.75985
7.768125
7.806475
7.8071
7.830525
7.905325
7.906675
7.90835
7.912275
7.91545
7.916225
7.917625
7.92555
7.931025
7.952625
7.9529
7.964325
7.967425
7.9707
7.99895
8.0077
8.0138
8.0232
8.0281
8.03855
8.04205
8.044825
8.05745
8.0647
8.081525
8.100675
8.101775
8.102675
8.129975
8.178325
8.200725
8.2017
8.20505
8.212975
8.21675
8.2201
8.223
8.22515
8.2256
8.228275
8.22905
8.23095
8.2378
8.243575
8.244225
8.256875
8.258325
8.279225
8.299525
8.302875
8.308975
8.3156
8.3289
8.3403
8.356
8.361325
8.364675
8.36995
8.377875
8.387075
8.38745
8.448125
8.4556
8.46675
8.48445
8.48525
8.501375
8.5211
8.52255
8.5338
8.53785
8.5507
8.551125
8.5537
8.5542
8.560175
8.564175
8.591675
8.598975
8.60685
8.608275
8.61755
8.6251
8.631075
8.64355
8.644425
8.65015
8.6513
8.667175
8.717525
8.722825
8.7235
8.731675
8.76565
8.78
8.790525
8.81035
8.812475
8.8284
8.841825
8.8588
8.8589
8.859225
8.863725
8.888375
8.88895
8.896925
8.92305
8.93395
8.960075
8.97265
8.98835
8.9975
8.997875
9.0014
9.013525
9.0283
9.041875
9.086475
832
