0.10135
0.10915
0.121375
0.126225
0.1383
0.143625
0.146625
0.15905
0.176425
0.208325
0.2099
0.215675
0.2261
0.250825
0.25405
0.255275
0.267025
0.269175
0.29015
0.335825
0.37825
0.391825
0.40275
0.404025
0.404475
0.405875
0.414225
0.41705
0.423625
0.428675
0.429375
0.4454
0.453625
0.46515
0.466925
0.474775
0.4913
0.492125
0.4924
0.494725
0.507275
0.5145
0.517175
0.5235
0.52785
0.543175
0.56295
0.587575
0.5884
0.598775
0.604
0.621475
0.662575
0.675875
0.72055
0.72635
0.7285
0.73515
0.7497
0.7504
0.750975
0.751425
0.75315
0.76675
0.77085
0.7762
0.7763
0.78635
0.816925
0.8252
0.836075
0.83705
0.851875
0.8679
0.868525
0.876125
0.91155
0.912525
0.912775
0.945825
0.960225
0.9741
0.986675
1.00905
1.010075
1.01455
1.026175
1.02765
1.029425
1.030875
1.0441
1.056175
1.06075
1.067175
1.067525
1.06895
1.0812
1.089925
1.0942
1.1093
1.1094
1.11015
1.121275
1.138775
1.169925
1.19835
1.205375
1.212875
1.226975
1.232825
1.235025
1.249525
1.25245
1.257725
1.258675
1.262
1.2723
1.283075
1.3146
1.316525
1.31795
1.318725
1.3228
1.323475
1.334725
1.340875
1.347775
1.35445
1.35485
1.355725
1.36365
1.366775
1.37715
1.385825
1.419175
1.426675
1.4561
1.4626
1.46985
1.56475
1.608275
1.609075
1.609275
1.617525
1.63055
1.632625
1.659075
1.65945
1.6689
1.68155
1.682475
1.69205
1.694525
1.718825
1.721075
1.7473
1.752425
1.75835
1.760775
1.766875
1.77175
1.789475
1.7976
1.799725
1.817275
1.818775
1.846925
1.874875
1.892475
1.90065
1.9081
1.918725
1.93125
1.93755
1.982725
1.9845
2.0124
2.018125
2.02675
2.03965
2.04305
2.049475
2.0873
2.088775
2.0936
2.10735
2.10865
2.119875
2.121975
2.133975
2.177025
2.186725
2.201825
2.2055
2.20995
2.227425
2.229525
2.23595
2.24275
2.24495
2.251875
2.263975
2.285925
2.307775
2.30825
2.3232
2.331175
2.3355
2.348775
2.387675
2.4092
2.435325
2.4941
2.50065
2.5059
2.50635
2.510275
2.519525
2.519775
2.527425
2.531775
2.5346
2.54305
2.555
2.5582
2.559025
2.56965
2.570575
2.5747
2.575325
2.6014
2.6214
2.64195
2.643325
2.676725
2.68195
2.687725
2.6899
2.71835
2.7586
2.769275
2.77725
2.7787
2.77905
2.784775
2.80755
2.8079
2.809625
2.8133
2.823025
2.835625
2.853775
2.860275
2.8622
2.908175
2.922875
2.929825
2.951525
2.983175
3.03495
3.0509
3.101875
3.10985
3.114375
3.116
3.116575
3.1197
3.124225
3.1339
3.134925
3.137325
3.142625
3.145325
3.155375
3.183875
3.189025
3.189175
3.193275
3.20015
3.2095
3.21415
3.223575
3.23325
3.247075
3.251125
3.27175
3.27475
3.31385
3.333775
3.34035
3.346925
3.3866
3.40125
3.407075
3.41235
3.4152
3.4227
3.422825
3.43535
3.4432
3.455775
3.464725
3.467775
3.468225
3.483125
3.485875
3.4907
3.50525
3.5148
3.514925
3.5293
3.542675
3.558325
3.575825
3.59395
3.6068
3.6101
3.614525
3.6146
3.6286
3.629125
3.642525
3.652975
3.7029
3.7031
3.705575
3.72165
3.722825
3.724025
3.734325
3.741175
3.7442
3.74655
3.7571
3.770075
3.7924
3.795
3.801925
3.802675
3.81575
3.856175
3.8594
3.8658
3.883575
3.893475
3.89595
3.9111
3.948725
3.9649
3.995275
4.005975
4.0132
4.018275
4.0215
4.0235
4.02765
4.030075
4.032075
4.033125
4.035325
4.037325
4.04435
4.054675
4.059725
4.06215
4.067325
4.0804
4.08305
4.088375
4.0904
4.0915
4.1192
4.12325
4.128025
4.1345
4.158875
4.2165
4.216575
4.21985
4.2496
4.259725
4.3008
4.3067
4.31125
4.313675
4.331525
4.365925
4.407775
4.42215
4.43025
4.446925
4.4579
4.46775
4.607975
4.61335
4.61355
4.616775
4.619275
4.621875
4.631625
4.633825
4.649675
4.653025
4.665325
4.6813
4.689425
4.6902
4.70545
4.7189
4.721625
4.77425
4.7839
4.790775
4.8054
4.80625
4.80635
4.831025
4.832525
4.83335
4.90225
4.916925
4.923025
4.92665
4.9304
4.934725
4.939225
4.94065
4.945225
4.9485
4.954875
4.9584
4.968125
4.970075
4.975925
4.97775
4.97885
4.993325
5.00215
5.002425
5.012875
5.019625
5.020975
5.02535
5.04655
5.05485
5.06065
5.06255
5.131575
5.1663
5.180675
5.200125
5.2136
5.228175
5.2293
5.2668
5.269525
5.27855
5.31065
5.314775
5.36755
5.391425
5.396375
5.4143
5.41745
5.5007
5.504275
5.50625
5.506375
5.5095
5.51215
5.5149
5.52135
5.524475
5.527425
5.5407
5.54455
5.55805
5.5637
5.566775
5.567725
5.579275
5.579675
5.59825
5.61235
5.614625
5.615825
5.633925
5.644475
5.68695
5.68805
5.689175
5.722875
5.731525
5.73605
5.750275
5.795525
5.80765
5.810525
5.826725
5.846775
5.863725
5.865375
5.866625
5.867
5.868
5.87085
5.8714
5.875275
5.875875
5.876775
5.881775
5.8899
5.9067
5.912
5.91345
5.924
5.929575
5.951125
5.953075
5.95835
5.987325
5.999475
6.05575
6.07035
6.106175
6.106425
6.1066
6.1112
6.1207
6.121075
6.124075
6.13065
6.132725
6.136925
6.1375
6.139525
6.144725
6.144825
6.151625
6.151675
6.1556
6.1588
6.1615
6.16735
6.171675
6.17385
6.198775
6.20065
6.2108
6.228425
6.264125
6.265575
6.2748
6.27735
6.282025
6.294625
6.32345
6.34485
6.3492
6.35495
6.36665
6.372725
6.3786
6.3842
6.403175
6.407425
6.411175
6.417425
6.437675
6.459425
6.460375
6.47745
6.4824
6.492225
6.4975
6.5032
6.5059
6.5217
6.528425
6.54715
6.579925
6.5841
6.5863
6.610925
6.63205
6.71695
6.72525
6.7282
6.7293
6.7343
6.73565
6.73665
6.7382
6.7397
6.74895
6.77365
6.777675
6.7838
6.819375
6.829125
6.847925
6.849125
6.873025
6.891225
6.912675
6.91465
6.9148
6.925875
6.97405
7.005975
7.009925
7.0142
7.039725
7.0406
7.07375
7.079725
7.080725
7.0856
7.0933
7.094575
7.099575
7.11885
7.133175
7.136775
7.144825
7.1694
7.184975
7.199375
7.203925
7.262875
7.27025
7.338675
7.35285
7.35685
7.3596
7.368125
7.369725
7.378125
7.39135
7.3924
7.41035
7.43145
7.4339
7.44295
7.443275
7.447775
7.4494
7.5168
7.57675
7.5902
7.59515
7.597625
7.604775
7.61315
7.61615
7.6206
7.628725
7.659125
7.675475
7.678825
7.6954
7.69995
7.7132
7.73245
7.75255
7.7728
7.7765
7.778375
7.817475
7.825275
7.8299
7.863775
7.8873
7.90055
7.902425
7.903575
7.9124
7.917325
7.92885
7.943675
7.970475
7.97085
7.98375
7.98995
8.003125
8.03755
8.0381
8.039775
8.044375
8.086275
8.090675
8.10135
8.1068
8.198725
8.203075
8.20315
8.203775
8.205375
8.206875
8.211075
8.211725
8.212075
8.21615
8.21735
8.2468
8.248275
8.2502
8.2536
8.2556
8.274775
8.28025
8.28265
8.28535
8.29255
8.300475
8.30515
8.307425
8.31775
8.33775
8.3552
8.373925
8.3786
8.38855
8.393025
8.3953
8.39775
8.40815
8.43345
8.440875
8.443875
8.4742
8.480675
8.4846
8.5085
8.509025
8.50985
8.510275
8.5201
8.524525
8.53225
8.53305
8.5373
8.5378
8.546825
8.56005
8.561925
8.56345
8.567675
8.575075
8.575675
8.58595
8.588575
8.590875
8.605525
8.613875
8.6206
8.6301
8.6662
8.67605
8.6815
8.7037
8.73045
8.7356
8.770975
8.788625
8.796675
8.80035
8.800625
8.806125
8.80835
8.820425
8.8226
8.8241
8.8308
8.832275
8.84225
8.874575
8.879875
8.881675
8.885175
8.907375
8.911525
8.91175
8.9275
8.927725
8.92855
8.930725
8.94735
8.964425
8.9994
9.005525
9.00915
9.0363
9.04875
9.0513
795
