0.121025
0.139775
0.141875
0.14255
0.15115
0.174225
0.179025
0.18935
0.193625
0.204625
0.2143
0.226275
0.2477
0.2531
0.26305
0.26565
0.27695
0.28285
0.294125
0.298675
0.31125
0.312225
0.333875
0.353275
0.384875
0.3959
0.40025
0.4055
0.4077
0.407725
0.428575
0.4344
0.43595
0.43705
0.460225
0.46745
0.480325
0.48115
0.4926
0.500325
0.521975
0.5368
0.53695
0.5422
0.54425
0.54505
0.5539
0.602275
0.60635
0.624075
0.6373
0.6392
0.640675
0.6522
0.700225
0.709775
0.718125
0.7206
0.737575
0.741
0.74125
0.749625
0.75005
0.750725
0.764775
0.765375
0.771225
0.778425
0.784425
0.795375
0.80925
0.82085
0.829025
0.8474
0.858075
0.910475
0.9872
1.016425
1.029775
1.0324
1.036325
1.042075
1.05895
1.0624
1.064525
1.0664
1.079475
1.0865
1.098175
1.1105
1.1192
1.137575
1.1601
1.191725
1.19215
1.20365
1.215525
1.218925
1.2282
1.243225
1.2451
1.252175
1.31845
1.326075
1.367275
1.378275
1.381
1.3819
1.41265
1.422425
1.49815
1.510325
1.532
1.5503
1.5581
1.5616
1.568
1.601575
1.6059
1.606275
1.6078
1.609525
1.6129
1.618725
1.6274
1.62975
1.630175
1.63255
1.64385
1.6758
1.677275
1.680475
1.6827
1.6833
1.684875
1.7058
1.71485
1.7177
1.7303
1.7698
1.7743
1.798
1.798675
1.800075
1.815
1.818025
1.828475
1.868275
1.903
1.9077
1.913375
1.914175
1.962375
1.988425
1.992975
2.001925
2.02605
2.02715
2.040075
2.0543
2.0547
2.055225
2.0856
2.0891
2.108675
2.1187
2.134925
2.16845
2.18575
2.2036
2.2074
2.209125
2.21035
2.212125
2.21405
2.236575
2.241175
2.246
2.246475
2.247875
2.254275
2.26065
2.287475
2.298025
2.3025
2.303175
2.32385
2.323975
2.330525
2.330925
2.33095
2.332325
2.3324
2.335975
2.339575
2.343325
2.345725
2.374375
2.432425
2.442775
2.504875
2.505425
2.5069
2.507525
2.513125
2.519825
2.52745
2.53565
2.5424
2.546475
2.552
2.5539
2.557575
2.5801
2.581175
2.585225
2.585425
2.643425
2.651575
2.67205
2.67905
2.687175
2.737925
2.75035
2.789425
2.802975
2.80795
2.8085
2.81315
2.81575
2.82585
2.828975
2.86515
2.866975
2.8782
2.8798
2.893425
2.904425
2.9049
2.90805
2.9101
2.917775
2.921125
2.92275
2.92305
2.93755
2.9537
2.992
2.99965
3.0865
3.1018
3.109925
3.1109
3.116075
3.116675
3.122275
3.1258
3.132375
3.149425
3.150175
3.152
3.1664
3.186575
3.195775
3.2008
3.2193
3.230175
3.242425
3.259425
3.267375
3.2694
3.274425
3.275775
3.27795
3.285
3.3038
3.315525
3.330225
3.331825
3.34325
3.385225
3.409125
3.41235
3.4129
3.4139
3.436375
3.4501
3.45475
3.458625
3.458875
3.45975
3.465675
3.4704
3.470425
3.476625
3.48125
3.4936
3.501
3.518275
3.52345
3.5317
3.5425
3.54495
3.55185
3.57485
3.59485
3.6053
3.64155
3.647025
3.6719
3.7047
3.704825
3.70745
3.7105
3.7138
3.760975
3.76165
3.76185
3.7799
3.786275
3.7896
3.7941
3.797975
3.802575
3.806525
3.80945
3.82255
3.834575
3.8415
3.850625
3.8568
3.871775
3.900625
3.908425
3.90965
3.93975
3.9406
3.964675
3.96495
3.979325
4.002125
4.015075
4.019275
4.0199
4.029975
4.035525
4.053025
4.05345
4.055125
4.066375
4.072925
4.091575
4.094325
4.1083
4.1361
4.145275
4.146875
4.14855
4.154925
4.160875
4.161375
4.163475
4.17455
4.192675
4.203325
4.269425
4.30305
4.3039
4.308075
4.311775
4.332125
4.336225
4.337975
4.3408
4.35075
4.356625
4.3746
4.3801
4.4029
4.409575
4.422275
4.425175
4.426025
4.4338
4.47
4.51575
4.535575
4.548025
4.5774
4.61365
4.65415
4.656225
4.6602
4.66045
4.6651
4.67155
4.672
4.67725
4.6792
4.687
4.690875
4.69445
4.70685
4.7102
4.710725
4.711525
4.717075
4.719925
4.726475
4.735775
4.736025
4.785025
4.823
4.885475
4.885725
4.9023
4.910975
4.912
4.916425
4.922875
4.92445
4.9298
4.93455
4.9398
4.942375
4.948625
4.956225
4.98525
4.987975
4.99575
5.00245
5.051075
5.0822
5.085975
5.108275
5.120425
5.1259
5.1295
5.133925
5.153
5.2024
5.2059
5.210475
5.2171
5.238725
5.241325
5.251175
5.256275
5.261525
5.281175
5.287325
5.288825
5.295975
5.3113
5.312575
5.313825
5.336625
5.342225
5.372525
5.3731
5.382825
5.39955
5.40825
5.42465
5.433025
5.444925
5.450025
5.5032
5.503775
5.505125
5.514225
5.524275
5.524375
5.5247
5.534175
5.535325
5.535375
5.5386
5.542725
5.554525
5.5553
5.555675
5.5592
5.559975
5.562425
5.575775
5.5884
5.592875
5.6091
5.612275
5.642175
5.659725
5.66895
5.67765
5.69205
5.695725
5.69575
5.70085
5.728025
5.739625
5.745225
5.7597
5.7749
5.803475
5.805975
5.8193
5.8198
5.827775
5.82865
5.836025
5.848525
5.8515
5.864825
5.86685
5.867275
5.874975
5.897325
5.90995
5.9161
5.932125
5.9353
5.953375
5.958625
5.985
5.99045
6.0326
6.03555
6.0438
6.0445
6.055625
6.0587
6.1195
6.126175
6.126625
6.133525
6.13495
6.141675
6.145375
6.151775
6.162725
6.166325
6.188825
6.192675
6.19285
6.21185
6.21335
6.2177
6.24335
6.256125
6.266725
6.2669
6.2748
6.28415
6.309725
6.3171
6.318025
6.322825
6.32735
6.341225
6.344925
6.380375
6.39235
6.397775
6.4022
6.4067
6.41335
6.4278
6.434175
6.435075
6.439425
6.4617
6.475825
6.48075
6.48785
6.4919
6.4972
6.50645
6.59015
6.592525
6.633775
6.6397
6.6441
6.647775
6.704925
6.70685
6.709825
6.7117
6.720375
6.723125
6.7267
6.727375
6.729475
6.73075
6.75855
6.770375
6.78265
6.793325
6.79925
6.802825
6.808825
6.815675
6.8166
6.817125
6.828475
6.84275
6.889275
6.891025
6.92485
6.930375
6.9435
6.947275
6.969975
6.995975
6.9971
7.003625
7.0072
7.017025
7.0268
7.03345
7.03455
7.035975
7.036125
7.051875
7.054575
7.06675
7.068825
7.074875
7.07715
7.078
7.080675
7.080875
7.083375
7.0895
7.0955
7.10675
7.107025
7.111625
7.126325
7.17355
7.187025
7.203775
7.20465
7.2894
7.32225
7.335225
7.3364
7.339625
7.3463
7.349525
7.359875
7.3682
7.378325
7.38525
7.389625
7.3985
7.401275
7.4499
7.451375
7.45825
7.469925
7.4764
7.491725
7.546475
7.5717
7.5936
7.593975
7.60135
7.6017
7.608325
7.6098
7.613375
7.616325
7.6201
7.625625
7.631175
7.63455
7.6382
7.643
7.6467
7.65085
7.665375
7.6713
7.690075
7.69225
7.70785
7.7268
7.72935
7.72975
7.73275
7.732775
7.747325
7.7479
7.754025
7.755525
7.7589
7.7861
7.8174
7.8207
7.82635
7.832825
7.841075
7.84525
7.8706
7.91265
7.9141
7.915175
7.919925
7.92225
7.926475
7.942225
7.9487
7.968075
7.97355
7.9821
8.0159
8.0312
8.048225
8.048725
8.052675
8.0581
8.0796
8.09505
8.112475
8.1134
8.12605
8.175425
8.179375
8.1887
8.194375
8.202175
8.21895
8.22185
8.2256
8.2281
8.2399
8.24195
8.2448
8.248475
8.26025
8.280975
8.289125
8.292825
8.2944
8.301125
8.31165
8.313375
8.320375
8.33745
8.3395
8.367725
8.3871
8.404825
8.423375
8.4419
8.479575
8.4822
8.50335
8.51115
8.5119
8.517225
8.5182
8.522075
8.545225
8.549625
8.5583
8.564475
8.565
8.5688
8.5768
8.582175
8.585125
8.591825
8.606325
8.6128
8.6316
8.64635
8.649775
8.681875
8.693525
8.69755
8.7005
8.704475
8.707225
8.719375
8.742325
8.759625
8.76635
8.79895
8.799275
8.8091
8.814325
8.820675
8.823625
8.82515
8.82825
8.8303
8.841325
8.85115
8.8559
8.85715
8.861625
8.8675
8.868325
8.870175
8.8715
8.875825
8.88215
8.88255
8.895025
8.90405
8.916775
8.92805
8.942575
8.958775
8.9794
8.991825
9.0354
9.0599
9.08765
819
