0.0805
0.1024
0.10745
0.1098
0.132325
0.13455
0.139775
0.14015
0.144075
0.14515
0.16925
0.17065
0.171575
0.17885
0.18465
0.19605
0.207575
0.210625
0.232175
0.2402
0.268525
0.32225
0.3408
0.3442
0.379475
0.3869
0.404525
0.40735
0.414525
0.4151
0.42215
0.42275
0.423475
0.425725
0.431925
0.451625
0.457425
0.45875
0.46295
0.4802
0.5049
0.5273
0.53175
0.548975
0.5596
0.563375
0.584575
0.595925
0.5999
0.607075
0.6074
0.640775
0.67185
0.6744
0.67655
0.715
0.71875
0.7204
0.721575
0.7235
0.73645
0.7388
0.750925
0.759775
0.7599
0.768825
0.7691
0.77695
0.79875
0.80805
0.8209
0.8296
0.88165
0.90495
0.921575
0.9237
0.952825
0.9898
1.001275
1.0033
1.0054
1.00945
1.02775
1.030475
1.058975
1.061925
1.0646
1.072225
1.086675
1.104575
1.1294
1.134625
1.135575
1.14115
1.158025
1.165325
1.165575
1.168575
1.1742
1.1843
1.212925
1.238825
1.24525
1.26935
1.27415
1.30115
1.302875
1.3034
1.3179
1.319725
1.3219
1.323875
1.335275
1.33565
1.368825
1.375075
1.382675
1.4093
1.4385
1.45845
1.473325
1.509825
1.51625
1.5188
1.5975
1.5979
1.6052
1.621075
1.62495
1.6252
1.63265
1.639475
1.647075
1.649225
1.649975
1.658275
1.660975
1.6617
1.675725
1.688775
1.694025
1.694825
1.697025
1.708025
1.750675
1.763425
1.76505
1.770125
1.814775
1.824275
1.864225
1.87955
1.891925
1.912625
1.916225
1.92655
1.93325
1.93815
1.942
1.945425
1.950175
1.9543
1.955375
1.9648
1.9734
1.98015
1.985325
1.9862
2.012975
2.024625
2.03835
2.061975
2.069475
2.135325
2.16445
2.168175
2.202175
2.204825
2.2059
2.20965
2.22385
2.2337
2.2417
2.24785
2.264875
2.2669
2.2678
2.27
2.280025
2.284075
2.286675
2.2974
2.3168
2.322875
2.329525
2.364275
2.369375
2.372725
2.3765
2.39465
2.452975
2.455225
2.503125
2.510575
2.510725
2.51135
2.5131
2.51525
2.52415
2.52715
2.5698
2.572925
2.5834
2.596025
2.596425
2.598025
2.599725
2.604325
2.6197
2.627175
2.631275
2.6316
2.63815
2.647325
2.65235
2.69625
2.69985
2.7027
2.710675
2.717475
2.73055
2.760575
2.775025
2.8051
2.810825
2.8122
2.824325
2.826375
2.83445
2.843725
2.8444
2.854025
2.870625
2.875425
2.885825
2.888625
2.892325
2.89285
2.8961
2.9275
2.9424
2.954525
2.95815
3.0029
3.03535
3.039275
3.05905
3.08275
3.10265
3.1054
3.107025
3.1121
3.1124
3.11355
3.12055
3.122575
3.133175
3.13415
3.1347
3.13965
3.144475
3.147025
3.1492
3.15355
3.156825
3.1595
3.1727
3.182525
3.183625
3.197325
3.202325
3.20235
3.251075
3.251525
3.258125
3.271175
3.29945
3.31005
3.343925
3.36135
3.392725
3.408025
3.412825
3.414075
3.42315
3.4414
3.485325
3.5033
3.523675
3.530425
3.5325
3.5356
3.5363
3.54075
3.55315
3.55335
3.556575
3.5625
3.579025
3.581425
3.6002
3.616875
3.62295
3.645575
3.65095
3.675475
3.67595
3.6831
3.686175
3.701075
3.702975
3.712775
3.7133
3.716775
3.720425
3.727625
3.733475
3.743375
3.75525
3.75835
3.772375
3.7744
3.779125
3.785725
3.79315
3.79825
3.80225
3.8034
3.82815
3.851575
3.8671
3.893675
3.906875
3.9206
3.93045
3.978675
3.9864
4.016575
4.01705
4.023575
4.03725
4.05085
4.056825
4.057875
4.062425
4.068275
4.079425
4.084875
4.0922
4.09455
4.09555
4.103925
4.104575
4.11005
4.121275
4.12465
4.128525
4.12985
4.1338
4.13835
4.140325
4.1409
4.153125
4.1543
4.171175
4.171275
4.1777
4.181175
4.212875
4.222125
4.274375
4.275075
4.305575
4.30575
4.305925
4.307175
4.31105
4.3112
4.326975
4.331875
4.338925
4.33965
4.340875
4.342325
4.35525
4.356625
4.3568
4.366375
4.3723
4.37315
4.391875
4.392675
4.3982
4.40365
4.4044
4.405175
4.41025
4.432325
4.46155
4.464525
4.4891
4.514825
4.5322
4.537625
4.545125
4.553875
4.58175
4.6087
4.611
4.61725
4.6231
4.6232
4.630375
4.63355
4.637875
4.641875
4.64265
4.6481
4.653425
4.655225
4.6786
4.6878
4.704475
4.7046
4.708775
4.7147
4.717925
4.719675
4.727575
4.745675
4.76375
4.76585
4.771675
4.799725
4.80855
4.834975
4.84215
4.86855
4.912125
4.917925
4.925875
4.933425
4.93865
4.94015
4.952025
4.953975
4.967225
4.9788
4.9958
5.009
5.0116
5.014975
5.05795
5.0635
5.078375
5.12075
5.134775
5.200675
5.207275
5.223875
5.2505
5.2563
5.27015
5.2735
5.282825
5.308425
5.3111
5.32265
5.3541
5.3608
5.383925
5.406725
5.40845
5.47955
5.4816
5.502125
5.5035
5.50705
5.525075
5.530175
5.53745
5.539375
5.54005
5.5442
5.545325
5.55345
5.577725
5.582725
5.588225
5.5911
5.591775
5.61145
5.6243
5.630725
5.6379
5.663525
5.66645
5.66655
5.672575
5.701175
5.717975
5.7463
5.7603
5.774675
5.78895
5.8
5.80005
5.806875
5.807075
5.8306
5.83615
5.8459
5.850875
5.85615
5.857175
5.869975
5.871575
5.8743
5.876025
5.876675
5.8852
5.885425
5.923
5.934
5.94315
5.969275
5.985025
6.008875
6.01645
6.018225
6.03815
6.04
6.049925
6.1006
6.1065
6.10715
6.11715
6.1181
6.139375
6.1401
6.151475
6.16875
6.16955
6.187075
6.193325
6.199925
6.21815
6.22645
6.240275
6.244175
6.276375
6.289925
6.29085
6.301525
6.30265
6.387525
6.40545
6.41605
6.4282
6.4389
6.457325
6.478225
6.500475
6.50275
6.5756
6.580375
6.618
6.68615
6.70785
6.71235
6.71755
6.718025
6.72925
6.729675
6.7305
6.736325
6.737
6.751025
6.78605
6.802075
6.802675
6.8102
6.827825
6.82975
6.837275
6.841775
6.849275
6.851275
6.86415
6.8818
6.893525
6.9392
6.951225
6.985275
6.990125
7.00705
7.007525
7.02255
7.04225
7.046
7.050775
7.052575
7.061625
7.09075
7.093325
7.09365
7.105425
7.116625
7.1189
7.143375
7.148125
7.1805
7.188575
7.19905
7.2035
7.20955
7.2209
7.22475
7.230175
7.240625
7.247675
7.26955
7.31165
7.31375
7.31525
7.3158
7.317775
7.3205
7.3353
7.3393
7.342
7.346475
7.34955
7.356525
7.37235
7.374175
7.37725
7.426675
7.4285
7.442675
7.4718
7.559675
7.574775
7.60635
7.6128
7.613075
7.61365
7.614125
7.61895
7.6198
7.6223
7.642575
7.672375
7.686675
7.69555
7.695975
7.709325
7.72155
7.727525
7.73165
7.732775
7.736175
7.743675
7.74975
7.753525
7.8434
7.856125
7.863325
7.876325
7.904575
7.90705
7.91095
7.9126
7.916575
7.91815
7.91985
7.9609
7.969625
7.970425
7.97585
7.977575
7.984175
8.0025
8.01885
8.0246
8.03245
8.043625
8.05555
8.055575
8.062825
8.077475
8.1069
8.110575
8.1431
8.15515
8.160075
8.201875
8.2028
8.205425
8.2062
8.215675
8.222075
8.23
8.2302
8.23585
8.236175
8.248125
8.254425
8.2821
8.284775
8.31785
8.3265
8.346725
8.35125
8.362175
8.379825
8.3822
8.383075
8.426175
8.4362
8.44705
8.48285
8.494625
8.501675
8.5051
8.5127
8.51805
8.53325
8.56935
8.587
8.5877
8.591575
8.60955
8.614875
8.61645
8.6202
8.620975
8.625575
8.628725
8.6411
8.6422
8.6707
8.671575
8.672175
8.67675
8.68285
8.6955
8.703225
8.7085
8.765
8.8174
8.8212
8.825575
8.82615
8.8314
8.8368
8.85235
8.8539
8.8542
8.855225
8.8598
8.866925
8.878075
8.879
8.88335
8.893475
8.93305
8.968575
8.97565
9.0517
9.070875
781
