0.103025
0.10465
0.1132
0.1176
0.119125
0.12245
0.1493
0.1605
0.169
0.169075
0.1847
0.19835
0.2121
0.21725
0.21955
0.2323
0.2499
0.25955
0.26265
0.28805
0.29815
0.30585
0.340275
0.34515
0.3606
0.372825
0.402925
0.40565
0.406175
0.423375
0.4235
0.428475
0.433575
0.4345
0.452075
0.45945
0.4693
0.4849
0.5005
0.50875
0.51615
0.517625
0.527
0.543725
0.5735
0.57595
0.5919
0.61575
0.640975
0.641
0.644675
0.6645
0.66535
0.6693
0.70555
0.7239
0.725425
0.7475
0.7483
0.752525
0.754675
0.76235
0.765175
0.769475
0.772175
0.828025
0.838075
0.840175
0.841825
0.85145
0.87125
0.90645
0.918475
0.93695
0.98055
0.983225
0.995125
1.00945
1.013275
1.0155
1.027925
1.030275
1.0362
1.040725
1.046
1.060225
1.061925
1.0651
1.083375
1.0857
1.085775
1.090175
1.108375
1.11545
1.1575
1.15805
1.160225
1.162175
1.1654
1.18375
1.18915
1.190075
1.2102
1.2105
1.2158
1.21765
1.239375
1.251675
1.29565
1.30525
1.317125
1.3204
1.322825
1.333375
1.340825
1.343575
1.344
1.34705
1.352975
1.363525
1.371075
1.372075
1.3755
1.3756
1.376425
1.397075
1.41355
1.413725
1.416625
1.420025
1.431075
1.43175
1.44835
1.476675
1.519475
1.53675
1.541425
1.556525
1.56515
1.565575
1.604075
1.604425
1.608725
1.6105
1.61095
1.611075
1.611425
1.61565
1.616325
1.6181
1.6208
1.635325
1.64095
1.6448
1.645
1.648125
1.64895
1.651625
1.65915
1.661425
1.6666
1.6684
1.675075
1.684775
1.68785
1.69795
1.708975
1.71015
1.720725
1.723425
1.728425
1.73185
1.7502
1.7754
1.776225
1.795775
1.898975
1.90165
1.91935
1.920675
1.936
1.93735
1.94475
1.9679
1.988425
2.003425
2.008025
2.00885
2.0109
2.017925
2.023525
2.025175
2.030825
2.034875
2.0509
2.0538
2.059525
2.094175
2.096925
2.109125
2.1148
2.136325
2.177525
2.19465
2.20045
2.20215
2.204125
2.211925
2.212475
2.219075
2.22
2.228575
2.2327
2.233025
2.237625
2.247275
2.254925
2.256
2.262575
2.272375
2.30395
2.312975
2.32735
2.35375
2.355375
2.3614
2.373425
2.405025
2.493725
2.50905
2.5214
2.521525
2.5444
2.55775
2.56225
2.57095
2.57985
2.5906
2.594275
2.606225
2.6103
2.613075
2.636375
2.642425
2.649725
2.65795
2.685025
2.732225
2.783025
2.80515
2.80565
2.8199
2.82195
2.82725
2.83865
2.856675
2.868825
2.871575
2.87655
2.884375
2.890375
2.890425
2.900325
2.9045
2.907725
2.9458
2.9664
2.973275
2.9777
2.984
3.00005
3.0176
3.0247
3.028375
3.03145
3.045975
3.099975
3.103
3.105175
3.10535
3.111175
3.1178
3.1185
3.124825
3.137925
3.15045
3.15755
3.1642
3.174425
3.188625
3.189575
3.2192
3.24845
3.262725
3.2678
3.271525
3.2808
3.287225
3.3149
3.322525
3.3314
3.335425
3.33545
3.33775
3.35425
3.36555
3.4024
3.40805
3.417925
3.420625
3.4208
3.4436
3.450025
3.451975
3.458425
3.479125
3.483725
3.4887
3.496525
3.508225
3.514
3.51525
3.526775
3.53785
3.538025
3.542425
3.5516
3.56315
3.56895
3.58965
3.599175
3.602575
3.603525
3.612025
3.612475
3.6157
3.618525
3.6755
3.69935
3.70205
3.702175
3.703075
3.704175
3.704325
3.704675
3.70545
3.7096
3.710075
3.715675
3.724
3.730675
3.7309
3.761675
3.763425
3.76665
3.769625
3.7774
3.7789
3.80525
3.81045
3.84295
3.85535
3.858175
3.860475
3.89985
3.9076
3.9268
3.99285
4.007575
4.007725
4.00915
4.01725
4.020625
4.025775
4.03665
4.03725
4.04325
4.0452
4.07825
4.0811
4.12135
4.1317
4.13705
4.138575
4.139275
4.1487
4.176625
4.181525
4.1874
4.201975
4.268075
4.302675
4.304175
4.315025
4.32585
4.327675
4.330125
4.331625
4.335425
4.335575
4.347625
4.355825
4.3611
4.36265
4.370225
4.37775
4.397825
4.402925
4.416025
4.422175
4.431675
4.452575
4.4557
4.4572
4.469575
4.487925
4.49475
4.504625
4.552925
4.599975
4.60105
4.604025
4.611875
4.61275
4.618225
4.619175
4.6204
4.6287
4.6293
4.648025
4.652075
4.6541
4.660225
4.6622
4.71325
4.725375
4.72745
4.765025
4.77685
4.785025
4.9104
4.91455
4.914725
4.9158
4.916175
4.9195
4.92615
4.928525
4.9429
4.954675
4.962825
4.970725
4.976725
4.98175
4.984525
4.99215
5.00225
5.009175
5.041225
5.041425
5.0567
5.0696
5.080275
5.08505
5.08775
5.0894
5.0967
5.119525
5.13165
5.148475
5.178375
5.206625
5.2359
5.236225
5.241775
5.24335
5.245375
5.24545
5.252
5.25695
5.263825
5.267875
5.290525
5.291
5.292975
5.296975
5.2994
5.30415
5.305375
5.3108
5.35835
5.387625
5.405475
5.406
5.40905
5.429025
5.440275
5.5092
5.5123
5.514725
5.526725
5.53085
5.539625
5.551
5.551175
5.55335
5.579325
5.598475
5.60135
5.611125
5.613175
5.616175
5.624825
5.64155
5.666125
5.690425
5.723725
5.725575
5.768575
5.773275
5.7769
5.795875
5.808775
5.81425
5.816775
5.8169
5.82425
5.8244
5.8284
5.829425
5.8297
5.82995
5.840525
5.853575
5.85415
5.860175
5.8605
5.861875
5.868525
5.88795
5.93125
5.93455
5.938825
5.965225
5.986275
6.00655
6.01045
6.012825
6.0154
6.018625
6.0208
6.035075
6.048975
6.0496
6.07525
6.1124
6.1186
6.122225
6.1314
6.1324
6.1362
6.136875
6.1392
6.146075
6.1553
6.156
6.1686
6.1693
6.1704
6.174825
6.17615
6.188425
6.233825
6.236325
6.244225
6.245475
6.2483
6.25795
6.262075
6.310275
6.3229
6.324025
6.328525
6.372475
6.376175
6.3775
6.37855
6.3939
6.398575
6.40595
6.406275
6.409025
6.423225
6.4295
6.440575
6.442975
6.44735
6.4482
6.45105
6.4521
6.45665
6.477725
6.47995
6.485475
6.4909
6.4998
6.507075
6.50855
6.527375
6.557475
6.5613
6.563675
6.582575
6.629375
6.637275
6.6668
6.6671
6.689
6.70025
6.713125
6.716925
6.71915
6.727525
6.746475
6.7531
6.7564
6.757075
6.7636
6.786525
6.79415
6.800325
6.8333
6.838525
6.87445
6.88095
6.88205
6.882925
6.892225
6.900425
6.95135
6.95685
6.96165
6.9834
6.986225
6.9908
7.011375
7.012175
7.017725
7.01965
7.020225
7.026025
7.0513
7.066675
7.089325
7.090475
7.099875
7.101025
7.10295
7.105625
7.13845
7.145675
7.1603
7.18075
7.188525
7.1892
7.191825
7.207375
7.276075
7.29825
7.32325
7.3262
7.333325
7.340775
7.3559
7.37005
7.37195
7.3746
7.403875
7.40955
7.409625
7.4109
7.42775
7.4539
7.494125
7.520225
7.54445
7.55765
7.58765
7.59075
7.59655
7.5992
7.6025
7.605775
7.6104
7.61115
7.61125
7.623425
7.631625
7.640825
7.644175
7.647025
7.64785
7.650375
7.6509
7.656575
7.658175
7.667225
7.6691
7.67205
7.6771
7.68065
7.688125
7.696425
7.715125
7.7208
7.74225
7.753225
7.767875
7.780325
7.786075
7.8132
7.815225
7.818575
7.837325
7.86065
7.883525
7.901025
7.90315
7.9064
7.9143
7.920125
7.921125
7.92905
7.93225
7.93875
7.9442
7.9462
7.9517
7.955525
7.96105
7.96265
7.965925
7.96845
7.968975
7.97415
7.9944
8.001925
8.006275
8.0275
8.033575
8.043825
8.04835
8.086075
8.1004
8.104525
8.1102
8.127025
8.1344
8.1362
8.14345
8.17145
8.190175
8.203175
8.20765
8.213625
8.21545
8.22345
8.22925
8.229725
8.237575
8.237925
8.243425
8.24435
8.24585
8.246825
8.2515
8.263025
8.279325
8.292925
8.294875
8.294925
8.323625
8.3277
8.33625
8.3763
8.4154
8.418125
8.451475
8.465875
8.4838
8.501125
8.507325
8.507825
8.50825
8.508425
8.51345
8.514875
8.530875
8.53115
8.53365
8.537775
8.5526
8.554075
8.570275
8.575575
8.5835
8.610525
8.6116
8.62695
8.636425
8.6365
8.637675
8.637975
8.6541
8.655125
8.667375
8.678325
8.7372
8.74325
8.7591
8.771625
8.783
8.79375
8.81995
8.82205
8.823775
8.8357
8.8537
8.866175
8.86795
8.876725
8.88325
8.8849
8.887075
8.908675
8.946125
8.962525
8.968575
9.00405
9.010375
9.016925
9.0282
9.038875
9.0748
844
