0.1033
0.110575
0.124125
0.148625
0.156125
0.156875
0.166725
0.17545
0.1906
0.192475
0.200525
0.202025
0.206375
0.208575
0.214125
0.2379
0.240875
0.246175
0.252625
0.25805
0.2852
0.285575
0.2865
0.289025
0.3194
0.359025
0.402125
0.412825
0.4134
0.41675
0.41905
0.42235
0.4225
0.423975
0.424175
0.430825
0.435975
0.439725
0.440825
0.444575
0.4453
0.4601
0.462775
0.465375
0.476175
0.477675
0.4927
0.5154
0.5372
0.53775
0.544475
0.5834
0.58755
0.619325
0.64235
0.644025
0.645675
0.654925
0.682675
0.698675
0.700325
0.70725
0.72095
0.726025
0.73155
0.7402
0.751325
0.75515
0.76345
0.78225
0.785275
0.792975
0.7965
0.79745
0.810875
0.817775
0.821325
0.823125
0.829975
0.83675
0.837525
0.8429
0.851225
0.85975
0.86425
0.8778
0.884175
0.893425
0.930375
0.93345
0.93395
0.953075
0.962225
0.98075
1.00015
1.004625
1.0049
1.00665
1.0137
1.017125
1.02635
1.0326
1.037575
1.040275
1.0471
1.0529
1.053775
1.057125
1.06945
1.081125
1.095525
1.096075
1.0982
1.12705
1.128475
1.1285
1.135775
1.13985
1.1464
1.1538
1.15555
1.173525
1.20515
1.216225
1.221525
1.228425
1.241725
1.256025
1.303175
1.3195
1.3208
1.3286
1.329775
1.340675
1.3507
1.373875
1.37665
1.399125
1.40665
1.4153
1.418375
1.4253
1.427525
1.438775
1.525625
1.539325
1.586025
1.591925
1.6148
1.6203
1.62375
1.625925
1.630475
1.631425
1.63315
1.644625
1.646
1.6597
1.662975
1.66745
1.66925
1.681925
1.68855
1.69125
1.72805
1.729775
1.7376
1.74095
1.778025
1.77835
1.796075
1.79795
1.8185
1.831375
1.86055
1.8642
1.866475
1.9062
1.909725
1.9124
1.95385
1.96105
1.96515
1.968925
1.977025
1.978975
1.981375
1.986225
1.994975
2.006125
2.0175
2.023
2.0439
2.047325
2.0766
2.106475
2.10895
2.124925
2.14225
2.171925
2.175825
2.17785
2.187975
2.2041
2.21885
2.224925
2.23095
2.26
2.265675
2.277975
2.285775
2.295675
2.297275
2.311575
2.318275
2.3286
2.32875
2.3637
2.382475
2.402775
2.414
2.448125
2.465175
2.470275
2.471125
2.5024
2.50905
2.5226
2.532025
2.53365
2.537125
2.5384
2.568075
2.56895
2.586275
2.588225
2.59345
2.593625
2.596325
2.598775
2.608925
2.615225
2.622575
2.631875
2.6379
2.6481
2.65835
2.663125
2.66375
2.677975
2.693275
2.711425
2.715575
2.7201
2.727575
2.732525
2.737725
2.7631
2.768625
2.78265
2.8012
2.8112
2.81725
2.822125
2.827125
2.845675
2.850975
2.8687
2.87705
2.885325
2.8906
2.899475
2.930375
2.932975
2.94015
2.967
2.972675
2.989025
2.99055
2.9969
3.0022
3.0122
3.0233
3.025125
3.025825
3.030775
3.04085
3.0533
3.076275
3.076725
3.07915
3.110275
3.114875
3.120775
3.1231
3.125225
3.13315
3.14465
3.152675
3.155475
3.16365
3.168075
3.179575
3.191725
3.19375
3.1943
3.2037
3.2117
3.220375
3.22605
3.25965
3.26975
3.295675
3.30295
3.3211
3.327575
3.329425
3.400475
3.4018
3.402475
3.422925
3.4296
3.452425
3.455075
3.4593
3.4597
3.461725
3.462425
3.4629
3.480275
3.481
3.481175
3.4819
3.484775
3.4854
3.488
3.496975
3.509175
3.5188
3.5459
3.552425
3.558475
3.563925
3.572925
3.574225
3.57565
3.6166
3.652775
3.65875
3.703625
3.709875
3.7201
3.72275
3.730225
3.7372
3.7416
3.741675
3.766825
3.771075
3.778725
3.781725
3.806575
3.80955
3.8194
3.8628
3.8629
3.86495
3.880425
3.8914
3.89525
3.89935
3.902425
3.9328
3.938975
3.982875
4.010875
4.0124
4.01335
4.018575
4.031975
4.0327
4.034875
4.0393
4.040525
4.049825
4.05565
4.063275
4.0662
4.067675
4.06855
4.072175
4.08055
4.080925
4.08255
4.096575
4.09695
4.100525
4.12485
4.13245
4.173375
4.207775
4.227825
4.310875
4.316325
4.3395
4.35105
4.35745
4.35855
4.36615
4.408975
4.4094
4.429875
4.43635
4.444275
4.46255
4.470775
4.477925
4.56195
4.564625
4.6023
4.6059
4.610075
4.612425
4.61465
4.618225
4.618925
4.620825
4.620925
4.635025
4.637925
4.655075
4.661325
4.663575
4.671075
4.685725
4.69415
4.695175
4.70755
4.7367
4.743975
4.7457
4.7458
4.754625
4.76125
4.76705
4.8005
4.8346
4.84505
4.8622
4.86825
4.877675
4.903525
4.915475
4.91685
4.9272
4.92995
4.931
4.939225
4.94225
4.95715
4.9735
4.97975
4.982475
4.9851
4.98915
5.008825
5.010225
5.013925
5.025875
5.040875
5.04175
5.065975
5.114125
5.1274
5.167275
5.200625
5.20655
5.208975
5.209475
5.2301
5.2357
5.2622
5.26565
5.2681
5.274225
5.326375
5.3506
5.3547
5.364825
5.4619
5.4707
5.489025
5.501825
5.50595
5.50725
5.51945
5.52915
5.540925
5.547725
5.5521
5.552525
5.553525
5.5587
5.569625
5.57785
5.608175
5.619725
5.620425
5.634375
5.6429
5.684425
5.7087
5.71735
5.730375
5.77165
5.81075
5.812625
5.817525
5.8181
5.8273
5.8287
5.84305
5.84645
5.85375
5.8617
5.8626
5.9361
5.93855
5.963
5.986075
5.9861
6.008425
6.01585
6.019275
6.0269
6.0651
6.06765
6.073175
6.0838
6.0983
6.105175
6.107425
6.12125
6.126675
6.128475
6.1289
6.134375
6.1486
6.15945
6.16265
6.2468
6.276175
6.288425
6.3183
6.401
6.403525
6.4048
6.412425
6.42015
6.429975
6.44345
6.44485
6.461925
6.465625
6.466925
6.482075
6.4893
6.4908
6.511125
6.5155
6.5222
6.53015
6.532075
6.559975
6.560175
6.560425
6.560925
6.577
6.599075
6.630725
6.637925
6.653425
6.70795
6.719675
6.728025
6.73085
6.7439
6.744475
6.76855
6.77455
6.7922
6.79335
6.7991
6.815125
6.8198
6.849825
6.86645
6.907575
6.913125
6.92805
6.94155
6.9714
6.975825
6.976825
7.00555
7.025975
7.0318
7.035225
7.0426
7.043
7.043875
7.048925
7.050125
7.06
7.073675
7.0821
7.10465
7.11425
7.13005
7.148525
7.15575
7.16015
7.187125
7.192075
7.196125
7.232525
7.233
7.242
7.30625
7.30645
7.314825
7.319375
7.337175
7.35775
7.361225
7.37215
7.3773
7.3832
7.406675
7.4192
7.4366
7.452
7.45575
7.459775
7.485725
7.490325
7.5078
7.512675
7.5495
7.58345
7.584925
7.599975
7.614575
7.61525
7.6163
7.618025
7.6194
7.628975
7.637925
7.63925
7.6457
7.6504
7.65145
7.6561
7.659975
7.676325
7.67815
7.6862
7.69925
7.72645
7.731975
7.7592
7.7744
7.7776
7.785125
7.799425
7.81205
7.82645
7.845125
7.84815
7.862925
7.90415
7.905725
7.917925
7.9208
7.924375
7.933425
7.939925
7.94445
7.947925
7.964975
7.973075
7.983525
7.988675
8.001025
8.0041
8.016375
8.033575
8.05335
8.075225
8.080825
8.08645
8.11675
8.1667
8.17185
8.203525
8.20395
8.213
8.2136
8.2174
8.2198
8.22805
8.228725
8.233825
8.240325
8.244575
8.252225
8.27505
8.2989
8.309225
8.3223
8.36315
8.370975
8.3903
8.40275
8.4149
8.4363
8.437825
8.460175
8.471075
8.492025
8.51675
8.551225
8.55325
8.554575
8.564925
8.593775
8.59705
8.60805
8.60835
8.6846
8.70185
8.705725
8.709725
8.73255
8.778175
8.794475
8.805875
8.809975
8.812975
8.8145
8.823975
8.8253
8.82815
8.847775
8.8537
8.880025
8.88525
8.887875
8.894225
8.905575
8.93075
8.9875
9.014725
9.023575
9.0273
9.033675
9.04785
9.0549
9.08105
9.098525
771
