0.015075
0.082625
0.14595
0.150975
0.153225
0.157425
0.16065
0.189825
0.19365
0.1951
0.198925
0.20755
0.2089
0.2139
0.218325
0.2229
0.22795
0.24225
0.24415
0.247975
0.251025
0.25595
0.263675
0.263925
0.26895
0.270825
0.28235
0.334025
0.3371
0.344125
0.366925
0.40565
0.412025
0.4247
0.441675
0.4489
0.4511
0.46715
0.467425
0.4678
0.47475
0.4807
0.48885
0.49045
0.51165
0.5161
0.5267
0.534575
0.5415
0.54155
0.5522
0.5563
0.582425
0.599525
0.650325
0.6982
0.709975
0.7129
0.716075
0.732475
0.7388
0.741775
0.7429
0.74505
0.74685
0.750175
0.753225
0.75575
0.761625
0.764775
0.773925
0.7742
0.775325
0.78605
0.787175
0.7975
0.799725
0.80295
0.81605
0.8226
0.853675
0.85825
0.876775
0.877675
0.889925
0.89035
0.910775
0.91425
0.93005
0.937725
0.942925
0.944525
1.00205
1.0021
1.0112
1.0247
1.0312
1.05105
1.084525
1.087475
1.088075
1.091375
1.0917
1.115275
1.133125
1.149425
1.168525
1.172775
1.1934
1.200625
1.282375
1.2868
1.306975
1.311875
1.31205
1.317075
1.323825
1.341625
1.345875
1.346025
1.346325
1.349525
1.355025
1.366875
1.371825
1.3764
1.389425
1.393925
1.4224
1.427225
1.465375
1.472575
1.4864
1.49945
1.513225
1.545225
1.5689
1.5945
1.60265
1.604675
1.6051
1.609725
1.615725
1.617525
1.626825
1.643225
1.64675
1.659025
1.661125
1.669925
1.677125
1.67935
1.68765
1.691575
1.72075
1.755325
1.758425
1.77775
1.786775
1.7882
1.79965
1.819875
1.84035
1.87195
1.878975
1.914
1.91415
1.9308
1.931525
1.9321
1.9608
1.962325
1.9686
1.99855
2.0125
2.0256
2.0279
2.039125
2.04965
2.0659
2.06955
2.073725
2.15465
2.168675
2.18025
2.207025
2.21495
2.21975
2.2219
2.222725
2.231625
2.236675
2.25265
2.255825
2.2583
2.261025
2.263325
2.264075
2.264875
2.2707
2.273625
2.2774
2.281025
2.281675
2.2856
2.300625
2.313925
2.32935
2.3325
2.336275
2.34455
2.3699
2.380025
2.408475
2.40965
2.440525
2.448475
2.449325
2.4782
2.48635
2.496925
2.5038
2.50685
2.5109
2.511625
2.51175
2.511875
2.522325
2.52645
2.52695
2.572525
2.5737
2.58755
2.591925
2.595275
2.596525
2.59815
2.65365
2.6599
2.66815
2.676375
2.681225
2.686525
2.693675
2.70295
2.7116
2.728975
2.768225
2.80705
2.808475
2.811475
2.8129
2.819275
2.825025
2.83195
2.833975
2.836025
2.86685
2.877925
2.887925
2.922325
2.940225
2.957075
2.96205
2.9717
2.983725
3.0186
3.027975
3.03335
3.084275
3.0989
3.100875
3.113425
3.11805
3.128575
3.134425
3.141575
3.1624
3.163325
3.16355
3.1705
3.174425
3.174475
3.184775
3.19225
3.196975
3.206175
3.20795
3.22385
3.24765
3.2629
3.282275
3.296225
3.30175
3.306425
3.355725
3.367475
3.403275
3.40615
3.413675
3.449675
3.454875
3.4589
3.4599
3.464475
3.46495
3.46955
3.4704
3.47495
3.483475
3.48575
3.51475
3.51555
3.579325
3.5863
3.599425
3.602625
3.60865
3.61435
3.630025
3.640925
3.6512
3.6791
3.702875
3.711225
3.713525
3.7158
3.718875
3.7206
3.73025
3.7311
3.746175
3.78085
3.786675
3.79475
3.803475
3.8166
3.821425
3.844575
3.8694
3.872375
3.877625
4.0069
4.006975
4.0083
4.013075
4.013475
4.01585
4.016075
4.020225
4.023075
4.024275
4.026175
4.032775
4.0343
4.0417
4.04175
4.045425
4.05495
4.055325
4.057875
4.057975
4.08245
4.0871
4.09605
4.102
4.1076
4.110775
4.113875
4.118275
4.130575
4.1322
4.136475
4.141825
4.154525
4.1793
4.187225
4.194925
4.2018
4.202675
4.20955
4.2103
4.2139
4.22065
4.23375
4.28195
4.29285
4.307125
4.31315
4.335925
4.34725
4.3513
4.35405
4.36145
4.382625
4.402275
4.4041
4.40705
4.411175
4.411775
4.42645
4.437125
4.443675
4.456625
4.4581
4.47515
4.484775
4.496625
4.503925
4.5131
4.53505
4.5405
4.5569
4.562525
4.5819
4.617325
4.632025
4.634
4.6345
4.64185
4.645325
4.670725
4.677725
4.678075
4.690675
4.693775
4.710025
4.728125
4.745325
4.764975
4.77035
4.7883
4.8065
4.806775
4.817225
4.82395
4.82755
4.83745
4.909675
4.910575
4.915275
4.920975
4.923775
4.9254
4.935625
4.9468
4.9475
4.9555
4.957975
4.969175
4.976625
4.986575
5.006725
5.036575
5.03885
5.04855
5.085475
5.0869
5.1325
5.151525
5.186875
5.20535
5.2097
5.23165
5.239275
5.241375
5.254875
5.259625
5.262475
5.267775
5.28625
5.28965
5.297575
5.314525
5.331025
5.33835
5.351075
5.363325
5.3837
5.384825
5.40355
5.4203
5.42405
5.472775
5.4735
5.4739
5.475225
5.502475
5.505
5.5102
5.534775
5.539875
5.540525
5.548675
5.568625
5.568925
5.569625
5.583275
5.58535
5.589725
5.596625
5.6112
5.61455
5.639925
5.6495
5.66115
5.6746
5.68185
5.720875
5.77585
5.80555
5.81215
5.8157
5.826375
5.836375
5.84175
5.843975
5.851675
5.856825
5.860575
5.8658
5.869225
5.871825
5.8821
5.886475
5.896875
5.904
5.904075
5.918575
5.923325
5.927675
5.959775
5.96025
5.992525
6.0007
6.040525
6.094425
6.1059
6.113975
6.1277
6.1383
6.14245
6.15045
6.158325
6.158375
6.158875
6.176425
6.18185
6.18435
6.1863
6.193225
6.2033
6.21715
6.2235
6.24465
6.259025
6.265125
6.2733
6.27935
6.298325
6.3135
6.3189
6.34945
6.36355
6.374575
6.378775
6.382975
6.400425
6.404625
6.411275
6.417275
6.4347
6.435475
6.45025
6.471975
6.47585
6.484975
6.5092
6.51465
6.518675
6.519525
6.521375
6.5275
6.527825
6.54165
6.553575
6.559025
6.560425
6.56405
6.571
6.573875
6.585275
6.589375
6.593025
6.596725
6.61725
6.62835
6.636575
6.6436
6.6453
6.6601
6.701625
6.70305
6.706125
6.7085
6.710125
6.71015
6.72
6.721375
6.72205
6.7267
6.727925
6.728175
6.74335
6.74745
6.747775
6.760725
6.7684
6.8142
6.81495
6.82415
6.8289
6.84915
6.8651
6.8736
6.892025
6.921425
6.9287
6.9328
6.992675
7.012025
7.0223
7.027325
7.0289
7.062025
7.06685
7.08375
7.088475
7.098075
7.1058
7.148
7.175775
7.186
7.18955
7.196075
7.196125
7.21785
7.23475
7.237525
7.29475
7.2948
7.305775
7.3101
7.310975
7.316075
7.32045
7.32405
7.3301
7.3385
7.345375
7.34755
7.3495
7.3504
7.3512
7.352575
7.3565
7.35995
7.362
7.367725
7.37
7.386825
7.387525
7.3878
7.399225
7.406425
7.4069
7.4276
7.437975
7.439525
7.4585
7.4696
7.53665
7.563775
7.577725
7.604825
7.605425
7.61845
7.632
7.64605
7.64675
7.647675
7.650075
7.6574
7.67065
7.672625
7.70125
7.722975
7.726725
7.72955
7.739525
7.756625
7.76625
7.82235
7.82785
7.87145
7.900125
7.908725
7.913725
7.918775
7.921575
7.9326
7.933425
7.945125
7.948375
7.960625
7.985275
8.00585
8.0101
8.0159
8.018475
8.02575
8.0268
8.0445
8.057075
8.095475
8.101025
8.117225
8.12725
8.144725
8.18465
8.2022
8.2059
8.208925
8.235025
8.241
8.24665
8.271975
8.274075
8.294225
8.30335
8.310575
8.3336
8.364925
8.369675
8.384075
8.474275
8.5007
8.50295
8.5076
8.508975
8.51775
8.519925
8.52605
8.527625
8.528475
8.5348
8.55175
8.5534
8.554925
8.56145
8.5717
8.581425
8.582625
8.592825
8.59805
8.60645
8.6189
8.62005
8.6529
8.65565
8.6633
8.67645
8.70305
8.7177
8.72275
8.759075
8.77135
8.808225
8.811525
8.814375
8.819
8.824675
8.8361
8.844125
8.844675
8.85115
8.8906
8.902925
8.92235
8.929725
8.933075
8.9461
8.949875
8.9542
8.95985
8.975225
9.022325
9.03725
9.044925
9.063725
9.083575
9.08445
802
