0.1021
0.102175
0.1028
0.1106
0.11125
0.113975
0.124375
0.125375
0.128425
0.139075
0.156675
0.1672
0.170325
0.1746
0.1766
0.1891
0.19275
0.216775
0.21795
0.2198
0.2251
0.24035
0.256575
0.2815
0.281875
0.287975
0.294
0.296425
0.300675
0.30385
0.32195
0.33635
0.354375
0.4048
0.412625
0.424125
0.4277
0.4291
0.432025
0.432975
0.436075
0.4486
0.478125
0.485025
0.499325
0.515475
0.52595
0.560675
0.578275
0.600875
0.618525
0.629025
0.67765
0.689025
0.708625
0.72925
0.7319
0.73325
0.7557
0.757325
0.7624
0.766375
0.766825
0.789075
0.789775
0.802175
0.80625
0.806275
0.807975
0.808175
0.813225
0.81895
0.821125
0.835725
0.83995
0.846275
0.848075
0.851725
0.8537
0.8809
0.883325
0.9296
0.9453
0.953875
0.95465
0.98475
0.993725
1.00225
1.003725
1.009
1.013125
1.0204
1.028225
1.06025
1.070025
1.0895
1.093975
1.104775
1.10965
1.110875
1.12305
1.127575
1.152675
1.156875
1.178025
1.186175
1.198725
1.199525
1.20105
1.2033
1.21315
1.245925
1.280675
1.28615
1.29125
1.297875
1.308075
1.31025
1.312275
1.32445
1.3296
1.34095
1.3464
1.354225
1.395975
1.4003
1.401475
1.402075
1.422125
1.423175
1.434875
1.4519
1.465525
1.475175
1.48935
1.50405
1.5076
1.5185
1.534075
1.54425
1.573525
1.59355
1.68425
1.687325
1.6987
1.7082
1.709975
1.7195
1.72695
1.729075
1.73115
1.74
1.740925
1.77445
1.821225
1.8559
1.8665
1.904025
1.9057
1.90695
1.92475
1.92505
1.9285
1.92915
1.934675
1.944525
1.9521
1.9726
1.980825
1.987675
1.98955
2.002375
2.012625
2.03025
2.031075
2.039975
2.06945
2.0752
2.09955
2.122375
2.127
2.133425
2.13655
2.149325
2.16
2.161375
2.164325
2.166975
2.208
2.215075
2.22665
2.244525
2.244925
2.248175
2.250075
2.253625
2.25765
2.27935
2.28795
2.290375
2.2948
2.313725
2.320725
2.3311
2.345825
2.358125
2.47655
2.480625
2.502375
2.515325
2.5189
2.5198
2.52305
2.52745
2.5471
2.547425
2.569825
2.571875
2.5807
2.60325
2.630125
2.636325
2.64205
2.667325
2.680225
2.69945
2.7192
2.7269
2.7471
2.763275
2.8114
2.81495
2.831425
2.852825
2.855075
2.867075
2.8749
2.876225
2.9051
2.936975
2.940425
2.94825
2.968775
2.984075
2.99895
3.02935
3.0457
3.066875
3.07865
3.078725
3.081325
3.10035
3.1241
3.129125
3.132925
3.141325
3.142325
3.149025
3.17505
3.1794
3.184975
3.1857
3.191175
3.204725
3.2065
3.212975
3.21315
3.21395
3.219675
3.255725
3.257375
3.274225
3.2927
3.30485
3.322075
3.32515
3.347525
3.3515
3.406475
3.407425
3.408725
3.415
3.415475
3.418475
3.425975
3.4308
3.4424
3.44735
3.450575
3.456025
3.467475
3.468575
3.48295
3.4969
3.505175
3.510075
3.514775
3.53225
3.5473
3.54925
3.581075
3.62395
3.631175
3.6657
3.66945
3.673475
3.704625
3.7048
3.727675
3.72895
3.7407
3.74305
3.751925
3.765475
3.767025
3.76785
3.772
3.806325
3.81565
3.82945
3.836
3.83795
3.840525
3.84865
3.852225
3.857375
3.86115
3.864825
3.8708
3.87775
3.880325
3.892125
3.910025
3.95505
4.00545
4.010725
4.012925
4.0135
4.01595
4.025275
4.0254
4.08215
4.083075
4.0863
4.094925
4.096375
4.105
4.10685
4.113775
4.114775
4.129875
4.1462
4.1547
4.200625
4.200825
4.202825
4.203325
4.204125
4.20765
4.2189
4.23135
4.245175
4.245475
4.254875
4.25535
4.283375
4.301975
4.30625
4.3087
4.315875
4.316325
4.31845
4.33755
4.34665
4.35715
4.359475
4.37285
4.3782
4.388425
4.4213
4.44685
4.459175
4.478375
4.488175
4.494475
4.539075
4.5536
4.5591
4.573125
4.6109
4.6164
4.61835
4.621275
4.642125
4.6499
4.6597
4.660025
4.66445
4.675525
4.676425
4.694025
4.696925
4.70715
4.71425
4.71545
4.717325
4.7295
4.729925
4.731725
4.733475
4.78555
4.818875
4.8248
4.8281
4.835725
4.862525
4.870475
4.913375
4.921725
4.92355
4.92365
4.926075
4.926725
4.9306
4.936425
4.9626
4.966625
4.969225
4.9695
4.972425
4.97835
4.9883
4.9976
4.9994
5.006525
5.0237
5.02545
5.034275
5.043075
5.0435
5.069725
5.0708
5.07765
5.081425
5.1205
5.139525
5.16035
5.17265
5.193125
5.212325
5.215025
5.222325
5.2256
5.232125
5.24835
5.25265
5.2654
5.267025
5.317175
5.331075
5.33375
5.354825
5.35645
5.363025
5.382275
5.383475
5.3969
5.40435
5.4304
5.4827
5.487875
5.488125
5.511425
5.51675
5.51875
5.524675
5.534075
5.534175
5.5438
5.544
5.545975
5.560125
5.5619
5.562425
5.58125
5.586325
5.592375
5.5929
5.594025
5.617875
5.623425
5.626275
5.6386
5.661225
5.676875
5.728925
5.760225
5.7762
5.78905
5.79315
5.7948
5.81405
5.81495
5.816375
5.820625
5.832125
5.833425
5.84555
5.858025
5.870425
5.8761
5.876125
5.8818
5.884175
5.885125
5.885775
5.9103
5.91125
5.91425
5.920925
5.9231
5.9332
5.9415
5.94245
5.9643
5.97335
5.9949
5.997675
6.015325
6.031325
6.031425
6.094025
6.10785
6.1268
6.131025
6.134075
6.138975
6.1414
6.142275
6.1519
6.1556
6.1864
6.1957
6.205575
6.214825
6.22765
6.228625
6.23035
6.232525
6.2507
6.256975
6.2717
6.27275
6.277475
6.2823
6.283925
6.285375
6.28715
6.288625
6.2983
6.3002
6.31235
6.312975
6.31395
6.32585
6.362525
6.37925
6.3815
6.39135
6.4049
6.415075
6.4168
6.43475
6.444125
6.445625
6.454225
6.48615
6.488825
6.496475
6.498175
6.502175
6.521975
6.52845
6.541725
6.546425
6.570075
6.5705
6.57195
6.57205
6.5783
6.611725
6.630875
6.6469
6.6494
6.673075
6.70745
6.718
6.719725
6.72025
6.72625
6.732225
6.73675
6.7387
6.7427
6.74425
6.746875
6.7595
6.769425
6.770625
6.773525
6.7759
6.77875
6.7808
6.789675
6.808525
6.81695
6.8221
6.827125
6.840925
6.861425
6.864875
6.8752
6.904425
6.9158
6.9975
7.002275
7.0063
7.013075
7.020575
7.025325
7.02935
7.0417
7.063825
7.06495
7.0741
7.0767
7.079725
7.0839
7.090975
7.0947
7.09845
7.101525
7.109
7.117975
7.156625
7.164775
7.175225
7.17605
7.179275
7.1961
7.197575
7.2027
7.21345
7.27305
7.30245
7.310475
7.31895
7.32005
7.324275
7.33085
7.345975
7.346275
7.3559
7.3667
7.36925
7.377475
7.382425
7.403825
7.4086
7.41855
7.4317
7.46155
7.514625
7.525875
7.600275
7.603225
7.60385
7.6058
7.609225
7.611475
7.628475
7.641275
7.6556
7.665075
7.666225
7.67135
7.675175
7.68115
7.681625
7.721925
7.7222
7.73405
7.748775
7.765725
7.781575
7.81065
7.85015
7.87175
7.8852
7.892625
7.901175
7.90135
7.909075
7.9117
7.918125
7.9233
7.9463
7.958225
7.9883
7.98855
8.02135
8.044375
8.07675
8.0947
8.16265
8.163375
8.194075
8.208775
8.2096
8.215225
8.215525
8.215625
8.22005
8.2282
8.2313
8.234025
8.239575
8.24025
8.2495
8.254975
8.2578
8.261475
8.2781
8.303475
8.321775
8.32435
8.329625
8.355575
8.361875
8.362575
8.38355
8.38395
8.408775
8.4141
8.41495
8.416875
8.428675
8.431075
8.435975
8.48825
8.4884
8.492025
8.498275
8.50265
8.5133
8.51495
8.515575
8.51605
8.5188
8.5273
8.54095
8.571275
8.58745
8.592275
8.603275
8.60585
8.626675
8.62875
8.643375
8.647625
8.659425
8.723125
8.730675
8.749925
8.817975
8.820225
8.8254
8.826475
8.8346
8.835175
8.839
8.848275
8.853125
8.861975
8.866525
8.86855
8.903775
8.90435
8.9213
8.929325
8.930575
8.9562
9.034125
9.035825
9.05805
9.096775
796
