0.10025
0.105425
0.11125
0.113775
0.115575
0.125225
0.12955
0.138425
0.143375
0.144175
0.14815
0.1495
0.15555
0.1563
0.1579
0.1602
0.1755
0.187425
0.2026
0.2046
0.21995
0.22145
0.22635
0.228025
0.22895
0.258775
0.27915
0.279675
0.287625
0.304475
0.40405
0.408425
0.418775
0.43625
0.440475
0.44675
0.4626
0.463575
0.485225
0.491675
0.494875
0.516025
0.53915
0.542525
0.58715
0.6203
0.709875
0.7114
0.714875
0.7222
0.729225
0.738625
0.743325
0.75465
0.754775
0.755475
0.777025
0.782875
0.799775
0.80035
0.816425
0.850825
0.86085
0.8726
0.880625
0.918775
0.943775
0.95245
0.990875
1.001675
1.010175
1.016225
1.016825
1.019475
1.022025
1.0271
1.027925
1.0448
1.046475
1.05445
1.055425
1.055925
1.059275
1.0634
1.066375
1.06805
1.07745
1.103525
1.123075
1.128225
1.138125
1.156075
1.1773
1.179925
1.187975
1.212825
1.229675
1.23905
1.25495
1.2647
1.2778
1.299975
1.309075
1.3207
1.33915
1.3593
1.363625
1.36955
1.370275
1.3867
1.40025
1.41725
1.442725
1.44795
1.4544
1.459075
1.470975
1.47685
1.4797
1.50205
1.550425
1.5624
1.564325
1.569675
1.582925
1.5879
1.6073
1.612675
1.616625
1.61795
1.63065
1.63575
1.638875
1.643675
1.648325
1.660225
1.669225
1.670775
1.673075
1.677275
1.67945
1.68145
1.7008
1.70455
1.718975
1.76675
1.789025
1.811075
1.81205
1.839775
1.867725
1.867975
1.879725
1.888275
1.905525
1.907475
1.909175
1.92305
1.925925
1.9277
1.939325
1.941275
1.944875
1.951225
1.951875
1.959625
1.971575
1.9759
1.980775
1.9858
1.98705
1.9987
2.0114
2.0354
2.03715
2.041
2.070525
2.0719
2.087475
2.0964
2.108525
2.1098
2.126825
2.133625
2.146825
2.147125
2.156875
2.176525
2.20545
2.205475
2.214175
2.22095
2.231025
2.237675
2.23885
2.251025
2.252575
2.253125
2.261725
2.287125
2.3051
2.3067
2.310175
2.3259
2.33715
2.339125
2.34145
2.368075
2.370525
2.384375
2.393475
2.40445
2.41575
2.448225
2.449025
2.4656
2.4818
2.505425
2.513525
2.514325
2.5147
2.52515
2.525325
2.52835
2.541925
2.545675
2.562125
2.599975
2.602975
2.608175
2.609325
2.61135
2.62005
2.631925
2.633375
2.6495
2.664225
2.669575
2.680525
2.7037
2.7047
2.7195
2.72355
2.7977
2.79955
2.802475
2.8032
2.808625
2.80875
2.8189
2.820125
2.839025
2.848375
2.86765
2.877575
2.890725
2.894125
2.89985
2.91565
2.92105
2.9305
2.963725
2.967525
2.9866
3.00415
3.0058
3.019975
3.056875
3.0721
3.07545
3.10145
3.1028
3.106525
3.12525
3.126175
3.12975
3.137
3.14285
3.1431
3.1458
3.15565
3.180575
3.193525
3.1986
3.2037
3.2105
3.217425
3.23015
3.27095
3.2959
3.3299
3.390725
3.397425
3.40355
3.411
3.41965
3.440975
3.45555
3.45785
3.465525
3.466575
3.469375
3.482625
3.4909
3.51135
3.516675
3.533625
3.534425
3.534675
3.544475
3.549375
3.56495
3.565475
3.6065
3.62215
3.62885
3.63565
3.647575
3.67045
3.703875
3.70405
3.7059
3.706475
3.712375
3.712475
3.7432
3.74565
3.748325
3.759125
3.7596
3.76395
3.787725
3.791325
3.834875
3.8465
3.8593
3.880225
3.8806
3.901725
3.915975
3.9234
3.9377
3.94305
4.002975
4.016025
4.018375
4.019875
4.023225
4.0242
4.025775
4.02635
4.040925
4.0465
4.048425
4.05275
4.055725
4.05785
4.070675
4.073325
4.082925
4.0959
4.0967
4.1133
4.1169
4.117225
4.1385
4.139175
4.19535
4.209525
4.227475
4.2339
4.24175
4.250275
4.25385
4.264525
4.277025
4.279425
4.30435
4.315075
4.3177
4.32135
4.327125
4.3365
4.36
4.367075
4.369675
4.3828
4.38295
4.3831
4.383525
4.384175
4.409275
4.43475
4.443125
4.47765
4.488175
4.490375
4.50055
4.50845
4.57425
4.609675
4.6154
4.619825
4.62005
4.622675
4.624
4.62795
4.638825
4.645475
4.656125
4.67035
4.672275
4.675275
4.681375
4.69
4.692225
4.69445
4.708875
4.72295
4.74215
4.74715
4.756175
4.7707
4.777325
4.79805
4.804225
4.8102
4.8457
4.893175
4.89825
4.904925
4.908825
4.916225
4.92265
4.930575
4.93375
4.940675
4.941175
4.95055
4.95115
4.9546
4.97355
4.98055
4.98355
4.984625
4.990725
4.998025
5.011325
5.01405
5.0295
5.033425
5.037025
5.04335
5.130325
5.168425
5.181075
5.2024
5.2121
5.212525
5.221225
5.223175
5.227875
5.2428
5.25285
5.2704
5.27435
5.297825
5.298375
5.302275
5.31145
5.314075
5.31545
5.3163
5.320025
5.320925
5.33345
5.33885
5.35925
5.3612
5.376475
5.4273
5.430425
5.44875
5.464425
5.501475
5.501525
5.502675
5.5073
5.509325
5.511325
5.51655
5.520675
5.5242
5.5254
5.529975
5.53505
5.539175
5.548325
5.5522
5.555225
5.556725
5.5572
5.560325
5.563175
5.60145
5.61265
5.656075
5.657375
5.662925
5.672625
5.6959
5.6998
5.723125
5.787375
5.78855
5.79615
5.796675
5.803475
5.806475
5.80925
5.81025
5.816675
5.82755
5.8353
5.83775
5.84165
5.8424
5.86915
5.870375
5.883575
5.893975
5.89595
5.896075
5.968725
5.9838
6.01085
6.03415
6.04595
6.05465
6.08365
6.092225
6.0987
6.1013
6.103025
6.106325
6.1092
6.1193
6.124125
6.12705
6.139025
6.1498
6.1597
6.170375
6.179775
6.180575
6.195775
6.198275
6.2007
6.202225
6.20975
6.226875
6.24885
6.262525
6.26335
6.334925
6.391175
6.400025
6.402275
6.409125
6.4136
6.422475
6.443475
6.4543
6.460375
6.4633
6.464525
6.47875
6.4826
6.491675
6.498
6.499275
6.506025
6.5123
6.52565
6.53405
6.53505
6.579125
6.60405
6.665625
6.67245
6.701525
6.7048
6.70645
6.7069
6.718325
6.73005
6.736075
6.7361
6.741625
6.75895
6.7647
6.778
6.77875
6.78435
6.7934
6.82505
6.827025
6.8271
6.835625
6.86775
6.870375
6.87485
6.910325
6.924125
6.955575
6.983675
7.00415
7.008
7.013775
7.015025
7.0177
7.022425
7.02395
7.025
7.030325
7.0307
7.038525
7.04455
7.051725
7.06025
7.063675
7.066075
7.073775
7.084025
7.085375
7.086725
7.11
7.1112
7.11795
7.130825
7.191
7.2274
7.2333
7.248825
7.249675
7.2583
7.274225
7.277125
7.2879
7.304425
7.310425
7.327375
7.33215
7.3355
7.338325
7.33885
7.3521
7.36105
7.37695
7.378175
7.38535
7.415025
7.41505
7.4184
7.420675
7.432075
7.434025
7.43675
7.457575
7.47495
7.478525
7.4804
7.4808
7.48925
7.5318
7.542275
7.554875
7.602775
7.6034
7.6047
7.60655
7.61485
7.614975
7.6188
7.631975
7.638125
7.64605
7.64725
7.6481
7.648825
7.64905
7.66955
7.674
7.678875
7.6825
7.688575
7.70605
7.7164
7.723125
7.725175
7.736975
7.73965
7.74755
7.7514
7.754575
7.7595
7.825875
7.83715
7.840475
7.8885
7.913475
7.919825
7.924375
7.925225
7.927275
7.92755
7.931225
7.956225
7.95895
7.960725
7.972275
7.9731
7.982275
7.9898
8.0029
8.003275
8.005275
8.027425
8.0319
8.05905
8.076075
8.135325
8.201025
8.21555
8.225525
8.239275
8.24155
8.24815
8.25495
8.257475
8.25855
8.2599
8.264225
8.264575
8.2737
8.2789
8.27995
8.2911
8.2961
8.3006
8.305925
8.3125
8.33195
8.3363
8.35455
8.35735
8.3599
8.3871
8.4653
8.505625
8.51315
8.5246
8.525325
8.5429
8.551225
8.577175
8.57745
8.578975
8.592375
8.61425
8.61755
8.629925
8.637975
8.65135
8.65285
8.65345
8.65675
8.65905
8.6631
8.6805
8.699675
8.702775
8.703375
8.71585
8.721125
8.76215
8.807775
8.81825
8.8313
8.837825
8.840375
8.84535
8.8498
8.862175
8.863275
8.8667
8.86935
8.88335
8.89905
8.9219
8.93125
8.93615
8.953575
8.956875
8.958175
8.97785
8.991225
8.9945
9.053625
9.062575
9.081325
811
