0.10205
0.10215
0.107
0.107225
0.119725
0.120625
0.147925
0.150475
0.178075
0.179275
0.197975
0.20455
0.207275
0.20915
0.216125
0.220925
0.223325
0.2298
0.23005
0.23095
0.27505
0.29055
0.305475
0.31225
0.314375
0.332025
0.34745
0.374525
0.3829
0.385575
0.390925
0.41015
0.415775
0.42195
0.429025
0.4311
0.432375
0.45225
0.453825
0.456975
0.464125
0.512225
0.5143
0.539975
0.56275
0.563675
0.567975
0.583925
0.592875
0.62135
0.63185
0.647475
0.676025
0.701925
0.707175
0.710875
0.716225
0.716925
0.7279
0.7415
0.754475
0.7657
0.77105
0.7799
0.78885
0.79135
0.8008
0.807725
0.814
0.817075
0.8186
0.869425
0.8725
0.88525
0.913575
0.920575
0.924375
0.928925
0.929875
0.95085
0.959925
0.980075
1.004125
1.006125
1.008525
1.019075
1.042025
1.04235
1.04365
1.043975
1.0461
1.06445
1.067425
1.08425
1.086775
1.098575
1.1467
1.169125
1.182825
1.1837
1.188775
1.19165
1.191725
1.1984
1.2151
1.215575
1.217
1.2743
1.302725
1.315125
1.3373
1.346525
1.35435
1.3601
1.3749
1.378225
1.386675
1.448
1.452025
1.484375
1.490025
1.5141
1.53395
1.562875
1.601875
1.611625
1.616275
1.6203
1.62245
1.6266
1.63545
1.6475
1.64955
1.65435
1.65835
1.66235
1.669575
1.671775
1.68395
1.69235
1.7066
1.708625
1.72
1.738325
1.7547
1.761075
1.76995
1.7752
1.7827
1.82215
1.831325
1.90295
1.90595
1.9097
1.909875
1.920325
1.93605
1.936775
1.9439
1.945475
1.9613
1.967575
1.9688
1.977375
1.97765
1.982775
1.985925
1.994125
2.00115
2.007225
2.010425
2.012225
2.012975
2.013375
2.04295
2.07455
2.076775
2.082525
2.136375
2.162125
2.1793
2.2043
2.212825
2.221825
2.22745
2.26795
2.28655
2.29245
2.2968
2.319425
2.32065
2.3219
2.3373
2.340275
2.376025
2.3891
2.412125
2.427
2.437675
2.4484
2.469225
2.47615
2.48975
2.508275
2.5095
2.5136
2.522375
2.52375
2.53985
2.5475
2.5582
2.56485
2.579525
2.584025
2.6047
2.6145
2.615225
2.62905
2.636575
2.6453
2.64975
2.6603
2.7013
2.7062
2.7151
2.715175
2.724325
2.726
2.7661
2.767125
2.781625
2.800425
2.812
2.81675
2.820475
2.830325
2.831775
2.83805
2.83845
2.848025
2.849625
2.85
2.85795
2.87125
2.879225
2.8815
2.888775
2.901125
2.90645
2.91315
2.926075
2.940375
2.94615
2.953225
2.9635
2.966775
2.97015
2.997825
3.00655
3.027275
3.06325
3.067725
3.0737
3.088625
3.108875
3.10965
3.11015
3.1256
3.128475
3.139875
3.162725
3.1651
3.17525
3.185875
3.1971
3.20365
3.221875
3.259425
3.297275
3.31995
3.328525
3.3291
3.331175
3.33225
3.3476
3.3642
3.365325
3.40475
3.410125
3.412075
3.4213
3.4244
3.43945
3.451975
3.4582
3.4733
3.48385
3.4948
3.4991
3.5498
3.5552
3.561075
3.571375
3.58095
3.588325
3.60985
3.6547
3.7055
3.708575
3.7113
3.72855
3.740275
3.74135
3.7575
3.759425
3.761725
3.7674
3.770725
3.771325
3.776225
3.77765
3.7796
3.782225
3.787325
3.804925
3.8113
3.8114
3.811875
3.8256
3.847875
3.8488
3.852175
3.859725
3.86195
3.9504
3.95865
4.0041
4.0078
4.024
4.02795
4.035475
4.03635
4.052625
4.054275
4.0595
4.065575
4.068325
4.068875
4.068975
4.070775
4.077525
4.0788
4.080175
4.092275
4.096025
4.113225
4.1245
4.14365
4.14735
4.1514
4.1854
4.19495
4.198
4.20415
4.22845
4.232425
4.240725
4.327525
4.3287
4.350575
4.35715
4.35965
4.365425
4.369825
4.376275
4.38235
4.39195
4.416025
4.4199
4.42215
4.422575
4.4232
4.437925
4.438375
4.445975
4.478525
4.493
4.50005
4.510075
4.52355
4.529325
4.597625
4.604975
4.612525
4.618525
4.631075
4.6341
4.636575
4.638925
4.641325
4.64885
4.656675
4.665275
4.6724
4.6726
4.682175
4.685475
4.689875
4.690425
4.698025
4.711975
4.71525
4.715375
4.72135
4.7257
4.726625
4.739875
4.741475
4.747675
4.761875
4.76295
4.764775
4.764925
4.7771
4.795375
4.803325
4.819675
4.838125
4.8465
4.85465
4.900475
4.9179
4.921925
4.92535
4.93765
4.963475
4.97415
4.974675
4.98615
4.99585
5.00085
5.006675
5.0216
5.031925
5.038075
5.0414
5.0708
5.07875
5.0814
5.086625
5.174425
5.1925
5.21315
5.23035
5.236825
5.24915
5.260275
5.2748
5.28255
5.2992
5.306925
5.341025
5.34905
5.359125
5.360575
5.3766
5.383425
5.387575
5.4121
5.43395
5.440275
5.471425
5.485875
5.49065
5.519375
5.524525
5.530375
5.5365
5.551175
5.5512
5.551275
5.554225
5.563875
5.567975
5.583575
5.585325
5.588725
5.603225
5.6079
5.628875
5.6463
5.661075
5.68105
5.7192
5.7319
5.74675
5.8016
5.80745
5.810175
5.81985
5.829775
5.839025
5.85415
5.86565
5.87015
5.872475
5.897375
5.910925
5.918925
5.9235
5.933575
5.940775
5.95575
6.01465
6.047775
6.050625
6.091275
6.119375
6.1252
6.1297
6.13335
6.14
6.14565
6.146425
6.163975
6.169425
6.192425
6.205525
6.207225
6.214575
6.258225
6.283325
6.286725
6.293925
6.323075
6.373
6.383825
6.3839
6.40335
6.410725
6.419325
6.426725
6.4496
6.450675
6.454425
6.45935
6.477175
6.4775
6.477875
6.490775
6.4975
6.51315
6.519975
6.52075
6.528175
6.571
6.6135
6.6187
6.6206
6.6232
6.6243
6.64275
6.66145
6.66405
6.666125
6.669825
6.7054
6.7068
6.706925
6.7113
6.716225
6.724325
6.727375
6.7315
6.73305
6.7346
6.739275
6.745875
6.75195
6.7635
6.7652
6.777125
6.78595
6.7905
6.792625
6.80705
6.823425
6.83885
6.852425
6.886275
6.8951
6.907075
6.926275
6.947825
6.9792
6.981625
7.006325
7.00695
7.00735
7.011275
7.01945
7.022025
7.03665
7.038225
7.0426
7.043375
7.055025
7.062275
7.067275
7.0718
7.1183
7.1416
7.144925
7.149225
7.1497
7.15575
7.164175
7.1819
7.2184
7.21895
7.22575
7.2863
7.323075
7.329325
7.329425
7.3299
7.331175
7.33495
7.33595
7.3445
7.344525
7.347525
7.3512
7.35225
7.354575
7.3599
7.366825
7.3759
7.38625
7.393575
7.4054
7.4082
7.412575
7.437325
7.455125
7.45965
7.465075
7.468625
7.49075
7.522675
7.5286
7.56425
7.568975
7.60515
7.637275
7.642575
7.6429
7.64365
7.6508
7.669275
7.669975
7.676325
7.705425
7.709975
7.710525
7.725625
7.732225
7.74075
7.7609
7.782075
7.797975
7.806075
7.82175
7.835925
7.867675
7.88695
7.8988
7.90095
7.908275
7.91295
7.913525
7.920225
7.9236
7.92875
7.935425
7.9378
7.938225
7.95215
7.955275
7.9558
7.972475
7.9745
7.984575
8.006625
8.0317
8.031925
8.036825
8.046225
8.093625
8.1276
8.1321
8.1338
8.165375
8.178175
8.1803
8.2029
8.206075
8.214525
8.21545
8.215775
8.218125
8.235975
8.241575
8.253825
8.2792
8.284725
8.2944
8.29625
8.299225
8.304175
8.3045
8.305525
8.30755
8.314225
8.364425
8.3691
8.3982
8.40335
8.415525
8.467475
8.5076
8.50775
8.511225
8.5221
8.531225
8.5395
8.569825
8.578675
8.605225
8.608175
8.613725
8.627975
8.629125
8.64155
8.6603
8.665925
8.67455
8.69645
8.710225
8.726925
8.74375
8.784225
8.789925
8.803675
8.8151
8.8312
8.8351
8.8367
8.84535
8.862925
8.869725
8.888875
8.894575
8.910225
8.9118
8.9203
8.9304
8.93475
8.937725
8.976775
8.97785
8.981625
8.984075
9.006625
9.030775
9.034025
9.041625
9.06755
9.076875
9.08755
780
