0.10025
0.10305
0.1039
0.106
0.12085
0.13275
0.156875
0.16065
0.165625
0.169725
0.172625
0.18325
0.188025
0.18935
0.1922
0.21505
0.223925
0.236025
0.237575
0.247325
0.25695
0.2774
0.294325
0.307025
0.32
0.324
0.342
0.366725
0.3772
0.404575
0.4124
0.41565
0.41675
0.433325
0.435175
0.458425
0.4614
0.461625
0.5497
0.5505
0.57375
0.622575
0.669825
0.708975
0.71005
0.710525
0.7107
0.714
0.71565
0.73115
0.736025
0.736725
0.746775
0.750975
0.75195
0.7564
0.758025
0.760675
0.762325
0.763225
0.772475
0.788025
0.799225
0.80125
0.80305
0.813675
0.824725
0.826375
0.82715
0.82975
0.871525
0.8819
0.8908
0.8994
0.9034
0.92755
1.005675
1.018425
1.02545
1.026025
1.02865
1.0291
1.041275
1.0425
1.04345
1.05655
1.060775
1.067175
1.07535
1.097325
1.1101
1.115025
1.12595
1.1263
1.136225
1.17405
1.175375
1.187125
1.20885
1.228975
1.2299
1.2392
1.2663
1.286975
1.30415
1.313725
1.32155
1.325825
1.338925
1.35335
1.36295
1.371625
1.39865
1.436175
1.44385
1.445725
1.4504
1.465425
1.475825
1.486025
1.487875
1.50835
1.52495
1.535525
1.54225
1.566725
1.613025
1.625375
1.628325
1.629
1.631825
1.6985
1.710425
1.729325
1.734225
1.73515
1.741475
1.7557
1.824825
1.8285
1.85685
1.862775
1.887375
1.903575
1.9079
1.910775
1.9123
1.914425
1.9172
1.918525
1.934525
1.934775
1.94265
1.94505
1.950025
1.9836
1.99435
2.00205
2.00355
2.009325
2.01005
2.018125
2.01875
2.027875
2.039025
2.0442
2.0493
2.0541
2.06325
2.06595
2.0777
2.0825
2.1234
2.1445
2.162275
2.184375
2.2174
2.217825
2.218275
2.2304
2.24435
2.2503
2.261575
2.27095
2.2778
2.295925
2.30135
2.310125
2.341275
2.38535
2.3905
2.417625
2.422625
2.428425
2.4443
2.463925
2.464575
2.46665
2.46885
2.4828
2.4962
2.517225
2.52805
2.52855
2.532275
2.532375
2.537825
2.53815
2.53975
2.562275
2.56275
2.5702
2.577325
2.602125
2.625925
2.630625
2.637675
2.64695
2.722975
2.725825
2.764725
2.80265
2.805175
2.805525
2.80905
2.812725
2.8186
2.8188
2.8189
2.826025
2.831225
2.8505
2.8529
2.8674
2.874625
2.881975
2.883875
2.888825
2.937675
3.037625
3.046425
3.0557
3.06195
3.075325
3.103875
3.1156
3.12825
3.131125
3.134025
3.137525
3.162975
3.174675
3.17755
3.1827
3.182975
3.199075
3.20005
3.214
3.230075
3.232625
3.242725
3.25175
3.29335
3.29425
3.330025
3.353225
3.364125
3.415875
3.4182
3.4238
3.445525
3.450775
3.45775
3.481075
3.4902
3.503775
3.5089
3.5185
3.544525
3.55095
3.5595
3.5733
3.5974
3.6008
3.602275
3.617125
3.657425
3.6675
3.7037
3.7074
3.71385
3.72165
3.7459
3.754175
3.7568
3.759975
3.77985
3.784275
3.796775
3.79735
3.8486
3.85705
3.86325
3.88385
3.894175
3.894275
3.92295
3.924275
3.946575
3.95905
3.968825
3.9818
3.983675
3.98815
3.98985
4.0173
4.036325
4.039925
4.0485
4.087775
4.09735
4.099975
4.102
4.119575
4.124325
4.1274
4.148525
4.191525
4.2043
4.20835
4.215
4.23505
4.261425
4.300625
4.305525
4.3064
4.307625
4.310725
4.312575
4.31345
4.318725
4.320575
4.3298
4.334025
4.334575
4.347
4.360225
4.361
4.39855
4.409825
4.420475
4.43615
4.439625
4.4446
4.474725
4.503825
4.50485
4.5347
4.548575
4.564
4.5658
4.6064
4.614975
4.621475
4.626975
4.628675
4.6306
4.6326
4.6454
4.6465
4.646875
4.64985
4.667075
4.705775
4.724875
4.7394
4.745625
4.752625
4.770575
4.8748
4.903975
4.906725
4.909325
4.91485
4.9244
4.936225
4.94865
4.9527
4.9571
4.9758
4.975825
4.977775
5.00305
5.0105
5.024275
5.029325
5.04055
5.062025
5.064075
5.0802
5.101375
5.1249
5.131775
5.14805
5.171725
5.20315
5.203275
5.20615
5.2099
5.221075
5.221475
5.24005
5.25475
5.262725
5.269275
5.283425
5.302925
5.31295
5.313875
5.318875
5.3327
5.355325
5.3831
5.40075
5.410025
5.414475
5.439125
5.45025
5.4597
5.501425
5.5044
5.5049
5.50685
5.534075
5.55295
5.55345
5.564375
5.57895
5.57935
5.584325
5.585475
5.587075
5.598575
5.621425
5.622325
5.624475
5.6263
5.667775
5.69975
5.70455
5.715125
5.725075
5.744925
5.7699
5.7771
5.777175
5.7799
5.8009
5.801375
5.804875
5.8096
5.821325
5.828325
5.82955
5.83445
5.8371
5.857825
5.86245
5.86685
5.867175
5.885575
5.906275
5.908325
5.916825
5.92165
5.94065
5.944925
5.955825
5.95625
5.95895
6.0729
6.07545
6.087375
6.102325
6.11645
6.118225
6.12145
6.145725
6.1488
6.161225
6.178475
6.181625
6.191925
6.1927
6.194475
6.20455
6.216375
6.21955
6.229375
6.28515
6.28695
6.290175
6.295075
6.30125
6.30765
6.3154
6.31865
6.37375
6.381725
6.3829
6.408275
6.4163
6.4283
6.42945
6.430275
6.4381
6.441425
6.4451
6.449475
6.449575
6.456025
6.458025
6.472425
6.483125
6.4844
6.4903
6.505625
6.508125
6.5147
6.52125
6.52735
6.540625
6.544775
6.546125
6.550425
6.574875
6.60415
6.6137
6.652425
6.6716
6.680675
6.7141
6.71795
6.7283
6.7284
6.73215
6.7323
6.73455
6.7351
6.735375
6.754675
6.7767
6.78525
6.7897
6.799975
6.815425
6.823875
6.829325
6.83155
6.832975
6.8363
6.852275
6.863925
6.868175
6.875025
6.898
6.901975
6.90335
6.93005
6.9699
6.979025
7.0012
7.0159
7.024725
7.049
7.05575
7.0616
7.076425
7.07665
7.076875
7.07725
7.113375
7.142275
7.150125
7.16305
7.165925
7.177275
7.1942
7.19515
7.22705
7.2359
7.282875
7.28705
7.30395
7.307025
7.310375
7.3187
7.32075
7.321875
7.342375
7.3439
7.345625
7.34825
7.3498
7.352375
7.35495
7.359525
7.37295
7.3768
7.3787
7.38715
7.391625
7.397925
7.4077
7.412425
7.417125
7.4195
7.423875
7.430325
7.435825
7.4424
7.44855
7.4517
7.451975
7.46615
7.496025
7.501
7.504075
7.504475
7.5158
7.5159
7.523775
7.525675
7.529475
7.575975
7.602525
7.603225
7.6086
7.61005
7.612725
7.61385
7.614675
7.618525
7.63355
7.634275
7.6976
7.70415
7.72125
7.7258
7.7276
7.74375
7.7653
7.7763
7.78645
7.788375
7.805475
7.835775
7.842675
7.8528
7.907175
7.911075
7.922975
7.923925
7.9242
7.9259
7.927825
7.9282
7.93065
7.9317
7.933325
7.9353
7.944525
7.96785
7.98965
7.991325
7.993725
7.995425
7.996
8.038075
8.052975
8.0555
8.07775
8.0809
8.0811
8.11455
8.1263
8.141975
8.1547
8.186925
8.190575
8.201225
8.2034
8.2085
8.2256
8.228425
8.23505
8.24035
8.2417
8.242975
8.255025
8.261125
8.29305
8.29845
8.308575
8.322225
8.3255
8.34605
8.348025
8.355475
8.357775
8.36535
8.39865
8.4145
8.4249
8.426675
8.42985
8.4326
8.4686
8.503025
8.513025
8.51325
8.5345
8.53585
8.53675
8.54755
8.55915
8.56275
8.578375
8.588475
8.6256
8.6274
8.642175
8.66755
8.670475
8.68395
8.6913
8.69385
8.69755
8.706975
8.760875
8.77445
8.80245
8.80765
8.81775
8.819025
8.820175
8.824775
8.850825
8.856975
8.875725
8.88865
8.914925
8.91785
8.92225
8.925325
8.93275
8.93665
8.941425
8.941675
8.94255
8.945475
8.947325
8.959
8.9812
9.021225
9.029125
766
