0.100075
0.106075
0.115975
0.11655
0.1278
0.14595
0.149575
0.1567
0.157
0.1749
0.1807
0.1828
0.196725
0.20215
0.2125
0.215625
0.2185
0.218625
0.224525
0.23165
0.2405
0.249275
0.249675
0.26645
0.341675
0.3596
0.395775
0.40335
0.41885
0.42215
0.4322
0.435275
0.444
0.445525
0.446775
0.447575
0.45645
0.45825
0.476475
0.47855
0.512975
0.5425
0.562575
0.584075
0.608375
0.61965
0.621275
0.650025
0.71185
0.7269
0.733475
0.7465
0.747075
0.749625
0.7688
0.778125
0.784075
0.7903
0.799175
0.8095
0.83475
0.849225
0.873925
0.8958
0.89825
0.90845
0.9244
0.950825
0.955125
0.984575
0.99195
1.0055
1.014925
1.0155
1.018525
1.044725
1.0481
1.071
1.073375
1.095
1.09565
1.096775
1.097475
1.101175
1.10305
1.1036
1.10575
1.1106
1.12915
1.1353
1.1743
1.269675
1.315725
1.3178
1.318025
1.3288
1.3305
1.33305
1.345175
1.356175
1.359225
1.3716
1.3908
1.39895
1.4009
1.4146
1.4208
1.4259
1.44055
1.468375
1.4948
1.508025
1.5178
1.524075
1.537625
1.5481
1.55805
1.568875
1.6061
1.620975
1.62245
1.62475
1.629075
1.6302
1.63985
1.6428
1.649975
1.656075
1.659775
1.660575
1.674075
1.67485
1.68745
1.691025
1.6958
1.709775
1.71345
1.732425
1.744175
1.766
1.771325
1.8135
1.82225
1.872375
1.909625
1.913525
1.916475
1.930375
1.931925
1.933375
1.949575
1.9514
1.959125
1.960675
1.9648
1.9678
1.974575
2.0143
2.01485
2.03135
2.04545
2.062575
2.06945
2.09395
2.105
2.10655
2.10765
2.112725
2.1893
2.19455
2.195225
2.21205
2.21915
2.219275
2.2224
2.224075
2.24105
2.241975
2.243725
2.25005
2.28145
2.29205
2.309875
2.319125
2.3339
2.344925
2.350725
2.365575
2.39045
2.39615
2.402725
2.435975
2.453475
2.4562
2.498175
2.50225
2.509475
2.509525
2.512525
2.5153
2.535675
2.5482
2.54905
2.552325
2.560975
2.582925
2.600875
2.610275
2.618
2.625725
2.63475
2.65405
2.671125
2.6713
2.703125
2.704175
2.761175
2.78145
2.807175
2.8109
2.823425
2.8253
2.836025
2.862925
2.865275
2.872025
2.884875
2.897425
2.89905
2.9027
2.903525
2.90665
2.90755
2.927725
2.966825
2.9871
2.990275
3.02355
3.069575
3.0729
3.084225
3.091025
3.096625
3.11725
3.119825
3.124325
3.1256
3.13915
3.1511
3.15185
3.15755
3.191675
3.195925
3.2326
3.27525
3.275875
3.280175
3.3032
3.30905
3.3136
3.3158
3.326425
3.372925
3.38315
3.413475
3.41515
3.4246
3.42475
3.4269
3.440925
3.444175
3.4684
3.474975
3.476225
3.511325
3.51535
3.516775
3.516875
3.519575
3.538475
3.54405
3.5512
3.562175
3.5705
3.6582
3.6626
3.674175
3.674925
3.695175
3.706575
3.708825
3.73215
3.7351
3.749275
3.763875
3.781275
3.800125
3.8158
3.822925
3.83755
3.842625
3.849425
3.858825
3.868625
3.869975
3.90085
3.90615
3.930025
3.940425
3.961275
3.971175
4.00225
4.00295
4.00645
4.009575
4.013175
4.023075
4.02435
4.026925
4.028025
4.02865
4.035975
4.040625
4.04475
4.05375
4.054
4.0675
4.071775
4.078
4.079
4.079425
4.084775
4.084825
4.104525
4.111
4.1504
4.170275
4.170375
4.21395
4.2789
4.296575
4.303575
4.307775
4.32285
4.33375
4.340675
4.3729
4.41305
4.43595
4.449625
4.4542
4.45965
4.475925
4.47975
4.487975
4.492375
4.498425
4.50665
4.524675
4.5315
4.553875
4.556
4.56775
4.5769
4.581525
4.59525
4.604375
4.614125
4.6177
4.633275
4.653925
4.654625
4.65655
4.6583
4.666925
4.6998
4.702575
4.7121
4.713525
4.747875
4.749175
4.78965
4.80835
4.8144
4.83635
4.8999
4.9006
4.90465
4.9145
4.916675
4.9176
4.9178
4.919375
4.938525
4.944725
4.948325
4.952175
4.9542
4.961375
4.962675
4.98515
5.027875
5.03605
5.051575
5.05345
5.0642
5.073375
5.153175
5.157975
5.1621
5.174275
5.176725
5.17805
5.2013
5.206925
5.211275
5.212175
5.212675
5.2161
5.27415
5.274325
5.281925
5.299925
5.304775
5.326075
5.342575
5.354425
5.3549
5.366275
5.369125
5.372625
5.37445
5.39875
5.404025
5.40935
5.4178
5.423925
5.424975
5.49155
5.496075
5.5146
5.521775
5.5228
5.55555
5.5575
5.580125
5.581525
5.581975
5.5824
5.62565
5.63555
5.646175
5.66295
5.67585
5.70455
5.722
5.739725
5.752725
5.800625
5.8025
5.803325
5.8037
5.8085
5.8139
5.822125
5.82275
5.82525
5.8358
5.836475
5.8371
5.840025
5.842025
5.8434
5.851575
5.87025
5.8756
5.884525
5.887525
5.888275
5.888975
5.897
5.915575
5.9238
5.931325
5.931475
5.9318
5.93845
5.94625
5.951875
5.959125
5.961925
5.968875
5.987375
6.00895
6.0464
6.056225
6.072475
6.083125
6.1053
6.10605
6.1073
6.11315
6.115
6.120625
6.129425
6.1342
6.134975
6.161425
6.1752
6.180525
6.187175
6.22365
6.224975
6.250725
6.2564
6.264075
6.282425
6.313325
6.338775
6.389375
6.4172
6.4182
6.424375
6.426525
6.42895
6.4358
6.4394
6.4437
6.444025
6.45275
6.5043
6.507175
6.51385
6.522375
6.53005
6.536725
6.564225
6.58285
6.612425
6.613475
6.62675
6.63135
6.671425
6.685775
6.701625
6.704525
6.7066
6.714475
6.734175
6.738225
6.73825
6.738575
6.7469
6.75765
6.763875
6.7685
6.7793
6.796175
6.79845
6.8023
6.8417
6.84825
6.8523
6.897725
6.919775
6.931775
6.94845
6.954175
6.9751
6.99955
7.008175
7.0109
7.013525
7.016025
7.0225
7.0247
7.0276
7.0399
7.0438
7.044225
7.0476
7.048025
7.061525
7.07545
7.0856
7.10225
7.1027
7.108625
7.1251
7.13035
7.133025
7.16855
7.1948
7.204125
7.20555
7.2415
7.2739
7.291375
7.302675
7.30385
7.30475
7.3058
7.316675
7.319525
7.3224
7.326925
7.331825
7.348225
7.376025
7.394925
7.413225
7.42415
7.425525
7.467675
7.46885
7.47245
7.483225
7.48765
7.488
7.49515
7.500225
7.5069
7.516675
7.554825
7.568375
7.6044
7.605875
7.606525
7.60785
7.6087
7.611825
7.6215
7.6221
7.633025
7.6371
7.64525
7.6453
7.66525
7.67295
7.67425
7.67475
7.6812
7.685475
7.69525
7.695675
7.707575
7.712475
7.732725
7.73815
7.740725
7.7413
7.758375
7.767
7.8095
7.818075
7.8735
7.894125
7.906275
7.9084
7.914375
7.916675
7.91885
7.924725
7.930325
7.93405
7.942475
7.943175
7.946875
7.95
7.9521
7.9683
7.9699
7.972675
7.978925
7.989275
7.992375
7.992825
7.9975
7.997525
7.997875
8.0072
8.0185
8.026725
8.028925
8.0353
8.038775
8.058525
8.06245
8.08555
8.12595
8.132725
8.133925
8.138675
8.15075
8.16255
8.1678
8.19655
8.203725
8.206575
8.2079
8.208775
8.215325
8.21675
8.218325
8.218475
8.228275
8.246125
8.252725
8.262575
8.282825
8.287875
8.290275
8.2971
8.309975
8.31695
8.3696
8.3924
8.39895
8.440725
8.473
8.49825
8.500875
8.505575
8.52695
8.53175
8.541875
8.548825
8.549625
8.5515
8.563425
8.5638
8.565225
8.59205
8.593425
8.6048
8.621475
8.629325
8.63225
8.634075
8.636225
8.657025
8.666875
8.68075
8.7139
8.75985
8.76985
8.800075
8.809775
8.812575
8.81425
8.818875
8.8199
8.821625
8.835175
8.83905
8.851075
8.87295
8.8839
8.884575
8.888
8.8957
8.91295
8.963475
8.971325
8.980775
9.02575
9.04645
767
