0.10645
0.1138
0.12095
0.1213
0.129325
0.1317
0.13195
0.153175
0.164275
0.173225
0.1737
0.1943
0.19935
0.20785
0.209125
0.2179
0.240925
0.255875
0.27385
0.28035
0.281225
0.286825
0.300875
0.324875
0.3251
0.329625
0.333975
0.3347
0.37215
0.3727
0.383075
0.4091
0.4099
0.41725
0.425775
0.431675
0.4341
0.43835
0.440675
0.4541
0.459375
0.465475
0.467525
0.46805
0.4798
0.482375
0.485525
0.4902
0.4928
0.5279
0.5446
0.548325
0.55045
0.56415
0.566425
0.6084
0.64375
0.65815
0.658825
0.671
0.67475
0.702125
0.704625
0.72135
0.729075
0.7424
0.742525
0.74375
0.74705
0.74795
0.785875
0.815375
0.819325
0.82275
0.8315
0.8382
0.84015
0.848575
0.8489
0.871725
0.877575
0.918675
0.9294
0.96935
1.002375
1.008425
1.01385
1.0221
1.030925
1.0369
1.057575
1.078075
1.0866
1.0936
1.10085
1.1038
1.148625
1.15955
1.1615
1.166725
1.170625
1.22485
1.233
1.30115
1.31685
1.321675
1.323275
1.345925
1.350375
1.355175
1.385775
1.419125
1.4227
1.4315
1.432175
1.4401
1.450675
1.452425
1.45395
1.45975
1.46415
1.471725
1.489525
1.524325
1.528925
1.576025
1.579625
1.58155
1.592325
1.6171
1.627675
1.633375
1.6347
1.643225
1.658875
1.6613
1.6805
1.6917
1.697175
1.71035
1.711125
1.717475
1.73965
1.74945
1.76635
1.768925
1.769375
1.773325
1.782325
1.7869
1.83055
1.84075
1.847625
1.851475
1.852375
1.886325
1.900575
1.903425
1.906125
1.908875
1.9112
1.9144
1.923525
1.923575
1.924725
1.93025
1.9417
1.9473
1.949525
1.958575
1.96045
1.98455
2.009025
2.0101
2.024
2.036775
2.037575
2.038075
2.038475
2.04995
2.0632
2.081275
2.0837
2.0857
2.087475
2.090225
2.096175
2.162425
2.166125
2.170075
2.18215
2.2025
2.2175
2.22245
2.223
2.237625
2.241175
2.24385
2.245175
2.24545
2.2554
2.26605
2.280525
2.28625
2.29155
2.292825
2.314875
2.327625
2.327925
2.337925
2.3411
2.35445
2.4007
2.421575
2.425075
2.46785
2.483375
2.510475
2.51175
2.5179
2.5346
2.55245
2.5614
2.57955
2.583575
2.584575
2.606475
2.60825
2.610675
2.6147
2.640875
2.66035
2.68335
2.705125
2.705675
2.705875
2.706225
2.7433
2.7854
2.804525
2.811675
2.81215
2.815675
2.821025
2.821825
2.826475
2.82775
2.847775
2.8592
2.866075
2.870225
2.875325
2.87825
2.885925
2.8948
2.89615
2.898075
2.904175
2.915025
2.922875
2.9255
2.93035
2.978875
2.97985
3.044425
3.09825
3.105425
3.113375
3.113775
3.1211
3.142325
3.150775
3.1694
3.172025
3.173575
3.174175
3.178025
3.191075
3.19495
3.296175
3.3405
3.343425
3.35005
3.356625
3.4008
3.4029
3.40605
3.410475
3.41255
3.42235
3.424175
3.430625
3.445
3.456075
3.457475
3.461125
3.467025
3.4752
3.48015
3.48385
3.485525
3.491175
3.493675
3.50175
3.50875
3.5092
3.512575
3.5152
3.5331
3.551825
3.559275
3.56015
3.572075
3.57585
3.587775
3.617675
3.70295
3.707175
3.716525
3.716775
3.71825
3.72155
3.72455
3.7315
3.744525
3.74875
3.762125
3.763
3.768675
3.76985
3.7864
3.79665
3.7982
3.803475
3.80645
3.8102
3.8179
3.81985
3.8306
3.8354
3.86955
3.8797
3.88085
3.88785
3.905275
3.927375
3.928425
3.97405
4.02485
4.037975
4.038075
4.051
4.0636
4.08135
4.08175
4.082675
4.085325
4.111275
4.117025
4.117775
4.1465
4.153075
4.181425
4.205425
4.210975
4.228175
4.266625
4.274375
4.27835
4.30175
4.307875
4.319075
4.327225
4.33205
4.3344
4.34735
4.3528
4.389025
4.3949
4.399075
4.4209
4.422325
4.424125
4.445075
4.44935
4.4644
4.48315
4.5074
4.5237
4.5391
4.5567
4.574375
4.5939
4.605575
4.610625
4.61095
4.61195
4.6132
4.617075
4.627725
4.635125
4.63635
4.652
4.66155
4.663275
4.668025
4.6914
4.6916
4.70925
4.71095
4.71325
4.718975
4.73815
4.74625
4.750225
4.767275
4.7876
4.79825
4.8104
4.82345
4.841525
4.85175
4.859
4.868575
4.885125
4.89515
4.91875
4.929425
4.937925
4.940225
4.954925
4.9637
4.9829
4.986025
4.99485
4.99545
5.000075
5.015
5.0231
5.024
5.03805
5.0488
5.061175
5.06315
5.092825
5.100725
5.130475
5.1337
5.1765
5.179575
5.191025
5.2323
5.235325
5.253425
5.2647
5.28495
5.2855
5.286275
5.29085
5.3161
5.328875
5.33195
5.333225
5.3358
5.343125
5.380275
5.386075
5.387275
5.4434
5.4565
5.4725
5.480275
5.4921
5.5044
5.513525
5.52335
5.523575
5.525525
5.5264
5.528125
5.5305
5.53805
5.5469
5.552375
5.5753
5.5801
5.58175
5.587425
5.588
5.597375
5.613175
5.625725
5.636575
5.642875
5.68535
5.72315
5.758875
5.80245
5.80275
5.8111
5.8134
5.83145
5.83575
5.839825
5.847375
5.85155
5.87975
5.88125
5.8831
5.8878
5.89185
5.8941
5.89545
5.9004
5.914425
5.91465
5.921975
5.972325
5.977575
5.982525
5.9836
5.99855
6.016475
6.0398
6.06275
6.1002
6.109575
6.1156
6.11665
6.117075
6.1297
6.132225
6.13735
6.139825
6.14045
6.1676
6.2049
6.210275
6.21045
6.21105
6.2298
6.240825
6.24445
6.2628
6.28795
6.304425
6.412225
6.41305
6.4187
6.428825
6.43325
6.43825
6.439175
6.43995
6.4401
6.447875
6.4551
6.4577
6.463375
6.46595
6.494325
6.5037
6.50425
6.52535
6.55745
6.563125
6.56855
6.571425
6.5767
6.57935
6.585675
6.603525
6.612075
6.632375
6.6446
6.70295
6.708475
6.73635
6.737325
6.7495
6.763325
6.768525
6.772725
6.782125
6.78575
6.7907
6.791025
6.804175
6.8166
6.82585
6.8409
6.847125
6.849875
6.851425
6.85335
6.855275
6.861325
6.888725
6.909425
6.917325
6.922775
6.92445
6.947575
6.949075
6.95785
6.987075
7.001175
7.018325
7.0185
7.025675
7.028
7.036275
7.0415
7.0445
7.055
7.0877
7.09795
7.115275
7.12025
7.121275
7.125725
7.13445
7.15295
7.20595
7.206425
7.218525
7.23115
7.254025
7.27795
7.31955
7.3196
7.326925
7.34125
7.3428
7.34665
7.36305
7.363925
7.371825
7.373075
7.385925
7.391425
7.395675
7.401925
7.440925
7.4416
7.44835
7.48705
7.49455
7.504675
7.5072
7.508
7.5221
7.570325
7.600925
7.60185
7.6044
7.6224
7.628725
7.635925
7.638175
7.643
7.6484
7.6573
7.666075
7.6679
7.674925
7.68485
7.72085
7.723425
7.736625
7.7501
7.753425
7.785775
7.7978
7.83845
7.9013
7.912425
7.926375
7.936525
7.944925
7.95375
7.963975
7.982225
7.989325
7.990575
7.992175
8.01325
8.029875
8.062875
8.0706
8.096825
8.102725
8.111625
8.13255
8.164625
8.1718
8.17675
8.18135
8.1873
8.20515
8.20985
8.210975
8.2116
8.2158
8.223125
8.22715
8.232125
8.2322
8.241175
8.24485
8.251625
8.25725
8.259025
8.273875
8.28715
8.287525
8.2981
8.300375
8.302625
8.313325
8.316975
8.317225
8.3344
8.3366
8.3642
8.365
8.384875
8.43335
8.435525
8.44965
8.455925
8.4714
8.504675
8.506125
8.5082
8.5161
8.5231
8.534425
8.536925
8.5441
8.548225
8.55435
8.556325
8.5599
8.570075
8.5769
8.58925
8.604375
8.608175
8.615775
8.626225
8.63425
8.63825
8.66
8.6688
8.692
8.69265
8.697725
8.69975
8.710025
8.739875
8.753975
8.7647
8.775475
8.803725
8.805675
8.806575
8.809175
8.81235
8.823475
8.8249
8.8318
8.8349
8.8413
8.8447
8.85245
8.857425
8.865175
8.867875
8.871375
8.901825
8.9045
8.924925
8.945075
8.963175
8.979475
8.99115
8.993725
8.996425
8.999025
9.001475
9.0196
9.020425
9.030925
9.04725
9.09825
796
