0.1078
0.1155
0.119925
0.12115
0.122525
0.1239
0.1336
0.133875
0.149325
0.15715
0.158975
0.1595
0.173
0.176275
0.2208
0.23085
0.24265
0.257225
0.2779
0.283325
0.294175
0.306075
0.33075
0.342
0.3495
0.366575
0.4009
0.403025
0.40945
0.4219
0.4235
0.424475
0.4291
0.429375
0.4337
0.437025
0.442475
0.44655
0.44675
0.4711
0.52335
0.52415
0.541775
0.5542
0.555475
0.572025
0.57995
0.591
0.613175
0.618175
0.638625
0.650875
0.65275
0.6721
0.681975
0.702425
0.702475
0.705975
0.708625
0.709175
0.7191
0.719675
0.7204
0.731975
0.738575
0.741425
0.7792
0.803425
0.81285
0.836875
0.855625
0.88395
0.88575
0.887
0.8877
0.89105
0.8981
0.9076
0.977725
1.00445
1.0111
1.016775
1.02005
1.021375
1.024875
1.028025
1.04035
1.05585
1.078325
1.0791
1.0892
1.09695
1.09935
1.106225
1.138075
1.232325
1.2349
1.301925
1.306075
1.325575
1.35615
1.3682
1.37095
1.371575
1.3747
1.3841
1.39005
1.3917
1.39245
1.398975
1.404425
1.43185
1.432775
1.435925
1.44645
1.450025
1.45405
1.47395
1.478075
1.5001
1.504675
1.553175
1.556775
1.570725
1.573325
1.600575
1.607525
1.6151
1.62145
1.6346
1.63945
1.639725
1.641175
1.6414
1.6607
1.664325
1.683675
1.6839
1.6945
1.699775
1.7011
1.70795
1.7601
1.795075
1.81275
1.822575
1.833925
1.84865
1.87145
1.874275
1.885375
1.9094
1.92085
1.926925
1.929075
1.931175
1.9476
1.950725
1.969875
1.9747
1.97765
1.983875
1.98485
1.985325
1.999875
2.007175
2.015
2.018675
2.0215
2.02535
2.04685
2.052475
2.0599
2.067425
2.090625
2.0925
2.09785
2.108925
2.123425
2.12465
2.14275
2.203
2.20875
2.21045
2.22165
2.228625
2.2508
2.25305
2.260075
2.2637
2.269575
2.27495
2.2765
2.276575
2.2816
2.284825
2.307625
2.315875
2.330975
2.349925
2.35595
2.37135
2.371875
2.38875
2.396775
2.397175
2.3994
2.45035
2.452675
2.5091
2.51955
2.5261
2.527625
2.53455
2.5415
2.548575
2.563225
2.5925
2.600825
2.60255
2.6037
2.61675
2.620425
2.6225
2.622675
2.631025
2.63685
2.649
2.65525
2.6685
2.67995
2.68565
2.702525
2.76745
2.839425
2.842375
2.8453
2.84575
2.8476
2.85175
2.8593
2.87165
2.882175
2.88715
2.8999
2.925075
2.947475
2.9611
2.97615
3.02975
3.0463
3.0609
3.065
3.100475
3.105575
3.1069
3.126425
3.142
3.1492
3.151175
3.154975
3.156125
3.167175
3.1835
3.191775
3.197475
3.202275
3.220375
3.229725
3.230525
3.238075
3.239575
3.2436
3.312625
3.3235
3.337225
3.365075
3.38695
3.388425
3.40135
3.402225
3.404725
3.409675
3.409875
3.409925
3.4135
3.415575
3.416975
3.4209
3.429275
3.431325
3.435425
3.448075
3.451
3.46855
3.50495
3.525825
3.5285
3.532875
3.548125
3.55935
3.5766
3.59955
3.609925
3.614275
3.629925
3.651275
3.652675
3.692275
3.7067
3.73985
3.74175
3.745725
3.74815
3.750875
3.754575
3.763675
3.7744
3.776225
3.7918
3.795
3.8008
3.8054
3.807075
3.815475
3.815825
3.818825
3.822475
3.826175
3.836325
3.841775
3.857
3.857475
3.871225
3.876825
3.885625
3.9232
3.947775
3.967575
3.9771
3.978525
4.0002
4.0139
4.020925
4.022075
4.0243
4.0269
4.035525
4.042475
4.044075
4.049125
4.050725
4.0546
4.056
4.084275
4.089125
4.095525
4.0976
4.118675
4.1218
4.12985
4.139175
4.14145
4.147525
4.15
4.1596
4.1662
4.16815
4.17165
4.172675
4.210725
4.225025
4.236125
4.240925
4.272475
4.27495
4.2972
4.302825
4.3098
4.310625
4.31235
4.31285
4.315375
4.32335
4.32655
4.3316
4.334425
4.342225
4.347725
4.360075
4.361775
4.374075
4.390625
4.396075
4.40185
4.404425
4.4151
4.4395
4.442725
4.44275
4.457225
4.4702
4.47215
4.476525
4.4785
4.4792
4.48405
4.492975
4.4931
4.5365
4.5507
4.5722
4.58055
4.599325
4.602425
4.608675
4.6133
4.616225
4.621325
4.629775
4.6396
4.64665
4.668175
4.6707
4.67275
4.69
4.70775
4.74615
4.77635
4.78665
4.8232
4.847575
4.862
4.864
4.886225
4.886575
4.9013
4.910925
4.917575
4.9189
4.91925
4.924125
4.933475
4.94755
4.96065
4.9655
4.974325
4.975775
4.97955
4.99945
5.004175
5.005025
5.0068
5.012875
5.0237
5.046625
5.061775
5.07135
5.0716
5.076175
5.081025
5.113475
5.178
5.185525
5.195825
5.200275
5.202675
5.2063
5.229
5.2309
5.236875
5.2416
5.244625
5.24915
5.2604
5.260675
5.27075
5.272725
5.2737
5.28805
5.30415
5.30745
5.3145
5.3293
5.3399
5.359175
5.400275
5.415725
5.416275
5.4619
5.4648
5.4661
5.4888
5.5135
5.51595
5.5225
5.5388
5.541575
5.5441
5.547425
5.549375
5.568975
5.587525
5.590775
5.598325
5.59865
5.6052
5.616525
5.61815
5.6225
5.631425
5.636025
5.701175
5.7069
5.7116
5.7533
5.75415
5.773525
5.81915
5.82405
5.856825
5.858775
5.859775
5.875775
5.884
5.89215
5.893675
5.90685
5.908175
5.9112
5.9137
5.9306
5.9339
5.97055
5.98025
5.992575
6.009
6.020075
6.025125
6.035625
6.0527
6.05475
6.057675
6.0936
6.1
6.108275
6.109625
6.11465
6.128325
6.1423
6.15495
6.169475
6.17065
6.182075
6.1847
6.19735
6.213775
6.2162
6.22185
6.2364
6.240525
6.2518
6.253925
6.255975
6.256175
6.294275
6.299025
6.332675
6.34365
6.34975
6.3521
6.376
6.407825
6.407875
6.415075
6.42285
6.42485
6.4346
6.443675
6.4499
6.45735
6.4606
6.48365
6.488025
6.5025
6.514025
6.53495
6.54725
6.547375
6.555825
6.563525
6.57315
6.58865
6.595475
6.6235
6.632975
6.6513
6.7068
6.70885
6.71005
6.7188
6.719675
6.74495
6.745525
6.783825
6.78665
6.78705
6.793475
6.7957
6.79895
6.8136
6.814225
6.839675
6.8455
6.8574
6.87065
6.877575
6.908775
6.944525
6.954275
6.9733
7.00085
7.00865
7.012525
7.0191
7.025475
7.027625
7.043775
7.044525
7.049
7.052925
7.057725
7.0639
7.065025
7.081725
7.114275
7.120225
7.1226
7.129
7.130625
7.151975
7.15385
7.2113
7.249825
7.254675
7.26425
7.2718
7.285825
7.288325
7.306525
7.307675
7.311175
7.312775
7.313725
7.316475
7.31735
7.33835
7.342525
7.37245
7.3817
7.394125
7.39545
7.407775
7.42565
7.445575
7.48335
7.49065
7.522025
7.528425
7.531775
7.55295
7.569875
7.571725
7.6018
7.608625
7.61595
7.616
7.6172
7.628625
7.62885
7.631375
7.637375
7.67365
7.673975
7.678175
7.68165
7.691
7.6958
7.715175
7.72735
7.75725
7.800525
7.8545
7.87155
7.900325
7.906275
7.910075
7.917575
7.931175
7.9318
7.931925
7.938275
7.939025
7.94025
7.963775
7.96725
7.971225
7.982325
7.99415
8.018925
8.022825
8.024325
8.0758
8.088025
8.1758
8.18935
8.201925
8.205225
8.205375
8.209475
8.224125
8.262875
8.2659
8.2716
8.275425
8.282875
8.29175
8.300925
8.3111
8.312275
8.320075
8.32145
8.33585
8.351875
8.3588
8.3709
8.385175
8.39765
8.4132
8.486825
8.495925
8.5042
8.5299
8.53085
8.542775
8.5645
8.569375
8.58915
8.604475
8.6056
8.629625
8.632025
8.646375
8.648925
8.654325
8.6874
8.688725
8.7043
8.71075
8.729425
8.745875
8.7696
8.771725
8.794525
8.8007
8.81055
8.845575
8.854325
8.85545
8.857975
8.867825
8.8701
8.9
8.908975
8.9315
8.93645
8.954675
8.958825
8.999275
8.999625
9.003725
9.01105
9.018625
9.03275
9.033625
9.0411
786
