0.083325
0.10375
0.11365
0.12735
0.1289
0.132
0.14135
0.1423
0.14255
0.145775
0.149175
0.150375
0.162525
0.163925
0.167825
0.1694
0.1865
0.18815
0.2002
0.203525
0.225475
0.2635
0.282625
0.338975
0.35345
0.3751
0.382025
0.3859
0.42065
0.4281
0.435775
0.437875
0.441425
0.447625
0.4563
0.462875
0.47645
0.483125
0.48335
0.503625
0.51445
0.51515
0.518375
0.5287
0.5391
0.54485
0.550275
0.57115
0.576225
0.5844
0.5898
0.601175
0.621125
0.6224
0.636575
0.6705
0.6809
0.704625
0.70585
0.707
0.72365
0.728875
0.733575
0.734025
0.7424
0.746275
0.7596
0.76225
0.76535
0.76905
0.776275
0.79475
0.820075
0.8212
0.841825
0.848875
0.8566
0.860725
0.86375
0.870075
0.87105
0.8749
0.911925
0.941375
0.954175
0.956375
0.967125
0.973925
0.98105
1.000975
1.01255
1.019875
1.028725
1.04015
1.04935
1.050375
1.053825
1.054775
1.056275
1.067675
1.0779
1.0889
1.099425
1.110425
1.175
1.19855
1.2539
1.2606
1.30395
1.304725
1.3084
1.308925
1.322875
1.33205
1.345125
1.358825
1.36135
1.384575
1.4036
1.41015
1.431425
1.436
1.437225
1.4429
1.459925
1.5069
1.52345
1.565175
1.586325
1.60405
1.615
1.616125
1.6198
1.63095
1.6439
1.64465
1.647075
1.64765
1.67725
1.680375
1.68535
1.688175
1.688275
1.688975
1.691475
1.692625
1.702575
1.70595
1.712825
1.714625
1.715575
1.717825
1.72645
1.731025
1.744875
1.768925
1.7694
1.793
1.796525
1.81315
1.8995
1.903775
1.9056
1.9098
1.92005
1.924825
1.940325
1.9484
1.958675
1.969475
1.974725
1.99255
2.02735
2.031275
2.038225
2.043475
2.05805
2.066
2.0801
2.097825
2.09965
2.111725
2.114575
2.118125
2.13135
2.1616
2.181725
2.19135
2.205725
2.208975
2.211375
2.2131
2.219525
2.229375
2.237975
2.242025
2.255575
2.2607
2.283725
2.2916
2.3161
2.372125
2.37425
2.374925
2.379275
2.379625
2.40285
2.443075
2.473125
2.482925
2.505625
2.507275
2.50815
2.518025
2.52335
2.52525
2.525325
2.526225
2.526825
2.544225
2.591325
2.612925
2.635425
2.644825
2.645925
2.65565
2.668375
2.67905
2.773025
2.77775
2.80335
2.807625
2.81995
2.8203
2.8225
2.82265
2.8316
2.83415
2.840825
2.84575
2.87855
2.911325
2.91625
2.91945
2.95255
2.95475
2.9572
2.984825
2.9874
3.00515
3.024675
3.024775
3.03005
3.05195
3.110575
3.111
3.118
3.119975
3.129725
3.1589
3.17525
3.176575
3.180325
3.186825
3.19465
3.21105
3.2126
3.246025
3.2465
3.262625
3.26265
3.26765
3.279275
3.286425
3.318175
3.331175
3.34435
3.3491
3.3541
3.403725
3.4117
3.417475
3.4279
3.438875
3.44165
3.453975
3.478125
3.47885
3.4845
3.484525
3.494475
3.511575
3.511775
3.5207
3.530775
3.548725
3.550475
3.5643
3.586725
3.59125
3.59155
3.640925
3.641725
3.6565
3.6855
3.689825
3.702725
3.705625
3.71225
3.714075
3.71625
3.723825
3.734575
3.734925
3.75215
3.7541
3.7576
3.792375
3.79995
3.808825
3.82165
3.822775
3.83415
3.864675
3.8729
3.966925
3.994375
4.006575
4.009725
4.01025
4.01955
4.021625
4.02615
4.029325
4.054875
4.056325
4.06795
4.0747
4.0808
4.0842
4.095125
4.117325
4.130575
4.152325
4.175975
4.196025
4.197625
4.21235
4.237125
4.2474
4.248675
4.272625
4.280825
4.2819
4.3006
4.32575
4.330275
4.334025
4.345925
4.3732
4.375525
4.3765
4.378125
4.379825
4.385675
4.397275
4.4169
4.422925
4.441625
4.5094
4.53365
4.563275
4.600475
4.60285
4.609275
4.6099
4.611475
4.61515
4.617275
4.619525
4.6265
4.627475
4.630375
4.63495
4.6411
4.64235
4.64945
4.650925
4.65745
4.66245
4.666225
4.67535
4.689
4.731075
4.734725
4.735425
4.748225
4.784475
4.7887
4.792575
4.79425
4.797725
4.804975
4.814775
4.8195
4.8318
4.855175
4.88215
4.884125
4.90325
4.906475
4.9093
4.91505
4.91665
4.924725
4.927025
4.92705
4.93805
4.938125
4.945025
4.9529
4.956275
4.961325
4.9856
4.990175
4.996825
5.0
5.00475
5.0088
5.01115
5.075425
5.08245
5.107925
5.121125
5.127275
5.135025
5.160475
5.1846
5.2021
5.20415
5.214425
5.224875
5.2297
5.2347
5.236425
5.23725
5.24475
5.262475
5.263825
5.266325
5.2786
5.28335
5.298125
5.304225
5.3048
5.319325
5.332975
5.345425
5.360025
5.364425
5.367
5.375425
5.448525
5.490925
5.514925
5.516225
5.5259
5.532575
5.5403
5.559525
5.569075
5.5736
5.58585
5.586625
5.596775
5.602775
5.60995
5.61455
5.627225
5.637025
5.63895
5.651775
5.66755
5.669375
5.67345
5.68705
5.72045
5.73935
5.747925
5.757775
5.77945
5.79925
5.80075
5.813025
5.814575
5.82205
5.8239
5.824375
5.837625
5.84135
5.86055
5.912625
5.92875
5.9293
5.938325
5.9384
5.939075
5.948925
5.9577
5.962975
5.9772
5.985625
6.01535
6.048925
6.0607
6.0835
6.103225
6.106225
6.12685
6.1313
6.136225
6.140125
6.200475
6.222325
6.2408
6.24685
6.253525
6.2578
6.30075
6.30365
6.312
6.316125
6.321375
6.3236
6.355575
6.402975
6.4215
6.42535
6.425975
6.426175
6.428825
6.43545
6.43815
6.457525
6.479525
6.479975
6.481325
6.491075
6.50775
6.5146
6.52825
6.538675
6.5486
6.603675
6.606775
6.652675
6.720425
6.724975
6.7274
6.734
6.755975
6.78565
6.802475
6.8051
6.807725
6.823125
6.83815
6.857725
6.902675
6.907675
6.913475
6.921625
6.93285
6.9516
6.956625
6.972325
6.987
7.01545
7.01975
7.036875
7.0443
7.05095
7.057475
7.0697
7.09
7.10575
7.10625
7.10705
7.118775
7.1344
7.138575
7.1469
7.155025
7.1831
7.21625
7.252425
7.262275
7.263175
7.273
7.32525
7.32635
7.333575
7.338425
7.341125
7.350725
7.3569
7.358425
7.3608
7.365225
7.36855
7.3715
7.382025
7.4003
7.401525
7.401575
7.416225
7.428175
7.433325
7.43975
7.444975
7.446675
7.4488
7.460375
7.4647
7.48485
7.533525
7.566775
7.612875
7.6207
7.621825
7.622925
7.623025
7.628175
7.631825
7.639
7.6472
7.648575
7.654475
7.6588
7.65915
7.66055
7.668875
7.672325
7.693225
7.6947
7.6956
7.6977
7.698475
7.700075
7.70355
7.705975
7.708225
7.725025
7.741675
7.757375
7.807625
7.814425
7.82005
7.822075
7.834725
7.8651
7.898075
7.9007
7.90405
7.904525
7.9098
7.9486
7.9632
7.97545
7.980325
7.98295
7.9974
8.029275
8.0378
8.037825
8.0478
8.052925
8.05845
8.08295
8.1159
8.1265
8.127075
8.129475
8.1537
8.181875
8.212725
8.218325
8.2253
8.227
8.232875
8.238925
8.239975
8.25795
8.2858
8.298775
8.30105
8.304
8.3115
8.334
8.335225
8.3463
8.3488
8.352125
8.3627
8.368
8.381225
8.413475
8.4328
8.44275
8.446075
8.4687
8.5021
8.514125
8.5188
8.5212
8.523
8.53645
8.53675
8.550525
8.55515
8.566325
8.56635
8.582975
8.621975
8.6471
8.677625
8.69485
8.6978
8.7005
8.704175
8.737375
8.747925
8.760825
8.784575
8.800425
8.81745
8.820425
8.82075
8.826675
8.8302
8.8344
8.845875
8.855825
8.863475
8.864475
8.864625
8.8777
8.891075
8.910375
8.920525
8.939225
8.954325
8.9703
8.9725
8.973475
8.974175
8.999825
9.00685
9.0879
759
