0.1002
0.111525
0.112
0.117125
0.124725
0.12795
0.129725
0.133425
0.15815
0.183125
0.191425
0.19145
0.1918
0.20155
0.202375
0.207
0.224925
0.236425
0.2882
0.30285
0.3167
0.3615
0.370725
0.402775
0.425025
0.4255
0.4327
0.436075
0.470575
0.4747
0.475925
0.485425
0.48875
0.493225
0.503775
0.51935
0.5205
0.522025
0.52765
0.533
0.546125
0.5505
0.5509
0.55765
0.570625
0.5913
0.602525
0.602775
0.604275
0.6271
0.635
0.642325
0.64575
0.656625
0.664175
0.6676
0.70095
0.703375
0.704675
0.712875
0.715425
0.7218
0.72405
0.73035
0.730725
0.750225
0.79445
0.7968
0.827525
0.82895
0.831025
0.857825
0.861975
0.872725
0.9208
0.9409
0.96225
0.9698
0.97355
0.9853
1.001575
1.00595
1.006025
1.025525
1.02785
1.029775
1.032175
1.033275
1.034225
1.035625
1.05475
1.070675
1.07555
1.0756
1.080975
1.090175
1.11425
1.12685
1.128975
1.130025
1.13425
1.1369
1.140525
1.1608
1.192475
1.218175
1.22175
1.274775
1.303375
1.32255
1.329125
1.3297
1.33055
1.33995
1.3421
1.35055
1.3593
1.363975
1.365175
1.40615
1.4265
1.434325
1.437775
1.451125
1.501225
1.520575
1.52745
1.54545
1.555225
1.576675
1.60115
1.60905
1.613075
1.627325
1.6303
1.64145
1.655025
1.66045
1.673975
1.681075
1.682475
1.692975
1.697325
1.71005
1.720775
1.722325
1.72815
1.746475
1.763525
1.77285
1.7755
1.7883
1.80095
1.804225
1.80955
1.809925
1.878475
1.9031
1.90385
1.914075
1.9164
1.948775
1.977025
1.985275
1.986175
1.9881
2.03655
2.0523
2.05725
2.082425
2.0889
2.123925
2.12545
2.1304
2.158375
2.2047
2.21395
2.216425
2.231825
2.232525
2.2326
2.232825
2.250775
2.251025
2.257825
2.2585
2.290775
2.304475
2.322775
2.330625
2.33505
2.3504
2.3596
2.3784
2.384475
2.4359
2.479425
2.486025
2.51095
2.511
2.5118
2.523625
2.5281
2.5282
2.528675
2.5444
2.545975
2.555425
2.556575
2.559075
2.562875
2.5812
2.58565
2.604225
2.618
2.6515
2.6868
2.6925
2.6943
2.6946
2.711425
2.729625
2.7491
2.7532
2.757975
2.7724
2.802125
2.8026
2.8051
2.805225
2.811525
2.8224
2.830925
2.838525
2.8442
2.87435
2.879225
2.88205
2.885
2.89345
2.894975
2.920875
2.92355
2.93105
2.93305
2.9871
2.9999
3.007075
3.0112
3.047375
3.0504
3.0509
3.05665
3.058025
3.10175
3.115075
3.135975
3.138275
3.140025
3.1491
3.1492
3.1548
3.1703
3.17315
3.199375
3.203675
3.20815
3.210125
3.229575
3.236275
3.243275
3.25435
3.27765
3.283425
3.311425
3.324325
3.351025
3.37475
3.38745
3.4031
3.40425
3.413925
3.415225
3.419725
3.431225
3.43535
3.4354
3.4478
3.451925
3.463125
3.47305
3.488275
3.489775
3.4999
3.529675
3.549575
3.559525
3.559825
3.56405
3.570125
3.575175
3.583625
3.600575
3.6213
3.628125
3.6952
3.707475
3.7078
3.70895
3.72325
3.7289
3.73025
3.740025
3.780925
3.791925
3.798825
3.801325
3.813325
3.816875
3.820225
3.8246
3.848975
3.85465
3.86525
3.86725
3.884275
3.8881
3.900575
3.9047
3.95045
3.977075
3.9808
4.01785
4.018925
4.024325
4.0248
4.027875
4.02805
4.046825
4.047675
4.0533
4.056025
4.0672
4.068575
4.06885
4.079175
4.088475
4.103025
4.10385
4.14045
4.14285
4.162725
4.17695
4.179775
4.199875
4.2084
4.21735
4.228325
4.23375
4.244275
4.2873
4.300825
4.302925
4.31425
4.315125
4.32335
4.327525
4.327725
4.330525
4.334475
4.339125
4.346425
4.34725
4.3507
4.352225
4.35525
4.355825
4.3587
4.35985
4.3659
4.37865
4.38345
4.38575
4.3948
4.4033
4.4091
4.41565
4.430675
4.433475
4.436125
4.4583
4.465425
4.473875
4.5365
4.54175
4.560025
4.60155
4.607
4.61205
4.6148
4.6262
4.6294
4.64165
4.6519
4.6534
4.654775
4.658975
4.6633
4.668825
4.680925
4.684625
4.6881
4.762075
4.79015
4.7904
4.81805
4.8405
4.867325
4.902325
4.90315
4.914925
4.9176
4.919875
4.92455
4.925525
4.93075
4.948425
4.951975
4.97815
4.981675
5.008325
5.0116
5.01235
5.02145
5.0541
5.058975
5.064425
5.069475
5.104125
5.1451
5.162125
5.180775
5.204325
5.2069
5.211875
5.222975
5.227575
5.229475
5.23355
5.24755
5.257725
5.268175
5.272025
5.28425
5.285525
5.28855
5.298425
5.327225
5.340375
5.372475
5.37365
5.373725
5.38215
5.384375
5.38695
5.42245
5.478325
5.48345
5.48515
5.50115
5.50445
5.5065
5.513525
5.514625
5.5235
5.5246
5.529475
5.5332
5.54
5.554
5.563275
5.56565
5.5659
5.572725
5.57415
5.587325
5.5945
5.59525
5.5975
5.6063
5.60795
5.610375
5.613275
5.624425
5.629975
5.632275
5.635825
5.64155
5.642025
5.65675
5.712275
5.74955
5.75445
5.77405
5.779075
5.800925
5.812925
5.8162
5.8194
5.837275
5.8479
5.852425
5.866975
5.8701
5.8805
5.881175
5.8976
5.899
5.915625
5.91755
5.918625
5.91965
5.920875
5.930325
6.01215
6.0603
6.082825
6.104375
6.1105
6.112325
6.1194
6.129425
6.132375
6.1486
6.160475
6.19065
6.206775
6.22935
6.28955
6.329425
6.359375
6.370525
6.40615
6.41635
6.421375
6.455275
6.45615
6.4589
6.474725
6.483175
6.486625
6.492725
6.495225
6.50165
6.53485
6.56065
6.59645
6.599525
6.6608
6.661275
6.664675
6.670325
6.677475
6.698925
6.700875
6.703875
6.704875
6.705475
6.711975
6.712225
6.71875
6.72145
6.728375
6.745425
6.752525
6.7706
6.7709
6.78025
6.80075
6.81525
6.82085
6.8223
6.8413
6.842475
6.8547
6.8569
6.867425
6.87535
6.876475
6.9396
6.97485
6.97615
6.981325
7.00015
7.00025
7.002325
7.004525
7.012575
7.0156
7.018975
7.02075
7.0257
7.04625
7.04985
7.051575
7.07105
7.087825
7.089125
7.09275
7.099675
7.1136
7.1185
7.167025
7.1671
7.172575
7.174425
7.194825
7.234375
7.23915
7.25265
7.27115
7.30025
7.301975
7.30435
7.31055
7.315525
7.330425
7.3368
7.33765
7.3457
7.350775
7.3537
7.36365
7.379675
7.380625
7.3855
7.390925
7.397875
7.408775
7.4191
7.427625
7.452525
7.47105
7.472775
7.541125
7.54315
7.614775
7.623375
7.625225
7.6333
7.63675
7.6423
7.64375
7.64755
7.659425
7.6612
7.6738
7.70035
7.718925
7.721175
7.722525
7.73015
7.783575
7.803125
7.845
7.849575
7.865125
7.9014
7.903875
7.90565
7.914725
7.948125
7.95155
7.964675
7.9736
7.983375
7.99285
8.021475
8.02515
8.027925
8.043925
8.046175
8.093475
8.11875
8.13135
8.13295
8.135575
8.13575
8.18215
8.19065
8.238975
8.2414
8.248325
8.255875
8.258725
8.26985
8.275475
8.277175
8.30295
8.306475
8.31215
8.313275
8.321325
8.325475
8.325925
8.326025
8.335775
8.36865
8.395975
8.435175
8.446575
8.459
8.466275
8.4766
8.50395
8.509625
8.51335
8.5141
8.5282
8.555275
8.570025
8.579625
8.60295
8.622825
8.647725
8.695575
8.70895
8.709775
8.7158
8.796625
8.8141
8.81725
8.818925
8.827875
8.83115
8.856575
8.863675
8.868225
8.8793
8.8887
8.895075
8.904225
8.914025
8.93545
8.93965
8.959225
8.971025
9.00015
9.0105
9.049825
9.056925
9.07835
752
