0.1063
0.107
0.112825
0.1211
0.12185
0.127325
0.13805
0.14385
0.145325
0.14565
0.145725
0.173575
0.17945
0.20145
0.2021
0.218475
0.235775
0.243525
0.244925
0.254175
0.258725
0.2771
0.2793
0.32965
0.33545
0.34445
0.367175
0.40085
0.4022
0.41845
0.42045
0.42415
0.457175
0.46395
0.4662
0.47465
0.4762
0.485525
0.505925
0.51905
0.523175
0.588475
0.593825
0.60725
0.65295
0.660325
0.673275
0.680175
0.70275
0.704225
0.704575
0.7118
0.71475
0.716825
0.719
0.719325
0.721675
0.738675
0.748525
0.750175
0.754125
0.7612
0.7657
0.779175
0.78295
0.7855
0.785825
0.796575
0.8942
0.907475
0.91155
0.9239
0.92795
0.932525
0.945525
0.951425
0.96095
0.994125
1.000625
1.00485
1.005725
1.00865
1.028025
1.041325
1.04375
1.0491
1.051225
1.053675
1.055075
1.060675
1.0699
1.0744
1.09175
1.098175
1.100225
1.14005
1.1599
1.186775
1.18755
1.236325
1.2516
1.284325
1.28895
1.298825
1.299975
1.333725
1.3466
1.356625
1.357325
1.357775
1.3627
1.3721
1.38025
1.380875
1.384975
1.389825
1.394075
1.395325
1.39645
1.397375
1.399825
1.403725
1.405125
1.410825
1.4149
1.425175
1.43265
1.4395
1.439625
1.459775
1.4808
1.485375
1.500075
1.5337
1.565225
1.5956
1.60585
1.607225
1.608325
1.610675
1.61225
1.616675
1.6188
1.622275
1.623325
1.625925
1.6276
1.62905
1.630175
1.6496
1.653725
1.665775
1.6718
1.674925
1.684325
1.68715
1.69785
1.7007
1.70245
1.702925
1.703075
1.715025
1.742025
1.742375
1.749
1.76265
1.7729
1.823925
1.879775
1.906225
1.913525
1.9164
1.931025
1.9335
1.945
1.957925
1.959
1.973075
1.978075
1.9881
1.988475
1.990025
1.992525
1.99445
1.9971
2.003725
2.011875
2.04285
2.043
2.054275
2.061125
2.09535
2.108075
2.1465
2.1813
2.183
2.196375
2.2102
2.2113
2.211325
2.213425
2.21705
2.217975
2.223425
2.22635
2.232225
2.242825
2.246
2.24685
2.25005
2.252175
2.261025
2.297325
2.2996
2.30535
2.31
2.315375
2.3303
2.332225
2.33365
2.354425
2.397975
2.424425
2.43355
2.447525
2.491925
2.503375
2.509425
2.5187
2.523925
2.52815
2.53005
2.531
2.543575
2.5447
2.553725
2.562225
2.577525
2.579125
2.5903
2.60995
2.63425
2.643525
2.64405
2.694025
2.69805
2.70135
2.738525
2.75475
2.7647
2.7703
2.803075
2.813875
2.822025
2.825875
2.8275
2.832375
2.8334
2.837575
2.840525
2.84385
2.845625
2.8678
2.87445
2.87685
2.87855
2.914
2.935575
2.93835
2.948125
2.963025
2.965725
2.978075
3.0794
3.090125
3.130425
3.132375
3.138975
3.151925
3.15525
3.1579
3.17075
3.18115
3.1899
3.1902
3.19105
3.19175
3.192275
3.208525
3.22595
3.22625
3.230975
3.236675
3.256475
3.261425
3.266375
3.302
3.302775
3.3075
3.30995
3.31455
3.3227
3.3448
3.346425
3.353925
3.38155
3.400125
3.405375
3.412525
3.41275
3.41495
3.415
3.420475
3.451175
3.4623
3.468075
3.481925
3.482375
3.49285
3.4959
3.4966
3.505125
3.5134
3.517125
3.54135
3.54935
3.55685
3.586925
3.587725
3.6057
3.654325
3.697225
3.722375
3.737975
3.74105
3.741125
3.752975
3.753275
3.77665
3.779075
3.782675
3.789525
3.7939
3.8012
3.810175
3.8161
3.819475
3.8485
3.86835
3.87465
3.91545
3.9277
3.932125
3.95545
3.99665
4.001425
4.0092
4.012075
4.014625
4.016025
4.0164
4.0232
4.0302
4.03595
4.039025
4.051225
4.05835
4.062625
4.06745
4.0789
4.0929
4.0942
4.09615
4.1027
4.105025
4.10565
4.117425
4.120825
4.12705
4.134975
4.14075
4.144625
4.14915
4.163325
4.172675
4.1882
4.207775
4.23995
4.253325
4.275225
4.303375
4.31495
4.3261
4.32905
4.33285
4.340625
4.3412
4.34395
4.345925
4.3477
4.3509
4.3568
4.3626
4.37175
4.39395
4.430375
4.45305
4.46005
4.46205
4.46985
4.476925
4.49125
4.5148
4.604975
4.608525
4.610775
4.619475
4.65105
4.65575
4.660125
4.663325
4.67055
4.677325
4.69715
4.70715
4.70805
4.71015
4.7181
4.72825
4.7478
4.766075
4.7734
4.82715
4.87285
4.9032
4.91645
4.925575
4.93045
4.93785
4.941
4.947575
4.953225
4.954225
4.970375
4.971825
4.979975
4.98105
4.993275
5.003325
5.006075
5.022025
5.02425
5.054875
5.069575
5.080475
5.0877
5.0974
5.1038
5.115225
5.119225
5.12025
5.12535
5.156425
5.2086
5.216325
5.216875
5.217625
5.235575
5.2389
5.252775
5.258075
5.26005
5.26305
5.284575
5.2932
5.321425
5.32175
5.332275
5.34915
5.357425
5.358125
5.36505
5.39905
5.423175
5.452525
5.4541
5.4744
5.50125
5.5073
5.5163
5.51735
5.517725
5.51815
5.530725
5.54245
5.543675
5.545825
5.553025
5.557475
5.5625
5.5652
5.5715
5.575775
5.599
5.599875
5.600125
5.602275
5.604275
5.607675
5.609975
5.6194
5.6359
5.6385
5.659725
5.6698
5.693775
5.6947
5.71065
5.713425
5.733775
5.74635
5.781825
5.795
5.81035
5.8239
5.829375
5.836725
5.85125
5.8528
5.8557
5.856975
5.861325
5.87175
5.8892
5.901125
5.9056
5.92615
5.927725
5.9452
5.947125
5.951675
5.9745
5.98325
6.05285
6.119525
6.126075
6.1509
6.1527
6.179075
6.1877
6.19245
6.208225
6.209425
6.21
6.216625
6.217875
6.2425
6.26695
6.267075
6.290325
6.290775
6.34785
6.385575
6.40075
6.40625
6.4097
6.426275
6.42905
6.430625
6.433325
6.448225
6.476725
6.484825
6.515925
6.5203
6.5217
6.526425
6.5718
6.578975
6.590475
6.5954
6.614825
6.635025
6.646375
6.672525
6.693375
6.70465
6.7121
6.721175
6.724425
6.747725
6.754225
6.759175
6.761975
6.775675
6.77815
6.77905
6.830675
6.832175
6.83895
6.8445
6.860425
6.8621
6.87465
6.891725
6.894275
6.896625
6.90045
6.914825
6.929475
6.965025
6.988125
7.00055
7.002825
7.0057
7.006
7.006475
7.012325
7.01675
7.016875
7.0194
7.02005
7.023825
7.043525
7.05495
7.076475
7.118525
7.121875
7.126825
7.14415
7.14655
7.147375
7.150975
7.163275
7.181075
7.1855
7.189925
7.19745
7.2117
7.235825
7.267125
7.270925
7.277325
7.301525
7.304525
7.31845
7.33845
7.342125
7.3464
7.373
7.37775
7.3863
7.38695
7.389075
7.39565
7.4057
7.40635
7.4364
7.45095
7.471425
7.4733
7.4969
7.520175
7.52045
7.549025
7.5672
7.568725
7.578025
7.58085
7.594925
7.600475
7.6079
7.613675
7.629375
7.6311
7.645025
7.645425
7.650675
7.653275
7.655175
7.661775
7.67015
7.695125
7.7004
7.702825
7.7116
7.7189
7.7191
7.7232
7.743925
7.75925
7.77905
7.79015
7.821975
7.9026
7.90385
7.9054
7.911
7.9121
7.952525
7.953625
7.96315
7.970875
7.978975
7.982525
7.99865
8.001575
8.010725
8.015625
8.037425
8.04855
8.0661
8.081475
8.083175
8.123375
8.155375
8.169275
8.213425
8.21345
8.2275
8.23725
8.238225
8.239775
8.24425
8.253975
8.254
8.2624
8.2738
8.27905
8.279975
8.291475
8.300225
8.32675
8.341925
8.3613
8.364125
8.3647
8.36865
8.38105
8.3908
8.398675
8.424575
8.447125
8.448975
8.470975
8.4745
8.503975
8.512875
8.52625
8.527025
8.537375
8.539625
8.5413
8.5485
8.54975
8.5547
8.5627
8.5645
8.56525
8.579475
8.59315
8.59565
8.60985
8.6379
8.651075
8.673125
8.674675
8.69305
8.700975
8.724075
8.744925
8.764625
8.769475
8.8118
8.814025
8.82045
8.84085
8.8443
8.849275
8.849875
8.862375
8.867275
8.8737
8.886125
8.906375
8.9099
8.913325
8.924575
8.925525
8.93415
8.944275
8.94675
8.9491
8.955475
8.9718
8.98215
9.0029
9.025825
9.0808
9.095175
800
