0.07885
0.10605
0.106825
0.10765
0.107725
0.1096
0.11
0.114175
0.11865
0.12435
0.14105
0.1475
0.15625
0.191725
0.197025
0.198875
0.20225
0.204
0.223825
0.22415
0.240725
0.246275
0.2463
0.24875
0.25295
0.2602
0.2831
0.297025
0.297675
0.3013
0.322825
0.3618
0.37075
0.38825
0.3891
0.4006
0.409875
0.420025
0.422125
0.4317
0.435825
0.4375
0.4406
0.45185
0.4569
0.473575
0.47635
0.4795
0.4876
0.48875
0.502475
0.519925
0.53945
0.5701
0.6347
0.691775
0.7091
0.710825
0.7178
0.71785
0.731
0.733625
0.745875
0.76825
0.774525
0.7807
0.79005
0.81
0.81165
0.81785
0.82625
0.8459
0.869625
0.87215
0.884175
0.88545
0.887275
0.905875
0.918675
0.938175
0.949275
0.9609
1.011425
1.012075
1.0171
1.0201
1.020725
1.032175
1.044525
1.055325
1.05565
1.059225
1.090675
1.094575
1.102875
1.104775
1.116975
1.118
1.1217
1.136425
1.1401
1.147325
1.158175
1.160425
1.160975
1.179975
1.1871
1.18755
1.19445
1.1975
1.200875
1.20255
1.24895
1.27635
1.31925
1.3193
1.32005
1.3313
1.354075
1.35615
1.35925
1.36515
1.393775
1.411925
1.428575
1.43
1.436725
1.43855
1.442625
1.4521
1.45625
1.464775
1.488275
1.509575
1.532625
1.548575
1.5616
1.602825
1.603475
1.608075
1.61465
1.615825
1.61925
1.6213
1.622575
1.6322
1.633425
1.638275
1.64805
1.652125
1.66905
1.683475
1.683925
1.6854
1.693625
1.7289
1.74445
1.7538
1.762
1.800075
1.820125
1.8253
1.869575
1.87395
1.87685
1.8799
1.885575
1.9014
1.9044
1.90505
1.9061
1.912425
1.921775
1.923
1.925525
1.935025
1.935675
1.9408
1.961425
1.98375
1.98785
1.997575
2.025275
2.025925
2.053875
2.054575
2.08685
2.102825
2.11295
2.11755
2.13935
2.157775
2.16075
2.192475
2.208575
2.221525
2.2254
2.23185
2.23985
2.2494
2.254625
2.25665
2.256725
2.263075
2.263775
2.268475
2.274225
2.277675
2.287025
2.291475
2.2926
2.305875
2.314775
2.32675
2.32815
2.34425
2.35095
2.3602
2.449325
2.460525
2.4837
2.4924
2.492725
2.506675
2.507125
2.513525
2.515625
2.526325
2.529075
2.529675
2.532825
2.5413
2.56435
2.564425
2.566475
2.569025
2.569725
2.573575
2.57415
2.58595
2.592625
2.609575
2.6333
2.635025
2.648825
2.659
2.6668
2.689825
2.694225
2.696425
2.69955
2.7441
2.7733
2.804625
2.818725
2.81935
2.819875
2.820775
2.827725
2.8278
2.852675
2.85575
2.865275
2.869425
2.888775
2.907575
2.920575
2.925275
2.93875
2.9651
2.967275
2.9697
2.984675
2.985775
3.001925
3.003
3.02445
3.03255
3.054825
3.056475
3.0582
3.104625
3.11295
3.1133
3.119025
3.121525
3.12365
3.1324
3.148675
3.15185
3.158075
3.159675
3.160025
3.16275
3.1635
3.168375
3.182225
3.2142
3.222475
3.230825
3.242325
3.279425
3.290025
3.2956
3.3383
3.399475
3.406575
3.413675
3.4159
3.43985
3.466925
3.47715
3.486525
3.49415
3.49715
3.5099
3.513075
3.523025
3.553875
3.563975
3.58445
3.607675
3.634075
3.6662
3.6811
3.685575
3.70595
3.707375
3.708425
3.70995
3.714275
3.719375
3.729
3.73545
3.739425
3.7413
3.741625
3.7478
3.764275
3.7823
3.783125
3.80755
3.80795
3.811275
3.821
3.8579
3.883325
3.88555
3.88715
3.8931
4.0197
4.0209
4.02375
4.0261
4.0262
4.03045
4.0522
4.0651
4.066275
4.0667
4.07625
4.07775
4.089125
4.096725
4.102625
4.11175
4.111825
4.124525
4.13095
4.17085
4.19115
4.196425
4.2013
4.227625
4.29545
4.307875
4.310125
4.324
4.326975
4.3302
4.3318
4.33245
4.333275
4.333675
4.349075
4.35735
4.3619
4.363675
4.363975
4.3698
4.3992
4.40135
4.40295
4.414525
4.425
4.435525
4.4584
4.47205
4.4893
4.544925
4.555975
4.568925
4.57225
4.59415
4.603525
4.606675
4.61255
4.61585
4.620975
4.628325
4.630325
4.63635
4.647125
4.660625
4.660725
4.66115
4.661975
4.67965
4.738
4.742825
4.751675
4.77735
4.7787
4.80295
4.81935
4.8537
4.868125
4.891175
4.90485
4.904925
4.92005
4.92315
4.923925
4.925375
4.9257
4.9268
4.930175
4.934425
4.940675
4.948125
4.957475
4.967875
4.973225
4.974775
4.9802
4.983475
4.9944
4.995625
5.036375
5.049925
5.07335
5.074075
5.0813
5.082825
5.088475
5.112175
5.1299
5.152125
5.1739
5.17655
5.1922
5.201775
5.2032
5.21195
5.243075
5.257275
5.26525
5.266325
5.267575
5.283675
5.302175
5.307525
5.30805
5.314925
5.32805
5.339
5.351475
5.35885
5.377625
5.385525
5.3861
5.408325
5.455925
5.45775
5.474525
5.4779
5.4792
5.4859
5.503575
5.5036
5.51665
5.5168
5.521875
5.528075
5.5408
5.542525
5.5438
5.544425
5.55285
5.554075
5.5546
5.55565
5.56685
5.579225
5.58175
5.586675
5.588025
5.62455
5.681
5.682
5.69865
5.70465
5.717025
5.72125
5.72505
5.7294
5.7512
5.754875
5.825425
5.8271
5.831325
5.8436
5.884575
5.900525
5.928525
5.94405
5.95155
5.9556
5.962625
5.972575
5.98635
5.989475
6.003025
6.026075
6.03375
6.0421
6.0464
6.103825
6.113725
6.11695
6.1173
6.130075
6.131025
6.134975
6.136775
6.13715
6.1426
6.144475
6.145575
6.153
6.159525
6.1722
6.172975
6.197475
6.201725
6.213975
6.215
6.22425
6.234425
6.245725
6.27545
6.284325
6.299325
6.316675
6.33485
6.34065
6.369775
6.4001
6.404375
6.413875
6.416725
6.42065
6.423975
6.42655
6.4353
6.4379
6.442675
6.4496
6.454725
6.471475
6.484625
6.493175
6.50215
6.5069
6.507
6.50995
6.51325
6.513925
6.514
6.52245
6.535675
6.5462
6.5522
6.5759
6.576075
6.57685
6.577825
6.587225
6.59285
6.60865
6.688625
6.699025
6.72725
6.728075
6.729625
6.73105
6.741575
6.742325
6.749375
6.767475
6.777
6.7775
6.788625
6.79785
6.80715
6.8112
6.82135
6.825775
6.831225
6.8462
6.851175
6.85565
6.8658
6.89185
6.905175
6.9356
6.96305
6.966825
6.9849
6.9859
7.0003
7.01115
7.013075
7.016025
7.017525
7.02535
7.026675
7.039725
7.043525
7.045325
7.058325
7.0679
7.084225
7.094225
7.099975
7.1107
7.112475
7.11905
7.152025
7.16695
7.1805
7.19625
7.199475
7.286925
7.2888
7.306425
7.311725
7.312125
7.31765
7.3222
7.3336
7.339475
7.341775
7.346975
7.34915
7.35795
7.359625
7.363575
7.369125
7.379075
7.3793
7.392825
7.397625
7.418875
7.429975
7.4435
7.4508
7.464275
7.472775
7.48595
7.50045
7.503975
7.5213
7.55325
7.605625
7.606175
7.6095
7.6146
7.615475
7.61765
7.631775
7.641675
7.6463
7.664875
7.6683
7.669975
7.672775
7.679525
7.69005
7.692875
7.706825
7.7261
7.74225
7.771525
7.835475
7.879275
7.90345
7.90395
7.913625
7.9149
7.917125
7.918075
7.92195
7.934025
7.9397
7.9448
7.947575
7.94915
7.9527
7.968525
7.98995
7.9933
8.0021
8.01865
8.019475
8.063725
8.104675
8.105325
8.11245
8.185025
8.195025
8.201275
8.203475
8.20735
8.2134
8.218
8.227425
8.2382
8.242825
8.249025
8.262325
8.2844
8.284625
8.286125
8.2921
8.29395
8.29805
8.308425
8.324975
8.3276
8.339875
8.3405
8.3407
8.35365
8.37755
8.39545
8.41415
8.425175
8.4309
8.4656
8.469325
8.490325
8.50105
8.50455
8.504775
8.505425
8.5112
8.5117
8.516625
8.5195
8.52665
8.529175
8.530125
8.53085
8.539525
8.543725
8.552075
8.565675
8.578
8.584975
8.605525
8.61055
8.62035
8.633675
8.64265
8.644275
8.663775
8.718225
8.725275
8.72905
8.7707
8.7868
8.787575
8.796825
8.8193
8.819625
8.82065
8.828625
8.8395
8.84525
8.848225
8.861
8.873125
8.87885
8.881675
8.88235
8.882925
8.90155
8.903075
8.91025
8.925475
8.938525
8.943975
8.97575
8.9951
8.995275
9.0124
9.01635
9.019225
9.020225
9.034175
9.0394
9.05895
9.06
9.0749
825
