0.108275
0.109875
0.124225
0.13215
0.134225
0.14865
0.158425
0.17175
0.18465
0.203075
0.20725
0.2102
0.212575
0.213
0.245375
0.26295
0.273975
0.278175
0.29765
0.321875
0.326175
0.40085
0.4051
0.41185
0.413075
0.41945
0.422025
0.42745
0.427625
0.4424
0.443975
0.46875
0.476925
0.4832
0.48355
0.485125
0.4914
0.49465
0.51645
0.53055
0.547475
0.5644
0.56645
0.566825
0.578925
0.580175
0.5842
0.71775
0.722325
0.73085
0.7317
0.7346
0.737075
0.73935
0.7448
0.746675
0.7564
0.757775
0.7629
0.76295
0.7694
0.7739
0.77535
0.7924
0.79895
0.803325
0.85415
0.8587
0.890825
0.9081
0.92495
0.93785
0.959625
0.98265
0.98935
0.99655
1.006025
1.038275
1.05015
1.071375
1.102875
1.1239
1.127325
1.140075
1.16965
1.18675
1.25395
1.30125
1.3129
1.31445
1.323525
1.3345
1.340825
1.354675
1.357075
1.3582
1.364875
1.383825
1.404
1.4175
1.4234
1.43135
1.441
1.444025
1.452925
1.45555
1.482125
1.4846
1.4867
1.4912
1.498025
1.499075
1.5118
1.5134
1.51795
1.5675
1.570775
1.61015
1.611975
1.61905
1.63065
1.6352
1.636175
1.643125
1.643925
1.64645
1.64795
1.693525
1.6984
1.70105
1.71025
1.7234
1.759625
1.78
1.80295
1.833375
1.838025
1.863125
1.868175
1.874825
1.884175
1.909575
1.922225
1.924075
1.948025
1.9526
1.9547
1.956625
1.96225
1.97535
1.990625
1.994025
2.004725
2.025025
2.02885
2.034975
2.04275
2.042875
2.068125
2.070375
2.07175
2.074775
2.0792
2.0807
2.09415
2.1206
2.1416
2.144075
2.153375
2.159925
2.1663
2.17095
2.175425
2.202675
2.20505
2.20965
2.21135
2.2114
2.215675
2.2242
2.227125
2.236075
2.23905
2.2437
2.24715
2.260275
2.272525
2.275175
2.285175
2.2947
2.299625
2.30465
2.30605
2.35385
2.355225
2.3567
2.3681
2.386975
2.392975
2.416275
2.433425
2.4501
2.464475
2.505775
2.513875
2.515475
2.531925
2.532775
2.5343
2.5359
2.5415
2.56385
2.566
2.56845
2.572475
2.579125
2.5816
2.5959
2.598225
2.598675
2.623925
2.6291
2.64245
2.660475
2.7389
2.755025
2.7592
2.8011
2.80575
2.81075
2.814475
2.829275
2.832275
2.83435
2.874175
2.87815
2.901425
2.9036
2.904075
2.914575
2.919425
2.92595
2.926125
2.9549
2.970825
2.9746
2.9863
3.015875
3.05655
3.104375
3.105175
3.11515
3.116925
3.124
3.1277
3.1348
3.145725
3.169725
3.172625
3.176475
3.1797
3.184325
3.192725
3.2032
3.20415
3.2111
3.215725
3.227625
3.230675
3.233125
3.243625
3.2437
3.265475
3.266675
3.298375
3.30385
3.307
3.323
3.3316
3.363325
3.40435
3.4048
3.406325
3.40845
3.4118
3.419
3.42825
3.42905
3.454375
3.462275
3.478325
3.48545
3.4878
3.489075
3.527975
3.52885
3.534375
3.54035
3.55655
3.5583
3.59215
3.614325
3.624825
3.669375
3.669475
3.6729
3.674625
3.6959
3.705375
3.706175
3.710725
3.7124
3.715625
3.720125
3.732075
3.73405
3.73745
3.740225
3.744975
3.753225
3.760775
3.7692
3.817875
3.8307
3.845825
3.85695
3.861
3.8629
3.873375
3.8904
3.9107
3.936925
3.957
3.9603
3.965725
3.999675
4.002225
4.002325
4.004675
4.010375
4.01115
4.01135
4.01325
4.019975
4.035475
4.04345
4.0473
4.048425
4.049775
4.052875
4.06005
4.064425
4.0795
4.08165
4.1036
4.112075
4.113425
4.1247
4.129525
4.1536
4.157075
4.15805
4.18535
4.2015
4.20835
4.2141
4.290525
4.300875
4.3088
4.31045
4.311
4.311125
4.3176
4.3229
4.32475
4.327225
4.3316
4.333925
4.335525
4.33805
4.343
4.351425
4.3534
4.379525
4.384375
4.40445
4.41675
4.4184
4.424675
4.4334
4.43655
4.438125
4.463775
4.492475
4.517125
4.53025
4.587
4.60095
4.60195
4.611275
4.6171
4.623425
4.641325
4.643725
4.69845
4.713125
4.807975
4.8206
4.822
4.823625
4.828575
4.864475
4.886375
4.904025
4.908025
4.91025
4.91355
4.9136
4.931125
4.9319
4.9376
4.941625
4.942875
4.989575
4.997575
5.00075
5.00465
5.014025
5.046825
5.048625
5.07475
5.0942
5.10655
5.108025
5.126425
5.1326
5.1528
5.1556
5.182875
5.196525
5.22405
5.226775
5.2282
5.233875
5.238025
5.24415
5.2481
5.251
5.253025
5.25915
5.27285
5.274075
5.274975
5.280325
5.2893
5.29875
5.301775
5.316225
5.321125
5.321275
5.374475
5.382
5.387625
5.394
5.3952
5.41265
5.506025
5.50785
5.508975
5.51215
5.5157
5.5283
5.53155
5.5322
5.53405
5.5396
5.5408
5.557575
5.590025
5.5991
5.603675
5.60655
5.612325
5.615125
5.616575
5.6167
5.638025
5.6405
5.64935
5.649575
5.6895
5.69835
5.720375
5.72115
5.771125
5.7717
5.816975
5.8176
5.844175
5.8579
5.860275
5.861725
5.867625
5.87065
5.914875
5.9369
5.96855
5.971875
5.973825
5.981175
5.982225
6.009875
6.041875
6.102625
6.108875
6.110675
6.123125
6.140575
6.1523
6.155825
6.1834
6.1853
6.19475
6.204175
6.2269
6.227125
6.2352
6.247775
6.25565
6.26615
6.29245
6.303625
6.305875
6.307325
6.336475
6.355125
6.3618
6.368225
6.39375
6.4063
6.4257
6.4284
6.430625
6.431725
6.43865
6.449475
6.45905
6.46425
6.46635
6.4675
6.4724
6.475
6.48975
6.489925
6.522225
6.5412
6.5765
6.58135
6.597
6.600575
6.603125
6.627225
6.67055
6.6775
6.7034
6.706675
6.720925
6.72805
6.734225
6.7837
6.7845
6.792525
6.805275
6.80885
6.82975
6.85305
6.856775
6.87885
6.908775
6.968475
6.969525
6.986675
7.0157
7.02765
7.0346
7.0347
7.0381
7.045475
7.04655
7.053375
7.055475
7.0599
7.065075
7.07135
7.071675
7.074475
7.0774
7.0807
7.095575
7.098775
7.101425
7.12275
7.12465
7.126525
7.12715
7.1285
7.161675
7.191425
7.1938
7.215575
7.2343
7.269625
7.290375
7.3065
7.31995
7.32025
7.3286
7.330725
7.3371
7.3391
7.341825
7.35275
7.35345
7.35785
7.359475
7.360525
7.365625
7.36655
7.368525
7.369775
7.378425
7.395575
7.404725
7.41605
7.416775
7.421225
7.422625
7.422925
7.43705
7.439825
7.440175
7.441425
7.458675
7.467325
7.487225
7.50965
7.51215
7.5235
7.53015
7.54345
7.55145
7.5553
7.5703
7.601475
7.602125
7.6078
7.6172
7.626325
7.6297
7.640075
7.64505
7.684625
7.68695
7.696775
7.6996
7.70955
7.716775
7.740125
7.742
7.762975
7.77185
7.7854
7.79915
7.809425
7.823175
7.83455
7.836525
7.856325
7.860275
7.88605
7.903175
7.9047
7.905175
7.913425
7.917175
7.918675
7.9202
7.9243
7.924375
7.93875
7.943925
7.94785
7.95755
7.959525
7.9691
7.993
8.008225
8.0141
8.02205
8.0474
8.072225
8.1129
8.161725
8.184975
8.223475
8.22635
8.2443
8.262475
8.302325
8.302625
8.32495
8.3452
8.348
8.35025
8.352175
8.35805
8.3701
8.39655
8.41615
8.42035
8.455575
8.477575
8.488825
8.506775
8.511425
8.512225
8.512975
8.526375
8.528425
8.532425
8.533075
8.5339
8.53495
8.53835
8.540725
8.561125
8.566675
8.576175
8.580475
8.583675
8.587025
8.595725
8.598375
8.62065
8.660575
8.679225
8.7369
8.749275
8.803225
8.80575
8.813975
8.81415
8.818525
8.81925
8.8199
8.8328
8.8384
8.839475
8.8455
8.853475
8.856325
8.865875
8.86665
8.868425
8.8722
8.876575
8.8831
8.895925
8.89605
8.9004
8.900825
8.921325
8.9227
8.925325
8.927325
8.931225
8.936575
8.95175
8.963325
8.965075
8.9727
8.9898
8.99455
9.004525
9.011775
9.014825
9.020275
9.044725
788
