0.1004
0.102775
0.1091
0.10935
0.1151
0.1205
0.1216
0.124325
0.136825
0.146675
0.15025
0.1553
0.1607
0.1611
0.176175
0.180375
0.2091
0.224025
0.233
0.240725
0.24425
0.26495
0.270725
0.274825
0.27785
0.288025
0.38045
0.40675
0.40985
0.41385
0.416225
0.4166
0.422625
0.4252
0.42595
0.428375
0.440625
0.4415
0.447425
0.46135
0.464675
0.465075
0.4753
0.4781
0.478975
0.488075
0.504625
0.54205
0.5457
0.5498
0.555225
0.55565
0.62485
0.6397
0.67125
0.696975
0.700125
0.702175
0.7027
0.713825
0.729325
0.734025
0.7361
0.741575
0.74435
0.74785
0.77575
0.78685
0.788375
0.80135
0.829975
0.83695
0.84225
0.845775
0.85005
0.869575
0.882725
0.9133
0.918925
0.971725
0.9937
1.001425
1.01755
1.029525
1.043625
1.05395
1.06005
1.087325
1.0899
1.10185
1.1064
1.10915
1.120525
1.131425
1.1315
1.1316
1.142275
1.160725
1.190625
1.19585
1.201875
1.20285
1.229475
1.243875
1.2518
1.25895
1.2644
1.272825
1.29995
1.303975
1.30455
1.305475
1.307075
1.31575
1.319475
1.31965
1.32015
1.359875
1.370625
1.37895
1.39015
1.3975
1.423875
1.44055
1.47845
1.4805
1.4856
1.524425
1.533075
1.5357
1.570475
1.58795
1.5948
1.608475
1.610875
1.626325
1.629475
1.645625
1.65205
1.6567
1.660275
1.67235
1.685025
1.688675
1.71005
1.7365
1.736625
1.74305
1.781625
1.78705
1.799125
1.884425
1.896125
1.90605
1.917675
1.92185
1.92805
1.93375
1.9358
1.9479
1.95995
1.960975
1.9978
2.0113
2.0316
2.041075
2.044725
2.05245
2.137825
2.1464
2.155725
2.19555
2.206575
2.233075
2.234325
2.2546
2.29
2.304575
2.33015
2.368875
2.380625
2.3807
2.3992
2.442525
2.45135
2.47385
2.4813
2.49435
2.507025
2.515725
2.516
2.522
2.5237
2.53365
2.537625
2.5413
2.5419
2.5447
2.544975
2.560725
2.568725
2.572125
2.572475
2.57515
2.578325
2.594225
2.598775
2.6309
2.631625
2.63345
2.6597
2.67145
2.679375
2.6868
2.68745
2.69705
2.6992
2.722925
2.727175
2.799075
2.803675
2.803925
2.8047
2.806725
2.809625
2.8113
2.820175
2.822025
2.82675
2.829825
2.8373
2.84895
2.850375
2.865175
2.866175
2.86885
2.8769
2.888125
2.896275
2.903925
2.904225
2.910075
2.9125
2.922175
2.93555
2.941675
2.968675
2.97385
2.976725
2.992075
3.013
3.022175
3.026
3.0265
3.033575
3.033825
3.07235
3.1037
3.103725
3.105225
3.10655
3.113725
3.1192
3.1217
3.127725
3.1465
3.1524
3.162625
3.168275
3.179975
3.1949
3.200625
3.21185
3.222825
3.24785
3.2484
3.35695
3.363
3.369625
3.401225
3.40985
3.412875
3.4154
3.4161
3.41755
3.41875
3.4441
3.446525
3.45085
3.478725
3.501975
3.5091
3.524525
3.524575
3.536525
3.556625
3.5964
3.6028
3.634325
3.679325
3.7007
3.7028
3.704925
3.714225
3.7162
3.737125
3.74225
3.753
3.753275
3.7645
3.7707
3.778275
3.781975
3.784325
3.78445
3.7966
3.808425
3.808625
3.8233
3.834175
3.8416
3.8418
3.849775
3.853125
3.886625
3.889225
3.896625
3.90375
3.91905
3.927225
3.931925
3.9384
3.958075
3.9906
4.004725
4.005175
4.005375
4.0092
4.009225
4.0114
4.013475
4.01405
4.0147
4.017375
4.01805
4.025725
4.0328
4.03355
4.057525
4.0588
4.067875
4.07465
4.0944
4.095375
4.095475
4.096125
4.099525
4.121175
4.1229
4.12885
4.14295
4.173075
4.206475
4.217
4.2494
4.255775
4.2702
4.294075
4.300975
4.301725
4.3113
4.3146
4.322825
4.325875
4.33345
4.336325
4.3369
4.34295
4.367
4.370625
4.375
4.402075
4.405325
4.44355
4.453075
4.4703
4.492
4.502925
4.5119
4.522175
4.57505
4.580175
4.594025
4.602675
4.614375
4.61885
4.628275
4.63655
4.641225
4.67495
4.68435
4.68995
4.698125
4.7017
4.7048
4.7133
4.723575
4.733
4.7411
4.7447
4.750575
4.755825
4.799625
4.810575
4.8111
4.815475
4.81585
4.818
4.8421
4.845625
4.85145
4.860175
4.864325
4.887625
4.9036
4.9094
4.911125
4.93755
4.947
4.9495
4.97145
4.973975
4.9778
4.9943
5.000475
5.00965
5.011325
5.017675
5.034825
5.069325
5.1263
5.135275
5.14225
5.1425
5.162925
5.18255
5.205325
5.21095
5.2131
5.21565
5.21595
5.221875
5.229475
5.24685
5.24935
5.251025
5.2695
5.276425
5.28925
5.3102
5.323275
5.3756
5.378925
5.403775
5.41
5.44525
5.4473
5.491175
5.550525
5.5542
5.5706
5.587575
5.588225
5.59375
5.62465
5.655475
5.7042
5.708225
5.730275
5.75845
5.765475
5.791775
5.803975
5.82895
5.838725
5.846675
5.84775
5.85595
5.85615
5.86395
5.86695
5.868975
5.877725
5.933075
5.9393
5.953925
5.9772
5.979325
5.999925
6.041325
6.104625
6.105175
6.108925
6.11075
6.110875
6.121975
6.13395
6.141725
6.15225
6.155175
6.16205
6.18425
6.1851
6.1927
6.204925
6.2131
6.21315
6.2278
6.254775
6.26115
6.279475
6.2851
6.291425
6.30185
6.3084
6.319325
6.3209
6.330325
6.400175
6.408975
6.410675
6.413425
6.4135
6.41435
6.419875
6.429225
6.446625
6.4547
6.466425
6.4757
6.476375
6.48065
6.488025
6.5076
6.519675
6.520225
6.524275
6.526175
6.5295
6.552
6.55445
6.56885
6.57145
6.582075
6.5856
6.595625
6.611925
6.614825
6.641325
6.6824
6.694125
6.70485
6.70555
6.719525
6.72355
6.774075
6.779575
6.779875
6.79375
6.826075
6.837275
6.837825
6.853175
6.854075
6.860675
6.871375
6.87515
6.87765
6.913475
6.933475
6.978325
7.003075
7.0079
7.009375
7.00995
7.025125
7.041775
7.048625
7.0489
7.05245
7.0543
7.0599
7.07165
7.071875
7.080875
7.08365
7.089825
7.0996
7.0998
7.11675
7.127725
7.1715
7.171725
7.176525
7.1948
7.20665
7.2375
7.24475
7.249925
7.261425
7.305025
7.316425
7.31755
7.3241
7.333875
7.33915
7.347725
7.35295
7.356725
7.3569
7.368
7.383025
7.38565
7.3952
7.399975
7.40075
7.42045
7.429575
7.439725
7.450525
7.453425
7.470125
7.4806
7.48695
7.494825
7.49545
7.496375
7.53575
7.550475
7.561225
7.580375
7.59735
7.5978
7.608575
7.60865
7.61295
7.61685
7.61955
7.629525
7.630825
7.63325
7.633575
7.6404
7.6462
7.65525
7.659325
7.66305
7.66835
7.6848
7.701575
7.70615
7.7165
7.71965
7.739625
7.768025
7.79455
7.80425
7.809675
7.827325
7.827625
7.86065
7.862975
7.87735
7.901125
7.904925
7.927525
7.933375
7.935625
7.9378
7.945025
7.94935
7.960175
7.96605
7.97195
7.99235
7.994325
8.0146
8.028875
8.0359
8.0391
8.0558
8.082625
8.0853
8.089775
8.10535
8.12105
8.138725
8.141
8.158925
8.200425
8.2125
8.21605
8.23375
8.2475
8.24915
8.256075
8.25655
8.256975
8.2654
8.275175
8.28045
8.2881
8.30525
8.328725
8.371
8.3772
8.405925
8.435375
8.471025
8.47205
8.501725
8.51785
8.52335
8.5301
8.5335
8.54665
8.5534
8.55775
8.5703
8.577775
8.586875
8.59275
8.601225
8.60145
8.617225
8.634975
8.637875
8.65465
8.666175
8.670425
8.67985
8.69505
8.7512
8.764025
8.781975
8.80245
8.803225
8.81085
8.813925
8.8429
8.85285
8.85325
8.854325
8.8814
8.883475
8.88865
8.909575
8.913325
8.921375
8.935025
8.9524
8.95315
8.95775
9.0093
9.018375
9.052575
9.065425
767
