0.1
0.101425
0.1075
0.110425
0.1324
0.150225
0.155975
0.157025
0.159625
0.163475
0.16795
0.171425
0.17605
0.176525
0.18165
0.190725
0.19285
0.19685
0.202725
0.2046
0.21315
0.22495
0.22885
0.233175
0.252875
0.26845
0.27105
0.271675
0.285625
0.289925
0.403425
0.411925
0.4257
0.425725
0.425875
0.44315
0.47935
0.502625
0.52655
0.5343
0.540875
0.55095
0.554625
0.559675
0.565475
0.56965
0.636775
0.6935
0.700075
0.70365
0.703925
0.708225
0.71485
0.746
0.748275
0.750075
0.7503
0.750425
0.750875
0.78375
0.788675
0.791275
0.7985
0.80315
0.8421
0.85315
0.8547
0.8853
0.918525
0.9252
0.95105
0.95985
0.97155
1.01985
1.02085
1.02105
1.023825
1.0283
1.03595
1.0403
1.0452
1.052475
1.057925
1.06565
1.066575
1.068475
1.079825
1.082375
1.082425
1.09095
1.0933
1.101975
1.11605
1.116575
1.118075
1.133825
1.143275
1.144425
1.146825
1.15225
1.152925
1.1532
1.163175
1.166625
1.168675
1.179325
1.1821
1.1988
1.20215
1.20405
1.2129
1.22515
1.23115
1.235625
1.23685
1.241775
1.25235
1.25905
1.272575
1.275525
1.30795
1.311725
1.31835
1.327875
1.328425
1.3358
1.3408
1.349175
1.35965
1.366875
1.38275
1.389975
1.4114
1.450875
1.4608
1.4691
1.51645
1.518125
1.526325
1.551275
1.553175
1.5934
1.596375
1.604625
1.611
1.613025
1.621575
1.62405
1.626375
1.6406
1.641275
1.64345
1.668275
1.67955
1.687575
1.6916
1.70165
1.70575
1.706025
1.708775
1.72
1.7206
1.74555
1.75295
1.7844
1.789225
1.82395
1.839975
1.84405
1.90315
1.911925
1.912925
1.915575
1.93095
1.938575
1.9388
1.93915
1.954725
1.95855
1.962675
1.9776
1.978125
1.9951
2.016375
2.0203
2.026275
2.027725
2.0354
2.079775
2.0948
2.1053
2.111125
2.1364
2.137225
2.1795
2.184025
2.1883
2.192025
2.209625
2.221175
2.223375
2.238275
2.241
2.247575
2.2518
2.255675
2.27565
2.284725
2.2854
2.3058
2.31665
2.3489
2.456075
2.482475
2.50195
2.50395
2.505225
2.505275
2.5093
2.51145
2.51245
2.520175
2.533075
2.538225
2.5411
2.54135
2.548475
2.55085
2.558825
2.563825
2.58245
2.594175
2.63065
2.64545
2.649425
2.652075
2.654975
2.65725
2.67675
2.68555
2.69095
2.6967
2.7029
2.70945
2.7664
2.809925
2.8123
2.81465
2.824125
2.835925
2.8361
2.840525
2.84745
2.854625
2.866075
2.8792
2.881275
2.88675
2.8903
2.903175
2.910225
2.91445
2.9325
2.964025
2.9727
2.993
2.997775
3.021725
3.02535
3.028725
3.04495
3.1058
3.115
3.1174
3.118925
3.1226
3.144425
3.14455
3.147375
3.150575
3.150975
3.152725
3.158375
3.172425
3.175425
3.17785
3.17975
3.19615
3.197375
3.19905
3.239625
3.2692
3.2738
3.286625
3.3944
3.4141
3.41585
3.422375
3.424625
3.4283
3.435025
3.438575
3.445625
3.449775
3.45555
3.458575
3.48025
3.4993
3.535925
3.56975
3.584175
3.5879
3.6146
3.620675
3.635
3.64955
3.7065
3.70865
3.70975
3.710525
3.711875
3.728725
3.737325
3.742025
3.763525
3.769275
3.78655
3.790175
3.83575
3.84545
3.8499
3.858625
3.883525
3.9031
3.935075
3.9498
4.0046
4.009625
4.01075
4.015925
4.02745
4.027575
4.027825
4.035975
4.0389
4.041
4.04925
4.050125
4.054325
4.068325
4.10355
4.104625
4.1207
4.121375
4.124775
4.1441
4.1566
4.159175
4.1594
4.165375
4.170075
4.178325
4.202025
4.221325
4.22865
4.243775
4.26435
4.26725
4.29115
4.30075
4.301375
4.3045
4.3155
4.319975
4.3261
4.3283
4.329475
4.332625
4.34525
4.3539
4.3583
4.36565
4.36965
4.37545
4.385525
4.417925
4.418125
4.418325
4.421325
4.4255
4.428
4.4303
4.45915
4.459325
4.4669
4.48765
4.5145
4.51765
4.5178
4.52835
4.564425
4.573475
4.58935
4.60045
4.60155
4.620925
4.625025
4.6296
4.6304
4.640375
4.64665
4.647725
4.652475
4.664725
4.66685
4.692375
4.70475
4.729775
4.73285
4.7496
4.756725
4.775475
4.779
4.784525
4.800375
4.81205
4.877225
4.91395
4.916475
4.922225
4.923325
4.9317
4.93185
4.9397
4.944375
4.947875
4.95
4.974875
4.981175
5.0136
5.0186
5.020925
5.024475
5.037275
5.05475
5.0839
5.097775
5.106225
5.145575
5.147575
5.194025
5.20135
5.2016
5.2217
5.22635
5.229475
5.234675
5.235625
5.24065
5.24185
5.242925
5.247075
5.254425
5.275925
5.2877
5.305825
5.309725
5.319025
5.321225
5.33275
5.3331
5.34335
5.34565
5.348075
5.349675
5.350975
5.3547
5.369575
5.381325
5.385975
5.4164
5.445525
5.448025
5.44805
5.4565
5.508475
5.510025
5.512675
5.51515
5.520675
5.5218
5.53315
5.535125
5.53925
5.5582
5.5737
5.58015
5.582125
5.5857
5.604825
5.615375
5.668525
5.670075
5.675075
5.684175
5.6962
5.7037
5.720175
5.7225
5.7228
5.730875
5.7567
5.788825
5.80015
5.804825
5.81285
5.821175
5.84665
5.851825
5.852225
5.85485
5.86805
5.872775
5.8811
5.900575
5.91135
5.91305
5.92
5.93585
5.9532
5.968025
5.99085
6.007025
6.07375
6.1062
6.12265
6.1269
6.128675
6.134575
6.141325
6.14395
6.1522
6.15645
6.158225
6.1673
6.1921
6.19525
6.196025
6.223
6.24045
6.246625
6.24755
6.262425
6.2705
6.30905
6.315375
6.3315
6.3357
6.3395
6.35705
6.3746
6.388375
6.417
6.426625
6.429
6.44665
6.466675
6.4737
6.4869
6.487075
6.48985
6.49555
6.49715
6.513775
6.517575
6.521325
6.54965
6.5536
6.583275
6.599425
6.7011
6.704075
6.704625
6.7076
6.7118
6.723725
6.723925
6.74585
6.750775
6.7521
6.753925
6.757075
6.763175
6.781325
6.8179
6.833625
6.845425
6.872825
6.885975
6.906425
6.91255
6.927325
6.9436
6.9684
6.979425
7.000775
7.007175
7.013225
7.020175
7.026375
7.0378
7.041875
7.068675
7.06895
7.0707
7.075225
7.0918
7.1013
7.103425
7.10865
7.18195
7.1867
7.187125
7.20575
7.22425
7.234675
7.234975
7.2443
7.255925
7.2573
7.27115
7.284875
7.285575
7.298775
7.311825
7.314325
7.3179
7.340325
7.346275
7.3509
7.3757
7.3808
7.386775
7.387875
7.391575
7.413325
7.438275
7.45245
7.46295
7.46695
7.4753
7.483975
7.48785
7.496775
7.5537
7.554
7.574175
7.600725
7.607475
7.608925
7.619825
7.631825
7.636525
7.636575
7.647825
7.6503
7.65095
7.67295
7.68375
7.686275
7.69985
7.7036
7.70735
7.70795
7.72005
7.7306
7.73305
7.7436
7.75705
7.795575
7.80355
7.868275
7.87455
7.880175
7.8898
7.9011
7.907075
7.90995
7.912675
7.915725
7.915775
7.920375
7.92335
7.925425
7.925775
7.927875
7.933025
7.940025
8.0035
8.0073
8.009075
8.0146
8.019025
8.02055
8.025775
8.02975
8.031575
8.03455
8.037375
8.045
8.05465
8.09885
8.113825
8.136075
8.17295
8.2084
8.219725
8.220325
8.222925
8.223725
8.237725
8.239175
8.28495
8.28635
8.293775
8.308325
8.31065
8.313875
8.31475
8.3182
8.31825
8.32285
8.329475
8.333575
8.33805
8.3458
8.35285
8.376225
8.38505
8.38855
8.4362
8.478775
8.50395
8.509525
8.51695
8.535
8.536375
8.538
8.546975
8.55415
8.557
8.56415
8.58235
8.592675
8.607925
8.6146
8.62255
8.626625
8.64645
8.66205
8.6888
8.712475
8.741325
8.745725
8.7949
8.81065
8.81335
8.823775
8.8277
8.82985
8.84555
8.857425
8.86155
8.86435
8.8674
8.870525
8.876325
8.879175
8.88185
8.8948
8.91115
8.9253
8.948425
8.99265
8.9954
9.0067
9.014475
9.0193
9.024975
9.041225
790
