0.111625
0.112975
0.115425
0.127575
0.1364
0.143775
0.149225
0.15235
0.152625
0.1541
0.159475
0.165625
0.228725
0.237925
0.245725
0.265775
0.27455
0.31335
0.31705
0.3275
0.3387
0.3412
0.359075
0.408575
0.412425
0.423325
0.423925
0.436525
0.438
0.4398
0.4427
0.4494
0.451075
0.4685
0.479175
0.486475
0.493325
0.50615
0.511
0.512925
0.51375
0.532125
0.5324
0.53995
0.586775
0.5903
0.59995
0.612375
0.6135
0.67175
0.7029
0.70785
0.722675
0.734
0.74035
0.744425
0.7566
0.757825
0.78785
0.790025
0.792775
0.792975
0.8101
0.814125
0.8281
0.835675
0.840025
0.872075
0.888825
0.89185
0.935025
1.003925
1.0047
1.014825
1.02155
1.038
1.055725
1.087625
1.0953
1.1087
1.114825
1.11865
1.1308
1.137375
1.1457
1.15255
1.163425
1.167425
1.190025
1.21825
1.23645
1.25745
1.2793
1.31025
1.3108
1.31605
1.327425
1.332675
1.33465
1.34215
1.3505
1.352875
1.36695
1.374825
1.4197
1.4225
1.42535
1.431925
1.4553
1.45795
1.458775
1.459775
1.4893
1.496225
1.50975
1.515025
1.515175
1.52685
1.5305
1.5312
1.5451
1.575525
1.581075
1.60055
1.60435
1.6091
1.6134
1.613675
1.625275
1.638675
1.64295
1.65365
1.660375
1.671475
1.671675
1.6745
1.67505
1.684975
1.695375
1.695675
1.699625
1.699775
1.734925
1.737675
1.75165
1.75475
1.757375
1.76775
1.7765
1.78305
1.79715
1.814075
1.83165
1.85055
1.857175
1.897025
1.9012
1.901925
1.913075
1.914925
1.916075
1.916425
1.924275
1.939175
1.945125
1.945425
1.94695
1.9496
1.957175
1.963875
1.964225
1.96475
1.9653
1.966425
1.9764
1.979375
1.98245
1.993725
2.006975
2.00805
2.0214
2.021825
2.031575
2.032675
2.037225
2.060325
2.0742
2.08435
2.087925
2.091375
2.0923
2.095
2.114475
2.122225
2.127675
2.175
2.193675
2.201025
2.20105
2.201825
2.2106
2.213875
2.225975
2.2424
2.251725
2.266725
2.268225
2.270375
2.273175
2.27505
2.295125
2.301575
2.313775
2.31975
2.323625
2.3279
2.331325
2.3322
2.340325
2.36105
2.36275
2.366925
2.367025
2.36815
2.377175
2.3927
2.393575
2.3959
2.424375
2.50255
2.523175
2.533175
2.541125
2.554825
2.55595
2.56175
2.56315
2.568025
2.572675
2.575625
2.5762
2.58835
2.596075
2.61395
2.6717
2.686
2.704775
2.71315
2.727325
2.737125
2.744275
2.7819
2.813625
2.8493
2.852875
2.87495
2.877875
2.882
2.88275
2.88995
2.904125
2.904175
2.90675
2.9209
2.927625
2.9322
2.939475
2.94965
2.960075
2.962775
2.98995
2.9907
3.0105
3.01325
3.092675
3.14175
3.14435
3.1447
3.1502
3.153325
3.154625
3.161175
3.17005
3.170875
3.17305
3.173975
3.181725
3.187175
3.1985
3.205275
3.206475
3.21865
3.21885
3.225875
3.2556
3.278275
3.32915
3.3592
3.368925
3.427225
3.4367
3.4508
3.45365
3.46705
3.504275
3.50705
3.5177
3.524425
3.528275
3.531575
3.534125
3.535875
3.589275
3.606425
3.6852
3.7092
3.73205
3.75095
3.75275
3.7637
3.77755
3.818925
3.8224
3.836675
3.840925
3.858325
3.90885
3.915675
3.9467
3.9742
3.981175
4.001525
4.0016
4.018275
4.025425
4.03345
4.0393
4.040275
4.041675
4.044125
4.056475
4.056925
4.060725
4.10745
4.111775
4.1125
4.1205
4.142625
4.14905
4.155425
4.17175
4.196175
4.201375
4.23565
4.288175
4.288925
4.317925
4.319025
4.32465
4.327
4.32955
4.334475
4.360725
4.376825
4.3777
4.381125
4.382
4.39345
4.39745
4.423475
4.424375
4.4278
4.44085
4.475575
4.495375
4.49955
4.500875
4.514525
4.58195
4.6011
4.60345
4.604425
4.613775
4.622425
4.627875
4.62985
4.630575
4.6579
4.6671
4.67865
4.682525
4.692625
4.722
4.724525
4.7259
4.7299
4.744225
4.762775
4.76425
4.771025
4.7781
4.7826
4.805775
4.82535
4.84195
4.901425
4.9065
4.919925
4.9215
4.92415
4.9274
4.947025
4.951675
4.96345
4.96625
4.977475
4.980525
4.9821
4.985725
4.987525
5.00455
5.016075
5.059975
5.0616
5.07995
5.086025
5.091975
5.092875
5.095525
5.130725
5.13805
5.1432
5.145075
5.14745
5.175875
5.1861
5.18625
5.200175
5.204425
5.21355
5.216175
5.226025
5.22935
5.23125
5.231925
5.233175
5.234925
5.24655
5.26115
5.269175
5.269775
5.271375
5.274475
5.284975
5.322125
5.3385
5.3532
5.374675
5.376275
5.407475
5.44435
5.447075
5.45595
5.4877
5.510575
5.515325
5.517725
5.52455
5.528125
5.533425
5.533775
5.535525
5.550475
5.5645
5.5675
5.57355
5.5799
5.5863
5.5896
5.590525
5.5946
5.643525
5.656725
5.663875
5.677525
5.685775
5.692725
5.739875
5.7605
5.776975
5.811675
5.81345
5.81555
5.827225
5.8306
5.8343
5.87595
5.87755
5.881
5.89225
5.9389
5.941625
5.94365
5.949875
5.958675
5.981325
6.093875
6.102875
6.10635
6.111
6.136575
6.1421
6.1425
6.150225
6.151325
6.1542
6.16775
6.1708
6.1751
6.181475
6.182475
6.1895
6.19445
6.1947
6.2022
6.2168
6.22775
6.240025
6.24455
6.25815
6.2993
6.31135
6.335525
6.35115
6.4037
6.404125
6.41725
6.421625
6.4327
6.436975
6.451025
6.4696
6.470125
6.47855
6.4831
6.487725
6.4922
6.509675
6.5144
6.51905
6.527475
6.5289
6.53295
6.54205
6.561325
6.56245
6.569375
6.5736
6.57405
6.5796
6.5814
6.587125
6.592725
6.618625
6.621225
6.63485
6.646025
6.6696
6.6704
6.67405
6.677175
6.69655
6.702525
6.705775
6.709175
6.709325
6.709425
6.719225
6.722625
6.72705
6.728625
6.7296
6.751625
6.754075
6.7664
6.77495
6.776125
6.7801
6.782525
6.787625
6.792075
6.803925
6.80975
6.8271
6.829625
6.83375
6.846625
6.849275
6.853725
6.865475
6.8821
6.9078
6.9298
6.938125
6.939575
6.945825
6.986075
7.015125
7.022925
7.0291
7.03975
7.04385
7.045025
7.04515
7.058725
7.072775
7.074675
7.077675
7.0829
7.089325
7.09845
7.103325
7.118975
7.172825
7.18
7.1907
7.201825
7.24355
7.2675
7.267525
7.321775
7.325575
7.330225
7.334175
7.3407
7.349575
7.350825
7.351475
7.354225
7.365275
7.374475
7.37985
7.385325
7.386175
7.404625
7.4187
7.421675
7.430025
7.435575
7.448175
7.45075
7.455725
7.4676
7.4817
7.487475
7.500575
7.539475
7.58465
7.6018
7.603875
7.610275
7.611225
7.61235
7.628925
7.634425
7.6396
7.643025
7.65005
7.65255
7.6578
7.661975
7.687825
7.698375
7.7039
7.704325
7.70435
7.704875
7.7085
7.718075
7.72845
7.73005
7.7419
7.788375
7.7999
7.833225
7.83765
7.921425
7.925475
7.9293
7.9303
7.93385
7.9371
7.942475
7.958675
7.959375
7.967575
7.9862
8.011475
8.019975
8.045525
8.054925
8.061675
8.06805
8.1095
8.113425
8.119725
8.120725
8.121275
8.16985
8.204725
8.205275
8.206525
8.21955
8.2285
8.243275
8.25475
8.272575
8.297225
8.307875
8.3364
8.351675
8.358975
8.36115
8.3639
8.365725
8.396225
8.41695
8.43105
8.4367
8.45025
8.484475
8.52035
8.5237
8.536875
8.540175
8.573425
8.576
8.5763
8.583075
8.586175
8.6016
8.614625
8.69175
8.7835
8.801325
8.8113
8.8132
8.816
8.819625
8.825675
8.837275
8.879925
8.8905
8.89955
8.90165
8.923675
8.95895
8.970525
8.9759
9.001925
9.017975
9.0378
9.0482
9.057625
9.06345
765
