0.10855
0.112675
0.1239
0.124625
0.1435
0.154275
0.157025
0.163625
0.168375
0.1729
0.18395
0.18915
0.22795
0.236475
0.238925
0.265975
0.273675
0.282925
0.3115
0.33675
0.337025
0.3737
0.400575
0.4054
0.41935
0.434325
0.438625
0.46235
0.463575
0.469325
0.48565
0.490075
0.494475
0.50405
0.52175
0.563275
0.57115
0.58335
0.59025
0.615825
0.625425
0.6597
0.725625
0.730875
0.732125
0.7506
0.767725
0.790475
0.80135
0.810675
0.8181
0.83185
0.835375
0.83855
0.8519
0.885825
0.922725
0.9757
1.002925
1.004375
1.0127
1.0151
1.018075
1.021875
1.022025
1.04275
1.043575
1.043725
1.055375
1.05575
1.075725
1.0955
1.101225
1.122075
1.132225
1.133075
1.137475
1.14095
1.14875
1.16645
1.169075
1.18335
1.2315
1.239175
1.258
1.273
1.312725
1.318125
1.319675
1.31995
1.321525
1.33325
1.336325
1.3427
1.3434
1.344625
1.34955
1.351175
1.351925
1.358025
1.378375
1.383125
1.40455
1.4148
1.417975
1.438575
1.446475
1.453675
1.467325
1.519
1.521375
1.54185
1.555075
1.5854
1.600225
1.6036
1.60645
1.62815
1.630575
1.64695
1.649775
1.657475
1.679225
1.6848
1.69765
1.721675
1.72585
1.727175
1.743125
1.78725
1.789125
1.794625
1.81135
1.81335
1.8237
1.8466
1.89665
1.900525
1.900725
1.91065
1.912675
1.915875
1.91605
1.925325
1.929025
1.929375
1.9298
1.935825
1.937525
1.966525
2.00675
2.024825
2.0306
2.039075
2.0531
2.055825
2.0598
2.065175
2.0724
2.1029
2.11665
2.1267
2.13495
2.13595
2.1423
2.179875
2.20015
2.2114
2.22065
2.220725
2.22435
2.244175
2.24785
2.252
2.2532
2.261325
2.270675
2.322525
2.3378
2.359225
2.369625
2.3813
2.42375
2.444
2.4513
2.485475
2.506425
2.5112
2.53295
2.535775
2.5364
2.538925
2.55785
2.565925
2.574
2.576025
2.592175
2.601925
2.605
2.613325
2.6344
2.641825
2.6447
2.658175
2.69945
2.7454
2.751125
2.7534
2.783725
2.819775
2.827325
2.8401
2.844475
2.860625
2.933025
2.933775
2.9387
2.9395
2.945025
2.953825
2.960475
2.972175
2.9744
3.006375
3.015525
3.02705
3.031025
3.04485
3.055225
3.069625
3.1011
3.10195
3.108175
3.110225
3.114525
3.117125
3.1197
3.137825
3.163425
3.169525
3.175225
3.192025
3.199475
3.1996
3.2024
3.20565
3.209275
3.237875
3.238725
3.23985
3.246975
3.25655
3.27165
3.279125
3.27915
3.29355
3.311125
3.338675
3.418825
3.418975
3.453775
3.4651
3.466
3.474075
3.4781
3.484025
3.490525
3.498025
3.51075
3.516925
3.53735
3.544375
3.561425
3.574175
3.60165
3.624
3.704025
3.710475
3.7138
3.71495
3.719475
3.72545
3.726775
3.7268
3.73045
3.73345
3.73545
3.740275
3.742575
3.748025
3.749425
3.750175
3.75165
3.757325
3.7608
3.77165
3.784825
3.8055
3.810975
3.814575
3.82835
3.841775
3.85345
3.856375
3.86775
3.88405
3.892875
3.894125
3.899175
3.90825
3.918625
3.9215
3.945425
3.962275
3.97365
3.9864
3.99425
4.002
4.012475
4.01295
4.01745
4.032225
4.0472
4.050075
4.05085
4.0594
4.0707
4.085825
4.087325
4.09005
4.12055
4.1265
4.1292
4.135725
4.175025
4.192175
4.2015
4.2131
4.268075
4.2712
4.2815
4.2915
4.307925
4.30805
4.31355
4.32575
4.326025
4.327425
4.32755
4.335575
4.3429
4.3499
4.357575
4.35885
4.366075
4.368825
4.407575
4.420175
4.449425
4.46285
4.472025
4.47815
4.480525
4.5412
4.6068
4.61035
4.614375
4.615525
4.615575
4.620875
4.632375
4.642725
4.65005
4.651175
4.6516
4.65805
4.666025
4.6741
4.723875
4.729825
4.74125
4.754075
4.764425
4.786475
4.790475
4.805525
4.8108
4.824225
4.84225
4.86545
4.8725
4.877175
4.88305
4.90525
4.90595
4.90955
4.910375
4.9109
4.91265
4.913325
4.919375
4.94315
4.9435
4.949775
4.95475
4.9565
4.9588
4.9678
4.973475
4.986325
5.00015
5.041125
5.050325
5.054475
5.05665
5.059125
5.072125
5.09105
5.0951
5.098275
5.09985
5.102125
5.1032
5.115025
5.1253
5.139025
5.147525
5.2055
5.212975
5.217
5.2233
5.227925
5.234325
5.237225
5.25235
5.2524
5.260675
5.267825
5.26875
5.285
5.29035
5.2987
5.2995
5.300225
5.312525
5.313075
5.353325
5.3572
5.35915
5.36225
5.4057
5.40965
5.41695
5.423825
5.437175
5.48295
5.48495
5.505725
5.5091
5.5114
5.51775
5.51925
5.51985
5.525925
5.52705
5.535125
5.5353
5.544825
5.55875
5.558875
5.559575
5.57195
5.579275
5.586575
5.598375
5.599825
5.620575
5.62465
5.63245
5.65155
5.6533
5.685525
5.7062
5.743425
5.8075
5.81925
5.8331
5.845525
5.845575
5.847625
5.84765
5.855375
5.8606
5.8654
5.874975
5.8812
5.888675
5.898
5.9249
5.9288
5.9808
5.986325
6.01805
6.03765
6.047925
6.06925
6.092775
6.103675
6.1098
6.1121
6.122875
6.123075
6.132075
6.144975
6.158575
6.165175
6.166025
6.2138
6.28655
6.2878
6.2991
6.30985
6.33025
6.344725
6.34605
6.3751
6.3864
6.401425
6.41055
6.4132
6.417425
6.41815
6.421725
6.425225
6.4284
6.43685
6.452825
6.482775
6.4858
6.496675
6.5045
6.521425
6.525925
6.526125
6.5368
6.600075
6.635875
6.6671
6.66785
6.675625
6.682475
6.705875
6.7073
6.71885
6.7358
6.7366
6.74125
6.749975
6.751475
6.7536
6.757725
6.7899
6.7925
6.794175
6.804625
6.812475
6.83605
6.85235
6.861
6.8619
6.872175
6.8727
6.872925
6.890225
6.895225
6.916575
6.927925
6.928075
6.929825
6.946575
7.027725
7.0279
7.02865
7.051825
7.061575
7.0676
7.073425
7.0758
7.081725
7.08475
7.086175
7.099275
7.105475
7.1076
7.111725
7.16075
7.169175
7.17745
7.1827
7.1891
7.18965
7.190325
7.199275
7.234725
7.261275
7.2902
7.298325
7.306925
7.31835
7.3198
7.3267
7.33605
7.33665
7.338175
7.346175
7.3575
7.361275
7.364975
7.368625
7.380625
7.383375
7.386375
7.402725
7.406525
7.414225
7.43115
7.44085
7.441125
7.49005
7.499425
7.505425
7.51595
7.5433
7.590525
7.590825
7.601425
7.6046
7.605
7.6113
7.62105
7.642425
7.651175
7.662475
7.663425
7.679
7.700275
7.702975
7.70895
7.7196
7.735525
7.761775
7.7665
7.815
7.903925
7.905225
7.91545
7.927425
7.93225
7.944375
7.952025
7.976375
7.978175
7.9817
7.9836
7.98665
7.99495
8.017575
8.019675
8.0318
8.032225
8.041175
8.061225
8.0614
8.07075
8.09005
8.09265
8.1058
8.15405
8.21145
8.215525
8.217225
8.227275
8.22925
8.235925
8.239975
8.243075
8.2464
8.250675
8.2674
8.2675
8.2802
8.29555
8.30295
8.307625
8.308125
8.32585
8.338275
8.38075
8.4199
8.426925
8.46275
8.486475
8.496775
8.5115
8.51245
8.513675
8.51905
8.52065
8.52635
8.534175
8.5648
8.588275
8.5893
8.60015
8.6165
8.61655
8.62595
8.62725
8.6317
8.65175
8.67355
8.675375
8.6823
8.69545
8.7039
8.723225
8.725975
8.75555
8.78075
8.813525
8.82265
8.824175
8.837325
8.847375
8.8493
8.85315
8.8872
8.892525
8.906325
8.917225
8.928075
8.945575
8.970625
9.00315
9.00485
9.015075
9.0156
9.030525
9.0532
9.0711
9.08655
751
