0.102075
0.10815
0.11115
0.115075
0.1155
0.11735
0.118075
0.1205
0.1234
0.12495
0.1277
0.13825
0.138575
0.1389
0.140825
0.140875
0.1473
0.14775
0.1509
0.154
0.16505
0.171225
0.17295
0.17745
0.202525
0.209925
0.219075
0.22205
0.228125
0.232575
0.2424
0.259175
0.26205
0.28205
0.317425
0.321
0.35375
0.36415
0.367375
0.382975
0.40955
0.410025
0.41655
0.4178
0.4263
0.42685
0.430275
0.4318
0.441625
0.445225
0.4723
0.473675
0.48185
0.4828
0.486225
0.495175
0.4983
0.502725
0.506325
0.506425
0.5082
0.518775
0.522975
0.5469
0.562375
0.569925
0.578025
0.600375
0.604325
0.61425
0.6148
0.617625
0.61765
0.618175
0.6549
0.661425
0.6773
0.702075
0.70235
0.7075
0.7086
0.714425
0.718475
0.724925
0.728775
0.7312
0.733425
0.748175
0.756275
0.768775
0.781725
0.787875
0.797525
0.802575
0.80825
0.81505
0.84205
0.849675
0.880575
0.887125
0.8938
0.90905
0.909925
0.925825
0.93165
0.943725
0.959075
0.971025
0.972875
0.98105
0.991775
1.004025
1.017
1.021725
1.0252
1.0305
1.030625
1.038225
1.070975
1.080625
1.09185
1.122775
1.1282
1.1547
1.161075
1.16325
1.16625
1.173775
1.196875
1.20075
1.210775
1.219625
1.2706
1.271125
1.305825
1.3234
1.333225
1.335875
1.344525
1.35305
1.355525
1.35965
1.366525
1.36795
1.37225
1.3759
1.383725
1.42325
1.589225
1.601
1.6067
1.607475
1.6218
1.638475
1.651425
1.6597
1.662175
1.67075
1.67135
1.676675
1.689
1.702075
1.712425
1.73285
1.74695
1.74845
1.76315
1.8152
1.872175
1.89505
1.905325
1.9136
1.919275
1.9214
1.927475
1.9358
1.9553
1.957975
1.975475
1.982375
1.98545
1.995575
1.99665
2.001975
2.00525
2.01
2.02115
2.0261
2.0276
2.033175
2.036175
2.0589
2.0734
2.074025
2.0741
2.113325
2.1161
2.1444
2.166
2.179375
2.20015
2.206425
2.2091
2.216875
2.22025
2.222875
2.22365
2.2279
2.23905
2.242225
2.249175
2.288625
2.288975
2.292625
2.297875
2.3005
2.3181
2.319025
2.325
2.331175
2.3522
2.35225
2.355525
2.3849
2.3902
2.4055
2.4175
2.43035
2.464325
2.484425
2.50085
2.5037
2.510475
2.523425
2.5263
2.53145
2.545225
2.555625
2.55885
2.57545
2.5815
2.59465
2.602925
2.6106
2.625225
2.625375
2.62675
2.644725
2.646075
2.689075
2.790475
2.80005
2.8009
2.80515
2.807625
2.808775
2.83355
2.84465
2.85115
2.857275
2.8633
2.86835
2.872375
2.8774
2.8913
2.915225
2.9231
2.9399
2.9493
2.951525
2.97505
2.97815
2.98875
2.9911
3.0417
3.050275
3.056375
3.09045
3.1179
3.12125
3.122
3.1245
3.125325
3.127
3.12935
3.134825
3.153475
3.156
3.15785
3.1819
3.184725
3.1853
3.20135
3.2016
3.20235
3.20495
3.215375
3.221075
3.252025
3.2529
3.283025
3.289725
3.2941
3.308225
3.312175
3.313325
3.32455
3.362425
3.36825
3.4003
3.406375
3.4087
3.412325
3.414025
3.431525
3.443675
3.44475
3.44775
3.4614
3.4633
3.477875
3.48205
3.497025
3.50725
3.52935
3.551275
3.55285
3.560725
3.5714
3.5813
3.58865
3.594175
3.59985
3.601375
3.603725
3.6257
3.7006
3.701625
3.702
3.706725
3.70675
3.71225
3.7166
3.721
3.72455
3.74115
3.7607
3.78275
3.7902
3.791775
3.7943
3.7995
3.807525
3.81335
3.832575
3.83725
3.89455
3.9048
3.90495
3.9075
3.934725
3.93515
3.97225
3.9992
4.00145
4.020725
4.0258
4.0377
4.042175
4.048175
4.052725
4.061175
4.0624
4.063975
4.0691
4.07225
4.085925
4.09115
4.09405
4.1089
4.112175
4.164775
4.167125
4.1771
4.17825
4.1998
4.207325
4.2141
4.218325
4.2194
4.230375
4.27355
4.274225
4.274425
4.30015
4.313225
4.31485
4.3264
4.32645
4.3413
4.344325
4.3485
4.351125
4.35485
4.36725
4.371325
4.37345
4.3808
4.392275
4.396225
4.420325
4.433725
4.436075
4.462325
4.463225
4.4721
4.509925
4.515025
4.5242
4.5624
4.58465
4.6021
4.604325
4.61395
4.618225
4.640325
4.644175
4.64725
4.6497
4.64975
4.6593
4.670125
4.671475
4.6737
4.691725
4.71865
4.724075
4.72545
4.737975
4.747775
4.767075
4.80435
4.82025
4.83465
4.8486
4.8561
4.868975
4.87005
4.9024
4.90715
4.908825
4.90985
4.910975
4.9158
4.93045
4.932225
4.937025
4.93715
4.9397
4.946425
4.9618
4.969575
4.971825
4.98125
4.99405
5.013625
5.0226
5.02305
5.03245
5.1081
5.148075
5.155425
5.158775
5.168925
5.202275
5.20925
5.2176
5.224725
5.2334
5.23615
5.27065
5.2719
5.27325
5.27555
5.287175
5.301425
5.306125
5.30635
5.31245
5.316625
5.3334
5.341575
5.34535
5.364075
5.36855
5.380475
5.3826
5.3903
5.434525
5.4711
5.4719
5.503
5.50815
5.5092
5.514225
5.51505
5.5192
5.533025
5.53735
5.552675
5.58315
5.5839
5.5883
5.588775
5.61895
5.63325
5.650675
5.679275
5.68085
5.681575
5.69175
5.7213
5.77695
5.77855
5.8009
5.80875
5.809
5.8126
5.8278
5.8466
5.85
5.857025
5.8658
5.868875
5.870925
5.87955
5.889475
5.893725
5.895325
5.9116
5.93295
5.934975
5.950125
5.951325
5.96285
5.96735
5.971525
5.983625
5.991775
6.038175
6.074175
6.086825
6.10535
6.108
6.1112
6.116775
6.119125
6.12385
6.1326
6.1471
6.20985
6.2265
6.23815
6.260975
6.264375
6.272175
6.2843
6.2907
6.299825
6.31275
6.332775
6.392875
6.39645
6.398575
6.4001
6.40055
6.4056
6.409975
6.426325
6.434225
6.451075
6.463675
6.465375
6.47325
6.47985
6.4807
6.490625
6.49345
6.4961
6.4998
6.5112
6.5437
6.551325
6.573725
6.576
6.581025
6.581225
6.629575
6.632125
6.663425
6.705725
6.7081
6.733025
6.7361
6.738125
6.7499
6.75095
6.752075
6.753
6.758525
6.760425
6.76055
6.7653
6.7696
6.77005
6.77165
6.777075
6.780825
6.7813
6.786975
6.789475
6.81645
6.8322
6.832675
6.83505
6.8361
6.838175
6.841675
6.8718
6.875325
6.957325
6.964625
7.006575
7.012025
7.018475
7.01975
7.026625
7.02795
7.041475
7.04435
7.045
7.054125
7.0549
7.058175
7.07035
7.08045
7.083425
7.094225
7.096275
7.098975
7.110175
7.1183
7.1287
7.1314
7.13755
7.1663
7.171075
7.1793
7.19095
7.212575
7.220075
7.224375
7.2422
7.2488
7.277675
7.317375
7.3174
7.3385
7.343725
7.34775
7.367075
7.37095
7.37465
7.379675
7.3945
7.398675
7.425075
7.43515
7.467925
7.4698
7.49155
7.53515
7.5464
7.5524
7.604075
7.607375
7.611875
7.613525
7.6151
7.622675
7.626575
7.6337
7.635825
7.639925
7.6441
7.67955
7.67995
7.69135
7.69155
7.6918
7.692625
7.696325
7.718525
7.738025
7.745475
7.758925
7.785075
7.8004
7.839975
7.86435
7.903325
7.906625
7.930525
7.935975
7.937275
7.9524
7.954075
7.964475
7.969625
7.976425
7.989175
7.99005
8.006275
8.02325
8.02415
8.02795
8.032375
8.0569
8.0797
8.12065
8.132325
8.1333
8.1619
8.200575
8.202775
8.20305
8.213025
8.2186
8.219125
8.2416
8.24405
8.247325
8.25035
8.251575
8.254575
8.25835
8.269325
8.2849
8.28525
8.299375
8.300525
8.30345
8.309275
8.31465
8.31485
8.320025
8.33035
8.333275
8.3409
8.34425
8.35785
8.3691
8.37345
8.3876
8.392875
8.399225
8.400375
8.40635
8.43285
8.506625
8.511125
8.51375
8.52405
8.52565
8.529225
8.545125
8.547575
8.5533
8.55455
8.555925
8.556875
8.58115
8.603075
8.610725
8.616875
8.65105
8.651725
8.6759
8.68315
8.716125
8.72445
8.729375
8.7323
8.762025
8.7845
8.800375
8.803675
8.8068
8.810325
8.8111
8.81485
8.815575
8.82475
8.8301
8.83345
8.837125
8.838275
8.839725
8.843675
8.845175
8.876175
8.883425
8.88455
8.910775
8.92495
8.930725
8.965225
9.0021
9.0029
9.003525
9.01035
9.018125
9.021325
9.0251
9.0442
9.058275
9.06185
9.0728
9.094975
9.09905
830
