0.117825
0.1202
0.13105
0.1351
0.137375
0.1434
0.146625
0.163225
0.168975
0.17345
0.17715
0.189975
0.2117
0.2122
0.248625
0.27005
0.27245
0.276575
0.281025
0.286025
0.3061
0.3166
0.316625
0.39605
0.401025
0.40145
0.40725
0.418975
0.4191
0.420225
0.42125
0.42715
0.428575
0.448525
0.458675
0.486075
0.495375
0.518225
0.55915
0.589125
0.595175
0.598175
0.605125
0.605975
0.613425
0.652625
0.700975
0.702125
0.70975
0.71485
0.72805
0.74515
0.75425
0.76265
0.76685
0.770425
0.773625
0.784225
0.808575
0.81745
0.8215
0.863925
0.8675
0.86965
0.870925
0.8809
0.883425
0.907625
0.923225
0.999975
1.001725
1.0128
1.0163
1.0203
1.023525
1.025625
1.027825
1.038775
1.04475
1.048625
1.05435
1.06075
1.061775
1.0631
1.078
1.1025
1.121075
1.127525
1.145275
1.158675
1.1741
1.1762
1.177775
1.18575
1.201375
1.229475
1.235825
1.241475
1.2843
1.305825
1.3171
1.3215
1.348025
1.35715
1.361325
1.376775
1.382325
1.395275
1.406825
1.40975
1.418225
1.483175
1.484825
1.4886
1.5623
1.56505
1.585625
1.60555
1.607225
1.609325
1.61595
1.627675
1.6336
1.647875
1.655475
1.6563
1.65705
1.665275
1.666825
1.670975
1.673825
1.6809
1.684275
1.702625
1.712025
1.73215
1.7622
1.7732
1.78165
1.7842
1.789425
1.813275
1.813625
1.81825
1.836975
1.8961
1.902925
1.907025
1.907425
1.927525
1.9319
1.944775
1.9453
1.945525
1.96655
1.972525
1.982475
1.998325
1.99875
1.99915
2.004975
2.00755
2.012025
2.02305
2.0245
2.031825
2.038
2.051325
2.05145
2.077675
2.109125
2.113325
2.1288
2.159275
2.174075
2.191525
2.2008
2.205825
2.20675
2.22885
2.24195
2.243625
2.24535
2.245425
2.249925
2.261225
2.263675
2.2829
2.290325
2.2953
2.299025
2.304225
2.3048
2.325
2.331775
2.34055
2.345475
2.35715
2.361
2.4439
2.471775
2.507375
2.5116
2.514
2.5249
2.533525
2.5353
2.5373
2.542375
2.547575
2.550225
2.55115
2.55155
2.5567
2.573925
2.60045
2.60295
2.60645
2.650425
2.6516
2.658
2.6659
2.679525
2.69175
2.702075
2.71735
2.79115
2.798375
2.805
2.814225
2.815425
2.81645
2.817775
2.818425
2.819675
2.84215
2.84225
2.863325
2.89525
2.91685
2.9376
2.959075
2.980675
2.98985
3.02185
3.073875
3.10715
3.10825
3.1117
3.1269
3.13545
3.136325
3.142925
3.147575
3.155025
3.1601
3.161575
3.1625
3.1749
3.1754
3.181675
3.190125
3.1926
3.1941
3.19675
3.214375
3.228425
3.28355
3.2869
3.30325
3.3248
3.343725
3.347375
3.35885
3.36515
3.4103
3.414325
3.41855
3.418675
3.4192
3.420025
3.423425
3.4306
3.4308
3.4311
3.4326
3.450275
3.451275
3.47305
3.473075
3.48305
3.50245
3.504175
3.507325
3.513825
3.514375
3.51635
3.53255
3.54795
3.54845
3.59335
3.607625
3.614625
3.691325
3.709075
3.713225
3.714875
3.715775
3.72605
3.731525
3.7351
3.7386
3.74545
3.752875
3.76565
3.7685
3.77155
3.774925
3.7926
3.793475
3.80465
3.811175
3.832825
3.8574
3.858775
3.866425
3.868725
3.87025
3.8829
3.884675
3.885825
3.889425
3.903175
3.91055
3.91865
3.971075
3.98625
4.003175
4.0043
4.011125
4.023225
4.0253
4.0343
4.046725
4.05575
4.05675
4.05885
4.073825
4.0797
4.0819
4.099325
4.106075
4.114025
4.1194
4.123075
4.13215
4.1602
4.1913
4.23155
4.239525
4.258025
4.2751
4.30385
4.3045
4.315125
4.3152
4.320875
4.323525
4.325225
4.328725
4.3294
4.3423
4.343825
4.360525
4.3697
4.371675
4.37335
4.374575
4.3826
4.38745
4.401275
4.432825
4.434675
4.4465
4.4506
4.454875
4.455925
4.52235
4.53295
4.538
4.557125
4.567675
4.60095
4.6042
4.605575
4.611375
4.614825
4.6151
4.615825
4.617
4.62495
4.6278
4.635825
4.636425
4.639625
4.6404
4.651625
4.66785
4.676575
4.678375
4.701325
4.726175
4.729575
4.72995
4.7424
4.763025
4.77985
4.815025
4.8648
4.892575
4.8933
4.9059
4.90775
4.908825
4.91515
4.93025
4.937625
4.94065
4.95025
4.9511
4.951525
4.952625
4.96125
4.9717
4.975
5.007025
5.0152
5.016475
5.0443
5.0592
5.064125
5.1132
5.15815
5.1836
5.18565
5.190275
5.19365
5.1967
5.20515
5.206525
5.20655
5.212775
5.220125
5.22155
5.226825
5.235125
5.238375
5.239575
5.23985
5.2438
5.248
5.258825
5.2601
5.261
5.289575
5.29215
5.294225
5.3185
5.327
5.367675
5.3762
5.3772
5.42205
5.42395
5.4274
5.4387
5.4518
5.452425
5.458825
5.470475
5.498375
5.501925
5.502425
5.52835
5.547025
5.5592
5.562225
5.56255
5.596675
5.605875
5.61855
5.632175
5.6396
5.66465
5.671575
5.674
5.696025
5.698975
5.69915
5.70685
5.71255
5.732425
5.7358
5.73795
5.73935
5.746225
5.74965
5.753875
5.758825
5.7761
5.7824
5.797275
5.798275
5.801925
5.802475
5.806075
5.80635
5.8102
5.81555
5.817575
5.823125
5.839025
5.848525
5.851775
5.85215
5.864975
5.88285
5.8865
5.8934
5.89475
5.898675
5.90135
5.907775
5.9099
5.912925
5.9221
5.942175
5.95285
5.96595
5.969875
5.991425
6.010025
6.06325
6.0658
6.10305
6.105075
6.107925
6.11125
6.116275
6.13205
6.155475
6.1556
6.1566
6.194175
6.1952
6.204125
6.207325
6.213925
6.228025
6.2305
6.26145
6.28645
6.3183
6.31875
6.324
6.32595
6.349175
6.36125
6.401675
6.408
6.40845
6.4096
6.414075
6.41485
6.418
6.419675
6.429325
6.435475
6.43685
6.437075
6.438625
6.4421
6.443475
6.456125
6.4562
6.469625
6.4699
6.478625
6.482825
6.492125
6.506525
6.511425
6.518125
6.526025
6.527875
6.52825
6.53395
6.5638
6.5694
6.5826
6.5879
6.588525
6.598225
6.6244
6.624475
6.656175
6.682
6.709825
6.71205
6.72245
6.723975
6.72865
6.72905
6.729525
6.730775
6.73445
6.7519
6.784175
6.790525
6.79485
6.8248
6.8369
6.8406
6.848825
6.9196
6.92255
6.927175
6.930725
6.947625
7.0035
7.006975
7.0083
7.0118
7.02365
7.03155
7.040975
7.0442
7.047875
7.049025
7.0519
7.077925
7.0946
7.097775
7.108725
7.1105
7.120475
7.1569
7.162625
7.1864
7.213625
7.25375
7.2575
7.2652
7.2764
7.295325
7.300525
7.300925
7.311775
7.314175
7.340025
7.342925
7.3462
7.35105
7.35315
7.361525
7.37355
7.384625
7.404875
7.41615
7.4262
7.4445
7.452825
7.471
7.4716
7.477125
7.49095
7.502625
7.55545
7.55825
7.560875
7.5944
7.614175
7.61475
7.615225
7.61675
7.6246
7.6309
7.633825
7.650475
7.6608
7.6796
7.68015
7.69565
7.6995
7.741425
7.76175
7.7665
7.7865
7.79405
7.825375
7.83085
7.867925
7.884425
7.8891
7.91055
7.911
7.916675
7.923625
7.92575
7.9261
7.92675
7.93295
7.93315
7.933825
7.934125
7.935175
7.940725
7.94235
7.954275
7.960825
7.965975
7.971025
7.973975
7.975325
7.99585
8.004675
8.0164
8.025125
8.03515
8.0374
8.048825
8.061525
8.09855
8.105475
8.1387
8.1804
8.195525
8.201975
8.204175
8.206425
8.21385
8.22095
8.230675
8.230725
8.233475
8.250475
8.252475
8.2575
8.260175
8.26405
8.278725
8.284125
8.28875
8.29535
8.2961
8.3039
8.317175
8.361175
8.369275
8.385875
8.391775
8.400825
8.4107
8.451575
8.487925
8.50435
8.50615
8.511975
8.518925
8.52635
8.5386
8.545475
8.55605
8.55675
8.565525
8.566975
8.58485
8.59345
8.5979
8.60815
8.61495
8.620825
8.635825
8.6747
8.688375
8.71035
8.734825
8.743475
8.75715
8.767025
8.777425
8.800525
8.8018
8.805025
8.80685
8.807175
8.8232
8.841125
8.870025
8.876825
8.87685
8.87845
8.881
8.891775
8.908125
8.90875
8.9128
8.917175
8.936775
8.94375
8.950175
9.019675
812
