0.104375
0.1086
0.110575
0.114275
0.119825
0.12155
0.123375
0.12985
0.13125
0.136925
0.1532
0.1662
0.17615
0.1773
0.179425
0.185
0.18705
0.18735
0.187875
0.1973
0.218
0.2266
0.227525
0.2283
0.242
0.24225
0.2477
0.271425
0.279375
0.287
0.291475
0.291725
0.3072
0.332475
0.347425
0.405825
0.407675
0.411875
0.41505
0.4157
0.417325
0.42305
0.426625
0.4287
0.4307
0.433375
0.4335
0.449525
0.454525
0.46615
0.487625
0.502
0.508975
0.519875
0.5233
0.53795
0.5408
0.551075
0.56105
0.5832
0.6043
0.604725
0.665725
0.674175
0.697325
0.7151
0.715225
0.72445
0.72965
0.73235
0.746425
0.751975
0.76275
0.80475
0.80755
0.808075
0.8083
0.81995
0.8285
0.83615
0.843725
0.84925
0.86795
0.8799
0.9103
0.92025
0.920975
0.924075
0.97405
0.9983
1.0011
1.0097
1.012675
1.016525
1.024675
1.02945
1.04125
1.04665
1.0524
1.061875
1.0678
1.075125
1.079825
1.094825
1.102525
1.10345
1.12765
1.14785
1.147875
1.159475
1.164475
1.16955
1.193825
1.194575
1.3044
1.308225
1.31645
1.323875
1.32645
1.32835
1.3356
1.337575
1.34515
1.35455
1.361175
1.364625
1.371925
1.3728
1.38165
1.389525
1.40185
1.4042
1.4137
1.421325
1.42525
1.44115
1.461525
1.46665
1.46825
1.49505
1.5268
1.545925
1.55425
1.592075
1.631775
1.63985
1.64945
1.654275
1.68015
1.681925
1.688525
1.692975
1.697975
1.699725
1.710225
1.7124
1.71555
1.7217
1.724775
1.7348
1.756275
1.7591
1.761125
1.77645
1.786675
1.791025
1.810975
1.851825
1.901475
1.90915
1.91395
1.91485
1.918025
1.918375
1.936425
1.953775
1.9585
1.990775
2.0166
2.021225
2.06745
2.07055
2.072575
2.103575
2.108225
2.13035
2.158525
2.1892
2.2025
2.20265
2.208425
2.211125
2.212225
2.214025
2.220775
2.22165
2.24235
2.258775
2.261025
2.2656
2.27005
2.279275
2.302225
2.30255
2.307975
2.308875
2.309925
2.31925
2.3211
2.32145
2.3563
2.376875
2.37905
2.38335
2.3863
2.386675
2.440375
2.441625
2.50155
2.50355
2.506
2.5099
2.520225
2.523
2.5254
2.527925
2.53025
2.5311
2.5338
2.53405
2.5387
2.5566
2.55815
2.5583
2.563375
2.577225
2.578425
2.58935
2.6139
2.614075
2.630425
2.638
2.6867
2.691425
2.70795
2.712125
2.7668
2.784825
2.7875
2.800075
2.802625
2.81465
2.816575
2.8237
2.843075
2.849125
2.8527
2.8596
2.86565
2.8682
2.87865
2.882875
2.88435
2.895425
2.897675
2.898925
2.899425
2.902525
2.921775
2.9268
2.97255
2.989675
3.036575
3.104325
3.1178
3.12195
3.12785
3.128625
3.135575
3.159675
3.19265
3.198775
3.204825
3.2116
3.2406
3.253475
3.2672
3.27025
3.292175
3.32705
3.32885
3.332175
3.341125
3.3488
3.368225
3.394725
3.3996
3.4068
3.413875
3.421775
3.42205
3.425225
3.426125
3.42945
3.43085
3.45525
3.457375
3.46715
3.470375
3.4774
3.480075
3.486525
3.491975
3.503475
3.519425
3.592475
3.595175
3.608125
3.61415
3.626525
3.669675
3.700475
3.700625
3.7013
3.711575
3.716975
3.728125
3.733025
3.739325
3.74995
3.75535
3.755425
3.760225
3.76825
3.790725
3.804725
3.814225
3.82335
3.84495
3.865025
3.875
3.8954
3.90125
3.907225
3.94615
3.94905
3.967575
3.9684
3.979975
3.9917
4.0093
4.023775
4.028675
4.02895
4.029425
4.035225
4.04665
4.05915
4.05925
4.06735
4.0784
4.080125
4.0816
4.0881
4.105075
4.105875
4.108925
4.109575
4.1128
4.1153
4.1302
4.164275
4.1835
4.197475
4.224925
4.229175
4.24075
4.25775
4.26135
4.288725
4.300525
4.301
4.309375
4.321925
4.3267
4.33195
4.33845
4.34025
4.3405
4.3421
4.342475
4.34295
4.358225
4.35895
4.369525
4.371925
4.37525
4.377175
4.380675
4.393925
4.403675
4.414025
4.42925
4.468325
4.47265
4.480875
4.495575
4.598475
4.60405
4.607275
4.646475
4.65565
4.6582
4.66055
4.66255
4.6718
4.6806
4.681875
4.684025
4.698025
4.7012
4.7036
4.708875
4.73
4.762925
4.773725
4.778075
4.81905
4.83365
4.880525
4.881525
4.90395
4.90965
4.914025
4.923775
4.9292
4.929375
4.929625
4.94065
4.943125
4.94445
4.949825
4.964075
4.981025
4.988625
4.9959
5.007725
5.0197
5.0552
5.0622
5.069925
5.084275
5.1379
5.1411
5.150075
5.179325
5.192425
5.206825
5.20695
5.218675
5.243275
5.24905
5.249675
5.261425
5.269975
5.270425
5.2844
5.29505
5.308675
5.311175
5.3279
5.33875
5.3463
5.354325
5.372525
5.392775
5.405975
5.409525
5.426875
5.467925
5.5035
5.51225
5.522875
5.538675
5.541725
5.545675
5.553275
5.56055
5.5629
5.570275
5.5727
5.58305
5.595575
5.5967
5.61845
5.62095
5.625775
5.662075
5.6632
5.688225
5.70545
5.731575
5.73205
5.7584
5.78375
5.8036
5.80385
5.808825
5.810575
5.813875
5.83495
5.83995
5.8409
5.856675
5.8694
5.87095
5.881175
5.88125
5.88295
5.8831
5.883575
5.88535
5.902375
5.906725
5.9099
5.91785
5.9265
5.9534
5.9556
5.96075
5.978975
5.9792
5.9821
5.98615
5.9871
5.99355
5.99815
6.0037
6.0148
6.02615
6.066475
6.11275
6.1159
6.11655
6.1193
6.119775
6.1223
6.14065
6.156175
6.181375
6.181775
6.1875
6.2031
6.205275
6.212225
6.212325
6.2176
6.2218
6.235775
6.2447
6.25015
6.25515
6.261475
6.2755
6.305625
6.347925
6.352
6.352325
6.3973
6.407275
6.4084
6.415825
6.4304
6.4314
6.439425
6.4526
6.45615
6.45835
6.469025
6.470025
6.474375
6.498475
6.499025
6.51505
6.55975
6.560725
6.590425
6.613225
6.634375
6.63515
6.643925
6.707975
6.71955
6.72575
6.726975
6.7274
6.7313
6.738475
6.739275
6.74915
6.7529
6.769375
6.770375
6.770775
6.778625
6.782425
6.78355
6.7962
6.801125
6.829325
6.83385
6.926375
6.937125
6.948125
6.956525
6.967625
6.9736
7.006475
7.006925
7.00825
7.01115
7.02065
7.023675
7.0266
7.0385
7.041975
7.04245
7.047825
7.052375
7.0796
7.08555
7.100075
7.100275
7.10535
7.117475
7.1569
7.170625
7.179525
7.179575
7.224975
7.2414
7.2611
7.30235
7.310425
7.312875
7.31815
7.32055
7.323075
7.324075
7.324625
7.335475
7.341375
7.3433
7.347875
7.356775
7.36455
7.378925
7.384225
7.391725
7.39395
7.394375
7.40125
7.408075
7.426025
7.4476
7.4523
7.45735
7.46295
7.47635
7.48805
7.524825
7.5393
7.5473
7.564725
7.565625
7.566375
7.57
7.571225
7.58085
7.581425
7.629475
7.63515
7.636775
7.641475
7.64635
7.649725
7.657025
7.702
7.702725
7.7172
7.7203
7.7283
7.729225
7.751725
7.752275
7.760575
7.78085
7.7892
7.793525
7.8033
7.811125
7.825075
7.82975
7.905125
7.908175
7.91865
7.923425
7.9292
7.94945
7.952025
7.95965
7.961025
7.96365
7.96775
7.9702
8.02145
8.03355
8.0437
8.069725
8.0737
8.085875
8.16775
8.20055
8.20425
8.204775
8.205175
8.214875
8.220375
8.222225
8.223775
8.226675
8.2286
8.240625
8.242775
8.2463
8.24695
8.25215
8.2652
8.274975
8.2866
8.293425
8.29715
8.29905
8.303125
8.3149
8.316525
8.326275
8.33375
8.33435
8.3761
8.391175
8.476525
8.484025
8.5026
8.513475
8.514825
8.52405
8.5281
8.565575
8.5819
8.587725
8.589325
8.592825
8.627775
8.655675
8.658675
8.672275
8.676975
8.687925
8.706525
8.718275
8.722175
8.7271
8.734925
8.73575
8.78915
8.806725
8.808375
8.811575
8.811825
8.817325
8.824825
8.82915
8.830725
8.83135
8.834125
8.83545
8.837825
8.8389
8.84995
8.86535
8.913275
8.9175
8.922725
8.9288
8.9338
8.95215
9.013875
9.067325
9.0926
800
