0.102475
0.1025
0.1118
0.1127
0.115025
0.117875
0.121425
0.12355
0.124975
0.12525
0.144525
0.1456
0.15735
0.162175
0.17065
0.1821
0.18425
0.19695
0.209975
0.215675
0.235525
0.25755
0.268225
0.275375
0.27935
0.284175
0.299975
0.311875
0.3155
0.31795
0.325125
0.336725
0.351875
0.3589
0.3715
0.391875
0.40125
0.402525
0.404625
0.4202
0.422725
0.4238
0.42915
0.4307
0.446075
0.45195
0.4819
0.489475
0.49455
0.515475
0.5173
0.518
0.51885
0.5199
0.529325
0.55915
0.5892
0.595025
0.617825
0.62625
0.63465
0.640125
0.652325
0.660475
0.66735
0.67025
0.674075
0.68605
0.70805
0.71375
0.715825
0.721625
0.72315
0.724975
0.7302
0.732425
0.733375
0.73505
0.749775
0.7554
0.75615
0.758275
0.7613
0.77395
0.774475
0.784425
0.815375
0.818975
0.834925
0.8456
0.879525
0.879575
0.903675
0.93635
0.9419
1.0017
1.003325
1.0059
1.0061
1.036325
1.038725
1.040325
1.050075
1.05485
1.074575
1.081675
1.0843
1.09125
1.09335
1.09595
1.13785
1.15225
1.154475
1.16535
1.171225
1.189475
1.21225
1.22165
1.3023
1.3063
1.332525
1.345325
1.35505
1.359275
1.359525
1.3746
1.3773
1.3996
1.408875
1.410975
1.432275
1.441175
1.446775
1.45405
1.461525
1.463925
1.492525
1.507725
1.546575
1.5467
1.579025
1.580075
1.58425
1.618725
1.620125
1.625725
1.6459
1.661875
1.66445
1.671725
1.689075
1.696025
1.70075
1.7119
1.7568
1.758275
1.7771
1.80765
1.829925
1.833075
1.85845
1.88115
1.881325
1.900625
1.9145
1.916375
1.950275
1.95195
1.976975
1.977375
1.981025
1.9818
2.018775
2.019025
2.0217
2.0409
2.13395
2.140675
2.148575
2.1941
2.203775
2.207525
2.2137
2.2299
2.247775
2.25375
2.2554
2.273675
2.28435
2.300825
2.316175
2.319325
2.3196
2.33895
2.3793
2.429975
2.446575
2.513125
2.51555
2.5328
2.558975
2.560275
2.5642
2.57005
2.578525
2.58425
2.598175
2.602275
2.620075
2.624575
2.625875
2.6259
2.630025
2.641775
2.643775
2.659875
2.661075
2.6761
2.726175
2.7824
2.800825
2.806275
2.807575
2.8132
2.816825
2.82315
2.8245
2.82675
2.839775
2.848175
2.854325
2.85495
2.8581
2.861925
2.8765
2.884375
2.91335
2.921
2.925225
2.925425
2.937075
2.94285
2.94795
3.00235
3.030125
3.090275
3.100625
3.108625
3.11155
3.1214
3.124225
3.12835
3.1291
3.130875
3.14875
3.168325
3.169575
3.186625
3.1964
3.22025
3.255
3.272625
3.30525
3.306575
3.353025
3.355025
3.4019
3.404425
3.40515
3.4085
3.410325
3.43985
3.453825
3.472325
3.477075
3.48195
3.49
3.4965
3.510325
3.538475
3.544725
3.5802
3.5843
3.589575
3.61565
3.70675
3.721375
3.725075
3.728875
3.732725
3.752425
3.757925
3.761725
3.767
3.81535
3.82065
3.827775
3.844925
3.85165
3.854175
3.858675
3.88125
3.908475
3.942325
3.974975
3.97885
4.0056
4.007675
4.00875
4.0104
4.01485
4.015875
4.02215
4.02615
4.03855
4.049075
4.05625
4.05975
4.069625
4.0697
4.08465
4.101525
4.119375
4.1281
4.1636
4.169225
4.1794
4.181325
4.21945
4.230675
4.2681
4.26845
4.304275
4.3096
4.3185
4.32595
4.327675
4.328225
4.328825
4.3362
4.3375
4.339775
4.3523
4.3535
4.358975
4.364225
4.374875
4.382575
4.386325
4.390175
4.3917
4.421225
4.428275
4.442425
4.46025
4.487875
4.52455
4.528825
4.549575
4.561025
4.606675
4.624375
4.6443
4.65535
4.690575
4.6908
4.70725
4.7237
4.72635
4.7424
4.7756
4.800675
4.805975
4.809425
4.8101
4.820225
4.833875
4.850875
4.861075
4.902225
4.92005
4.92035
4.926275
4.93075
4.9316
4.937625
4.93965
4.95095
4.954925
4.960875
4.969275
4.975375
4.984325
4.98745
4.9908
5.001025
5.007325
5.01365
5.01505
5.017375
5.0256
5.0448
5.0614
5.08
5.082225
5.094
5.12315
5.124425
5.1319
5.132875
5.147175
5.1579
5.1925
5.20015
5.20085
5.20335
5.210675
5.21615
5.228525
5.231325
5.2338
5.235325
5.241175
5.2496
5.250525
5.25065
5.252225
5.27285
5.27565
5.293725
5.302375
5.306425
5.3125
5.3313
5.332875
5.33345
5.336625
5.34975
5.3513
5.3569
5.3663
5.36665
5.368575
5.370325
5.387575
5.394675
5.406325
5.4111
5.4377
5.4407
5.4652
5.475525
5.5021
5.504675
5.524925
5.5384
5.54375
5.5611
5.563425
5.57295
5.57625
5.58805
5.588575
5.5939
5.6019
5.636525
5.645775
5.647525
5.65615
5.661475
5.66355
5.667175
5.6786
5.702225
5.70455
5.72195
5.7613
5.76435
5.7735
5.787775
5.8047
5.81265
5.817575
5.8255
5.8267
5.827875
5.83055
5.8313
5.8411
5.847825
5.849125
5.8979
5.915975
5.92785
5.92905
5.941275
5.9464
5.9474
5.94865
5.957675
5.983175
6.003325
6.00925
6.0571
6.07075
6.09775
6.103675
6.103825
6.114725
6.11595
6.121925
6.135175
6.14975
6.16235
6.1729
6.202075
6.209675
6.230325
6.23315
6.2722
6.30775
6.3412
6.37055
6.40175
6.42465
6.44385
6.451775
6.457275
6.45905
6.483575
6.491
6.491125
6.49515
6.51235
6.51805
6.520925
6.53305
6.552125
6.566075
6.5884
6.593925
6.5961
6.60495
6.632725
6.634975
6.641675
6.6704
6.684075
6.6957
6.7003
6.704875
6.705425
6.70675
6.728075
6.7342
6.737925
6.7464
6.74695
6.753125
6.7555
6.7562
6.762225
6.7667
6.7683
6.77635
6.778675
6.790825
6.8038
6.808675
6.8155
6.832725
6.840075
6.842625
6.843175
6.872525
6.8865
6.91515
6.926075
6.988525
7.00145
7.001625
7.003225
7.019
7.019525
7.0214
7.023325
7.0244
7.0296
7.0444
7.057675
7.086825
7.0888
7.092175
7.09225
7.096125
7.129125
7.14295
7.236675
7.246475
7.266325
7.29145
7.297925
7.302075
7.302575
7.304725
7.3116
7.311975
7.31265
7.313875
7.3375
7.342525
7.345425
7.3586
7.37475
7.377975
7.396625
7.414575
7.423075
7.428575
7.449075
7.4555
7.480175
7.4802
7.591625
7.6008
7.608775
7.616375
7.62725
7.638925
7.652025
7.655125
7.665
7.665225
7.668475
7.67535
7.689675
7.703975
7.7083
7.713475
7.723225
7.733075
7.7388
7.7527
7.7528
7.758225
7.762025
7.76315
7.776825
7.782975
7.79795
7.8181
7.821575
7.8335
7.853175
7.877675
7.88635
7.898475
7.9018
7.903125
7.909
7.91595
7.91845
7.927825
7.928575
7.931175
7.93195
7.9404
7.95115
7.9568
7.963575
7.9858
7.996575
8.0233
8.025775
8.0316
8.0405
8.046175
8.047525
8.05775
8.0813
8.091675
8.0925
8.14575
8.17585
8.221375
8.232
8.240725
8.248725
8.254325
8.255725
8.257575
8.26695
8.2703
8.278525
8.291675
8.29245
8.293675
8.314775
8.317675
8.32565
8.337575
8.3806
8.387925
8.411425
8.4174
8.42645
8.4357
8.451275
8.4513
8.481175
8.4899
8.498975
8.50185
8.502575
8.528825
8.535475
8.539225
8.5467
8.556425
8.559925
8.5864
8.586725
8.6066
8.614975
8.65725
8.666775
8.678175
8.6794
8.685
8.6934
8.73675
8.739325
8.758775
8.76395
8.7707
8.799425
8.8027
8.80375
8.811475
8.813175
8.825
8.839675
8.841725
8.85485
8.8574
8.8596
8.864725
8.867575
8.87325
8.883425
8.899725
8.909275
8.944025
8.953875
8.9546
8.97395
8.9818
8.983825
8.99515
9.007925
9.00945
9.038425
9.06895
9.076525
9.082775
765
