0.10365
0.1091
0.113225
0.12185
0.176675
0.177125
0.180575
0.19585
0.199825
0.221
0.231725
0.2354
0.235725
0.257225
0.26355
0.26945
0.284825
0.28805
0.29235
0.403225
0.405
0.410925
0.414275
0.415025
0.4203
0.4385
0.44565
0.4689
0.48325
0.49335
0.518525
0.5343
0.53795
0.542575
0.665875
0.715025
0.7155
0.715875
0.716925
0.71805
0.729825
0.7434
0.744
0.74855
0.77545
0.77775
0.7779
0.7925
0.798325
0.80055
0.827325
0.837125
0.85635
0.881675
0.882025
0.88585
0.89015
0.890875
0.94405
0.958925
0.9624
0.985875
0.989125
1.01025
1.0126
1.0127
1.013375
1.0217
1.032975
1.033175
1.0401
1.04215
1.04865
1.0512
1.055575
1.057675
1.0631
1.08095
1.096925
1.114275
1.11915
1.126575
1.127975
1.1282
1.1378
1.17825
1.198325
1.212
1.221125
1.224425
1.22875
1.254
1.268425
1.30175
1.304775
1.310125
1.31785
1.320875
1.322375
1.33615
1.354825
1.36365
1.372675
1.384025
1.390325
1.3968
1.41975
1.440225
1.443
1.465125
1.467175
1.471425
1.476875
1.481575
1.49495
1.52025
1.528975
1.53595
1.5442
1.569425
1.573625
1.5825
1.6029
1.60485
1.614725
1.616
1.625525
1.634625
1.638775
1.640525
1.647
1.669825
1.676625
1.68285
1.69265
1.6941
1.697425
1.697775
1.700325
1.701575
1.702925
1.7121
1.73845
1.739775
1.740175
1.747075
1.75365
1.77385
1.786975
1.802025
1.812975
1.86955
1.8789
1.891125
1.903
1.908625
1.925475
1.92575
1.928775
1.934925
1.94195
1.946375
1.952275
1.978625
1.981525
1.991025
2.0266
2.032275
2.043225
2.050075
2.079975
2.080925
2.081925
2.140775
2.199375
2.20175
2.202925
2.226325
2.22675
2.235875
2.24455
2.252
2.261
2.2678
2.268575
2.29565
2.30425
2.310375
2.31395
2.330575
2.345975
2.3531
2.360575
2.3675
2.389925
2.469325
2.49525
2.5147
2.527175
2.52795
2.529425
2.5343
2.538925
2.543675
2.548075
2.55
2.5513
2.563425
2.569075
2.569125
2.57475
2.58515
2.600225
2.60985
2.6375
2.653275
2.6693
2.671525
2.7113
2.713025
2.734725
2.738625
2.747575
2.763875
2.7702
2.80165
2.802225
2.80235
2.803375
2.806425
2.807
2.810375
2.815875
2.821
2.824725
2.828275
2.846425
2.848825
2.869275
2.872875
2.889275
2.895175
2.898525
2.90395
2.9253
2.9369
2.974525
2.976775
2.97915
2.994075
3.02405
3.082525
3.1141
3.116425
3.135825
3.1396
3.139875
3.147075
3.1527
3.1564
3.158275
3.16075
3.16935
3.170125
3.18495
3.185875
3.186175
3.187525
3.216125
3.2239
3.224575
3.2298
3.2389
3.245
3.24525
3.283875
3.29145
3.3177
3.34845
3.390175
3.4016
3.40485
3.405425
3.4115
3.412
3.42635
3.431225
3.44365
3.44615
3.447825
3.476075
3.482675
3.48715
3.50375
3.509975
3.528375
3.54145
3.544975
3.557275
3.5621
3.581275
3.5854
3.64125
3.6535
3.6589
3.70075
3.705475
3.71225
3.7302
3.743875
3.7452
3.745875
3.752575
3.756625
3.762675
3.775175
3.778875
3.78685
3.787325
3.816
3.817425
3.829475
3.83445
3.874825
3.88065
3.981875
4.00975
4.01135
4.0154
4.0317
4.036775
4.040325
4.0518
4.054325
4.060425
4.071725
4.074325
4.074525
4.0787
4.104725
4.110825
4.11195
4.114175
4.134525
4.135675
4.141375
4.14955
4.159625
4.168925
4.169075
4.188475
4.190725
4.1917
4.204675
4.204925
4.21425
4.2499
4.26225
4.298325
4.30605
4.30715
4.319225
4.32515
4.3275
4.34105
4.342175
4.34625
4.346675
4.35495
4.359475
4.3704
4.38165
4.382725
4.4008
4.402425
4.426375
4.42765
4.4357
4.45105
4.4548
4.46745
4.477725
4.55295
4.56555
4.585025
4.602275
4.6037
4.6167
4.6195
4.62545
4.657925
4.663175
4.678275
4.68365
4.69275
4.70345
4.7111
4.71365
4.719625
4.724125
4.72505
4.72795
4.747475
4.749925
4.77135
4.77555
4.815675
4.838425
4.842675
4.908925
4.9108
4.912775
4.920475
4.923425
4.933525
4.933575
4.937275
4.938225
4.938775
4.941425
4.956425
4.96365
4.96695
4.97
4.97045
4.974875
4.977275
4.9904
4.998775
5.0045
5.00945
5.01685
5.02685
5.04295
5.0547
5.0561
5.078875
5.090775
5.129225
5.20175
5.202925
5.206325
5.2079
5.2137
5.218225
5.223225
5.224
5.225475
5.23215
5.23475
5.2626
5.269525
5.279225
5.2856
5.2878
5.288225
5.298125
5.311
5.324725
5.338525
5.35995
5.392175
5.403375
5.408575
5.42455
5.470875
5.5047
5.508375
5.520275
5.53295
5.5461
5.5693
5.579975
5.59295
5.6012
5.62405
5.62785
5.63055
5.642225
5.658775
5.6841
5.684475
5.6898
5.69395
5.73205
5.750875
5.77845
5.802325
5.814625
5.8153
5.81615
5.819475
5.825425
5.83305
5.8354
5.8355
5.837375
5.840725
5.847775
5.855425
5.86035
5.870925
5.8889
5.899725
5.9052
5.905725
5.907275
5.9081
5.920625
5.938375
5.938975
5.94755
5.96405
5.968475
5.977425
6.004925
6.039875
6.06255
6.079725
6.098
6.103125
6.10955
6.11435
6.11615
6.117325
6.123425
6.1243
6.138325
6.14045
6.1431
6.150475
6.1597
6.163475
6.168925
6.1726
6.18155
6.183525
6.189175
6.207
6.233675
6.23585
6.2416
6.2807
6.287175
6.292775
6.294675
6.297725
6.304975
6.30625
6.3133
6.330775
6.33165
6.356025
6.4005
6.40135
6.41215
6.4164
6.426
6.431125
6.431825
6.435375
6.44485
6.474325
6.478025
6.479125
6.50265
6.50975
6.516275
6.51845
6.5223
6.52715
6.5339
6.552775
6.5882
6.590525
6.61845
6.632525
6.634025
6.638675
6.6574
6.66545
6.6832
6.686725
6.702175
6.707425
6.708925
6.709375
6.711525
6.714325
6.73195
6.733275
6.740525
6.741275
6.7496
6.751625
6.759075
6.760025
6.765725
6.776
6.780125
6.80885
6.80965
6.8105
6.811175
6.8366
6.83945
6.850875
6.868825
6.871025
6.87955
6.882625
6.901975
6.947225
6.98785
7.00345
7.004625
7.012375
7.0312
7.040225
7.040725
7.0427
7.053975
7.0601
7.065975
7.066375
7.0783
7.08315
7.1228
7.141475
7.17295
7.178
7.192125
7.192175
7.20005
7.2224
7.2416
7.273825
7.28745
7.294
7.30795
7.312775
7.316575
7.32635
7.33125
7.33215
7.344225
7.346775
7.356625
7.36355
7.363725
7.3716
7.37245
7.386825
7.415575
7.42155
7.42785
7.440875
7.4442
7.4545
7.466625
7.466825
7.4889
7.5082
7.54775
7.557925
7.562975
7.566375
7.6016
7.603075
7.60645
7.609775
7.6354
7.673525
7.677025
7.682
7.69185
7.7002
7.71935
7.7356
7.738325
7.75535
7.767975
7.78475
7.805075
7.82865
7.85005
7.8601
7.877575
7.9029
7.903675
7.9296
7.93345
7.933875
7.965825
7.96985
7.975375
8.00325
8.014925
8.0201
8.03005
8.057175
8.09585
8.1197
8.16335
8.1864
8.19045
8.2063
8.2117
8.213925
8.219975
8.238675
8.24685
8.2509
8.262375
8.2624
8.265
8.271075
8.278125
8.283075
8.29075
8.297
8.3022
8.30235
8.302575
8.321325
8.321525
8.3273
8.3367
8.35405
8.380475
8.4004
8.4096
8.442475
8.476575
8.4781
8.4835
8.5095
8.51005
8.511175
8.519225
8.52835
8.5306
8.537325
8.5408
8.54535
8.5565
8.56795
8.5817
8.601175
8.608425
8.641225
8.641975
8.644775
8.645875
8.662075
8.67815
8.68235
8.68625
8.734125
8.741025
8.7509
8.7591
8.765175
8.791625
8.802375
8.8037
8.805525
8.811425
8.817575
8.823025
8.8254
8.8277
8.8396
8.841825
8.84745
8.8617
8.862175
8.88615
8.898575
8.91805
8.921525
8.9318
8.9444
8.946
8.97175
9.0228
9.0316
9.03775
9.0387
9.074375
9.07755
9.0998
792
