0.007725
0.1009
0.104175
0.104925
0.1074
0.115075
0.12475
0.130775
0.13125
0.142525
0.147375
0.14995
0.1701
0.172075
0.178175
0.19325
0.204925
0.22155
0.224025
0.23575
0.239075
0.256525
0.280125
0.333575
0.351975
0.36765
0.3849
0.404025
0.406275
0.408825
0.415325
0.42115
0.423225
0.4254
0.4291
0.43055
0.4329
0.4414
0.456675
0.471075
0.4716
0.4727
0.47485
0.4762
0.47955
0.484425
0.489425
0.490325
0.490975
0.494
0.50715
0.518075
0.52835
0.52985
0.5359
0.54035
0.5437
0.545725
0.556475
0.563075
0.56925
0.6025
0.604875
0.615975
0.633375
0.64355
0.692275
0.7069
0.71045
0.724475
0.726475
0.72915
0.749975
0.77565
0.79735
0.82245
0.83695
0.843825
0.868425
0.88785
0.91635
0.947825
0.96535
0.978475
0.985175
0.994625
1.0082
1.014675
1.0204
1.022275
1.0256
1.04195
1.0421
1.042725
1.044925
1.0509
1.051225
1.062525
1.0642
1.0693
1.070875
1.0733
1.0757
1.088
1.101675
1.1077
1.123675
1.12495
1.12715
1.153425
1.174325
1.20675
1.211425
1.2418
1.2475
1.252625
1.2699
1.27325
1.290075
1.3092
1.310725
1.3246
1.332025
1.33405
1.351125
1.3535
1.3593
1.3658
1.369975
1.372525
1.375775
1.39085
1.431425
1.43955
1.44535
1.456525
1.511525
1.52135
1.52145
1.525725
1.533275
1.5426
1.550725
1.5988
1.60565
1.609425
1.613775
1.614675
1.6149
1.6193
1.626375
1.65885
1.675725
1.6766
1.730925
1.74325
1.762775
1.768
1.803525
1.84915
1.86045
1.89785
1.913475
1.9424
1.942575
1.945275
1.945475
1.958675
1.97125
1.973675
1.976075
1.99105
1.993925
2.015325
2.03315
2.048525
2.049325
2.086025
2.088675
2.09235
2.096575
2.119225
2.152075
2.1561
2.1893
2.202575
2.2075
2.213125
2.2178
2.218275
2.220125
2.22265
2.223575
2.2276
2.234125
2.23515
2.238025
2.2463
2.251775
2.256225
2.258825
2.276825
2.293725
2.314425
2.322875
2.330175
2.337
2.33775
2.339375
2.35255
2.358675
2.360725
2.3968
2.4267
2.431825
2.463475
2.50135
2.510475
2.51205
2.512125
2.525075
2.527225
2.52875
2.53105
2.549975
2.5533
2.5598
2.571575
2.572125
2.575875
2.586225
2.59475
2.6078
2.628525
2.63865
2.640075
2.6448
2.64525
2.65405
2.6565
2.66525
2.710725
2.7384
2.738675
2.7705
2.787475
2.8209
2.822175
2.827275
2.856225
2.87295
2.875525
2.89305
2.8963
2.8981
2.89865
2.9111
2.91685
2.92125
2.933625
2.9488
3.020225
3.05145
3.086125
3.1009
3.1068
3.10745
3.1086
3.11125
3.11695
3.12545
3.1258
3.14275
3.145575
3.152925
3.17825
3.18155
3.207175
3.211975
3.22325
3.238525
3.270875
3.3034
3.3363
3.353125
3.3736
3.418025
3.4291
3.429825
3.440475
3.443475
3.45865
3.4624
3.495675
3.541275
3.5595
3.56105
3.5651
3.56675
3.581125
3.6029
3.62205
3.634325
3.65175
3.672525
3.677575
3.678875
3.7246
3.72585
3.749775
3.75305
3.75525
3.760675
3.778675
3.85175
3.86025
3.873625
3.90175
3.907375
3.998325
4.011425
4.023225
4.0601
4.06235
4.0632
4.065925
4.066875
4.077
4.079325
4.102675
4.1077
4.110575
4.112125
4.15935
4.192675
4.20025
4.2025
4.204425
4.2106
4.305825
4.3062
4.3105
4.310725
4.31475
4.320975
4.3261
4.332775
4.33345
4.336
4.351475
4.36835
4.368875
4.377625
4.38005
4.382275
4.385225
4.395975
4.4023
4.41415
4.421
4.42525
4.426525
4.432125
4.4539
4.45605
4.457875
4.463075
4.489225
4.48975
4.490675
4.50625
4.53035
4.587225
4.587325
4.59215
4.6188
4.619625
4.624975
4.62815
4.630025
4.638975
4.648775
4.653725
4.656225
4.66555
4.665625
4.6723
4.678225
4.68145
4.70385
4.70585
4.72555
4.738325
4.7576
4.763875
4.85875
4.868375
4.869925
4.90625
4.9193
4.940525
4.949525
4.963475
4.9638
4.966
4.9665
4.9773
4.99215
4.995425
5.0002
5.00295
5.027125
5.0476
5.05455
5.0788
5.097275
5.115875
5.151125
5.18
5.18315
5.207075
5.21125
5.218675
5.227875
5.2289
5.236275
5.24
5.24105
5.242325
5.25545
5.2638
5.264425
5.26765
5.27165
5.275275
5.276225
5.287075
5.28785
5.35745
5.370325
5.373275
5.382225
5.388875
5.39685
5.42825
5.43805
5.44905
5.456175
5.465
5.46905
5.507825
5.516125
5.538
5.543675
5.558
5.5763
5.579975
5.59075
5.600425
5.608125
5.614425
5.616375
5.637225
5.6728
5.684275
5.6961
5.73175
5.736875
5.778275
5.7857
5.810375
5.81705
5.82425
5.827425
5.832275
5.83755
5.83865
5.841125
5.854
5.864725
5.8826
5.909625
5.914275
5.91465
5.916675
5.92255
5.9473
5.948475
5.977225
5.983
5.9872
5.994875
6.01425
6.0406
6.08275
6.10615
6.108175
6.108675
6.11785
6.1261
6.129925
6.133325
6.134925
6.139925
6.14145
6.14545
6.146525
6.156925
6.168925
6.1753
6.1769
6.176925
6.17705
6.177725
6.181025
6.19385
6.202375
6.241225
6.2509
6.2538
6.255175
6.310175
6.324325
6.335675
6.336575
6.377025
6.43235
6.43295
6.439375
6.444975
6.446675
6.46525
6.471075
6.472925
6.473775
6.476125
6.505625
6.5268
6.54255
6.54945
6.57915
6.579725
6.5808
6.5826
6.59395
6.6051
6.6161
6.622825
6.63415
6.64645
6.6957
6.70125
6.712725
6.713175
6.717125
6.740775
6.74425
6.7579
6.76475
6.780375
6.78165
6.817025
6.818375
6.8483
6.85185
6.8562
6.903575
6.913725
6.918875
6.96455
7.012
7.014375
7.01465
7.018925
7.0219
7.030375
7.03245
7.036475
7.039625
7.050475
7.063075
7.072175
7.101975
7.113125
7.1251
7.138375
7.1393
7.1412
7.153975
7.1577
7.1932
7.2223
7.22765
7.232575
7.251825
7.255825
7.2773
7.3016
7.3096
7.310075
7.321275
7.321425
7.326725
7.34975
7.350475
7.3578
7.363925
7.371825
7.372925
7.3799
7.39235
7.398225
7.400575
7.43585
7.4381
7.464775
7.46955
7.485075
7.4921
7.5047
7.517375
7.567475
7.569875
7.575375
7.5768
7.581225
7.60245
7.607325
7.6107
7.6133
7.619125
7.620125
7.6275
7.632125
7.635625
7.64105
7.67155
7.674525
7.6787
7.683625
7.6859
7.687125
7.6876
7.699825
7.703225
7.708375
7.710475
7.713175
7.724175
7.726875
7.73565
7.780875
7.7941
7.82255
7.827025
7.8835
7.90025
7.90685
7.90915
7.91715
7.925375
7.9296
7.93095
7.936975
7.937225
7.9467
7.9568
7.96235
7.98065
7.987875
7.992825
7.996825
8.0019
8.00195
8.0097
8.023175
8.06665
8.08365
8.10005
8.1188
8.127925
8.150475
8.17755
8.194175
8.1948
8.200325
8.20285
8.203825
8.20395
8.20685
8.2077
8.22405
8.225425
8.2334
8.233425
8.235925
8.23625
8.23795
8.251425
8.25345
8.261325
8.266375
8.287225
8.290575
8.292
8.2935
8.293875
8.29735
8.302975
8.3293
8.376725
8.439675
8.4874
8.506325
8.512425
8.5134
8.5189
8.51975
8.523525
8.53415
8.54145
8.541875
8.56095
8.569275
8.586375
8.5914
8.591525
8.6098
8.624225
8.6261
8.628
8.658625
8.661475
8.665775
8.67625
8.679925
8.6962
8.74025
8.801525
8.8135
8.8158
8.817475
8.830625
8.83285
8.8421
8.8514
8.8642
8.865825
8.866025
8.8906
8.89405
8.90745
8.91815
8.91985
8.9234
8.931625
8.9866
8.987225
9.01605
9.042975
9.051225
9.0919
762
