0.1101
0.110175
0.1249
0.12495
0.126
0.12845
0.13595
0.13835
0.146975
0.148075
0.1673
0.17775
0.181975
0.184575
0.186825
0.202425
0.211575
0.2162
0.239775
0.2413
0.2486
0.25265
0.25355
0.257375
0.2582
0.260175
0.272925
0.28115
0.283525
0.2863
0.297925
0.298625
0.3019
0.333275
0.3336
0.34655
0.38665
0.3875
0.397825
0.404225
0.4044
0.412425
0.415825
0.418175
0.4263
0.434425
0.435
0.4414
0.458325
0.4845
0.4851
0.489125
0.490925
0.498725
0.500175
0.503
0.5049
0.507625
0.511625
0.530125
0.538575
0.5432
0.565425
0.56575
0.578075
0.5784
0.621475
0.635075
0.660825
0.665075
0.6663
0.709975
0.7154
0.715925
0.720275
0.7273
0.73295
0.764225
0.77885
0.78645
0.788275
0.815675
0.832125
0.84945
0.852375
0.884175
0.885075
0.886325
0.902875
0.9037
0.925525
0.92605
0.928925
0.9732
1.0092
1.01405
1.020275
1.025825
1.026475
1.028225
1.029625
1.038175
1.0715
1.0745
1.08445
1.102725
1.11965
1.127125
1.129625
1.131275
1.13285
1.13585
1.15685
1.16395
1.187675
1.200125
1.2089
1.2167
1.221725
1.245375
1.255175
1.3005
1.3022
1.3087
1.3115
1.31855
1.33715
1.3416
1.35415
1.360975
1.37125
1.3713
1.375325
1.38195
1.388275
1.401975
1.40895
1.4155
1.428125
1.43815
1.44225
1.5025
1.505
1.5307
1.532
1.53455
1.557
1.5751
1.608
1.611325
1.61745
1.617775
1.6368
1.641725
1.641975
1.64315
1.664725
1.675
1.681625
1.6854
1.694775
1.696825
1.700225
1.7096
1.728575
1.730825
1.7318
1.73755
1.751375
1.751525
1.75435
1.77545
1.80255
1.8353
1.86695
1.883975
1.8983
1.904875
1.927775
1.9389
1.955625
1.959975
1.9649
1.966575
1.973425
1.978125
1.982525
1.995425
1.996775
2.006525
2.029775
2.029875
2.035325
2.04905
2.059375
2.08215
2.089825
2.120175
2.1249
2.1507
2.152225
2.199675
2.2069
2.21305
2.221125
2.23915
2.25505
2.26075
2.271825
2.27845
2.288775
2.28895
2.290925
2.3038
2.304475
2.31925
2.32865
2.3366
2.36675
2.3768
2.3966
2.41965
2.445625
2.460925
2.50815
2.509675
2.5135
2.516825
2.52025
2.522575
2.526575
2.53145
2.54785
2.549975
2.55345
2.56215
2.568275
2.575275
2.58335
2.58345
2.598475
2.602925
2.608475
2.62065
2.6222
2.632925
2.6338
2.642075
2.64635
2.673425
2.686075
2.721425
2.729025
2.738725
2.7548
2.771875
2.789125
2.80415
2.80575
2.813525
2.81895
2.820725
2.825025
2.841475
2.84535
2.855975
2.8561
2.860375
2.86075
2.864675
2.9276
2.935275
2.93575
2.943125
2.946275
2.951425
2.957475
2.983
2.985825
2.989375
2.990525
2.99355
3.01515
3.0371
3.045475
3.0628
3.1014
3.117225
3.1245
3.132975
3.142175
3.164575
3.1692
3.1716
3.171925
3.181075
3.20275
3.2105
3.215275
3.22565
3.22615
3.230975
3.238575
3.26935
3.283175
3.297675
3.304075
3.32725
3.355275
3.400925
3.40635
3.4121
3.424775
3.4278
3.428575
3.42905
3.4409
3.452775
3.456125
3.4668
3.480625
3.491675
3.546475
3.551125
3.589125
3.6056
3.620425
3.652425
3.6634
3.6744
3.70185
3.706525
3.712
3.738475
3.741575
3.7458
3.7469
3.769025
3.76995
3.7719
3.7739
3.774375
3.7808
3.807225
3.818925
3.82995
3.84625
3.852025
3.85965
3.870925
3.89225
3.89885
3.906125
3.916875
3.9775
4.003325
4.003775
4.0074
4.00745
4.0109
4.0123
4.018325
4.019775
4.033
4.04185
4.043975
4.053
4.06425
4.069775
4.0772
4.08475
4.0908
4.110175
4.1204
4.133275
4.141275
4.147925
4.15255
4.186025
4.23245
4.24295
4.243075
4.253775
4.26575
4.275975
4.309
4.31755
4.3217
4.330325
4.33935
4.3416
4.3501
4.350625
4.3533
4.3605
4.364825
4.394075
4.399425
4.405075
4.423325
4.424125
4.454525
4.45705
4.457525
4.492075
4.5032
4.575475
4.60885
4.610475
4.613175
4.619125
4.62055
4.62915
4.632675
4.6387
4.64105
4.653025
4.677375
4.6798
4.686425
4.689675
4.693575
4.693975
4.72455
4.750875
4.753025
4.79305
4.810325
4.888375
4.888675
4.901225
4.9095
4.91195
4.91825
4.93925
4.946775
4.958325
4.96075
4.967225
4.987875
4.996175
5.00185
5.003575
5.015325
5.0157
5.0163
5.02505
5.030225
5.034975
5.03655
5.044975
5.047325
5.071475
5.07885
5.0811
5.094125
5.148475
5.155275
5.161725
5.183475
5.200775
5.2051
5.205225
5.213175
5.226275
5.233225
5.246425
5.267075
5.270925
5.2743
5.30325
5.34575
5.349125
5.363575
5.381675
5.388425
5.38985
5.4182
5.449725
5.456175
5.4975
5.531
5.53315
5.545525
5.563775
5.565175
5.5692
5.574025
5.587475
5.594175
5.601525
5.607375
5.6241
5.642525
5.6591
5.782975
5.809475
5.8105
5.821875
5.822975
5.82325
5.830325
5.8304
5.847075
5.880775
5.8843
5.884975
5.886475
5.890125
5.896425
5.930975
5.9425
5.969275
5.9935
6.00415
6.02365
6.029125
6.073725
6.104425
6.112075
6.1266
6.1309
6.131175
6.14305
6.184475
6.1863
6.198375
6.2044
6.207875
6.2203
6.224525
6.2347
6.245275
6.269425
6.305875
6.30805
6.309
6.31535
6.323275
6.327675
6.342925
6.360975
6.405325
6.41205
6.414225
6.420475
6.42435
6.430975
6.449825
6.47305
6.47505
6.47565
6.484225
6.50815
6.5305
6.539025
6.559175
6.563
6.585025
6.59265
6.66415
6.6659
6.677925
6.685425
6.701025
6.703025
6.70445
6.71675
6.71715
6.73005
6.7315
6.761725
6.76315
6.77975
6.781875
6.788825
6.800375
6.8036
6.811675
6.81225
6.813125
6.82355
6.83345
6.83955
6.84405
6.84635
6.84685
6.848325
6.878575
6.88925
6.893775
6.898675
6.899675
6.908275
6.91155
6.9234
6.926025
6.95155
7.00345
7.00765
7.017325
7.02065
7.02605
7.032575
7.03955
7.0403
7.0512
7.067575
7.09925
7.116775
7.12095
7.1234
7.1285
7.1533
7.16445
7.17395
7.2291
7.261175
7.264325
7.292325
7.323275
7.3268
7.328825
7.3291
7.329125
7.3466
7.35505
7.35955
7.361525
7.363475
7.37495
7.383275
7.40875
7.415875
7.4302
7.440275
7.440575
7.4464
7.5178
7.537625
7.60075
7.6031
7.61095
7.61505
7.615575
7.6197
7.62195
7.6353
7.644475
7.672825
7.69305
7.72455
7.729375
7.756375
7.760525
7.798275
7.79885
7.799075
7.800075
7.8249
7.825475
7.84695
7.87845
7.90325
7.904575
7.906725
7.923675
7.923825
7.947425
7.956875
7.9702
7.978
7.9789
7.9791
8.0006
8.02185
8.022675
8.02585
8.0807
8.10195
8.103075
8.1035
8.1489
8.15005
8.1657
8.18365
8.211325
8.21705
8.228025
8.2308
8.23325
8.23365
8.243325
8.247575
8.24835
8.26375
8.26555
8.2673
8.275775
8.293275
8.31545
8.324975
8.326475
8.3376
8.385075
8.408575
8.4214
8.463725
8.47615
8.5048
8.507225
8.517175
8.52145
8.523375
8.539875
8.544175
8.5504
8.55885
8.5632
8.5741
8.57695
8.57925
8.580825
8.598825
8.60285
8.61095
8.62815
8.62875
8.6347
8.638275
8.641575
8.65655
8.6875
8.6899
8.7045
8.712825
8.732
8.752575
8.770725
8.783525
8.807175
8.8129
8.817125
8.8199
8.824825
8.83605
8.840625
8.84095
8.841675
8.84285
8.8585
8.863675
8.875025
8.87875
8.889375
8.897525
8.902125
8.90675
8.9162
8.924
8.925125
8.935975
8.98205
9.035975
9.042525
9.0676
9.090425
767
