0.105975
0.1476
0.157575
0.158725
0.1647
0.1823
0.1939
0.203825
0.249775
0.257075
0.267975
0.302725
0.30325
0.306325
0.329525
0.330475
0.342875
0.4108
0.41185
0.416775
0.4292
0.4314
0.45345
0.462325
0.4926
0.515325
0.516425
0.520025
0.528125
0.542075
0.566075
0.5681
0.569275
0.572225
0.577975
0.5797
0.585975
0.621
0.644575
0.655675
0.6683
0.701825
0.7109
0.71815
0.721225
0.725675
0.73745
0.7461
0.75475
0.75975
0.7835
0.807775
0.82035
0.82325
0.824025
0.830125
0.831225
0.836825
0.8441
0.87535
0.890475
0.895825
0.904675
0.910925
0.916375
0.924775
0.972575
0.991875
0.9966
1.002975
1.003125
1.01055
1.011875
1.02195
1.027825
1.031525
1.0471
1.04885
1.06255
1.06515
1.073
1.0812
1.1072
1.1259
1.13115
1.13155
1.132775
1.133125
1.140025
1.156425
1.163475
1.1751
1.1771
1.1776
1.20605
1.209825
1.22505
1.23955
1.28565
1.2862
1.3018
1.31715
1.329325
1.334125
1.33825
1.34065
1.35015
1.3504
1.37135
1.372275
1.372875
1.3917
1.39235
1.40255
1.411475
1.41565
1.419475
1.451525
1.4606
1.4644
1.4808
1.490775
1.492725
1.496025
1.540825
1.542425
1.5564
1.565475
1.6024
1.604825
1.622375
1.637975
1.642425
1.644825
1.647925
1.650425
1.678475
1.6825
1.69315
1.704075
1.70825
1.71405
1.723275
1.7642
1.7682
1.781325
1.794475
1.7994
1.816725
1.90475
1.908725
1.9096
1.931675
1.93485
1.944525
1.949875
1.954875
1.9657
1.969625
1.971275
1.971725
2.009375
2.0173
2.017775
2.0226
2.02705
2.0289
2.0316
2.043
2.043075
2.046475
2.051675
2.060625
2.082725
2.091475
2.1098
2.14055
2.155
2.170475
2.18305
2.207775
2.217325
2.224
2.2325
2.25585
2.26015
2.29515
2.305875
2.307175
2.31975
2.320875
2.356125
2.35895
2.39175
2.42395
2.439675
2.46905
2.4804
2.49695
2.5025
2.51635
2.519275
2.526825
2.52855
2.54245
2.559325
2.5614
2.6037
2.62265
2.6413
2.67325
2.687825
2.706325
2.718525
2.721325
2.738725
2.756575
2.786625
2.796975
2.799025
2.806375
2.80895
2.833775
2.837275
2.8379
2.846275
2.85425
2.85725
2.866425
2.86725
2.868275
2.883325
2.889175
2.89135
2.90475
2.924875
2.92575
2.941625
2.944325
2.9788
2.993725
3.00455
3.04545
3.0479
3.094775
3.106275
3.106625
3.118475
3.127525
3.146675
3.14745
3.1592
3.162325
3.168825
3.178125
3.1798
3.1955
3.211825
3.213375
3.2162
3.218375
3.220925
3.24595
3.251175
3.269525
3.272925
3.302775
3.306125
3.321175
3.339775
3.350725
3.388125
3.406625
3.40695
3.409775
3.41645
3.418775
3.42165
3.433325
3.443
3.448275
3.454475
3.45675
3.4596
3.471575
3.4884
3.492575
3.533425
3.541675
3.58105
3.582575
3.589275
3.62435
3.632725
3.66945
3.702
3.7031
3.7048
3.705725
3.7113
3.7136
3.71465
3.7312
3.732225
3.73875
3.739675
3.740025
3.7556
3.7948
3.808175
3.815925
3.851025
3.851425
3.86375
3.895725
3.924075
3.949725
3.9839
3.9914
4.0002
4.0009
4.00915
4.016025
4.0197
4.02025
4.02155
4.02615
4.026325
4.03895
4.03955
4.040275
4.041525
4.05645
4.05875
4.0712
4.0752
4.0833
4.10495
4.10715
4.1224
4.130125
4.1341
4.13715
4.15775
4.159075
4.201575
4.208375
4.225375
4.248825
4.257925
4.3059
4.307
4.3076
4.311075
4.31195
4.34475
4.34955
4.350475
4.355975
4.3577
4.375875
4.3818
4.38805
4.406175
4.41565
4.425675
4.522825
4.523825
4.560275
4.591575
4.605025
4.605575
4.608775
4.613325
4.619275
4.6202
4.625225
4.6317
4.641075
4.64475
4.652125
4.654375
4.66625
4.675825
4.694125
4.717075
4.72395
4.72525
4.72615
4.7291
4.765
4.76545
4.76655
4.768375
4.7765
4.77835
4.7838
4.80745
4.808475
4.810075
4.819875
4.8369
4.90245
4.9027
4.904125
4.904875
4.90835
4.914775
4.927325
4.92915
4.929225
4.9379
4.94025
4.96025
4.96585
4.972025
4.97745
4.97945
4.985225
5.000675
5.0019
5.01545
5.02165
5.044575
5.06845
5.1059
5.14615
5.14915
5.150575
5.16745
5.1696
5.20075
5.2048
5.20775
5.2078
5.22625
5.231025
5.2516
5.25825
5.27345
5.28285
5.287525
5.2939
5.295525
5.2974
5.297475
5.307275
5.308275
5.310525
5.32135
5.375175
5.411625
5.435725
5.514575
5.5198
5.523525
5.528375
5.546925
5.5573
5.5691
5.585375
5.7408
5.7527
5.789275
5.803075
5.8042
5.8056
5.8082
5.80875
5.830075
5.83175
5.83825
5.8478
5.8643
5.9092
5.911425
5.91235
5.9714
6.002075
6.01485
6.051625
6.1116
6.119575
6.12375
6.1284
6.15475
6.155575
6.159925
6.161725
6.1633
6.169625
6.172225
6.17295
6.1822
6.185825
6.19805
6.203075
6.206875
6.22705
6.243125
6.2511
6.265725
6.2669
6.2726
6.280025
6.2936
6.308525
6.309575
6.321125
6.32675
6.34685
6.352125
6.362275
6.3757
6.40175
6.405875
6.410725
6.447475
6.46135
6.467875
6.472125
6.478
6.479375
6.479725
6.480675
6.51715
6.522375
6.55255
6.56335
6.5915
6.59585
6.65615
6.670475
6.709
6.72005
6.72385
6.7401
6.750925
6.759925
6.760375
6.7617
6.77545
6.7917
6.7924
6.805
6.82595
6.8318
6.84455
6.8526
6.8537
6.880575
6.884025
6.897425
6.96015
6.970325
6.972475
6.9824
6.9967
7.0001
7.001175
7.0022
7.004075
7.006025
7.01635
7.018425
7.02035
7.021625
7.04025
7.04225
7.04265
7.04805
7.048525
7.051375
7.05525
7.056725
7.071275
7.07155
7.082125
7.089575
7.0984
7.10035
7.10835
7.114225
7.198275
7.2099
7.227775
7.232425
7.234925
7.2648
7.28265
7.3071
7.312775
7.320325
7.323275
7.327025
7.328325
7.335225
7.338225
7.33945
7.340075
7.340375
7.354925
7.355025
7.357125
7.366675
7.375275
7.3838
7.389325
7.42215
7.433275
7.453725
7.46815
7.47795
7.48325
7.4904
7.497925
7.535025
7.56485
7.5897
7.596725
7.601925
7.612975
7.65515
7.66235
7.675075
7.6751
7.6799
7.7129
7.746
7.759875
7.760475
7.765
7.77025
7.7721
7.77905
7.7904
7.802475
7.819975
7.826525
7.852025
7.877525
7.887
7.903625
7.905425
7.908875
7.92275
7.924375
7.93135
7.9323
7.935975
7.945525
7.94645
7.959925
7.96915
7.9752
7.99065
7.99285
8.007175
8.017275
8.028475
8.03205
8.035425
8.045125
8.06085
8.065775
8.0865
8.088
8.098175
8.102525
8.1098
8.1154
8.138875
8.15615
8.201725
8.20825
8.2367
8.240925
8.24485
8.247375
8.252925
8.25545
8.267075
8.28245
8.2852
8.29275
8.2939
8.316125
8.3348
8.337425
8.345925
8.35275
8.362675
8.37365
8.382625
8.386025
8.393275
8.44795
8.449775
8.45125
8.474
8.4806
8.500025
8.501775
8.5136
8.513725
8.519325
8.523075
8.523825
8.5252
8.533625
8.536175
8.53755
8.547675
8.552225
8.554075
8.55925
8.565425
8.568225
8.582775
8.59985
8.614275
8.620875
8.625325
8.63475
8.641525
8.64205
8.64785
8.66855
8.675775
8.683
8.69345
8.699425
8.7098
8.735875
8.801375
8.805375
8.8137
8.817475
8.832675
8.8459
8.8537
8.85585
8.858325
8.8642
8.8644
8.86445
8.8687
8.8723
8.885225
8.8863
8.886775
8.900875
8.910975
8.943075
8.950325
8.9745
8.999125
9.017375
9.0335
9.0428
9.05235
9.067725
9.07745
9.078575
764
