0.095225
0.103175
0.10715
0.1225
0.129925
0.1384
0.141775
0.175475
0.198075
0.214975
0.22675
0.244475
0.267425
0.27815
0.27895
0.29175
0.344625
0.372275
0.375925
0.39165
0.40335
0.404475
0.4116
0.41765
0.422925
0.43385
0.436975
0.438375
0.440025
0.4415
0.447325
0.45065
0.4512
0.470775
0.479175
0.488025
0.48815
0.491625
0.512275
0.530425
0.539825
0.554025
0.623225
0.62425
0.625175
0.62555
0.6539
0.660125
0.684775
0.700575
0.703075
0.704175
0.706725
0.718975
0.71945
0.728475
0.7332
0.73975
0.74815
0.757425
0.768125
0.76915
0.77815
0.79675
0.79745
0.814975
0.816675
0.8271
0.844175
0.86845
0.87125
0.871675
0.872125
0.8889
0.9169
0.925525
0.92815
0.938525
0.984125
1.005825
1.01815
1.0268
1.03275
1.037075
1.041375
1.057775
1.057875
1.06015
1.0657
1.06655
1.0721
1.07895
1.09015
1.109525
1.11545
1.14885
1.1856
1.20785
1.234875
1.239
1.2399
1.242025
1.2464
1.2925
1.2973
1.306725
1.3077
1.320475
1.321475
1.3227
1.32495
1.32625
1.332625
1.3394
1.3414
1.36
1.3642
1.3898
1.390025
1.3984
1.416275
1.422025
1.4264
1.428875
1.42915
1.44715
1.472875
1.499625
1.520575
1.571925
1.578225
1.6101
1.6121
1.61355
1.624975
1.6259
1.625975
1.64285
1.64845
1.655225
1.66125
1.66365
1.663975
1.6722
1.674775
1.67745
1.681125
1.682675
1.690775
1.695975
1.70055
1.702675
1.715025
1.749775
1.75575
1.77525
1.78355
1.82625
1.8584
1.865975
1.90295
1.905925
1.906825
1.9319
1.932675
1.938725
1.93945
1.94445
1.948025
1.949125
1.96515
1.9661
1.974675
1.982825
1.983575
1.991475
2.012125
2.022025
2.035525
2.050225
2.052525
2.05655
2.06715
2.068675
2.07505
2.09075
2.136875
2.15655
2.176875
2.184275
2.19385
2.202575
2.205775
2.2064
2.210575
2.21505
2.231775
2.25605
2.2622
2.26745
2.2795
2.281775
2.30475
2.3069
2.3084
2.32135
2.326775
2.366825
2.382225
2.389325
2.402575
2.4257
2.427
2.455
2.4856
2.504825
2.513025
2.527825
2.528375
2.532
2.535025
2.54085
2.551325
2.55205
2.555925
2.559125
2.5613
2.569675
2.56995
2.5843
2.585775
2.6087
2.610975
2.629025
2.76465
2.790225
2.800475
2.811675
2.82765
2.836675
2.8392
2.84435
2.84785
2.849
2.8558
2.86275
2.870425
2.8755
2.8791
2.891375
2.9055
2.910925
2.9422
2.94965
2.953125
2.96725
3.00725
3.0285
3.049525
3.09245
3.10105
3.108075
3.12105
3.12495
3.1336
3.138525
3.1431
3.16595
3.1755
3.1799
3.1862
3.18835
3.2009
3.21865
3.223625
3.24265
3.2509
3.268825
3.27065
3.3485
3.352475
3.370525
3.37065
3.399225
3.409525
3.422075
3.42965
3.4417
3.441975
3.453075
3.4589
3.46395
3.466275
3.4675
3.49535
3.552
3.5532
3.5552
3.559125
3.607225
3.615075
3.63905
3.700525
3.7248
3.7252
3.743475
3.7741
3.7771
3.8221
3.825875
3.8502
3.851975
3.8575
3.90125
3.917125
3.926325
3.98765
3.99315
4.00585
4.011375
4.026625
4.027375
4.0408
4.0439
4.0822
4.0832
4.087275
4.089775
4.0941
4.111925
4.1134
4.116075
4.116175
4.1273
4.142525
4.153125
4.15775
4.1643
4.164775
4.19055
4.194875
4.246575
4.307775
4.311925
4.31195
4.31355
4.327075
4.329
4.33845
4.3558
4.35695
4.361475
4.362025
4.368175
4.3684
4.3786
4.380375
4.3898
4.402875
4.416525
4.427025
4.434175
4.440625
4.45545
4.495075
4.504825
4.545925
4.58755
4.595775
4.60935
4.616175
4.617675
4.62155
4.62245
4.625625
4.6276
4.630375
4.636575
4.64965
4.652725
4.65615
4.659925
4.66465
4.7061
4.72635
4.729975
4.737075
4.7425
4.749575
4.750425
4.755025
4.7792
4.787525
4.797225
4.814775
4.83765
4.838975
4.8396
4.849675
4.85655
4.879375
4.903025
4.90445
4.905075
4.9104
4.919275
4.92595
4.92725
4.933675
4.93625
4.938725
4.940425
4.946075
4.9593
4.965425
4.96725
4.98495
4.991175
4.995825
4.997925
5.002225
5.0078
5.0098
5.022425
5.026875
5.028175
5.0629
5.09265
5.109375
5.1359
5.140675
5.14625
5.20945
5.21375
5.2186
5.228425
5.236225
5.2402
5.2472
5.29195
5.29805
5.30165
5.3023
5.33345
5.34265
5.3486
5.4023
5.40305
5.41365
5.4552
5.467525
5.5013
5.506475
5.506925
5.519
5.528975
5.54685
5.549775
5.5537
5.558625
5.569275
5.569425
5.5701
5.57315
5.5842
5.617275
5.6298
5.634975
5.6389
5.645375
5.684225
5.69805
5.727225
5.735325
5.772075
5.774525
5.777
5.781175
5.79485
5.81245
5.8125
5.831275
5.83975
5.844775
5.8551
5.858
5.859175
5.86015
5.86215
5.86375
5.878575
5.885925
5.896025
5.897125
5.9062
5.913825
5.926175
5.9313
5.958075
5.95845
5.9654
5.96575
5.9707
5.973475
5.98175
5.98595
6.00115
6.01035
6.0283
6.05895
6.0756
6.09735
6.107
6.10915
6.124925
6.128525
6.1312
6.147775
6.147975
6.15065
6.151275
6.16335
6.1697
6.1762
6.188825
6.189775
6.193325
6.200925
6.2037
6.207725
6.227575
6.24215
6.255975
6.279175
6.367125
6.39395
6.420625
6.421425
6.42895
6.434525
6.4401
6.4701
6.47025
6.470475
6.487
6.49695
6.502175
6.510975
6.518175
6.520325
6.5412
6.542775
6.5547
6.562025
6.578325
6.6251
6.674075
6.7063
6.713425
6.715075
6.717825
6.723375
6.728
6.732175
6.74325
6.745925
6.749675
6.751475
6.7566
6.81105
6.816575
6.857625
6.857975
6.866075
6.879675
6.9259
6.945675
6.986275
7.00195
7.00885
7.01585
7.015925
7.017075
7.0172
7.019075
7.023325
7.042325
7.044025
7.05245
7.05665
7.066775
7.069275
7.077875
7.08495
7.090025
7.094075
7.105325
7.109175
7.111675
7.116525
7.141575
7.15535
7.16785
7.17265
7.292475
7.2978
7.31065
7.314675
7.31645
7.317575
7.3184
7.325075
7.329625
7.334775
7.335375
7.361575
7.364925
7.3701
7.375025
7.391125
7.4055
7.4103
7.412025
7.417975
7.447875
7.459225
7.468025
7.470625
7.47625
7.488575
7.50215
7.50975
7.535075
7.5821
7.582375
7.607075
7.6196
7.62535
7.62615
7.639125
7.64095
7.65045
7.66135
7.66555
7.677875
7.6871
7.691625
7.70875
7.713575
7.71455
7.719425
7.7207
7.722375
7.722825
7.7235
7.724625
7.7398
7.752175
7.79505
7.81145
7.8167
7.8334
7.84595
7.87895
7.905875
7.906275
7.906475
7.915925
7.926525
7.931925
7.9324
7.9444
7.9517
7.953325
7.959875
7.997275
8.00185
8.02515
8.025625
8.0259
8.03255
8.100125
8.163
8.17835
8.1925
8.20675
8.210475
8.2153
8.218775
8.23575
8.23935
8.250625
8.259925
8.26895
8.2992
8.3026
8.306375
8.3159
8.3373
8.35315
8.35585
8.361
8.44635
8.4471
8.451825
8.453475
8.4539
8.4573
8.471575
8.47465
8.495025
8.502825
8.510425
8.513925
8.522
8.53425
8.556225
8.558875
8.565425
8.570925
8.572
8.572225
8.576375
8.579825
8.585575
8.58865
8.599075
8.619275
8.648225
8.650075
8.6934
8.7139
8.7239
8.747025
8.75865
8.7893
8.793175
8.8026
8.81115
8.81145
8.8121
8.812625
8.81915
8.8225
8.829825
8.840325
8.8518
8.85645
8.859675
8.8626
8.8743
8.89385
8.895675
8.896175
8.92405
8.928875
8.949875
8.965125
8.980975
8.98605
8.9956
8.996125
9.0008
9.010475
9.01645
9.025225
9.032325
9.045
9.0832
769
