0.10555
0.109
0.131925
0.138825
0.148875
0.156825
0.2062
0.207575
0.209225
0.2194
0.2755
0.276325
0.2778
0.29975
0.304775
0.308375
0.343075
0.347975
0.351675
0.36035
0.37585
0.3805
0.40335
0.430825
0.43095
0.4345
0.44305
0.453525
0.45925
0.465075
0.46735
0.477175
0.4781
0.483175
0.486875
0.487725
0.49015
0.500275
0.511225
0.525225
0.526675
0.53105
0.539625
0.540775
0.54635
0.582375
0.583775
0.585875
0.5916
0.614975
0.6463
0.6489
0.661425
0.7064
0.70705
0.715875
0.7401
0.742275
0.746575
0.759
0.759075
0.769525
0.7828
0.791625
0.794975
0.79855
0.8265
0.866175
0.884425
0.8934
0.9304
0.9654
1.00465
1.008125
1.0102
1.01025
1.02915
1.034725
1.03725
1.0557
1.056525
1.057825
1.067525
1.0677
1.070175
1.079575
1.0944
1.1132
1.11465
1.116125
1.120325
1.1582
1.1592
1.202275
1.2086
1.220875
1.232275
1.247075
1.25875
1.2725
1.2832
1.300925
1.3014
1.30505
1.30575
1.3066
1.3072
1.3087
1.31385
1.322125
1.32345
1.34175
1.35095
1.352475
1.37045
1.372825
1.373175
1.425675
1.428275
1.482975
1.502425
1.506075
1.5138
1.522325
1.52985
1.530575
1.568725
1.6124
1.621475
1.6239
1.627025
1.66955
1.6832
1.709
1.720825
1.723325
1.745725
1.74935
1.767225
1.78355
1.787225
1.8446
1.861775
1.8933
1.893725
1.897275
1.904575
1.908375
1.9104
1.9128
1.91765
1.92275
1.927325
1.933925
1.944025
1.95325
1.954
1.954975
1.9563
1.959725
1.966425
1.981175
1.999625
2.0123
2.03375
2.046625
2.05085
2.051725
2.055575
2.088925
2.1053
2.105475
2.132125
2.14
2.212725
2.21835
2.2359
2.243875
2.249425
2.25635
2.25905
2.265675
2.27175
2.27535
2.297075
2.298725
2.2988
2.303925
2.304475
2.314075
2.34475
2.354225
2.356775
2.363425
2.367875
2.368775
2.369575
2.380075
2.4308
2.440175
2.459525
2.469
2.500775
2.501525
2.50435
2.505725
2.5327
2.5331
2.5508
2.55755
2.56215
2.5735
2.59015
2.600425
2.62065
2.6411
2.6467
2.6549
2.666925
2.677725
2.689375
2.78355
2.805825
2.806075
2.8079
2.82165
2.822525
2.822725
2.835
2.84685
2.862025
2.867225
2.89795
2.9106
2.9154
2.941475
2.949725
2.989275
2.997425
3.1048
3.1178
3.120775
3.1306
3.14645
3.151025
3.1653
3.166225
3.16625
3.20855
3.213175
3.23055
3.235725
3.2553
3.263025
3.28595
3.290475
3.2911
3.293025
3.2945
3.324175
3.383875
3.410575
3.423775
3.4281
3.4367
3.43695
3.445175
3.449325
3.449525
3.4521
3.48315
3.487975
3.4966
3.49815
3.5063
3.5197
3.530625
3.5355
3.554875
3.5879
3.617625
3.642025
3.6483
3.665975
3.678
3.708
3.720175
3.728875
3.7415
3.749475
3.750225
3.75545
3.764625
3.769175
3.77985
3.790275
3.8
3.81085
3.81095
3.811725
3.816775
3.8243
3.825175
3.862125
3.878925
3.885425
3.887375
3.90525
3.93905
4.0048
4.007925
4.034275
4.036475
4.038925
4.046575
4.0547
4.06025
4.06745
4.06915
4.0731
4.110325
4.1234
4.13905
4.13955
4.150175
4.1677
4.167775
4.1723
4.194075
4.2224
4.2334
4.283675
4.299225
4.315025
4.32245
4.3241
4.327525
4.336325
4.339825
4.348425
4.35655
4.358775
4.372325
4.413775
4.41745
4.429
4.448625
4.46495
4.49175
4.523575
4.551
4.60195
4.609775
4.612425
4.618125
4.63025
4.63855
4.640025
4.6401
4.669025
4.674
4.683775
4.7134
4.71665
4.71845
4.720525
4.726325
4.742125
4.7575
4.793125
4.794725
4.81985
4.842025
4.90265
4.905975
4.911
4.912625
4.927325
4.928475
4.93095
4.932275
4.934625
4.940175
4.9408
4.9583
4.96775
4.974675
4.98665
4.995225
5.00085
5.024825
5.069525
5.074575
5.0818
5.091475
5.130775
5.150225
5.15465
5.157875
5.219425
5.232375
5.241275
5.2416
5.265625
5.2712
5.274925
5.2975
5.297725
5.3258
5.336075
5.340275
5.356025
5.3573
5.359525
5.3692
5.377675
5.382925
5.407975
5.40945
5.440225
5.47275
5.487225
5.493075
5.50345
5.505025
5.505325
5.5083
5.5087
5.50875
5.5131
5.52075
5.524025
5.5266
5.5322
5.54305
5.557625
5.566325
5.5678
5.577325
5.5777
5.58125
5.581375
5.59835
5.627325
5.636825
5.676075
5.708875
5.746675
5.751425
5.802
5.80345
5.8157
5.827425
5.836425
5.8447
5.847325
5.860625
5.86145
5.86275
5.863725
5.86845
5.883475
5.8878
5.8985
5.966
5.97285
6.025275
6.039675
6.0525
6.0532
6.055875
6.06085
6.080075
6.1056
6.105975
6.10775
6.121975
6.134475
6.137175
6.137975
6.13815
6.14675
6.1476
6.152325
6.16885
6.181275
6.1903
6.202275
6.20725
6.312575
6.403275
6.403475
6.4094
6.422125
6.424575
6.4361
6.4452
6.4694
6.470475
6.47085
6.51045
6.514675
6.524975
6.555575
6.5803
6.582
6.5954
6.609775
6.640625
6.659175
6.7042
6.719225
6.7212
6.728225
6.72955
6.73135
6.7333
6.735025
6.737275
6.7389
6.73995
6.750425
6.75385
6.76725
6.768425
6.783275
6.81835
6.8233
6.827475
6.839325
6.849125
6.852575
6.87645
6.88025
6.915475
6.92525
6.94875
6.9566
7.000825
7.0107
7.011525
7.02195
7.0235
7.0291
7.032375
7.034275
7.04015
7.043525
7.04355
7.058325
7.063375
7.06615
7.070125
7.0827
7.08685
7.09425
7.095
7.09515
7.104775
7.111925
7.113725
7.14655
7.165875
7.1736
7.190225
7.200075
7.210875
7.275975
7.28435
7.2846
7.30625
7.309275
7.313025
7.336725
7.33855
7.3386
7.34915
7.363425
7.367225
7.381375
7.385375
7.406575
7.409825
7.418925
7.423975
7.44765
7.4498
7.451875
7.460025
7.466925
7.524725
7.525575
7.5296
7.571775
7.600325
7.608675
7.636725
7.647475
7.6503
7.6547
7.663175
7.666125
7.668025
7.67485
7.680175
7.692575
7.70835
7.722175
7.7512
7.76705
7.7712
7.843475
7.8553
7.877075
7.905525
7.90565
7.9131
7.91515
7.919375
7.92005
7.929
7.939725
7.946625
7.94705
7.952225
7.97505
7.9752
7.985525
7.99305
7.995
7.9988
8.0036
8.0132
8.034325
8.034775
8.0544
8.069725
8.077925
8.08805
8.089825
8.102625
8.112325
8.1325
8.13395
8.20025
8.205325
8.208125
8.212275
8.2146
8.2354
8.236925
8.242475
8.2451
8.25405
8.2694
8.273125
8.284075
8.29375
8.296575
8.305075
8.311075
8.31485
8.327
8.33605
8.3382
8.343525
8.346775
8.37985
8.394525
8.407275
8.412625
8.4239
8.42655
8.459575
8.4668
8.47515
8.49585
8.4969
8.500325
8.501325
8.50995
8.517275
8.52415
8.525375
8.53045
8.5458
8.5521
8.553925
8.55615
8.56235
8.571925
8.580575
8.5892
8.602375
8.634475
8.67015
8.679825
8.690975
8.6939
8.700725
8.70185
8.72345
8.72385
8.733875
8.7404
8.777625
8.792175
8.79325
8.842
8.858475
8.86335
8.8704
8.88325
8.892375
8.904375
8.905525
8.911325
8.94405
8.948025
8.9577
8.96305
8.987275
9.023275
9.041175
9.04135
9.04305
9.07555
9.08925
9.095825
729
