0.103225
0.103975
0.10785
0.114975
0.13025
0.1346
0.135975
0.141375
0.17215
0.176625
0.1784
0.180525
0.18205
0.18985
0.1924
0.1997
0.2096
0.2185
0.225775
0.2314
0.264625
0.271525
0.297875
0.363825
0.4222
0.439675
0.4425
0.451025
0.476525
0.500625
0.51245
0.514175
0.516225
0.541
0.5465
0.56665
0.568475
0.590175
0.608225
0.60915
0.622
0.701125
0.714575
0.7214
0.723325
0.73495
0.7363
0.74115
0.748425
0.753575
0.7688
0.79765
0.79825
0.833625
0.841325
0.86635
0.877425
0.8929
0.897525
0.912225
0.913325
0.9256
0.927975
0.9391
0.9979
1.005925
1.00915
1.0114
1.0133
1.017
1.0258
1.02855
1.030525
1.0329
1.04745
1.05235
1.05385
1.056
1.062575
1.07555
1.078525
1.08055
1.08205
1.088625
1.101675
1.1116
1.121025
1.168675
1.1821
1.1879
1.19755
1.202875
1.208775
1.301975
1.319025
1.322625
1.3286
1.336675
1.343075
1.357275
1.3764
1.379125
1.3973
1.4007
1.403775
1.4241
1.424525
1.432525
1.44675
1.456975
1.492325
1.507875
1.513625
1.521325
1.567125
1.5734
1.6002
1.60155
1.618075
1.62975
1.634125
1.6529
1.660525
1.672575
1.688625
1.694725
1.714825
1.7233
1.73145
1.739475
1.755725
1.7622
1.768875
1.7764
1.844
1.851175
1.889775
1.90955
1.9122
1.9172
1.92785
1.961075
1.9664
1.9714
1.9936
1.997375
2.003075
2.0074
2.0281
2.03635
2.05745
2.072475
2.0753
2.0817
2.089775
2.127475
2.13635
2.1618
2.175375
2.200425
2.2005
2.2223
2.225275
2.234475
2.2399
2.244075
2.244925
2.2623
2.29395
2.30975
2.3104
2.3174
2.3186
2.3225
2.333625
2.3355
2.34525
2.34675
2.373875
2.389175
2.42335
2.440825
2.479925
2.5062
2.511175
2.52025
2.522875
2.53005
2.533725
2.548125
2.550375
2.550525
2.561025
2.56205
2.5658
2.577425
2.580975
2.584875
2.5869
2.58985
2.5938
2.602075
2.603425
2.607275
2.611275
2.622275
2.622875
2.637175
2.64445
2.64745
2.660025
2.670475
2.67195
2.70545
2.711275
2.778225
2.8011
2.806725
2.813375
2.81595
2.8179
2.822875
2.84565
2.845825
2.856625
2.86885
2.872225
2.882375
2.894425
2.918825
2.93195
2.932225
2.933175
2.9531
2.974425
2.97945
2.9886
2.99305
3.042375
3.08165
3.104
3.1115
3.12405
3.17265
3.177825
3.181475
3.182775
3.1962
3.222425
3.22455
3.22715
3.22945
3.230325
3.23645
3.240475
3.242675
3.261325
3.271975
3.2839
3.2991
3.330425
3.3363
3.3384
3.3631
3.40115
3.402675
3.40825
3.408275
3.40935
3.409675
3.41155
3.4158
3.419375
3.42015
3.4214
3.42595
3.429375
3.4315
3.431525
3.442275
3.4444
3.4583
3.460875
3.507125
3.53175
3.533125
3.543575
3.62995
3.633
3.6737
3.701
3.71105
3.711225
3.72245
3.73755
3.741175
3.742675
3.7428
3.744875
3.74625
3.747775
3.7572
3.75965
3.7628
3.77195
3.77865
3.7836
3.7841
3.784325
3.805175
3.8125
3.813725
3.83485
3.86085
3.86505
3.87425
3.903
3.915225
3.915475
3.929175
3.9492
3.96325
3.97945
4.01015
4.023575
4.02725
4.0391
4.048075
4.06255
4.072575
4.0742
4.082425
4.08585
4.092725
4.105525
4.10605
4.160575
4.17065
4.17145
4.192575
4.192725
4.192975
4.1944
4.206225
4.207475
4.20855
4.212875
4.268
4.317025
4.31945
4.334725
4.342625
4.3555
4.361725
4.37305
4.37815
4.402325
4.406075
4.4146
4.416425
4.41905
4.419525
4.451825
4.4688
4.475125
4.495275
4.506125
4.50965
4.511
4.5172
4.567675
4.594675
4.600525
4.6154
4.617325
4.623225
4.623875
4.626875
4.631575
4.640175
4.64265
4.643675
4.6486
4.65525
4.65755
4.66395
4.6656
4.6685
4.681575
4.687
4.73645
4.758
4.8086
4.833125
4.836175
4.84095
4.8603
4.878325
4.883775
4.88815
4.904825
4.916
4.918375
4.918625
4.9203
4.9223
4.9234
4.933075
4.941325
4.942125
4.94495
4.951775
4.95835
4.965475
4.978625
4.98245
4.993075
4.997175
5.022825
5.0285
5.038475
5.043775
5.083125
5.08775
5.0994
5.1299
5.20085
5.20525
5.214075
5.2261
5.230425
5.2309
5.24275
5.24335
5.245875
5.261025
5.2617
5.2714
5.273575
5.288225
5.2933
5.295925
5.336775
5.355675
5.357325
5.3645
5.37805
5.386975
5.404275
5.406875
5.4089
5.43695
5.46885
5.469725
5.47325
5.503925
5.51005
5.515675
5.516525
5.5202
5.5293
5.5308
5.539375
5.539475
5.54665
5.590275
5.5907
5.5929
5.594375
5.688075
5.76045
5.774425
5.810675
5.811825
5.813275
5.8164
5.8229
5.825475
5.83315
5.83705
5.8379
5.839275
5.8409
5.850275
5.8523
5.852475
5.8594
5.8597
5.860875
5.860975
5.862275
5.87115
5.87165
5.875175
5.888775
5.896275
5.9007
5.9028
5.909825
5.922375
5.923375
5.9369
5.9469
5.952325
6.00625
6.062425
6.106075
6.109475
6.11925
6.123725
6.133725
6.141675
6.181675
6.182625
6.19035
6.192425
6.198225
6.200175
6.20755
6.225775
6.227525
6.235975
6.2486
6.250575
6.2606
6.267075
6.292425
6.302375
6.3193
6.337625
6.362975
6.388525
6.405775
6.416225
6.42375
6.432275
6.440375
6.444125
6.44635
6.449725
6.452025
6.46705
6.472975
6.48135
6.511375
6.53995
6.555725
6.59695
6.601675
6.639425
6.663025
6.6992
6.74095
6.74945
6.76385
6.77315
6.773825
6.794075
6.797325
6.805425
6.81145
6.8119
6.825575
6.829175
6.83025
6.830575
6.8332
6.841625
6.873275
6.877375
6.878875
6.890725
6.893875
6.9072
6.9253
6.938925
6.954025
7.000775
7.002775
7.00775
7.0081
7.009025
7.012875
7.012975
7.016325
7.016375
7.0216
7.0304
7.0317
7.038875
7.044225
7.07985
7.0853
7.093825
7.098075
7.10575
7.109925
7.1112
7.122475
7.122925
7.130975
7.137825
7.143125
7.1671
7.1677
7.200125
7.2078
7.302175
7.314775
7.3242
7.3248
7.32915
7.33015
7.339
7.341175
7.344025
7.35055
7.3605
7.385725
7.388175
7.3959
7.401025
7.4323
7.4378
7.44745
7.4505
7.4564
7.485825
7.4986
7.502175
7.505275
7.51265
7.51565
7.517825
7.591425
7.602675
7.607125
7.607325
7.613625
7.616825
7.62035
7.62975
7.630725
7.6353
7.644575
7.65865
7.658925
7.67075
7.68145
7.7012
7.71445
7.725675
7.7552
7.75795
7.77105
7.77935
7.804825
7.8589
7.873125
7.884
7.902375
7.933575
7.93935
7.940825
7.94455
7.949275
7.9578
7.9663
7.970425
7.97855
7.98735
7.988125
8.0027
8.01555
8.025425
8.036975
8.037525
8.040875
8.057025
8.074225
8.087125
8.09075
8.0987
8.13965
8.17295
8.17645
8.2011
8.2019
8.210025
8.21205
8.223
8.226225
8.23
8.2356
8.24245
8.242575
8.248475
8.25
8.260975
8.261575
8.26165
8.26425
8.289625
8.30145
8.311275
8.334825
8.35135
8.361225
8.379725
8.380325
8.381975
8.463875
8.4893
8.49255
8.500125
8.5047
8.50805
8.515375
8.518875
8.521825
8.533525
8.535625
8.5396
8.551275
8.55225
8.552525
8.55765
8.57365
8.573825
8.57655
8.5769
8.577175
8.588075
8.607225
8.6129
8.61535
8.6168
8.62085
8.684075
8.709675
8.7215
8.737425
8.7375
8.757075
8.783175
8.78875
8.7934
8.79545
8.804725
8.8207
8.828725
8.833725
8.833775
8.840875
8.84125
8.845375
8.85595
8.9033
8.912975
8.931325
8.96885
8.97465
8.97975
9.0055
9.0059
9.02615
9.028675
9.0414
9.045725
769
