0.1028
0.11
0.1145
0.1175
0.1366
0.1409
0.15685
0.165375
0.17865
0.181325
0.18535
0.19565
0.202375
0.2036
0.204
0.22025
0.22375
0.234625
0.24035
0.279625
0.3045
0.307875
0.30885
0.317825
0.3295
0.360975
0.3742
0.4029
0.41005
0.42405
0.4261
0.46215
0.467125
0.46985
0.471475
0.47765
0.4966
0.498075
0.501175
0.52305
0.53045
0.5341
0.563425
0.5682
0.5761
0.604325
0.6091
0.6141
0.629475
0.6449
0.698225
0.7006
0.702625
0.7102
0.71465
0.72095
0.722425
0.7286
0.7432
0.7463
0.756425
0.763125
0.776175
0.777525
0.785125
0.8002
0.80395
0.816575
0.82635
0.8353
0.844025
0.8654
0.871125
0.8729
0.8736
0.889425
0.892575
0.898075
0.898775
0.920425
0.922025
0.9233
0.93355
0.937
0.9407
0.9499
0.99615
1.002275
1.00685
1.0074
1.007725
1.02195
1.024225
1.036525
1.05335
1.061875
1.0631
1.06325
1.065525
1.070425
1.07045
1.0728
1.07405
1.076575
1.086175
1.090725
1.1043
1.10555
1.107425
1.11935
1.1271
1.1331
1.1364
1.141625
1.14225
1.18985
1.190225
1.1903
1.1948
1.1968
1.2105
1.215575
1.24375
1.259525
1.3034
1.3044
1.3081
1.31875
1.3222
1.34435
1.34485
1.3474
1.3486
1.36
1.38705
1.41695
1.429825
1.436625
1.443025
1.460025
1.4605
1.4612
1.479325
1.487625
1.508975
1.537525
1.5463
1.59805
1.598075
1.61525
1.615725
1.629675
1.6324
1.664075
1.6779
1.683425
1.692
1.7033
1.7302
1.756575
1.760575
1.76785
1.7783
1.786675
1.789975
1.79305
1.795675
1.804775
1.80555
1.83055
1.852175
1.8745
1.902075
1.9041
1.906125
1.910975
1.935925
1.937775
1.955075
1.96515
1.965725
1.972375
1.991375
1.994525
1.99605
2.000425
2.007725
2.02185
2.028575
2.02965
2.03115
2.03285
2.03495
2.052225
2.056625
2.12655
2.135325
2.137175
2.15475
2.201875
2.2185
2.2214
2.224275
2.22615
2.233275
2.239
2.2464
2.2616
2.2643
2.2657
2.286675
2.3067
2.312825
2.31815
2.318225
2.38045
2.409875
2.425275
2.43775
2.445525
2.461475
2.470225
2.502225
2.5053
2.510175
2.528675
2.5312
2.542425
2.55265
2.553325
2.555975
2.559675
2.57315
2.574625
2.59805
2.600225
2.602275
2.6102
2.619075
2.6347
2.650925
2.65185
2.65525
2.659125
2.6873
2.7142
2.75295
2.80345
2.80355
2.811825
2.8189
2.8231
2.83835
2.839925
2.84675
2.859125
2.9056
2.920475
2.921525
2.9368
2.949175
2.94945
2.9793
2.996925
3.00055
3.017875
3.034675
3.0582
3.105375
3.106125
3.109075
3.11595
3.119125
3.12545
3.1265
3.133175
3.134975
3.140875
3.17455
3.1766
3.176925
3.193
3.200475
3.2024
3.23385
3.24305
3.269825
3.2926
3.304425
3.308625
3.3286
3.383225
3.41585
3.41745
3.4367
3.439625
3.441025
3.4443
3.4563
3.456625
3.458325
3.461225
3.463275
3.464925
3.4872
3.4933
3.507075
3.512375
3.5197
3.555475
3.577825
3.58525
3.593925
3.620225
3.622975
3.64155
3.65325
3.6665
3.705275
3.706975
3.713325
3.7228
3.7235
3.730725
3.734625
3.7396
3.7482
3.75515
3.764675
3.770425
3.823175
3.827025
3.830975
3.833775
3.840125
3.8528
3.857925
3.8601
3.885225
3.8862
3.895275
3.90085
3.9465
3.969175
4.0004
4.0087
4.012075
4.02675
4.038425
4.040225
4.045075
4.045875
4.05025
4.056825
4.0638
4.06765
4.079075
4.0826
4.08265
4.104075
4.119775
4.1217
4.137125
4.1388
4.144475
4.15015
4.1515
4.159625
4.189175
4.194425
4.21465
4.216875
4.22385
4.24135
4.2427
4.2558
4.259025
4.2617
4.309075
4.310875
4.312375
4.31995
4.33285
4.3357
4.34965
4.3541
4.36475
4.3696
4.390275
4.41115
4.428825
4.4531
4.46565
4.467525
4.473125
4.497175
4.5179
4.541475
4.5655
4.5676
4.568675
4.572775
4.581875
4.58305
4.6128
4.614575
4.615025
4.62325
4.6246
4.634025
4.64675
4.652075
4.6549
4.6591
4.6592
4.664425
4.668475
4.673075
4.6895
4.70245
4.703025
4.705125
4.728075
4.748775
4.7534
4.75695
4.764775
4.76795
4.770375
4.79
4.7945
4.798975
4.80445
4.8108
4.8154
4.82465
4.857775
4.888525
4.9009
4.905375
4.906375
4.9106
4.91215
4.925475
4.943425
4.943775
4.947175
4.94805
4.95055
4.952325
4.9587
4.9613
4.96725
4.969275
4.96935
4.97715
4.98795
4.988375
5.003925
5.0109
5.013525
5.0163
5.024025
5.032
5.047175
5.058025
5.065825
5.08655
5.1358
5.203225
5.208475
5.2125
5.213275
5.214325
5.22325
5.22705
5.229325
5.23365
5.24
5.27915
5.291425
5.29785
5.301675
5.3126
5.31725
5.327225
5.339475
5.3548
5.42555
5.425925
5.4402
5.469125
5.47735
5.49265
5.506025
5.5093
5.518
5.5198
5.520325
5.5379
5.53975
5.5485
5.549775
5.564175
5.5937
5.60385
5.605775
5.6063
5.61475
5.6232
5.625
5.6258
5.6338
5.64635
5.667925
5.674825
5.675525
5.6916
5.703825
5.71665
5.730375
5.736225
5.77165
5.7806
5.78895
5.80735
5.81095
5.814225
5.820575
5.82285
5.834575
5.85355
5.861375
5.864475
5.86655
5.870225
5.8762
5.880075
5.886975
5.893225
5.91965
5.931425
5.935725
5.94035
5.948725
5.9592
5.9607
5.9689
5.971625
5.972475
5.9823
5.9856
6.00885
6.0289
6.0843
6.100375
6.11765
6.125425
6.1271
6.129175
6.1295
6.138425
6.143125
6.143275
6.163225
6.17285
6.1834
6.200025
6.21695
6.224975
6.228675
6.231725
6.23855
6.249125
6.2905
6.317925
6.416125
6.418775
6.419525
6.427725
6.4283
6.429225
6.43675
6.4418
6.44405
6.44615
6.4564
6.46225
6.462375
6.46435
6.476925
6.493
6.498725
6.506475
6.5279
6.54835
6.55025
6.559325
6.5634
6.59295
6.645275
6.645625
6.65845
6.707375
6.717025
6.7177
6.735975
6.736125
6.741575
6.747275
6.7732
6.77965
6.783575
6.78485
6.787675
6.80455
6.8203
6.835675
6.836525
6.84745
6.85475
6.859425
6.878025
6.878325
6.8872
6.895475
6.920075
6.9782
7.0018
7.00605
7.013025
7.0134
7.02395
7.0253
7.027425
7.033675
7.033775
7.0443
7.044325
7.0498
7.06335
7.076025
7.086825
7.0884
7.104925
7.10655
7.1154
7.118775
7.129675
7.140075
7.14465
7.149225
7.15035
7.16825
7.19365
7.20335
7.22875
7.2396
7.259975
7.286
7.301175
7.302575
7.30315
7.315675
7.327625
7.3477
7.354375
7.363625
7.37195
7.374075
7.38605
7.396275
7.4101
7.423475
7.4374
7.44155
7.4536
7.46145
7.4903
7.492325
7.572925
7.5817
7.585575
7.59935
7.601
7.6011
7.608425
7.61225
7.6131
7.6153
7.62665
7.627975
7.628
7.62845
7.65235
7.653375
7.6687
7.673125
7.676675
7.677675
7.68415
7.68655
7.6882
7.691725
7.695925
7.698675
7.698975
7.704825
7.711125
7.74545
7.74835
7.767675
7.773225
7.84255
7.85765
7.896925
7.89825
7.9037
7.90415
7.90965
7.909875
7.91155
7.917
7.91785
7.918875
7.94135
7.995225
8.01835
8.069775
8.0782
8.13785
8.19675
8.207275
8.207775
8.209375
8.2141
8.234275
8.242175
8.26145
8.2642
8.2646
8.272975
8.274375
8.27615
8.28745
8.304725
8.33975
8.35645
8.3755
8.38125
8.394075
8.455275
8.459625
8.480675
8.484475
8.501925
8.51025
8.515425
8.519925
8.5258
8.547975
8.55665
8.5623
8.563325
8.59905
8.6025
8.60355
8.606125
8.614325
8.61465
8.635
8.6463
8.6508
8.66475
8.6707
8.70215
8.71015
8.71865
8.718725
8.7305
8.7544
8.771225
8.787525
8.7945
8.79665
8.800525
8.8015
8.806825
8.81365
8.82565
8.828375
8.842975
8.85205
8.852775
8.885775
8.90585
8.907525
8.911225
8.91545
8.938425
8.9504
8.967075
8.9728
8.974375
8.98065
8.980975
9.01
9.0186
9.040225
9.079125
810
