0.10085
0.10335
0.111175
0.126825
0.1355
0.13665
0.139725
0.140725
0.1574
0.157525
0.188225
0.22355
0.229125
0.236775
0.248325
0.26105
0.2761
0.28065
0.294425
0.4008
0.409875
0.41235
0.418975
0.422075
0.422125
0.4278
0.436
0.441325
0.449375
0.484325
0.486275
0.489925
0.503825
0.516175
0.524075
0.52555
0.564225
0.570425
0.58595
0.614025
0.617325
0.619025
0.630225
0.652125
0.675175
0.68105
0.6901
0.7087
0.731
0.732675
0.7396
0.7465
0.7567
0.757375
0.76585
0.7732
0.78065
0.7856
0.787525
0.808475
0.812975
0.8215
0.8395
0.83995
0.8514
0.893475
1.0117
1.0171
1.01825
1.0226
1.0407
1.06005
1.065575
1.06695
1.0955
1.110675
1.13255
1.146025
1.160275
1.18725
1.189
1.1931
1.19655
1.219275
1.231625
1.260625
1.304525
1.3094
1.326325
1.32815
1.3301
1.343525
1.3467
1.36885
1.371025
1.3755
1.3828
1.384
1.389525
1.397575
1.3982
1.419425
1.427225
1.43975
1.450375
1.46025
1.4752
1.4846
1.491175
1.492
1.5045
1.51555
1.5186
1.57775
1.6011
1.604325
1.604625
1.605325
1.6149
1.616075
1.622825
1.625475
1.62565
1.628
1.64995
1.653125
1.686175
1.707475
1.71505
1.72085
1.76205
1.7769
1.868825
1.87875
1.9055
1.906675
1.907175
1.909475
1.91135
1.91935
1.923625
1.93455
1.961325
1.973275
1.980375
1.988775
1.9918
1.993375
1.99735
2.016
2.018575
2.02145
2.03005
2.068425
2.089
2.09685
2.1366
2.15145
2.2053
2.205525
2.2085
2.210075
2.2159
2.21645
2.218575
2.230475
2.2478
2.24885
2.2489
2.249
2.259275
2.261325
2.266975
2.267975
2.28585
2.31915
2.350775
2.356825
2.401225
2.4232
2.434725
2.450025
2.478225
2.500225
2.53045
2.5329
2.54195
2.542675
2.556975
2.557225
2.559175
2.56215
2.572725
2.583975
2.5957
2.61535
2.630025
2.6387
2.669725
2.670775
2.67375
2.684475
2.694675
2.7075
2.745925
2.748325
2.768275
2.83055
2.8352
2.840825
2.864675
2.873475
2.875875
2.902775
2.908725
2.9198
2.922975
2.930925
2.93935
2.944575
2.9495
2.965825
2.969525
2.983225
3.021
3.021975
3.0389
3.062725
3.0631
3.0866
3.09745
3.102275
3.107575
3.10835
3.11035
3.113375
3.12545
3.1381
3.15175
3.174625
3.18675
3.18685
3.18855
3.196075
3.200725
3.21005
3.21575
3.2353
3.240375
3.24975
3.275625
3.276625
3.314
3.316525
3.369775
3.3777
3.404575
3.4049
3.411575
3.42025
3.422075
3.425675
3.42845
3.43215
3.443425
3.45855
3.466825
3.47745
3.4804
3.488
3.491375
3.500025
3.504225
3.509825
3.518925
3.527775
3.534375
3.5675
3.587525
3.6095
3.6097
3.6146
3.616775
3.62845
3.6594
3.7006
3.72115
3.723075
3.73595
3.73675
3.75235
3.75615
3.761775
3.76905
3.7751
3.7785
3.786925
3.7883
3.797475
3.805875
3.81205
3.8289
3.83805
3.8586
3.859975
3.863675
3.866075
3.8668
3.895575
3.903
3.946525
3.947125
3.97645
3.9784
4.00275
4.005575
4.02835
4.03485
4.037075
4.040175
4.04435
4.05015
4.0505
4.054875
4.064925
4.073375
4.086225
4.1121
4.125975
4.18105
4.19325
4.20935
4.235325
4.258725
4.307775
4.308175
4.3242
4.3259
4.329575
4.33195
4.33425
4.335575
4.34405
4.34765
4.347825
4.349375
4.3514
4.35225
4.422275
4.42595
4.43785
4.440475
4.484725
4.488725
4.50615
4.5155
4.51795
4.5208
4.52235
4.5263
4.6078
4.614425
4.6189
4.6294
4.6299
4.633475
4.639025
4.645125
4.652025
4.6555
4.664
4.66775
4.668525
4.671725
4.68535
4.686275
4.70025
4.72345
4.735375
4.746375
4.750025
4.757775
4.763475
4.76585
4.773725
4.782375
4.8366
4.872375
4.877075
4.8923
4.8992
4.8999
4.90405
4.9101
4.925775
4.932325
4.940525
4.949
4.9533
4.961925
4.969
4.9731
4.981
4.98895
5.018225
5.0384
5.04325
5.060325
5.1084
5.11345
5.1751
5.207
5.219275
5.22225
5.223675
5.223875
5.224975
5.2271
5.2422
5.2575
5.258325
5.3008
5.3056
5.347375
5.4052
5.4065
5.411425
5.447525
5.494925
5.500725
5.50665
5.511125
5.514575
5.514825
5.529425
5.536325
5.5459
5.555775
5.5599
5.561125
5.57915
5.58755
5.598225
5.602525
5.602975
5.603625
5.636375
5.639675
5.6501
5.665075
5.67005
5.671425
5.673875
5.676275
5.68625
5.6976
5.7931
5.793225
5.808225
5.80965
5.8142
5.82665
5.8282
5.83805
5.8436
5.8507
5.858375
5.860025
5.87705
5.88125
5.888275
5.896075
5.90825
5.910975
5.91235
5.929525
5.944775
5.9602
5.966575
5.9712
6.0314
6.085125
6.0948
6.1003
6.1117
6.113025
6.14385
6.150875
6.16345
6.164075
6.169875
6.183275
6.186075
6.1909
6.19185
6.194425
6.209975
6.219225
6.2599
6.28675
6.294225
6.3073
6.344975
6.350075
6.3733
6.37345
6.381025
6.38185
6.40515
6.40665
6.40965
6.412275
6.4166
6.4397
6.440675
6.444475
6.46265
6.481325
6.48175
6.4871
6.4988
6.500275
6.50645
6.5243
6.5415
6.556525
6.577175
6.621175
6.6673
6.679225
6.689125
6.68955
6.708875
6.71095
6.715325
6.716325
6.722875
6.72375
6.735075
6.73765
6.752225
6.75255
6.754
6.756425
6.75765
6.76225
6.7779
6.79815
6.80545
6.807525
6.813775
6.824625
6.83245
6.836975
6.844525
6.862275
6.900575
6.903225
6.90955
6.94105
7.000125
7.0048
7.0204
7.025625
7.0304
7.032675
7.03635
7.03895
7.0419
7.04585
7.04605
7.05545
7.05595
7.095225
7.1045
7.13055
7.1737
7.17815
7.209575
7.2492
7.323325
7.329425
7.336
7.340275
7.35875
7.36915
7.370175
7.378675
7.3832
7.399875
7.421025
7.421075
7.42245
7.450325
7.4721
7.4835
7.4985
7.520525
7.52505
7.556425
7.591975
7.601125
7.617925
7.624025
7.628625
7.636875
7.692025
7.70265
7.767825
7.78255
7.78675
7.8158
7.873525
7.87885
7.932175
7.93235
7.9357
7.93815
7.9388
7.945675
7.9465
7.955125
7.971275
7.97865
7.98695
7.987725
7.9888
7.992225
7.993
7.999725
8.01615
8.0248
8.052025
8.052525
8.08505
8.0941
8.115475
8.115975
8.116
8.1465
8.20105
8.20205
8.206325
8.211225
8.229625
8.236425
8.240225
8.2428
8.25265
8.2578
8.262725
8.2851
8.2852
8.30015
8.3012
8.310275
8.3569
8.3783
8.481175
8.50075
8.5009
8.50315
8.505225
8.5067
8.513675
8.521775
8.52905
8.530125
8.569425
8.569525
8.579375
8.57945
8.57955
8.580275
8.5893
8.5911
8.600175
8.61225
8.638225
8.63905
8.643275
8.656775
8.66155
8.68795
8.695475
8.70775
8.7165
8.782875
8.79245
8.8014
8.812925
8.814425
8.82645
8.834975
8.84095
8.842775
8.8698
8.871025
8.87185
8.872575
8.88075
8.883075
8.900125
8.902375
8.9082
8.92405
8.928825
8.9644
9.035375
9.041725
9.0447
9.046225
9.051775
9.096925
714
