0.1092
0.119675
0.1197
0.1341
0.144875
0.156525
0.16565
0.184525
0.201025
0.2155
0.230775
0.234975
0.24735
0.275875
0.278625
0.285975
0.310825
0.34435
0.35675
0.40455
0.40535
0.418775
0.450475
0.466025
0.467325
0.469975
0.478725
0.4896
0.49395
0.52315
0.5243
0.525825
0.532525
0.56125
0.570925
0.577025
0.631775
0.65325
0.676925
0.700775
0.702775
0.706
0.70655
0.735475
0.737875
0.74885
0.76735
0.7674
0.779275
0.788425
0.807225
0.810325
0.813225
0.8284
0.835175
0.860025
0.866025
0.8703
0.877125
0.87985
0.8858
0.90795
0.91195
0.936325
0.964525
0.983025
1.021125
1.021925
1.02285
1.02725
1.02875
1.029725
1.03135
1.034325
1.03755
1.047975
1.054725
1.071825
1.09105
1.1079
1.1086
1.1141
1.11485
1.1327
1.150825
1.152075
1.15265
1.196475
1.21385
1.228075
1.2756
1.300275
1.326
1.32915
1.331825
1.3458
1.347825
1.382175
1.3954
1.397975
1.4051
1.433325
1.437075
1.4563
1.466925
1.496275
1.5042
1.518
1.59865
1.603775
1.608775
1.609225
1.6225
1.646075
1.64785
1.652925
1.666525
1.66755
1.6799
1.6899
1.699775
1.71845
1.741175
1.753625
1.755
1.767425
1.771975
1.784525
1.788025
1.809025
1.82485
1.8309
1.8427
1.84585
1.861475
1.879925
1.8819
1.909825
1.911225
1.920325
1.921925
1.923875
1.931625
1.9436
1.965625
1.9667
1.9704
1.984325
1.9887
1.99835
2.02235
2.023325
2.028725
2.02965
2.0316
2.035775
2.044125
2.0698
2.071225
2.072875
2.074975
2.09225
2.09985
2.106275
2.112525
2.126925
2.15395
2.156875
2.15835
2.176275
2.202525
2.23395
2.242425
2.243175
2.2627
2.2743
2.283025
2.2875
2.3029
2.307275
2.309225
2.32055
2.3298
2.331575
2.33175
2.35025
2.361375
2.415225
2.419025
2.43475
2.48735
2.500125
2.50345
2.5069
2.50735
2.52035
2.52465
2.530975
2.54355
2.5496
2.55225
2.55865
2.563975
2.5645
2.56575
2.567975
2.573675
2.58065
2.6033
2.606475
2.63935
2.664425
2.679875
2.682225
2.69335
2.6982
2.718925
2.7242
2.72765
2.72935
2.735
2.736225
2.780875
2.7994
2.80185
2.8026
2.803625
2.811575
2.81665
2.826375
2.827
2.828375
2.83535
2.839875
2.8409
2.84325
2.844825
2.8588
2.86965
2.879575
2.882
2.8859
2.886075
2.893325
2.90525
2.915775
2.9315
2.94235
2.979525
2.99195
3.00245
3.012575
3.01535
3.1105
3.110675
3.146675
3.148775
3.150975
3.157425
3.163275
3.1635
3.16765
3.171075
3.18745
3.21465
3.259525
3.262625
3.268125
3.2804
3.29865
3.306375
3.31865
3.37965
3.387975
3.409325
3.4212
3.421325
3.424475
3.430075
3.4347
3.446825
3.457025
3.458175
3.46095
3.4665
3.472425
3.473325
3.476175
3.47635
3.493675
3.5271
3.530875
3.5355
3.53715
3.53735
3.53925
3.55245
3.61115
3.63845
3.64425
3.6508
3.665575
3.709225
3.73045
3.733525
3.738675
3.74875
3.77785
3.80775
3.82615
3.8454
3.84675
3.850025
3.852075
3.86075
3.94615
3.968725
4.00535
4.006275
4.010525
4.0129
4.013775
4.025525
4.026925
4.06395
4.0768
4.0818
4.0895
4.1482
4.156725
4.162875
4.191375
4.195
4.197875
4.20255
4.265475
4.29205
4.295075
4.308025
4.3083
4.310225
4.314175
4.3162
4.319225
4.325725
4.338775
4.348975
4.349025
4.35515
4.35665
4.3622
4.406625
4.42465
4.511875
4.576175
4.5769
4.580725
4.58185
4.6045
4.605425
4.6213
4.6371
4.63735
4.637775
4.6407
4.674325
4.67805
4.679975
4.690475
4.693375
4.7041
4.714925
4.733125
4.754225
4.792475
4.793175
4.8045
4.806575
4.83175
4.832075
4.8448
4.8735
4.901875
4.90505
4.90925
4.916925
4.975175
4.977125
4.977275
4.988675
4.993975
5.0052
5.020725
5.03555
5.044725
5.08785
5.103075
5.1194
5.125925
5.167
5.1702
5.19085
5.20215
5.20945
5.213775
5.215375
5.217875
5.22815
5.23025
5.2345
5.23485
5.235275
5.252875
5.2536
5.261275
5.27485
5.285175
5.29545
5.29955
5.3026
5.348125
5.36255
5.36825
5.372425
5.380975
5.389675
5.478075
5.496525
5.5107
5.518425
5.518475
5.527275
5.534025
5.537125
5.544975
5.554425
5.573525
5.584575
5.58985
5.590925
5.59335
5.615625
5.64545
5.68415
5.69625
5.724175
5.725875
5.72595
5.749125
5.7692
5.7772
5.783325
5.801575
5.803225
5.80485
5.811825
5.813575
5.817325
5.8224
5.82325
5.8258
5.840975
5.8422
5.8434
5.845625
5.86045
5.87155
5.87465
5.878825
5.883375
5.89675
5.930725
5.942875
5.943225
5.945475
5.95115
5.951975
5.96485
5.97235
5.9896
5.99025
6.00785
6.041325
6.05505
6.07825
6.087075
6.1052
6.105625
6.10585
6.11705
6.134325
6.1375
6.142325
6.14245
6.1456
6.14685
6.14795
6.167575
6.17385
6.176675
6.1924
6.2017
6.22715
6.2376
6.24905
6.2499
6.2623
6.27625
6.2822
6.29825
6.3368
6.356375
6.360625
6.37935
6.40535
6.42265
6.4299
6.43535
6.436425
6.436775
6.4384
6.438625
6.439925
6.4449
6.446675
6.45135
6.474925
6.4872
6.49095
6.4967
6.51395
6.530475
6.54125
6.560375
6.5609
6.57395
6.57595
6.60185
6.665375
6.707525
6.718225
6.724025
6.7264
6.736575
6.740775
6.744125
6.748875
6.760975
6.7802
6.786575
6.78665
6.7874
6.792475
6.79425
6.800725
6.8075
6.828575
6.847875
6.85465
6.855575
6.85655
6.887925
6.8908
6.892
6.897825
6.91045
6.924175
6.936275
6.93945
6.94835
6.950025
6.981075
7.000675
7.002675
7.0029
7.0074
7.012125
7.0154
7.02175
7.0231
7.030525
7.035025
7.04215
7.049975
7.053925
7.062775
7.08
7.12465
7.139075
7.168575
7.168925
7.2172
7.2195
7.223025
7.227975
7.2549
7.305775
7.317025
7.330625
7.333175
7.334525
7.34965
7.35335
7.364575
7.3686
7.3695
7.3711
7.378
7.380175
7.3845
7.398
7.43635
7.4572
7.46335
7.469475
7.47795
7.525925
7.5337
7.536725
7.5492
7.552125
7.5601
7.563675
7.567375
7.58575
7.590825
7.6086
7.61465
7.61505
7.6158
7.619375
7.62505
7.626975
7.6336
7.640125
7.6436
7.64755
7.651625
7.654325
7.6576
7.6671
7.708875
7.713825
7.725275
7.7501
7.7673
7.80465
7.83045
7.8387
7.895125
7.9015
7.9045
7.907975
7.90945
7.9161
7.91965
7.92245
7.950175
7.962575
7.9908
7.992575
8.00095
8.005875
8.010425
8.029775
8.0309
8.0668
8.079025
8.079225
8.083
8.08915
8.12205
8.1282
8.135275
8.159975
8.19245
8.20415
8.20815
8.209275
8.212125
8.22835
8.229075
8.2314
8.2365
8.238675
8.2402
8.241
8.241525
8.243475
8.24735
8.2506
8.2686
8.279925
8.29085
8.295775
8.2993
8.300475
8.31955
8.332625
8.33525
8.358075
8.398375
8.42425
8.43095
8.44445
8.446825
8.46045
8.47475
8.482025
8.501925
8.512
8.532025
8.53905
8.54945
8.57035
8.5726
8.5776
8.58275
8.6042
8.616875
8.61745
8.63905
8.667075
8.6675
8.671925
8.6743
8.721975
8.761425
8.7636
8.800675
8.8108
8.8143
8.81455
8.8148
8.8194
8.8215
8.830925
8.8376
8.839225
8.841975
8.850925
8.8514
8.8615
8.866625
8.869
8.8695
8.8884
8.88885
8.898175
8.899975
8.925975
8.931075
8.931725
8.93705
8.943075
8.962725
8.973525
8.978425
8.97895
8.989625
9.001025
9.00145
9.006075
9.0271
9.0461
9.053875
9.067725
9.085675
9.099725
769
