0.0417
0.1026
0.102975
0.1081
0.1117
0.1234
0.12505
0.125825
0.128325
0.128975
0.13515
0.15195
0.154175
0.161075
0.165825
0.167175
0.170975
0.177575
0.17925
0.181925
0.1829
0.204975
0.20815
0.216475
0.22045
0.23035
0.236025
0.270725
0.28375
0.29775
0.3229
0.32895
0.34955
0.3637
0.36645
0.38705
0.40125
0.411775
0.43595
0.43845
0.43905
0.442625
0.451775
0.45835
0.459575
0.4713
0.4716
0.4838
0.485
0.488425
0.49285
0.49765
0.50025
0.5146
0.52045
0.525
0.538775
0.539325
0.5529
0.563625
0.58795
0.5959
0.6056
0.67135
0.6785
0.727625
0.731125
0.73695
0.739775
0.751525
0.75155
0.75855
0.7626
0.774425
0.81255
0.824925
0.891175
0.918575
0.925975
0.932575
0.933675
0.9347
0.9895
1.00445
1.00665
1.0087
1.01015
1.030175
1.047525
1.052975
1.064925
1.069925
1.0774
1.081275
1.0824
1.096425
1.098975
1.105525
1.1475
1.18125
1.192325
1.23625
1.242275
1.296775
1.308375
1.3143
1.321475
1.32675
1.3299
1.3354
1.3421
1.344525
1.359825
1.36225
1.365575
1.366875
1.367525
1.376725
1.39655
1.4292
1.43975
1.4401
1.4501
1.517625
1.549925
1.56695
1.571075
1.59605
1.59995
1.6007
1.6018
1.602925
1.60735
1.621725
1.6394
1.6501
1.653575
1.690775
1.69905
1.7128
1.7217
1.72665
1.7475
1.772525
1.806025
1.826375
1.828025
1.83395
1.8348
1.893125
1.90065
1.9074
1.908375
1.91535
1.916275
1.918
1.92405
1.9244
1.9255
1.92885
1.9317
1.933775
1.9498
1.9927
1.9943
2.000175
2.015225
2.021325
2.02375
2.0391
2.049075
2.067425
2.0786
2.0826
2.1385
2.143125
2.15255
2.21595
2.2247
2.247025
2.258625
2.265225
2.28335
2.290325
2.291325
2.297625
2.3084
2.328725
2.34695
2.347825
2.3747
2.377225
2.378225
2.38325
2.397275
2.40105
2.449225
2.459625
2.475775
2.501975
2.510025
2.510475
2.51225
2.516725
2.52175
2.526675
2.53225
2.53405
2.538175
2.53935
2.545
2.546825
2.54745
2.56175
2.583125
2.585525
2.592475
2.61115
2.614925
2.6199
2.631
2.642775
2.649825
2.6754
2.67925
2.704325
2.722875
2.72535
2.7916
2.796275
2.807175
2.807375
2.807875
2.809325
2.809975
2.81405
2.838475
2.84785
2.8509
2.854025
2.872575
2.8782
2.894975
2.896625
2.91595
2.923425
2.93185
2.946075
2.94625
2.9661
2.9666
2.97345
2.986425
3.01125
3.050075
3.056925
3.077725
3.10185
3.103875
3.1131
3.121325
3.128075
3.13505
3.1481
3.1575
3.161925
3.184175
3.1845
3.1992
3.21725
3.2196
3.225425
3.2536
3.3115
3.325225
3.367675
3.383625
3.4012
3.41015
3.416225
3.432525
3.443775
3.45575
3.461675
3.464975
3.466125
3.467275
3.468225
3.47215
3.480175
3.492075
3.4934
3.49825
3.50185
3.5032
3.510075
3.52545
3.5572
3.564775
3.58275
3.589075
3.609375
3.6189
3.62855
3.69075
3.70795
3.71305
3.7204
3.723325
3.72435
3.7329
3.74555
3.753725
3.77435
3.793225
3.807325
3.807875
3.812675
3.81405
3.8288
3.8328
3.845625
3.862125
3.86245
3.917825
3.95325
3.99725
4.001375
4.018775
4.0194
4.04745
4.051025
4.058475
4.064275
4.066575
4.067725
4.071175
4.07875
4.108525
4.11115
4.119675
4.12045
4.130325
4.1471
4.1681
4.1799
4.188475
4.188875
4.2169
4.251125
4.25645
4.28455
4.292825
4.296025
4.300775
4.30265
4.306225
4.307675
4.3096
4.32005
4.32525
4.333925
4.336025
4.3457
4.346575
4.348225
4.34845
4.350875
4.355875
4.371
4.381425
4.38195
4.392075
4.399175
4.41665
4.4172
4.449875
4.45005
4.507325
4.5091
4.538425
4.544725
4.5675
4.59665
4.6004
4.60605
4.612825
4.6131
4.613325
4.615525
4.62
4.620275
4.624025
4.63645
4.642775
4.646125
4.650125
4.65495
4.656275
4.660525
4.6682
4.6876
4.7048
4.720025
4.720675
4.7489
4.767225
4.7764
4.81185
4.862525
4.899125
4.9025
4.907425
4.90775
4.9163
4.919975
4.9207
4.92315
4.933025
4.945025
4.950225
4.95235
4.961625
4.9788
4.981575
4.9845
5.004225
5.013725
5.020425
5.0329
5.043925
5.051825
5.05185
5.064125
5.079875
5.09475
5.107225
5.1215
5.124725
5.13215
5.14195
5.2093
5.2283
5.230775
5.2558
5.255975
5.25625
5.2616
5.2772
5.28125
5.3063
5.316075
5.322225
5.33935
5.37165
5.394025
5.419275
5.428025
5.502125
5.502775
5.507325
5.51745
5.525175
5.526975
5.528825
5.5296
5.53635
5.547475
5.550525
5.5547
5.571025
5.5749
5.577175
5.5773
5.599575
5.623575
5.630575
5.643125
5.649325
5.678725
5.706925
5.721675
5.737625
5.73855
5.792275
5.79595
5.799075
5.80475
5.805725
5.81775
5.82955
5.8378
5.839575
5.842575
5.853625
5.8559
5.85715
5.8639
5.869025
5.877625
5.8816
5.887125
5.898575
5.909325
5.91045
5.920925
5.944675
5.94665
5.9581
5.9789
5.986425
5.9954
6.025
6.026975
6.0405
6.068725
6.101575
6.1033
6.129775
6.135475
6.13715
6.145125
6.149825
6.1505
6.1509
6.15675
6.1572
6.173925
6.201325
6.21165
6.216725
6.2171
6.222675
6.226325
6.23225
6.239975
6.24605
6.290175
6.292375
6.300175
6.313975
6.3372
6.344475
6.40005
6.4009
6.4094
6.410025
6.421125
6.424125
6.425475
6.4269
6.426975
6.4295
6.43295
6.435525
6.438375
6.440575
6.444575
6.461975
6.462375
6.4862
6.4961
6.52015
6.520175
6.535175
6.543975
6.580325
6.580675
6.59275
6.635975
6.644775
6.655125
6.668125
6.669925
6.7178
6.728325
6.733625
6.7417
6.74975
6.7638
6.7647
6.769375
6.7695
6.769775
6.781
6.78635
6.790075
6.7916
6.794775
6.80455
6.806325
6.80985
6.82375
6.849725
6.881725
6.987725
6.991
7.00545
7.007275
7.010775
7.012675
7.016125
7.0345
7.057475
7.07245
7.0789
7.090725
7.090975
7.093575
7.0947
7.107475
7.11555
7.11865
7.13555
7.160475
7.169575
7.172925
7.173425
7.185425
7.204625
7.22455
7.23235
7.2544
7.299675
7.302425
7.302475
7.308825
7.3138
7.313975
7.321475
7.32505
7.327725
7.332125
7.337075
7.3441
7.346175
7.364775
7.373025
7.3805
7.393125
7.401
7.40535
7.4135
7.424225
7.4327
7.43595
7.45445
7.475825
7.47925
7.563875
7.572925
7.57985
7.604475
7.605875
7.609975
7.616775
7.617325
7.627375
7.628075
7.6288
7.63755
7.6473
7.648175
7.648625
7.649175
7.6498
7.658275
7.667675
7.673675
7.715575
7.727075
7.73435
7.754875
7.773775
7.7959
7.797125
7.80505
7.8109
7.841725
7.849475
7.861825
7.8858
7.88725
7.900125
7.902775
7.90915
7.916125
7.921525
7.924775
7.9263
7.9311
7.94475
7.960425
7.96455
7.967775
7.968125
7.97965
7.990225
7.99605
8.004675
8.01885
8.0193
8.02
8.03025
8.0422
8.047
8.0474
8.112475
8.112775
8.13035
8.138925
8.15365
8.21395
8.214675
8.2161
8.2178
8.229075
8.231975
8.232275
8.234525
8.23465
8.24015
8.244075
8.24865
8.26165
8.275925
8.277675
8.279
8.294375
8.3016
8.3199
8.33465
8.334775
8.350625
8.362825
8.377275
8.383975
8.3854
8.394725
8.39575
8.397775
8.415
8.422225
8.427825
8.431175
8.434025
8.457375
8.459925
8.4901
8.5025
8.50275
8.509875
8.51395
8.5147
8.53705
8.541275
8.542525
8.55205
8.55295
8.56355
8.5685
8.57635
8.577375
8.5778
8.58235
8.588875
8.61155
8.620175
8.6209
8.64365
8.652025
8.6733
8.674675
8.67795
8.687475
8.6881
8.705425
8.7896
8.791275
8.7919
8.792975
8.80305
8.80555
8.812425
8.82125
8.851125
8.852825
8.858375
8.8791
8.8835
8.88945
8.902275
8.9428
8.94815
8.95665
8.973425
8.980425
8.990975
8.99885
9.012275
9.012725
9.01385
9.02975
9.0643
9.07445
9.074575
9.083425
807
