0.02095
0.102
0.108425
0.114425
0.1241
0.130725
0.1309
0.1608
0.164225
0.17595
0.179425
0.1803
0.181725
0.1954
0.203475
0.20745
0.20885
0.2168
0.22335
0.23635
0.239375
0.2506
0.252875
0.25695
0.26575
0.268075
0.315325
0.324525
0.33855
0.342975
0.346925
0.394275
0.407075
0.41815
0.43035
0.437425
0.4495
0.454625
0.460825
0.467825
0.472975
0.4821
0.48595
0.518825
0.537375
0.546325
0.56955
0.572875
0.576825
0.58205
0.5972
0.602925
0.603825
0.616775
0.651775
0.67485
0.684775
0.7056
0.706425
0.7114
0.71225
0.71385
0.727425
0.7312
0.7323
0.736925
0.745125
0.748475
0.752125
0.756075
0.77295
0.781025
0.783875
0.789
0.80735
0.83265
0.84655
0.84715
0.85175
0.853775
0.863125
0.871525
0.88375
0.9338
0.944975
0.952625
1.01385
1.0141
1.014225
1.0217
1.036025
1.037
1.04295
1.044675
1.048725
1.0514
1.0565
1.065275
1.071075
1.09335
1.09725
1.105725
1.1118
1.1312
1.16335
1.16925
1.17465
1.1828
1.194875
1.208675
1.224375
1.224475
1.227925
1.229475
1.31395
1.31575
1.319
1.330225
1.335825
1.36495
1.367725
1.3948
1.42425
1.441325
1.442375
1.448825
1.462925
1.4659
1.479575
1.5123
1.512425
1.525375
1.5417
1.556625
1.600725
1.60175
1.605675
1.609825
1.609925
1.6142
1.619
1.622475
1.623225
1.62525
1.630825
1.632775
1.63535
1.644625
1.6473
1.658475
1.660925
1.663975
1.6703
1.672125
1.679875
1.68025
1.68835
1.6889
1.7026
1.702775
1.7142
1.72955
1.750675
1.764775
1.7929
1.8083
1.819475
1.873775
1.897425
1.908675
1.912775
1.913575
1.918975
1.927625
1.9336
1.9383
1.9553
1.9572
1.97465
2.0055
2.0257
2.0565
2.056925
2.0599
2.069775
2.08785
2.0948
2.096775
2.0983
2.101375
2.13145
2.1411
2.1451
2.149425
2.164025
2.198975
2.21725
2.233475
2.2351
2.236525
2.240475
2.24165
2.25355
2.2615
2.26375
2.287025
2.293225
2.294025
2.298025
2.3033
2.305075
2.317525
2.327375
2.340075
2.3559
2.366475
2.3737
2.3799
2.4668
2.467325
2.4722
2.50335
2.50365
2.50755
2.5202
2.5241
2.533075
2.535325
2.53605
2.556775
2.561425
2.5625
2.56465
2.56615
2.5672
2.573325
2.58065
2.60495
2.606525
2.62965
2.6389
2.679675
2.709125
2.712
2.73745
2.764675
2.783575
2.804175
2.808925
2.814125
2.81765
2.82895
2.830675
2.848475
2.869175
2.880625
2.8841
2.9056
2.908425
2.9261
2.932875
2.9542
2.96395
2.99195
2.994825
3.00095
3.002275
3.100275
3.109275
3.119725
3.124425
3.1255
3.16675
3.171475
3.186725
3.190875
3.198825
3.207525
3.20865
3.215275
3.216625
3.241225
3.243075
3.253075
3.2722
3.283525
3.284675
3.28935
3.2918
3.299525
3.304225
3.329775
3.35545
3.40425
3.409525
3.41455
3.4295
3.438825
3.439925
3.443025
3.453825
3.455275
3.460125
3.464775
3.4651
3.4961
3.5261
3.5653
3.56665
3.58105
3.587125
3.6285
3.634325
3.646675
3.65775
3.7033
3.704325
3.71535
3.717725
3.7212
3.723275
3.729475
3.7409
3.742075
3.74265
3.746825
3.747475
3.7544
3.759575
3.76195
3.769275
3.77225
3.77765
3.789025
3.817475
3.8238
3.850825
3.8594
3.9014
3.92965
3.965925
3.984375
3.986825
4.00145
4.012475
4.013275
4.0174
4.018525
4.03075
4.04835
4.0669
4.078475
4.08555
4.09425
4.103275
4.113525
4.130025
4.130675
4.165325
4.175125
4.18375
4.18795
4.192725
4.217525
4.28065
4.298475
4.2996
4.308475
4.313025
4.31315
4.31385
4.3173
4.3229
4.328375
4.33655
4.3378
4.3416
4.34695
4.36365
4.365775
4.36785
4.394225
4.407625
4.408375
4.4158
4.42105
4.436925
4.442425
4.45835
4.46375
4.5004
4.50385
4.509175
4.561025
4.570725
4.581925
4.596375
4.6079
4.612325
4.615925
4.62465
4.633175
4.639725
4.6443
4.65535
4.655475
4.65765
4.661125
4.6641
4.667275
4.669475
4.677425
4.68555
4.68885
4.70795
4.71695
4.72295
4.73635
4.736475
4.743
4.754325
4.765675
4.772625
4.7823
4.782375
4.783775
4.7906
4.801925
4.81415
4.83995
4.848225
4.8788
4.899975
4.90185
4.902475
4.919425
4.92125
4.925
4.939075
4.94115
4.942175
4.949425
4.958075
4.972275
4.995975
4.9962
5.02185
5.026625
5.049425
5.065325
5.099425
5.11745
5.119
5.141
5.148775
5.1849
5.186275
5.1939
5.21245
5.21275
5.227075
5.230625
5.231175
5.2361
5.23915
5.240875
5.249225
5.27265
5.30035
5.313125
5.315
5.320775
5.32335
5.33515
5.34735
5.350275
5.3518
5.3716
5.371725
5.40025
5.41415
5.4217
5.43245
5.43475
5.439725
5.446025
5.454475
5.46245
5.4919
5.5131
5.5183
5.52755
5.539875
5.540525
5.543325
5.562675
5.56635
5.578575
5.586025
5.58645
5.58855
5.59035
5.608575
5.609225
5.6112
5.6157
5.634875
5.6534
5.666
5.6732
5.7108
5.7229
5.7427
5.756325
5.80985
5.81385
5.825975
5.8269
5.82885
5.832825
5.844775
5.85555
5.8581
5.862375
5.870125
5.95795
5.964275
5.96535
5.97695
5.97755
5.98385
5.98685
5.98725
6.00145
6.003775
6.013925
6.05095
6.051475
6.0707
6.104375
6.10835
6.115275
6.1187
6.1272
6.1358
6.13855
6.14105
6.156125
6.156225
6.164925
6.16515
6.17885
6.1879
6.200625
6.20395
6.207125
6.23455
6.254475
6.255
6.259775
6.269575
6.2828
6.2874
6.2999
6.3051
6.331625
6.347025
6.347225
6.36535
6.3917
6.41065
6.412475
6.423675
6.427225
6.4308
6.432725
6.440675
6.446825
6.459375
6.4648
6.471175
6.472925
6.47315
6.4764
6.491125
6.49235
6.493075
6.49775
6.52625
6.541325
6.541575
6.55405
6.557725
6.56095
6.575875
6.5823
6.6151
6.646025
6.66885
6.67275
6.71285
6.716425
6.7203
6.7253
6.727325
6.7373
6.74045
6.74155
6.7432
6.74915
6.7554
6.755625
6.778725
6.795175
6.79785
6.81845
6.827275
6.8376
6.849575
6.861375
6.87325
6.892725
6.9083
6.93935
6.955675
6.99995
7.006025
7.00765
7.0142
7.015325
7.0167
7.01985
7.024325
7.04785
7.0499
7.05905
7.081925
7.084875
7.0856
7.109225
7.11165
7.125125
7.131125
7.131325
7.1335
7.141775
7.15845
7.1649
7.1659
7.1692
7.17075
7.256025
7.27505
7.282425
7.307175
7.308325
7.310375
7.32345
7.32605
7.34625
7.352925
7.367375
7.38005
7.381225
7.387375
7.38845
7.39405
7.421125
7.424425
7.4362
7.44065
7.4644
7.483
7.485075
7.4863
7.572875
7.59375
7.60175
7.6018
7.6512
7.653625
7.65585
7.6627
7.664125
7.676075
7.689525
7.6916
7.70765
7.71145
7.717375
7.729225
7.772525
7.782
7.789625
7.792425
7.79515
7.7981
7.833325
7.908275
7.9108
7.927575
7.93125
7.9313
7.9324
7.93925
7.94635
7.964075
7.967375
7.9871
7.98735
7.9874
8.008575
8.016175
8.022225
8.02265
8.0574
8.059275
8.069925
8.079675
8.08335
8.11155
8.127375
8.1275
8.159275
8.164425
8.1704
8.18665
8.217125
8.236575
8.23915
8.2433
8.2526
8.2674
8.26955
8.278775
8.2938
8.304525
8.315625
8.32785
8.334725
8.3415
8.349125
8.36075
8.364625
8.383375
8.384175
8.401225
8.411675
8.41245
8.423225
8.44085
8.469375
8.4743
8.500475
8.516625
8.520175
8.52435
8.524875
8.527275
8.529225
8.53845
8.53865
8.541625
8.55305
8.56045
8.56485
8.573425
8.576625
8.577475
8.582075
8.6127
8.614825
8.618275
8.645575
8.665
8.6698
8.69125
8.71125
8.71615
8.7193
8.766225
8.77575
8.7782
8.781125
8.783925
8.800175
8.802075
8.805375
8.8238
8.823975
8.824175
8.82495
8.8421
8.84315
8.84595
8.847025
8.860125
8.86905
8.877875
8.890075
8.898525
8.919175
8.936325
8.946025
8.949425
8.9518
8.954625
8.955625
8.961275
8.989725
9.005525
9.009575
9.07245
9.077
9.0843
815
