0.10585
0.106675
0.10795
0.119425
0.13425
0.134975
0.13505
0.140025
0.15715
0.160325
0.16045
0.165325
0.1743
0.18465
0.194975
0.2019
0.2048
0.209925
0.215625
0.237475
0.265325
0.27775
0.27935
0.2919
0.3313
0.33235
0.333875
0.36875
0.375575
0.383675
0.392675
0.4034
0.403925
0.415125
0.42905
0.438225
0.445075
0.45105
0.45245
0.454575
0.47625
0.48535
0.50595
0.507825
0.52885
0.53635
0.5895
0.611775
0.622425
0.6277
0.639975
0.660575
0.70965
0.716225
0.718325
0.724875
0.74045
0.759
0.775975
0.78795
0.7886
0.791275
0.7925
0.80195
0.805075
0.836675
0.840725
0.84195
0.852475
0.864675
0.867
0.867575
0.9401
0.95085
0.983175
0.984025
0.998475
1.005575
1.0112
1.017
1.026475
1.028925
1.03755
1.062575
1.08345
1.091875
1.10065
1.133775
1.1402
1.14875
1.1505
1.157125
1.168875
1.2031
1.2182
1.2965
1.299325
1.3048
1.30505
1.31635
1.318375
1.3186
1.362475
1.3737
1.3797
1.398525
1.402675
1.413125
1.41535
1.419425
1.428425
1.4296
1.4434
1.4484
1.465775
1.470675
1.4793
1.523475
1.585375
1.600725
1.601675
1.6092
1.60995
1.622775
1.640725
1.644
1.650825
1.6524
1.658075
1.662275
1.66265
1.66765
1.672
1.673375
1.67985
1.680475
1.682725
1.689775
1.70525
1.710675
1.7139
1.714625
1.718475
1.73
1.732475
1.73705
1.7577
1.791025
1.792675
1.8067
1.8106
1.832
1.856125
1.8755
1.903
1.90815
1.908325
1.9167
1.934375
1.939475
1.9466
1.949525
1.953575
1.9558
1.9615
1.963825
1.9656
1.967425
1.9771
1.989975
2.0266
2.03675
2.040175
2.041675
2.0808
2.086225
2.087125
2.09305
2.102075
2.1139
2.13595
2.20095
2.20365
2.208675
2.212475
2.2153
2.215325
2.2184
2.220975
2.224325
2.226975
2.227525
2.231275
2.232675
2.236025
2.2452
2.2499
2.24995
2.253175
2.2653
2.277675
2.29445
2.297425
2.31315
2.349325
2.351675
2.38785
2.39855
2.401925
2.4117
2.41175
2.41385
2.43895
2.4397
2.459375
2.479675
2.484275
2.50245
2.515925
2.536125
2.53845
2.541775
2.542625
2.5488
2.555825
2.569625
2.5708
2.60805
2.61025
2.613425
2.636
2.683675
2.694075
2.7139
2.759525
2.78315
2.785175
2.81405
2.81635
2.832775
2.84145
2.852025
2.8536
2.85375
2.857675
2.86315
2.8648
2.870175
2.8704
2.8802
2.888075
2.909825
2.9123
2.923275
2.928475
2.939675
2.940875
2.945075
2.95335
2.9752
2.981575
2.986375
2.9997
3.0125
3.0138
3.0175
3.0239
3.024525
3.02595
3.037425
3.100425
3.101075
3.1037
3.109475
3.118875
3.119975
3.1306
3.152175
3.15745
3.161675
3.16295
3.17575
3.1839
3.206075
3.21215
3.219225
3.221225
3.2292
3.237525
3.248025
3.26625
3.273225
3.2962
3.310875
3.345675
3.367475
3.40435
3.413075
3.41385
3.4431
3.446275
3.452625
3.463725
3.477375
3.485375
3.496
3.5166
3.51895
3.53395
3.548325
3.54875
3.552025
3.566075
3.578225
3.6114
3.652375
3.65475
3.687625
3.71385
3.72615
3.728425
3.732825
3.7553
3.76365
3.770325
3.783075
3.78585
3.802425
3.815825
3.836
3.845425
3.860725
3.88355
3.894975
3.914875
3.933425
3.969375
3.9735
4.0036
4.01665
4.030125
4.04305
4.044875
4.0467
4.056075
4.06495
4.07595
4.0786
4.0855
4.098
4.117225
4.124625
4.1742
4.178525
4.18435
4.188275
4.188975
4.210425
4.216475
4.229
4.269225
4.282675
4.3026
4.30305
4.306075
4.31015
4.3252
4.3259
4.3409
4.34465
4.362275
4.364525
4.3836
4.40235
4.407325
4.4173
4.429125
4.4463
4.447075
4.44965
4.475175
4.476375
4.484225
4.492125
4.50295
4.509325
4.5838
4.602575
4.613125
4.624725
4.646425
4.6594
4.66185
4.66385
4.676975
4.6782
4.679025
4.695825
4.697225
4.708225
4.7173
4.7174
4.7181
4.71875
4.7623
4.793475
4.838425
4.8791
4.898125
4.90855
4.909425
4.9171
4.921875
4.92605
4.9285
4.933225
4.93925
4.941925
4.94855
4.9505
4.98555
4.98755
4.99565
5.009325
5.0099
5.02685
5.034325
5.036725
5.038475
5.069875
5.0855
5.09065
5.095
5.103275
5.11915
5.158725
5.165175
5.16895
5.174525
5.1872
5.189625
5.1946
5.200475
5.2184
5.2324
5.25815
5.274425
5.279325
5.304175
5.31155
5.315275
5.321775
5.373425
5.383575
5.3855
5.38925
5.40925
5.4182
5.45175
5.45245
5.462325
5.464325
5.505575
5.50895
5.510725
5.523125
5.52795
5.530625
5.534275
5.537025
5.542325
5.546375
5.547275
5.559775
5.585175
5.591225
5.597425
5.60435
5.6128
5.623525
5.64415
5.6698
5.683475
5.6847
5.70575
5.705925
5.715575
5.721575
5.7262
5.765825
5.781825
5.794425
5.801825
5.805875
5.81135
5.819475
5.828925
5.838825
5.8464
5.84775
5.85105
5.852025
5.855125
5.865575
5.8878
5.891325
5.9178
5.919825
5.927275
5.9398
5.953075
5.96855
5.96885
5.97555
6.008975
6.01745
6.028975
6.030575
6.03155
6.0429
6.089875
6.093125
6.105425
6.112675
6.1149
6.120175
6.120425
6.141775
6.1434
6.166025
6.17925
6.183175
6.220625
6.22275
6.2304
6.2312
6.23815
6.240275
6.246875
6.285075
6.314575
6.320325
6.321975
6.384
6.3925
6.410975
6.41265
6.4146
6.4152
6.416575
6.421775
6.4322
6.437375
6.442225
6.4667
6.467575
6.4706
6.482475
6.487025
6.499725
6.509425
6.5455
6.552675
6.562625
6.6457
6.65845
6.658975
6.6958
6.703875
6.723275
6.723475
6.7243
6.72765
6.7328
6.733875
6.734
6.74455
6.7586
6.764325
6.778925
6.79245
6.79265
6.795225
6.80505
6.81545
6.847175
6.8504
6.850725
6.8598
6.86255
6.87075
6.87375
6.884075
6.945475
6.9908
7.00285
7.00405
7.009125
7.009675
7.016275
7.017225
7.01965
7.025225
7.040475
7.04215
7.0693
7.076875
7.084275
7.11155
7.150075
7.15105
7.1678
7.174025
7.192
7.242625
7.2805
7.282075
7.29375
7.32485
7.326325
7.34835
7.3522
7.35865
7.361025
7.376875
7.3778
7.4072
7.413925
7.433075
7.43865
7.4486
7.4489
7.448975
7.44985
7.4824
7.487875
7.5033
7.504575
7.521825
7.5719
7.60055
7.60165
7.612025
7.61315
7.621925
7.623
7.62545
7.6405
7.6445
7.64815
7.650575
7.65745
7.665025
7.677
7.6826
7.6919
7.691975
7.70855
7.7318
7.735025
7.7373
7.784925
7.80735
7.8077
7.826975
7.841125
7.84615
7.852975
7.854325
7.8576
7.880975
7.905275
7.9098
7.91135
7.924325
7.9324
7.937225
7.951575
7.96025
7.961675
7.9664
7.9716
8.036325
8.051675
8.059025
8.078525
8.07925
8.086875
8.087525
8.095375
8.103
8.12105
8.13225
8.145625
8.149725
8.189025
8.20275
8.208575
8.21905
8.21965
8.219675
8.2204
8.222325
8.22515
8.23885
8.245425
8.246575
8.260975
8.2636
8.266725
8.27895
8.28435
8.297025
8.3009
8.30295
8.311975
8.333425
8.3368
8.352325
8.39085
8.428825
8.443075
8.461225
8.47495
8.505275
8.52825
8.535875
8.542125
8.54435
8.5529
8.599875
8.60065
8.60795
8.624275
8.627
8.629
8.659
8.66605
8.679125
8.68135
8.718575
8.73675
8.737075
8.742525
8.761125
8.776525
8.80005
8.8182
8.8224
8.82605
8.8267
8.8327
8.83505
8.849475
8.85665
8.87335
8.87345
8.873725
8.888925
8.89295
8.895125
8.92565
8.93285
8.937325
8.93985
8.950575
8.957275
8.98845
9.011775
9.0189
9.023025
9.039675
9.0488
9.07485
9.079025
775
