0.100325
0.10905
0.1163
0.121925
0.123825
0.12745
0.1353
0.141925
0.1431
0.1461
0.14875
0.156175
0.158925
0.16185
0.173825
0.200725
0.20545
0.212675
0.22055
0.239125
0.242225
0.2452
0.261475
0.2681
0.28875
0.3207
0.37015
0.39225
0.40235
0.40245
0.41005
0.4109
0.41185
0.437
0.447825
0.4579
0.491675
0.5089
0.51255
0.516175
0.519325
0.528925
0.55635
0.563
0.5633
0.604175
0.63565
0.642625
0.650175
0.656275
0.71025
0.711825
0.723725
0.7378
0.748425
0.77695
0.77725
0.78455
0.7918
0.798625
0.813225
0.8267
0.834325
0.836825
0.8396
0.84095
0.876925
0.89325
0.89635
0.90285
0.928225
0.94705
0.956
0.974275
0.9901
1.002175
1.0025
1.00795
1.012625
1.01295
1.013475
1.01435
1.015175
1.018875
1.034
1.03435
1.035075
1.048175
1.05315
1.0604
1.06135
1.073375
1.0741
1.07715
1.0805
1.0935
1.11685
1.12595
1.12615
1.1336
1.152975
1.168975
1.221475
1.231525
1.25535
1.292975
1.29665
1.313025
1.3178
1.32865
1.33205
1.33475
1.341325
1.357375
1.368775
1.3863
1.3977
1.412175
1.415375
1.433425
1.45795
1.48085
1.501225
1.50725
1.556025
1.600775
1.60355
1.611325
1.622875
1.630925
1.635
1.63765
1.63785
1.63795
1.639025
1.642325
1.64295
1.64655
1.654575
1.6561
1.65915
1.671725
1.688925
1.7245
1.729025
1.74155
1.7682
1.7874
1.7905
1.79845
1.8231
1.823625
1.84175
1.88365
1.8889
1.900575
1.9099
1.913325
1.929925
1.93035
1.932025
1.932375
1.932725
1.933025
1.93775
1.948925
1.95115
1.95415
1.955575
1.955775
1.95595
1.95825
1.9653
1.9822
1.994225
1.999125
2.000425
2.000725
2.016975
2.02035
2.0211
2.03885
2.04535
2.054975
2.056675
2.085475
2.095625
2.096675
2.1071
2.146875
2.1644
2.173925
2.195725
2.200925
2.206975
2.209075
2.209525
2.21205
2.2178
2.219375
2.2289
2.233825
2.2379
2.23915
2.2414
2.25295
2.2657
2.2704
2.2809
2.29865
2.31465
2.3244
2.324575
2.342475
2.348075
2.348325
2.3511
2.380925
2.3912
2.424075
2.426625
2.4385
2.443125
2.475175
2.496575
2.51425
2.523
2.523875
2.55475
2.562475
2.56375
2.572675
2.5727
2.5837
2.584
2.59645
2.59965
2.62585
2.654325
2.65495
2.65685
2.65855
2.6617
2.672325
2.674425
2.675975
2.677375
2.68425
2.695725
2.708225
2.751375
2.75665
2.818225
2.8299
2.857675
2.865
2.875875
2.89905
2.905525
2.941125
2.95065
2.9754
2.975775
2.998525
3.000075
3.012375
3.0184
3.031825
3.0745
3.0848
3.1002
3.11065
3.11895
3.125225
3.13045
3.132275
3.136675
3.13965
3.145325
3.154075
3.162725
3.16915
3.170775
3.1838
3.1871
3.190875
3.1929
3.199925
3.201425
3.229925
3.240325
3.24215
3.2497
3.268125
3.297025
3.3479
3.3556
3.381825
3.41575
3.429425
3.4472
3.4478
3.452725
3.4713
3.474575
3.505925
3.520775
3.5331
3.548875
3.597275
3.603675
3.653425
3.6748
3.7083
3.718525
3.7211
3.725675
3.7276
3.74245
3.742575
3.752575
3.761875
3.7736
3.77385
3.782025
3.8023
3.847975
3.857025
3.877725
3.8866
3.915
3.917325
3.969875
3.99805
4.002175
4.00585
4.014425
4.0229
4.023125
4.0284
4.0341
4.078375
4.08175
4.09695
4.0992
4.112075
4.1205
4.153375
4.178975
4.209475
4.22525
4.254475
4.28495
4.294925
4.311775
4.313625
4.315475
4.317125
4.31855
4.3223
4.324525
4.33095
4.330975
4.33135
4.33505
4.335925
4.36405
4.37845
4.396025
4.42485
4.434725
4.458125
4.4611
4.46435
4.481
4.5159
4.532925
4.5393
4.544075
4.54545
4.54795
4.558175
4.560125
4.5675
4.572925
4.57835
4.586625
4.592425
4.5977
4.601975
4.6041
4.607375
4.60775
4.6132
4.6143
4.61565
4.634
4.634725
4.646025
4.650075
4.671675
4.677325
4.68025
4.6916
4.702475
4.717975
4.7205
4.724
4.75775
4.764625
4.76905
4.7781
4.7893
4.80555
4.8135
4.878775
4.887425
4.9046
4.9086
4.9119
4.91955
4.92385
4.9425
4.950475
4.955
4.9594
4.9661
4.971225
4.977725
4.977825
4.981575
4.984975
4.9861
4.9904
5.000175
5.014225
5.032025
5.040225
5.04595
5.05005
5.05775
5.095475
5.098625
5.16765
5.19455
5.2031
5.21425
5.2197
5.23155
5.234925
5.235075
5.2375
5.25025
5.2519
5.2607
5.27985
5.280025
5.287175
5.289075
5.29465
5.311725
5.319975
5.321675
5.33525
5.33575
5.352175
5.385475
5.415675
5.4242
5.42575
5.426175
5.436475
5.471525
5.5175
5.5211
5.530125
5.539575
5.546725
5.56075
5.56525
5.579575
5.580675
5.585325
5.589325
5.595625
5.6087
5.61005
5.62405
5.625075
5.6298
5.6539
5.662225
5.690375
5.706475
5.706725
5.729425
5.74395
5.7486
5.7558
5.7672
5.7726
5.789975
5.802125
5.8072
5.813475
5.81505
5.8229
5.8289
5.8313
5.844575
5.847025
5.864675
5.86505
5.86525
5.870175
5.87035
5.884475
5.8852
5.8883
5.890725
5.902575
5.92305
5.934075
5.948925
5.995075
6.028125
6.038525
6.04995
6.086425
6.107675
6.111725
6.12115
6.1371
6.1429
6.15075
6.15485
6.158325
6.160675
6.17265
6.183975
6.198725
6.204475
6.209525
6.217225
6.2651
6.276375
6.295825
6.297
6.29855
6.3143
6.400025
6.408325
6.40835
6.43045
6.4359
6.438275
6.44555
6.4471
6.4522
6.464075
6.467475
6.4729
6.476475
6.477875
6.507775
6.526175
6.539525
6.5448
6.550525
6.556025
6.56235
6.5732
6.57455
6.575375
6.5816
6.585525
6.593275
6.6044
6.617625
6.62415
6.648375
6.669725
6.68805
6.702
6.703775
6.711825
6.71235
6.717625
6.72435
6.729725
6.730575
6.73475
6.736525
6.7403
6.746075
6.747575
6.766125
6.773
6.780075
6.79475
6.795575
6.798975
6.843075
6.8615
6.86555
6.8736
6.90795
6.910975
6.922025
6.941525
6.960825
6.9731
6.9823
6.99725
7.006025
7.0071
7.007475
7.011425
7.0245
7.034725
7.058875
7.05995
7.063275
7.0677
7.0681
7.07085
7.09535
7.1072
7.108625
7.1124
7.129875
7.166725
7.175675
7.18965
7.195325
7.198975
7.19945
7.21365
7.245375
7.2771
7.291675
7.301225
7.305475
7.311675
7.314275
7.314475
7.31865
7.319425
7.3195
7.321575
7.324625
7.347525
7.3488
7.355075
7.374825
7.37725
7.379575
7.3848
7.426525
7.43635
7.4504
7.471475
7.47465
7.48575
7.495625
7.529675
7.532475
7.5571
7.575575
7.588475
7.5938
7.6053
7.60605
7.6181
7.6204
7.62315
7.6254
7.62655
7.641225
7.6435
7.6443
7.645525
7.64635
7.65855
7.6686
7.670575
7.670775
7.675675
7.70095
7.707775
7.7121
7.714675
7.7241
7.742775
7.812625
7.82575
7.832
7.858375
7.87395
7.90025
7.914175
7.920925
7.922275
7.925125
7.93
7.932625
7.9386
7.940825
7.95025
7.9548
7.97855
7.9793
7.980825
7.9811
7.995425
8.002375
8.027475
8.03115
8.075925
8.076125
8.0799
8.177675
8.18775
8.205
8.214175
8.217725
8.2344
8.235275
8.245575
8.2471
8.247375
8.249825
8.25125
8.25165
8.26905
8.269275
8.2758
8.304425
8.305875
8.307525
8.309975
8.31235
8.314525
8.3158
8.32215
8.32815
8.345275
8.367425
8.38015
8.427675
8.449975
8.45375
8.453825
8.48685
8.509675
8.512175
8.52235
8.52665
8.535525
8.540775
8.578825
8.593875
8.599875
8.60025
8.607025
8.6082
8.623175
8.631075
8.632625
8.633175
8.63365
8.658875
8.709425
8.728325
8.757575
8.779775
8.801225
8.8017
8.8104
8.836225
8.8526
8.853275
8.899725
8.908125
8.9088
8.91685
8.920875
8.92735
8.939675
8.939825
8.95715
8.9591
8.9693
8.993925
9.001
9.020525
9.0216
9.03025
9.031025
9.077
800
