0.0356
0.105275
0.105725
0.113025
0.11925
0.1289
0.130325
0.130575
0.134625
0.1444
0.1546
0.15805
0.159475
0.16335
0.1664
0.17175
0.18285
0.1977
0.21885
0.228275
0.243
0.2575
0.26365
0.265025
0.277675
0.303775
0.3156
0.410225
0.418225
0.41855
0.42525
0.4307
0.455025
0.4589
0.45955
0.463075
0.497975
0.530725
0.53745
0.566525
0.568175
0.575075
0.57785
0.580725
0.581
0.5998
0.6191
0.626225
0.6423
0.67665
0.677025
0.691025
0.701225
0.705125
0.70815
0.712125
0.718
0.71995
0.721775
0.74335
0.761675
0.76555
0.76765
0.771175
0.773125
0.7964
0.809675
0.82145
0.833675
0.839175
0.8402
0.84455
0.8583
0.88425
0.8922
0.900925
0.901675
0.909125
0.9204
0.9628
0.973925
0.97575
1.0057
1.01185
1.012325
1.014425
1.018175
1.01855
1.022725
1.049825
1.059675
1.079675
1.08935
1.10765
1.108275
1.108725
1.110625
1.13115
1.135325
1.189125
1.1898
1.201475
1.214
1.239275
1.2554
1.2598
1.26215
1.285
1.288775
1.332725
1.350125
1.350725
1.354775
1.3548
1.356825
1.36205
1.3639
1.3656
1.369125
1.37515
1.37725
1.384
1.429
1.45555
1.4674
1.484625
1.49015
1.495
1.49825
1.541825
1.54365
1.55075
1.5556
1.56475
1.585875
1.58905
1.5938
1.6101
1.62265
1.625925
1.6313
1.63225
1.639375
1.65245
1.653825
1.667825
1.668
1.67245
1.6735
1.679575
1.6966
1.711825
1.71735
1.725
1.73545
1.750975
1.7676
1.781525
1.7862
1.79025
1.802075
1.810875
1.814575
1.843075
1.855575
1.858675
1.861775
1.8627
1.876025
1.885725
1.901525
1.9047
1.910575
1.91105
1.922275
1.9223
1.923775
1.92545
1.938775
1.944575
1.95185
1.95915
1.980775
1.984925
1.98615
1.98875
1.990275
2.0009
2.01395
2.03625
2.042
2.0504
2.0522
2.075825
2.084525
2.13125
2.137525
2.17355
2.175625
2.2025
2.20555
2.218175
2.2201
2.250575
2.26065
2.2911
2.29915
2.316625
2.33325
2.33465
2.3359
2.347875
2.35085
2.358025
2.3869
2.3923
2.40095
2.4017
2.40325
2.4226
2.43235
2.43985
2.44005
2.441475
2.463675
2.500775
2.5058
2.5062
2.508925
2.515025
2.518025
2.519025
2.535825
2.543025
2.544
2.550775
2.555825
2.558
2.56045
2.560625
2.56345
2.5681
2.5868
2.59315
2.59385
2.596475
2.6136
2.6322
2.65055
2.659
2.663625
2.676675
2.685525
2.692
2.752975
2.75965
2.795675
2.8176
2.8289
2.830075
2.8315
2.83225
2.842625
2.847625
2.84975
2.863225
2.8657
2.870025
2.8731
2.8794
2.9046
2.919775
2.920225
2.928625
2.951725
2.9543
2.964975
2.975025
2.982775
2.98625
3.00085
3.03705
3.0589
3.082025
3.09095
3.100125
3.110125
3.122925
3.131075
3.150125
3.1528
3.1985
3.203225
3.208675
3.22135
3.2288
3.2356
3.24105
3.241925
3.266025
3.271475
3.2715
3.282125
3.297275
3.299125
3.30885
3.312525
3.319675
3.339675
3.3436
3.35325
3.3955
3.4052
3.40895
3.42405
3.426425
3.441675
3.4551
3.46125
3.468175
3.47105
3.47815
3.482675
3.498525
3.50205
3.50765
3.51965
3.534875
3.54545
3.560075
3.564325
3.57015
3.59975
3.645875
3.648425
3.657475
3.703275
3.70365
3.7054
3.7206
3.731225
3.7341
3.738325
3.740275
3.75125
3.755125
3.7554
3.75645
3.775925
3.78095
3.79755
3.8278
3.83495
3.87065
3.907175
3.926875
3.96825
4.002375
4.016425
4.0335
4.03745
4.03995
4.043475
4.051075
4.0577
4.06355
4.07735
4.0792
4.079225
4.0825
4.110275
4.111375
4.115475
4.11735
4.12005
4.1277
4.13285
4.14205
4.147125
4.159975
4.2107
4.216975
4.230175
4.2396
4.259025
4.26175
4.301875
4.309925
4.32115
4.334525
4.339275
4.360275
4.363825
4.381975
4.4192
4.42285
4.4263
4.434675
4.448
4.458175
4.4712
4.481975
4.5516
4.557725
4.589975
4.5922
4.6383
4.656925
4.671375
4.682175
4.6849
4.692175
4.7062
4.735375
4.7377
4.7875
4.80605
4.806875
4.871075
4.91185
4.92305
4.92355
4.934275
4.935125
4.941825
4.9571
4.958075
4.963925
4.969525
4.973425
4.983975
5.014325
5.0158
5.02255
5.022875
5.02785
5.037225
5.04045
5.0414
5.043975
5.046475
5.057025
5.154
5.162275
5.168125
5.1821
5.188775
5.204175
5.204575
5.209225
5.213875
5.21605
5.217575
5.223425
5.224175
5.228775
5.23445
5.240275
5.247125
5.2539
5.262125
5.265725
5.2733
5.290475
5.29505
5.31095
5.3164
5.331525
5.343375
5.351625
5.35525
5.3619
5.4066
5.414275
5.436075
5.446025
5.4838
5.5037
5.535975
5.5362
5.5512
5.5591
5.5596
5.575775
5.580775
5.597075
5.6061
5.631575
5.63975
5.661175
5.663875
5.680175
5.683875
5.686825
5.694975
5.715225
5.7199
5.72695
5.763225
5.7677
5.7726
5.776575
5.7814
5.78825
5.798125
5.80265
5.8084
5.809425
5.818075
5.82135
5.823375
5.851175
5.8606
5.8641
5.86945
5.870975
5.872375
5.889225
5.8969
5.936625
5.93925
5.943375
5.95185
5.9521
5.958175
5.96005
5.976
5.99505
6.003775
6.012375
6.017175
6.043775
6.057275
6.066025
6.07855
6.081525
6.102025
6.10705
6.1092
6.117925
6.11975
6.123625
6.1294
6.136325
6.147625
6.1515
6.1696
6.171925
6.17645
6.176875
6.185125
6.194225
6.208775
6.219275
6.2734
6.279575
6.289175
6.31775
6.329975
6.35235
6.400325
6.4039
6.404075
6.413175
6.41775
6.418275
6.419975
6.434025
6.436675
6.437075
6.440425
6.4486
6.47185
6.485
6.48605
6.491225
6.492625
6.51785
6.521175
6.525175
6.529525
6.53865
6.55615
6.56045
6.571025
6.581575
6.582725
6.583625
6.584675
6.594825
6.610375
6.662575
6.7025
6.7084
6.7136
6.7164
6.7272
6.7285
6.73295
6.73675
6.785575
6.7974
6.811825
6.8173
6.82635
6.82925
6.8363
6.8379
6.8509
6.8635
6.8806
6.8876
6.90005
6.908025
6.961475
6.9634
6.98245
7.004975
7.01345
7.0218
7.022175
7.0481
7.051125
7.054675
7.068025
7.069025
7.0759
7.0767
7.097675
7.131475
7.1329
7.137625
7.147025
7.147475
7.176825
7.1907
7.257775
7.297275
7.300375
7.31505
7.31725
7.318575
7.32
7.327525
7.32755
7.33005
7.330225
7.3313
7.3318
7.344425
7.344575
7.35215
7.353325
7.367525
7.3772
7.37925
7.3829
7.384
7.392275
7.39705
7.40135
7.450575
7.4665
7.47375
7.492025
7.50125
7.503625
7.50825
7.516925
7.54715
7.55325
7.55355
7.5543
7.567175
7.5875
7.610325
7.636625
7.63715
7.639225
7.6404
7.64775
7.6556
7.69315
7.7048
7.713675
7.71585
7.7172
7.72455
7.74405
7.76225
7.7821
7.78385
7.79375
7.8237
7.838025
7.9001
7.901625
7.9052
7.915725
7.921625
7.93665
7.93775
7.94425
7.94495
7.9464
7.950725
7.95455
7.95745
7.958725
7.98425
7.98775
8.008275
8.02295
8.023
8.02725
8.0514
8.075425
8.0976
8.104725
8.127575
8.1309
8.131875
8.148875
8.183125
8.200625
8.200875
8.2063
8.213325
8.226225
8.228375
8.23325
8.233575
8.256175
8.26735
8.279575
8.29585
8.31415
8.31865
8.3244
8.3266
8.33255
8.339275
8.3746
8.375225
8.3797
8.3933
8.40625
8.408275
8.46085
8.492975
8.507425
8.510325
8.511275
8.5209
8.5237
8.5274
8.52795
8.5326
8.54835
8.5586
8.5602
8.5686
8.57045
8.587225
8.5995
8.6024
8.628525
8.64005
8.64195
8.6439
8.677075
8.699325
8.7198
8.721
8.721225
8.72375
8.7297
8.7385
8.7565
8.78205
8.79685
8.800175
8.80255
8.802825
8.805275
8.80715
8.820625
8.825475
8.82785
8.828875
8.8494
8.852625
8.867975
8.869175
8.8738
8.88075
8.8847
8.8888
8.899725
8.907
8.9238
8.93765
8.95975
8.9604
8.97935
9.00655
9.01215
9.0455
9.046225
809
