0.108375
0.111425
0.111825
0.122675
0.126925
0.127475
0.127625
0.1396
0.142825
0.14655
0.15855
0.1599
0.163375
0.175675
0.177625
0.197
0.199275
0.2182
0.241575
0.2523
0.270075
0.281625
0.37335
0.3947
0.402
0.40665
0.416
0.41745
0.428575
0.42985
0.4303
0.4456
0.446475
0.446675
0.474875
0.501275
0.50895
0.51485
0.536475
0.538825
0.57425
0.5846
0.589825
0.68285
0.6957
0.7075
0.7253
0.734575
0.734925
0.740575
0.743025
0.744825
0.748575
0.749025
0.751225
0.773125
0.7884
0.79165
0.8015
0.802875
0.81055
0.83575
0.840025
0.8422
0.85345
0.8607
0.892525
0.89425
0.896825
0.91125
0.9189
0.9419
0.95625
0.9653
0.974625
0.99305
1.002675
1.00515
1.00525
1.010675
1.013875
1.01485
1.015875
1.016525
1.01675
1.018325
1.0211
1.02415
1.043875
1.0498
1.06875
1.078575
1.082575
1.086125
1.08785
1.091575
1.0952
1.105875
1.10985
1.117925
1.13215
1.135075
1.137275
1.14375
1.166375
1.172625
1.18725
1.21155
1.2253
1.281625
1.300175
1.301775
1.3062
1.30705
1.316775
1.31695
1.327825
1.333175
1.33725
1.33845
1.33895
1.344425
1.3556
1.3608
1.361225
1.37145
1.372175
1.372975
1.374575
1.3881
1.446175
1.457475
1.493575
1.4942
1.5092
1.514175
1.52275
1.534875
1.538875
1.542925
1.5691
1.583275
1.608675
1.61505
1.6183
1.620825
1.623575
1.65145
1.657025
1.6598
1.66235
1.6693
1.680575
1.69235
1.703025
1.716075
1.7248
1.7284
1.731525
1.786725
1.7946
1.812725
1.813275
1.823425
1.828825
1.905225
1.90665
1.9092
1.914875
1.9253
1.9312
1.934125
1.93755
1.93845
1.942675
1.94345
1.94605
1.9462
1.9481
1.956275
1.9642
1.97015
1.977225
1.983975
1.9863
1.9881
1.9909
2.019825
2.027625
2.039125
2.045425
2.094725
2.09545
2.103075
2.106625
2.112675
2.11785
2.120275
2.121775
2.15985
2.202525
2.204475
2.207075
2.2096
2.214675
2.21705
2.22495
2.2378
2.24245
2.24865
2.248925
2.270025
2.271725
2.287675
2.3051
2.3082
2.317525
2.321675
2.376975
2.391875
2.4397
2.496575
2.497375
2.50965
2.511025
2.515425
2.5347
2.5363
2.537425
2.537825
2.539125
2.54075
2.542175
2.5489
2.5497
2.5548
2.5597
2.559925
2.562075
2.5629
2.563275
2.5711
2.57165
2.5751
2.581725
2.582625
2.5897
2.5924
2.5951
2.5962
2.597775
2.607375
2.661775
2.662375
2.67655
2.710475
2.7122
2.71695
2.722625
2.7328
2.765225
2.771375
2.80925
2.817
2.82635
2.8283
2.838075
2.84405
2.845225
2.853575
2.8604
2.8777
2.888
2.914025
2.938325
2.942925
2.943975
2.970375
2.987275
2.987825
3.0104
3.011025
3.032725
3.041725
3.062225
3.118025
3.1326
3.138325
3.139525
3.1449
3.145025
3.16455
3.169375
3.174225
3.20445
3.209325
3.2103
3.2214
3.2234
3.22405
3.226375
3.22705
3.229975
3.233425
3.2652
3.279175
3.309375
3.3409
3.405675
3.4121
3.414825
3.415875
3.420075
3.476975
3.48355
3.48655
3.513725
3.5177
3.5225
3.523825
3.524375
3.54775
3.56635
3.58835
3.656775
3.673225
3.699525
3.70215
3.702975
3.706325
3.7141
3.7151
3.722975
3.73545
3.741425
3.7579
3.75925
3.760175
3.7704
3.7742
3.776575
3.7822
3.790575
3.794125
3.827275
3.83985
3.95315
3.97015
3.97225
4.0085
4.0133
4.026025
4.027325
4.033075
4.033625
4.0358
4.03805
4.045
4.0484
4.05525
4.079975
4.0889
4.097675
4.100675
4.1056
4.1176
4.1194
4.13005
4.1304
4.143225
4.15775
4.16045
4.17915
4.182925
4.18375
4.184125
4.185925
4.186575
4.202475
4.228875
4.2339
4.258575
4.26885
4.285825
4.2952
4.3035
4.30355
4.304025
4.309625
4.315275
4.3234
4.326
4.32625
4.328725
4.344675
4.34845
4.362325
4.3717
4.388825
4.39025
4.395125
4.411525
4.417725
4.428875
4.461175
4.4952
4.5187
4.52845
4.5378
4.5874
4.599975
4.6028
4.61255
4.6126
4.616425
4.658125
4.66505
4.686
4.7025
4.70445
4.70805
4.7168
4.72025
4.74005
4.74395
4.783675
4.784525
4.794875
4.813775
4.83555
4.865025
4.87455
4.8946
4.9008
4.90545
4.920825
4.923675
4.92645
4.962875
4.9677
4.9707
4.97115
4.9717
4.973225
4.97475
4.976075
4.985675
5.013875
5.02275
5.03565
5.03735
5.03765
5.0829
5.08705
5.1168
5.129
5.1857
5.210325
5.212525
5.21575
5.22125
5.226875
5.238525
5.2392
5.243275
5.243675
5.25465
5.262025
5.26435
5.268375
5.27045
5.2818
5.28785
5.29485
5.300375
5.306275
5.312125
5.312525
5.314625
5.33005
5.3458
5.355525
5.373575
5.475225
5.4894
5.505375
5.5078
5.50805
5.50995
5.513575
5.514725
5.540825
5.5561
5.56315
5.5678
5.5687
5.5753
5.589725
5.5948
5.60405
5.620875
5.6239
5.638925
5.644375
5.654875
5.6697
5.679575
5.70315
5.710125
5.8012
5.83625
5.839175
5.8442
5.853325
5.8572
5.8615
5.872375
5.87735
5.882025
5.894
5.8943
5.89685
5.8994
5.90495
5.93635
5.94815
5.95125
5.959825
5.9604
5.966875
5.977575
5.9789
5.98095
5.98325
6.0839
6.1123
6.118675
6.127725
6.1327
6.13655
6.151775
6.163525
6.166025
6.1737
6.17835
6.1796
6.1957
6.196175
6.2167
6.227925
6.2299
6.2409
6.2476
6.281725
6.317825
6.323675
6.33165
6.34925
6.367125
6.389475
6.389725
6.394125
6.39865
6.40605
6.40865
6.4123
6.414325
6.417325
6.43185
6.4362
6.4676
6.469175
6.5088
6.53
6.548975
6.5652
6.56855
6.571625
6.615275
6.617525
6.619025
6.62715
6.629475
6.641075
6.654475
6.658375
6.677775
6.68655
6.689725
6.705975
6.73215
6.73335
6.74195
6.7439
6.744925
6.76825
6.79295
6.80515
6.8066
6.81185
6.830825
6.835025
6.848825
6.851275
6.87515
6.87715
6.885025
6.88755
6.91235
6.943975
6.9505
6.966525
7.000525
7.003225
7.004375
7.008975
7.056325
7.083625
7.08595
7.086525
7.088925
7.089175
7.1062
7.126375
7.137275
7.14395
7.174975
7.22755
7.244825
7.24565
7.2711
7.2996
7.3001
7.3043
7.307875
7.312325
7.3216
7.323875
7.32695
7.341
7.349175
7.351225
7.351825
7.3521
7.354275
7.364225
7.3732
7.380475
7.383725
7.38565
7.390525
7.412675
7.41885
7.421075
7.4301
7.4401
7.4446
7.446125
7.451925
7.46545
7.471575
7.561225
7.57555
7.577625
7.580825
7.586125
7.602975
7.6088
7.615225
7.6242
7.651075
7.65815
7.6664
7.674075
7.6902
7.699675
7.708825
7.712
7.7127
7.71585
7.72195
7.728425
7.7674
7.7703
7.776725
7.801375
7.8792
7.902475
7.902575
7.9072
7.916975
7.9178
7.938675
7.95255
7.953425
7.955475
7.958175
7.968225
7.971975
7.981225
7.994325
8.010375
8.0186
8.02525
8.033975
8.0388
8.046725
8.054225
8.056425
8.065825
8.087225
8.088625
8.110275
8.182425
8.18525
8.19695
8.20815
8.214575
8.23525
8.23545
8.23975
8.242725
8.2617
8.268875
8.2703
8.273375
8.288175
8.30035
8.30555
8.342275
8.360675
8.365025
8.3667
8.3673
8.37155
8.38655
8.393425
8.41345
8.428325
8.438625
8.44465
8.466025
8.470925
8.49135
8.5238
8.530075
8.5306
8.53955
8.539875
8.545025
8.546625
8.548425
8.567625
8.571975
8.58195
8.595025
8.608225
8.65295
8.660975
8.704125
8.71015
8.7422
8.744575
8.746275
8.76105
8.776325
8.7782
8.800425
8.80345
8.8065
8.80655
8.8148
8.8181
8.826325
8.8293
8.830525
8.8328
8.839775
8.862
8.86425
8.87575
8.8788
8.903925
8.90965
8.911725
8.911975
8.9184
8.9694
9.01445
9.0416
9.070325
9.07565
792
