0.05105
0.109825
0.110625
0.111875
0.11745
0.118875
0.12285
0.126175
0.127075
0.13395
0.140575
0.144025
0.1465
0.160225
0.17135
0.18105
0.21965
0.252525
0.258475
0.274425
0.2797
0.286975
0.32215
0.367075
0.407025
0.408325
0.4166
0.424025
0.431525
0.4324
0.4334
0.4345
0.43975
0.453625
0.4546
0.462025
0.4858
0.494025
0.494875
0.547575
0.550525
0.5581
0.566175
0.585925
0.587325
0.5884
0.591475
0.59155
0.605975
0.60775
0.6285
0.648225
0.6568
0.686425
0.69505
0.69875
0.700975
0.7023
0.704675
0.709775
0.7141
0.723575
0.74725
0.75105
0.761875
0.76375
0.765725
0.76595
0.7701
0.773975
0.781575
0.785575
0.78815
0.795575
0.807475
0.8425
0.85165
0.856525
0.8578
0.86305
0.882575
0.891475
0.89185
0.897825
0.927075
0.9553
0.966425
0.989825
1.00195
1.003925
1.020025
1.02255
1.04425
1.09045
1.093775
1.1063
1.1377
1.1469
1.151
1.15565
1.172375
1.17955
1.18205
1.200625
1.213875
1.22395
1.295025
1.30015
1.3029
1.3041
1.304525
1.30745
1.320175
1.322725
1.323
1.32445
1.33245
1.334725
1.3399
1.345575
1.355725
1.3572
1.361275
1.37265
1.37885
1.38005
1.39995
1.407075
1.4378
1.445
1.452275
1.4563
1.459475
1.46025
1.4652
1.473875
1.493675
1.496775
1.541175
1.547425
1.553875
1.565025
1.600875
1.613375
1.617125
1.6256
1.6336
1.653925
1.6626
1.66555
1.7092
1.72045
1.732775
1.74775
1.7515
1.759325
1.7649
1.778575
1.780775
1.7903
1.7947
1.805125
1.834
1.887025
1.900775
1.90435
1.90525
1.905375
1.907
1.908875
1.9109
1.912375
1.914175
1.92635
1.932175
1.93995
1.94115
1.943375
1.966925
1.984025
2.000025
2.001575
2.003025
2.00895
2.028325
2.028425
2.05275
2.0637
2.106675
2.138775
2.19095
2.19925
2.2
2.20195
2.20245
2.203325
2.20645
2.2287
2.23905
2.247525
2.2635
2.285025
2.29275
2.2997
2.307275
2.313725
2.31845
2.325925
2.339575
2.34505
2.359825
2.3627
2.3735
2.376625
2.413575
2.4591
2.462875
2.495425
2.500775
2.5123
2.5141
2.515075
2.517525
2.5222
2.522475
2.532075
2.551125
2.5569
2.5856
2.5942
2.6035
2.604175
2.61205
2.6323
2.649125
2.661425
2.667125
2.676375
2.71645
2.752375
2.753375
2.77385
2.787675
2.806675
2.808075
2.811975
2.82295
2.825025
2.825525
2.835425
2.83885
2.844375
2.851025
2.8582
2.8587
2.861575
2.881275
2.8933
2.90685
2.90755
2.92475
2.9681
3.0034
3.00995
3.02055
3.0432
3.0726
3.1029
3.10765
3.1387
3.155075
3.1651
3.1785
3.19045
3.19315
3.2118
3.219
3.2447
3.2657
3.26725
3.29455
3.297
3.297275
3.300775
3.3143
3.3159
3.330475
3.355175
3.362975
3.365675
3.403875
3.407275
3.4127
3.424975
3.434675
3.443875
3.459975
3.46955
3.471825
3.474675
3.475725
3.482425
3.484625
3.4864
3.491425
3.496425
3.507225
3.5082
3.5093
3.529725
3.547275
3.547325
3.5619
3.587025
3.6027
3.612325
3.628075
3.649475
3.6562
3.707275
3.72025
3.72045
3.726075
3.728525
3.7362
3.7397
3.743675
3.813775
3.8213
3.8471
3.8497
3.849775
3.8543
3.87155
3.898525
3.95695
3.96225
4.00175
4.002575
4.021
4.02625
4.0324
4.036575
4.04855
4.0616
4.0661
4.0822
4.092625
4.096425
4.10365
4.121125
4.129925
4.139125
4.285
4.309075
4.313525
4.316
4.320925
4.3224
4.32245
4.335375
4.338175
4.342675
4.35285
4.354625
4.370075
4.37955
4.386
4.401825
4.40865
4.41515
4.4306
4.450975
4.453475
4.45415
4.4582
4.46
4.4798
4.483875
4.49715
4.50435
4.507475
4.55045
4.560675
4.57605
4.598975
4.602875
4.60295
4.605575
4.610475
4.6183
4.6313
4.631475
4.632375
4.6499
4.65245
4.67885
4.6837
4.6958
4.70915
4.71085
4.716625
4.721125
4.72495
4.7382
4.74105
4.7471
4.761375
4.77825
4.79275
4.7942
4.810975
4.81335
4.86045
4.863
4.900075
4.901125
4.912525
4.919075
4.92885
4.95315
4.958775
4.962825
5.005625
5.010175
5.048775
5.08935
5.1771
5.20395
5.2114
5.2245
5.2407
5.2423
5.251625
5.25985
5.2603
5.27295
5.279025
5.2903
5.314575
5.324975
5.357575
5.36575
5.378625
5.38705
5.39245
5.39575
5.46795
5.496325
5.5039
5.506375
5.51495
5.52555
5.5372
5.5556
5.5787
5.5891
5.63015
5.63115
5.63545
5.6377
5.64055
5.6417
5.67005
5.676225
5.683925
5.6841
5.710825
5.723275
5.742375
5.756625
5.76
5.781925
5.8118
5.8152
5.817
5.82425
5.825425
5.827375
5.827925
5.849575
5.8515
5.8559
5.859325
5.872575
5.877075
5.892175
5.8955
5.897875
5.9031
5.917025
5.922325
5.9713
5.97315
5.985175
5.99085
6.0131
6.026775
6.04295
6.069775
6.080775
6.1032
6.110325
6.114325
6.11545
6.12505
6.12855
6.1487
6.156675
6.165425
6.18395
6.18925
6.192375
6.193225
6.19595
6.279875
6.290625
6.3047
6.342225
6.3722
6.387925
6.41
6.4113
6.416775
6.425425
6.442275
6.44965
6.45285
6.45745
6.46785
6.469575
6.471425
6.47325
6.481025
6.4899
6.4929
6.4965
6.507375
6.508875
6.51125
6.52115
6.557675
6.563675
6.571725
6.5813
6.58475
6.5899
6.609475
6.637575
6.6628
6.665525
6.705
6.712425
6.726375
6.728675
6.7321
6.73445
6.738325
6.7433
6.7474
6.74975
6.753725
6.762175
6.7718
6.794975
6.796725
6.81005
6.8163
6.822925
6.826075
6.88235
6.8983
6.92885
6.945075
6.9462
6.95115
6.977125
7.00825
7.009525
7.01325
7.01565
7.0214
7.028475
7.0288
7.049025
7.04965
7.0548
7.05945
7.0726
7.076575
7.0958
7.098725
7.1041
7.104725
7.105675
7.109425
7.112575
7.1142
7.13385
7.13705
7.141775
7.149025
7.152475
7.16025
7.176025
7.176125
7.216125
7.219875
7.226975
7.230525
7.281775
7.28375
7.292975
7.29625
7.30045
7.30285
7.31065
7.31985
7.327125
7.3273
7.329275
7.34545
7.355675
7.359675
7.3847
7.39315
7.4047
7.4098
7.416225
7.42205
7.42595
7.4338
7.434325
7.4427
7.4439
7.476975
7.565375
7.572725
7.580475
7.592625
7.63075
7.63735
7.637975
7.644975
7.6473
7.6555
7.66595
7.668125
7.6728
7.68785
7.693725
7.702775
7.71055
7.711575
7.7381
7.7464
7.7634
7.7657
7.766325
7.791925
7.794775
7.830175
7.8321
7.894975
7.899
7.90165
7.91235
7.915775
7.916325
7.91845
7.921
7.9317
7.933625
7.942575
7.9457
7.95625
7.958025
7.95885
7.97395
7.99865
8.029725
8.0299
8.03595
8.036475
8.052775
8.06025
8.069525
8.076375
8.10885
8.12485
8.12645
8.140175
8.207125
8.20765
8.209775
8.215775
8.22025
8.227
8.248275
8.25225
8.258325
8.276525
8.2782
8.288425
8.291325
8.33095
8.33825
8.356325
8.359625
8.369125
8.381775
8.384075
8.393875
8.3985
8.411875
8.417425
8.434175
8.4547
8.46435
8.465025
8.5023
8.508925
8.51575
8.51785
8.534625
8.55485
8.57
8.5725
8.58175
8.585925
8.5866
8.58815
8.59595
8.596875
8.6267
8.62685
8.627325
8.633675
8.637225
8.642225
8.645575
8.646225
8.6523
8.66495
8.665925
8.718
8.71985
8.727225
8.732475
8.747975
8.75535
8.75825
8.788475
8.79995
8.801825
8.81235
8.8132
8.8144
8.8229
8.83675
8.841375
8.8454
8.85825
8.87355
8.880325
8.8806
8.90045
8.930075
8.932325
8.94175
8.951
8.95325
8.992225
8.99925
9.0038
9.0048
9.0219
9.054225
9.081675
9.09435
780
