0.012125
0.1347
0.1349
0.137075
0.149075
0.1497
0.163025
0.190725
0.1964
0.19715
0.19935
0.201475
0.208975
0.217925
0.231575
0.253975
0.2637
0.34325
0.36215
0.387575
0.3978
0.39925
0.402925
0.40465
0.407425
0.408
0.411475
0.4167
0.41765
0.418125
0.435475
0.443775
0.444625
0.45505
0.45565
0.4907
0.50445
0.532775
0.5344
0.545075
0.604425
0.61595
0.63285
0.65525
0.7081
0.7092
0.718725
0.7209
0.738175
0.74015
0.74165
0.742875
0.743075
0.74565
0.75855
0.760425
0.774275
0.78375
0.786375
0.789075
0.7901
0.807525
0.8171
0.829225
0.830625
0.843925
0.869475
0.8906
0.8955
0.91215
0.91325
0.92725
0.951175
0.96025
0.978525
1.00045
1.011025
1.0252
1.0255
1.029
1.0298
1.030625
1.035925
1.052325
1.05655
1.05885
1.0619
1.064175
1.085
1.092375
1.105775
1.1088
1.108875
1.11115
1.115025
1.117425
1.124875
1.12885
1.142175
1.1511
1.153275
1.1672
1.1763
1.198525
1.22455
1.24525
1.2895
1.306175
1.311125
1.311575
1.320575
1.3241
1.325525
1.33165
1.33175
1.3371
1.357775
1.358625
1.36
1.360825
1.362125
1.3671
1.3721
1.374625
1.37685
1.3802
1.38575
1.4003
1.4063
1.41695
1.441475
1.44165
1.448125
1.46295
1.46305
1.47925
1.495925
1.521875
1.536975
1.54535
1.5562
1.56105
1.5653
1.612775
1.61345
1.61965
1.620475
1.6238
1.623925
1.630775
1.642775
1.645775
1.646825
1.647725
1.650375
1.65235
1.652825
1.659725
1.660975
1.6801
1.695825
1.6988
1.70075
1.733725
1.772025
1.792025
1.80465
1.82385
1.831375
1.8488
1.861375
1.89245
1.8933
1.912425
1.920275
1.920975
1.9265
1.93305
1.935375
1.9412
1.941275
1.955825
1.97195
1.978475
1.99055
1.99125
1.995625
1.996325
2.009775
2.009925
2.041575
2.04555
2.05025
2.054975
2.055275
2.08555
2.10505
2.128675
2.161675
2.194725
2.209925
2.212175
2.21715
2.223125
2.227775
2.2366
2.23945
2.254475
2.264975
2.274625
2.2753
2.2762
2.276975
2.287525
2.3079
2.317775
2.32435
2.332675
2.342025
2.349025
2.364975
2.3803
2.425
2.4321
2.45065
2.497425
2.499775
2.501
2.50185
2.5031
2.5178
2.527325
2.5279
2.5345
2.541225
2.5417
2.5469
2.55275
2.5649
2.5748
2.5854
2.587475
2.589575
2.605575
2.606
2.6077
2.61255
2.620875
2.624725
2.627675
2.6332
2.66835
2.6707
2.698525
2.6986
2.739775
2.76485
2.768725
2.806325
2.828125
2.8355
2.838625
2.846225
2.855925
2.860275
2.86215
2.86245
2.883125
2.890175
2.8992
2.915075
2.921625
2.932725
2.9359
2.944875
2.946125
2.9631
2.963125
2.982875
2.984375
2.996875
3.0215
3.0559
3.06145
3.08165
3.1008
3.101375
3.107175
3.1072
3.108675
3.1133
3.115975
3.130175
3.140025
3.143025
3.150475
3.154825
3.1689
3.173075
3.175075
3.1796
3.18155
3.196775
3.214
3.218
3.218675
3.2275
3.2439
3.272525
3.2736
3.296325
3.3632
3.4026
3.419075
3.420575
3.421125
3.422175
3.423025
3.4371
3.448475
3.452275
3.45445
3.455275
3.46565
3.46695
3.4688
3.469075
3.476625
3.48505
3.487375
3.5044
3.506425
3.5109
3.53165
3.535375
3.560975
3.561
3.57455
3.57895
3.582425
3.5892
3.5954
3.597375
3.598125
3.60185
3.6138
3.6173
3.629925
3.70315
3.71075
3.7137
3.716575
3.7251
3.725125
3.72645
3.733825
3.734725
3.73765
3.738975
3.765025
3.79825
3.81015
3.820975
3.841825
3.8421
3.843975
3.8453
3.868725
3.8803
3.881825
3.883075
3.8978
3.9014
3.91725
3.93625
3.9363
3.9468
3.975675
3.978575
3.979125
3.98335
3.986125
3.9954
4.003125
4.004125
4.011525
4.01375
4.0163
4.0353
4.041
4.043925
4.044925
4.045425
4.0459
4.0487
4.053775
4.0581
4.0888
4.0891
4.09305
4.094775
4.10665
4.1296
4.14335
4.1459
4.148225
4.186275
4.195025
4.200875
4.20145
4.24245
4.24415
4.25105
4.27135
4.286225
4.307075
4.313025
4.3131
4.315625
4.320825
4.322675
4.336525
4.342775
4.34745
4.348175
4.3494
4.351475
4.3522
4.35935
4.35955
4.360775
4.361625
4.3685
4.385525
4.397925
4.41735
4.4358
4.444
4.46795
4.4703
4.4856
4.4918
4.500775
4.51145
4.540775
4.54375
4.6033
4.6047
4.6053
4.6136
4.61525
4.633875
4.64685
4.653925
4.65755
4.668875
4.675225
4.6879
4.70455
4.7057
4.70985
4.719825
4.722575
4.72915
4.763475
4.764475
4.77275
4.7789
4.812625
4.821675
4.830375
4.872025
4.877425
4.903925
4.90645
4.911
4.920725
4.929275
4.945575
4.960825
4.964125
4.977725
4.978875
4.991375
4.992
4.99705
5.00365
5.042825
5.044225
5.047825
5.062025
5.0671
5.077
5.08185
5.1103
5.129025
5.13325
5.1645
5.1797
5.18155
5.201925
5.206875
5.21495
5.2167
5.2275
5.23935
5.2439
5.253325
5.2661
5.271175
5.276725
5.281075
5.297675
5.3268
5.3314
5.333225
5.34495
5.359075
5.361425
5.3671
5.3704
5.372975
5.3966
5.423525
5.433575
5.4515
5.463025
5.502175
5.508025
5.525975
5.5311
5.544
5.559
5.5612
5.5751
5.5778
5.581075
5.58485
5.588925
5.605
5.61175
5.632775
5.637775
5.641125
5.651325
5.65355
5.66185
5.6829
5.7289
5.7339
5.7402
5.7416
5.80085
5.81105
5.833
5.83495
5.84095
5.8421
5.850275
5.85035
5.860575
5.861525
5.86585
5.8772
5.87955
5.884375
5.887925
5.90395
5.9125
5.925275
5.936925
5.93755
5.963175
5.96415
5.96625
5.966275
5.967775
5.979225
5.982425
6.013375
6.03725
6.038125
6.093975
6.10205
6.1077
6.112975
6.11495
6.126725
6.139625
6.14335
6.1523
6.158225
6.159675
6.175225
6.17675
6.17705
6.186725
6.1984
6.20305
6.2053
6.213875
6.218825
6.24405
6.24545
6.25815
6.260575
6.277775
6.280025
6.28425
6.2921
6.299625
6.32925
6.350225
6.376175
6.379525
6.415
6.417525
6.41835
6.418425
6.43505
6.445475
6.45295
6.45385
6.45515
6.458625
6.458825
6.46275
6.46575
6.466425
6.478075
6.5118
6.551125
6.571325
6.576125
6.587875
6.627725
6.64095
6.701675
6.704675
6.708975
6.7179
6.718525
6.732325
6.733825
6.735975
6.741325
6.74425
6.74855
6.756275
6.75825
6.759825
6.7718
6.7764
6.7866
6.790425
6.79175
6.80165
6.8236
6.835275
6.862325
6.884875
6.890175
6.895975
6.896525
6.9
6.9136
7.014075
7.0196
7.023725
7.025825
7.038525
7.04055
7.046775
7.048075
7.048275
7.0484
7.05055
7.0514
7.055225
7.06685
7.0693
7.081725
7.089475
7.118375
7.1529
7.17485
7.176375
7.204025
7.213875
7.21875
7.281325
7.3002
7.308525
7.309425
7.31685
7.319025
7.3254
7.328975
7.3294
7.33405
7.336225
7.339775
7.343575
7.3441
7.349625
7.35825
7.36825
7.375775
7.376475
7.3805
7.388225
7.39445
7.398925
7.409725
7.451075
7.468275
7.482975
7.507725
7.584625
7.592225
7.604
7.608125
7.63355
7.635975
7.640925
7.644875
7.648125
7.649975
7.65365
7.65415
7.6596
7.6598
7.6694
7.6789
7.6829
7.68785
7.699575
7.71655
7.72445
7.72715
7.7296
7.7355
7.7485
7.749175
7.7778
7.796075
7.7996
7.799675
7.8124
7.89195
7.896625
7.9002
7.90855
7.9088
7.9171
7.918925
7.926375
7.92915
7.932725
7.933125
7.960925
7.9676
7.9731
7.985625
8.016425
8.01645
8.02125
8.021625
8.02525
8.0455
8.0649
8.067275
8.0681
8.07705
8.078725
8.0814
8.083075
8.098375
8.103775
8.106975
8.109275
8.158975
8.165675
8.172025
8.19665
8.21195
8.2154
8.21595
8.225175
8.23115
8.239425
8.253925
8.258225
8.26395
8.272675
8.29595
8.304675
8.30605
8.308575
8.314025
8.31765
8.31885
8.34265
8.3569
8.359825
8.36455
8.374275
8.4042
8.432675
8.43285
8.43435
8.462925
8.50385
8.5056
8.52325
8.53395
8.569
8.574275
8.576075
8.576775
8.579
8.673675
8.684875
8.7544
8.80435
8.81345
8.818325
8.839975
8.8454
8.8521
8.854725
8.8611
8.8693
8.872975
8.87355
8.886
8.887725
8.9006
8.90565
8.9058
8.91455
8.915525
8.9168
8.9196
8.92495
8.92815
8.93875
8.947275
8.957775
8.960275
8.968825
8.974025
9.005425
9.034925
9.067125
9.069375
856
