0.1
0.1035
0.10845
0.108675
0.11075
0.111075
0.116725
0.1249
0.125975
0.12765
0.138925
0.14885
0.1565
0.157275
0.16115
0.172725
0.18115
0.193025
0.2067
0.213025
0.21445
0.227125
0.23515
0.243625
0.248625
0.279725
0.283625
0.30205
0.31245
0.313675
0.318475
0.385175
0.400375
0.406275
0.4101
0.430575
0.44045
0.452475
0.459725
0.471975
0.4786
0.481075
0.496075
0.54735
0.55075
0.563675
0.5645
0.5742
0.5968
0.6009
0.609325
0.646275
0.69885
0.702675
0.706225
0.709125
0.72645
0.729825
0.73435
0.74075
0.76105
0.76485
0.766725
0.770275
0.776975
0.78495
0.78805
0.805025
0.80845
0.8123
0.822125
0.823875
0.827725
0.847025
0.85
0.86725
0.868325
0.87335
0.89005
0.891775
0.90575
0.911275
0.922025
0.9228
0.926525
0.94585
0.949875
0.951425
0.980425
1.01
1.013875
1.02365
1.0394
1.0406
1.0475
1.04935
1.055175
1.062125
1.0847
1.0941
1.097375
1.106125
1.110125
1.112125
1.170475
1.1871
1.2075
1.2654
1.286825
1.302175
1.302425
1.3192
1.32
1.32285
1.325
1.325075
1.338225
1.3551
1.356125
1.381275
1.3896
1.4338
1.436675
1.463075
1.4682
1.4902
1.4941
1.49495
1.506225
1.513825
1.520825
1.523325
1.53235
1.5551
1.615275
1.617925
1.6213
1.621675
1.6232
1.637875
1.6388
1.639925
1.6476
1.652
1.65255
1.65935
1.666125
1.669525
1.6702
1.6872
1.697125
1.70265
1.70635
1.7161
1.744
1.75375
1.7688
1.775775
1.800325
1.834125
1.837475
1.846675
1.8633
1.86735
1.910625
1.915225
1.9176
1.924275
1.9396
1.942125
1.963725
1.9728
1.973825
1.980025
1.98165
1.994175
1.996725
2.0015
2.006525
2.023325
2.0242
2.03505
2.060025
2.061925
2.070875
2.171725
2.19585
2.20745
2.2086
2.2097
2.209875
2.2191
2.235925
2.236825
2.25375
2.263425
2.2646
2.2704
2.272275
2.275425
2.27705
2.28035
2.286325
2.287075
2.2956
2.299175
2.3097
2.314825
2.32295
2.3233
2.34415
2.3559
2.357525
2.36085
2.3821
2.3993
2.41295
2.429375
2.431725
2.443825
2.458675
2.50005
2.500975
2.501225
2.509675
2.517175
2.539875
2.546575
2.558775
2.570575
2.5712
2.57655
2.5843
2.595425
2.607575
2.625575
2.63575
2.6502
2.658275
2.671325
2.682
2.6832
2.68805
2.725425
2.742775
2.744725
2.746125
2.75235
2.77965
2.780525
2.81235
2.8233
2.828625
2.8341
2.846325
2.86335
2.865775
2.8717
2.873775
2.8796
2.8938
2.898625
2.898675
2.912
2.924725
2.9344
2.9407
2.94555
2.95905
2.961875
2.98335
2.989
3.0189
3.029575
3.102775
3.10845
3.114775
3.118625
3.1232
3.1267
3.15505
3.1759
3.17805
3.1794
3.1865
3.187375
3.196175
3.207925
3.20815
3.2265
3.23045
3.245325
3.24575
3.249425
3.25105
3.25145
3.256425
3.26375
3.301425
3.303
3.3085
3.347575
3.3696
3.405275
3.406025
3.4064
3.41065
3.418225
3.41925
3.429775
3.431475
3.434075
3.439625
3.441025
3.4449
3.45265
3.47245
3.503975
3.51095
3.516425
3.529075
3.5641
3.581325
3.589525
3.59075
3.6255
3.630275
3.632225
3.649325
3.6563
3.704625
3.709925
3.710025
3.712375
3.71585
3.7192
3.728675
3.749875
3.7503
3.75045
3.75405
3.7745
3.793775
3.801575
3.80305
3.8046
3.818225
3.8386
3.8415
3.856375
3.85705
3.85775
3.89785
3.920025
3.93115
3.9436
3.964875
3.987225
3.9993
4.000975
4.008525
4.009925
4.01225
4.014075
4.01785
4.022625
4.022975
4.0243
4.02455
4.0317
4.0347
4.0577
4.066675
4.08955
4.0921
4.1101
4.115625
4.12755
4.132375
4.1453
4.146475
4.164425
4.16705
4.171225
4.171275
4.20525
4.2085
4.233625
4.2492
4.259475
4.265425
4.302475
4.3042
4.31065
4.319675
4.322325
4.339475
4.3507
4.351925
4.371925
4.376875
4.393425
4.407925
4.41785
4.4401
4.444
4.45025
4.45255
4.4753
4.476675
4.5162
4.51685
4.530775
4.54965
4.5501
4.576375
4.578675
4.5883
4.5982
4.6022
4.6103
4.63155
4.640375
4.653175
4.6582
4.6635
4.666
4.67235
4.68045
4.701725
4.705925
4.706825
4.714025
4.7307
4.74455
4.74805
4.751
4.771875
4.78535
4.7918
4.8053
4.809375
4.81985
4.8242
4.829
4.832275
4.836075
4.8583
4.864
4.9095
4.9105
4.9156
4.91845
4.92865
4.93515
4.9462
4.948175
4.949
4.9567
4.968375
4.97065
4.9725
4.98505
4.985675
4.9919
4.999125
5.024225
5.028825
5.032875
5.03755
5.047475
5.051025
5.057275
5.073225
5.0751
5.078875
5.08565
5.09495
5.117
5.1183
5.130425
5.136325
5.1627
5.162975
5.187125
5.205675
5.21875
5.228625
5.228725
5.231375
5.236975
5.2373
5.237925
5.2435
5.245075
5.24645
5.251925
5.257375
5.2862
5.30935
5.3162
5.31895
5.31915
5.3217
5.3261
5.340525
5.3455
5.36195
5.38125
5.4114
5.413025
5.505925
5.5204
5.52605
5.5299
5.54595
5.548475
5.551325
5.554775
5.559575
5.57755
5.591
5.598325
5.609175
5.621525
5.62485
5.630825
5.65135
5.660725
5.6704
5.6857
5.708325
5.712975
5.7346
5.784525
5.788275
5.789825
5.791875
5.79765
5.8001
5.803725
5.8065
5.811575
5.811825
5.812525
5.81795
5.8247
5.82845
5.8481
5.8525
5.86055
5.861475
5.870525
5.88995
5.89305
5.904525
5.9217
5.92345
5.92595
5.92855
5.943
5.943325
5.959625
5.9778
5.982475
5.9851
5.98915
5.993025
6.038325
6.040575
6.0839
6.1258
6.1298
6.140125
6.14275
6.15505
6.19385
6.199
6.20485
6.205525
6.214875
6.2438
6.250025
6.257425
6.27245
6.290825
6.29205
6.3001
6.308475
6.31015
6.3362
6.36055
6.36655
6.3959
6.4043
6.40745
6.408275
6.4106
6.41665
6.41895
6.4216
6.421775
6.4224
6.429625
6.4416
6.4468
6.447425
6.458425
6.465225
6.467075
6.476275
6.480625
6.48875
6.497525
6.500475
6.5047
6.53685
6.564975
6.5851
6.586425
6.588175
6.602825
6.620125
6.626625
6.637625
6.653875
6.7002
6.7048
6.707925
6.7113
6.722775
6.742225
6.7432
6.747575
6.748275
6.7566
6.75835
6.7763
6.7807
6.7849
6.78935
6.81245
6.837975
6.871875
6.896525
6.8974
6.900175
6.92315
6.9385
7.00025
7.00465
7.005125
7.005475
7.026975
7.0358
7.038325
7.0672
7.0709
7.071125
7.0844
7.08485
7.13795
7.146175
7.1506
7.15735
7.17255
7.181225
7.18675
7.2097
7.255875
7.284075
7.29235
7.305575
7.3058
7.306275
7.312225
7.31635
7.3189
7.323375
7.326475
7.335675
7.349425
7.351725
7.355475
7.35625
7.361225
7.372225
7.38725
7.3877
7.389375
7.390125
7.44145
7.45235
7.459875
7.467775
7.47545
7.47745
7.512675
7.519575
7.528175
7.53415
7.535925
7.589425
7.6069
7.60995
7.614025
7.61405
7.625975
7.641825
7.646975
7.6601
7.675225
7.67715
7.681075
7.6879
7.688875
7.69235
7.707275
7.709425
7.71105
7.731725
7.7448
7.748075
7.7608
7.77435
7.891475
7.900775
7.901975
7.909375
7.91635
7.916575
7.920175
7.929575
7.93135
7.951675
7.95475
7.9575
7.9766
7.978175
8.025475
8.029975
8.0302
8.0342
8.042625
8.04355
8.089775
8.1329
8.13495
8.174
8.21625
8.21905
8.23415
8.24345
8.243725
8.255125
8.260775
8.262225
8.28815
8.3172
8.31925
8.324425
8.3247
8.337425
8.3473
8.350125
8.351125
8.355775
8.38605
8.39145
8.417825
8.43805
8.44905
8.47365
8.491
8.506525
8.510225
8.511525
8.5257
8.530525
8.536025
8.539075
8.5444
8.5521
8.55805
8.560425
8.56125
8.5689
8.572175
8.574825
8.587425
8.605325
8.6055
8.6229
8.623825
8.625025
8.632875
8.6372
8.637375
8.6499
8.651125
8.6566
8.681325
8.701225
8.71495
8.731025
8.7417
8.747225
8.758125
8.759675
8.760725
8.789325
8.803775
8.8064
8.80745
8.82275
8.833125
8.83775
8.839075
8.866975
8.879975
8.88
8.897875
8.90305
8.90315
8.9202
8.937925
8.956575
8.97715
8.9774
8.987725
9.00425
9.006575
9.0152
9.018975
9.0302
835
