0.105575
0.108025
0.13625
0.1441
0.153875
0.16495
0.170325
0.17435
0.175475
0.1767
0.18435
0.1856
0.191175
0.193025
0.198025
0.2029
0.20975
0.257925
0.26035
0.282925
0.292
0.3403
0.347
0.349325
0.356175
0.385125
0.38675
0.3904
0.4008
0.4222
0.429525
0.43415
0.44605
0.450925
0.4793
0.483025
0.490025
0.49315
0.493925
0.5055
0.512975
0.517525
0.530775
0.539975
0.543825
0.5562
0.5729
0.57675
0.61625
0.63565
0.652825
0.673875
0.700175
0.705575
0.708975
0.71685
0.720925
0.725625
0.726875
0.7278
0.7376
0.74425
0.74745
0.748975
0.760925
0.762075
0.79485
0.798675
0.811825
0.81565
0.82945
0.8318
0.84605
0.8653
0.8772
0.888775
0.916375
0.924575
0.92785
1.0076
1.015675
1.0243
1.0262
1.031475
1.034875
1.041625
1.0511
1.056575
1.065275
1.0722
1.07795
1.14205
1.142575
1.14645
1.152125
1.172125
1.17665
1.203025
1.2069
1.25055
1.253975
1.272425
1.273075
1.295175
1.30095
1.3062
1.31095
1.333825
1.33605
1.344925
1.351325
1.352025
1.35345
1.3582
1.3583
1.3674
1.370625
1.37155
1.372925
1.377225
1.378875
1.3792
1.3858
1.393
1.401375
1.403025
1.407175
1.42045
1.42265
1.447525
1.454075
1.4686
1.469275
1.48915
1.573975
1.58
1.60395
1.6094
1.61125
1.61515
1.624075
1.65455
1.662175
1.66485
1.66975
1.673475
1.681625
1.70375
1.73915
1.741125
1.783675
1.784425
1.78705
1.793125
1.82135
1.832975
1.858025
1.8874
1.902275
1.91205
1.9217
1.92255
1.93145
1.955425
1.960975
1.972625
1.9934
1.993925
1.994625
2.006625
2.030575
2.0456
2.087175
2.0956
2.10525
2.151025
2.1733
2.200325
2.215425
2.216525
2.217125
2.220125
2.228425
2.2304
2.2408
2.24435
2.2469
2.2504
2.252725
2.2546
2.27735
2.315025
2.337525
2.33845
2.379225
2.435775
2.4812
2.487
2.506125
2.509975
2.513375
2.515675
2.5164
2.51835
2.52465
2.529575
2.538675
2.560675
2.5848
2.585275
2.62315
2.6301
2.633275
2.638975
2.652675
2.666675
2.710675
2.712225
2.720075
2.726425
2.731825
2.745275
2.765425
2.7842
2.8027
2.804425
2.832925
2.856075
2.860475
2.866175
2.8735
2.895525
2.9001
2.918875
2.931375
2.93565
2.942325
2.9731
2.976775
2.983375
2.993225
3.0071
3.007875
3.009
3.02175
3.025875
3.03365
3.0337
3.068725
3.1015
3.105
3.1091
3.11185
3.112525
3.114225
3.119875
3.12895
3.13095
3.133325
3.134675
3.139525
3.1507
3.1551
3.16115
3.192275
3.2142
3.219675
3.222825
3.2269
3.2447
3.2452
3.254725
3.255075
3.2588
3.265675
3.2718
3.276775
3.294275
3.320675
3.3321
3.3493
3.369675
3.389625
3.391925
3.395625
3.409175
3.41115
3.4138
3.42235
3.434
3.44995
3.451
3.4582
3.458325
3.46855
3.46955
3.471125
3.4717
3.476925
3.49505
3.4969
3.504625
3.521725
3.54595
3.57435
3.574875
3.582125
3.5991
3.629925
3.634225
3.6364
3.6541
3.681675
3.701075
3.725075
3.748825
3.75375
3.7818
3.79
3.790225
3.79075
3.797675
3.80755
3.817275
3.822125
3.891875
3.93275
3.948425
3.952425
3.998675
4.002225
4.003475
4.003575
4.00375
4.004375
4.025425
4.02915
4.037475
4.037725
4.05175
4.0578
4.0685
4.077125
4.08635
4.089925
4.094025
4.0954
4.116475
4.122825
4.142825
4.16595
4.191025
4.2023
4.208625
4.30265
4.304125
4.321125
4.33095
4.340325
4.342425
4.347025
4.35695
4.3602
4.381025
4.38545
4.394975
4.42145
4.433375
4.46455
4.4804
4.491225
4.503475
4.55015
4.565675
4.611125
4.6115
4.61345
4.6273
4.63535
4.637975
4.640225
4.643525
4.644675
4.6452
4.6528
4.65825
4.6697
4.682975
4.68915
4.69105
4.6931
4.6972
4.713525
4.719375
4.80485
4.8235
4.85545
4.900675
4.90075
4.9035
4.904
4.906775
4.908975
4.922825
4.923825
4.925175
4.9265
4.933525
4.952275
4.954
4.982025
5.0051
5.006525
5.008575
5.010425
5.01415
5.014175
5.020225
5.02485
5.034825
5.035425
5.0394
5.053175
5.05715
5.0781
5.0824
5.103625
5.116475
5.18375
5.205375
5.223225
5.226525
5.22825
5.22975
5.23955
5.2441
5.245475
5.264525
5.283975
5.2945
5.297325
5.302525
5.308275
5.32465
5.3448
5.35
5.3611
5.367525
5.377125
5.3791
5.3895
5.3976
5.407675
5.4118
5.4148
5.426525
5.4853
5.493675
5.507
5.515325
5.52515
5.526175
5.534875
5.5378
5.539925
5.551225
5.556325
5.5818
5.60395
5.614225
5.62415
5.6396
5.65465
5.667825
5.700825
5.7034
5.7085
5.71485
5.7716
5.774725
5.802225
5.80575
5.8087
5.8092
5.812325
5.814575
5.817275
5.820125
5.829925
5.830025
5.8357
5.861975
5.893675
5.90905
5.917175
5.95915
5.98035
6.016375
6.05985
6.069875
6.0796
6.097975
6.099975
6.106
6.10715
6.109275
6.119825
6.150875
6.15685
6.1585
6.18505
6.1865
6.189825
6.20865
6.223175
6.2291
6.235825
6.24415
6.25285
6.28415
6.297875
6.30325
6.317375
6.32675
6.346375
6.357025
6.3655
6.36935
6.37695
6.39
6.40595
6.40635
6.4122
6.413625
6.433975
6.434875
6.43635
6.43705
6.453925
6.467725
6.469975
6.47465
6.50815
6.5345
6.5386
6.59205
6.614825
6.6296
6.705425
6.7066
6.7179
6.721275
6.725325
6.725775
6.73635
6.742875
6.758
6.77935
6.785125
6.80925
6.809825
6.8118
6.82275
6.829675
6.8346
6.838525
6.83945
6.8416
6.841925
6.851925
6.878025
6.891025
6.89245
6.90785
6.91965
6.93545
6.94145
6.958425
6.96255
7.000025
7.013325
7.01355
7.015125
7.017425
7.01745
7.02335
7.023975
7.031375
7.031925
7.059525
7.06055
7.0611
7.0641
7.064675
7.079875
7.08725
7.096425
7.103875
7.118825
7.124025
7.1286
7.170675
7.179275
7.2163
7.226275
7.228725
7.230975
7.2349
7.255425
7.260325
7.29595
7.30395
7.325625
7.328825
7.3324
7.342375
7.34785
7.35685
7.360325
7.3737
7.39455
7.400025
7.40285
7.41375
7.423425
7.426725
7.441025
7.44225
7.47195
7.477325
7.486375
7.488975
7.5266
7.5278
7.570875
7.5828
7.60055
7.601175
7.606575
7.613125
7.613925
7.616725
7.6454
7.650475
7.6631
7.672325
7.694825
7.699075
7.70395
7.709675
7.7269
7.7365
7.7405
7.740825
7.7413
7.76765
7.807625
7.813525
7.832725
7.8619
7.866225
7.893425
7.895725
7.90015
7.912525
7.91335
7.916175
7.91855
7.9195
7.93235
7.935575
7.950075
7.956775
7.95805
7.96395
7.972
7.973125
7.975025
7.976625
7.981725
7.98495
8.007925
8.0143
8.0154
8.031575
8.0423
8.043225
8.0452
8.07615
8.0779
8.105
8.113375
8.1295
8.135875
8.1479
8.1557
8.2039
8.205225
8.229325
8.23065
8.24505
8.255175
8.258425
8.2785
8.2947
8.321475
8.3297
8.3305
8.3373
8.337525
8.3435
8.3611
8.3869
8.4236
8.427475
8.42785
8.456
8.504675
8.5109
8.521675
8.5236
8.552425
8.5673
8.57535
8.58575
8.587675
8.589425
8.5962
8.597275
8.6055
8.6156
8.631625
8.64555
8.657525
8.6588
8.710325
8.73335
8.741275
8.753875
8.76745
8.8258
8.829925
8.837875
8.840125
8.865425
8.86745
8.874325
8.8873
8.89685
8.936125
8.9391
8.994975
9.0093
9.018775
9.025675
9.039675
9.0631
9.0636
9.0678
9.077775
760
