0.1026
0.103775
0.1101
0.116325
0.120375
0.1229
0.1293
0.1294
0.130375
0.146075
0.160125
0.17645
0.177725
0.181325
0.189125
0.19385
0.212825
0.227575
0.283125
0.284425
0.29645
0.335875
0.337275
0.354525
0.37465
0.375025
0.41525
0.423925
0.436275
0.442425
0.45125
0.4901
0.4918
0.491975
0.49395
0.496125
0.4965
0.514275
0.56785
0.582925
0.6446
0.646275
0.64965
0.667775
0.701375
0.70145
0.70625
0.708725
0.71485
0.72315
0.73875
0.739025
0.740825
0.752375
0.75555
0.7621
0.7626
0.7653
0.790025
0.806525
0.807025
0.81065
0.81855
0.81895
0.82245
0.8258
0.827075
0.827875
0.837325
0.84105
0.842075
0.847525
0.848475
0.85525
0.8611
0.8617
0.865025
0.88005
0.890425
0.9184
0.922275
0.94385
0.958525
0.963425
0.986
0.98865
1.00685
1.010575
1.013275
1.01365
1.0193
1.02305
1.027825
1.040375
1.058025
1.065075
1.0657
1.068525
1.080225
1.103525
1.109875
1.1272
1.138525
1.1497
1.1504
1.15835
1.171075
1.18615
1.18805
1.209775
1.209925
1.25365
1.27625
1.2817
1.3002
1.30235
1.318275
1.321275
1.328375
1.337575
1.3382
1.344525
1.3616
1.367
1.370975
1.381725
1.390575
1.394975
1.40415
1.41345
1.415125
1.4219
1.47985
1.490775
1.494775
1.4955
1.50845
1.509575
1.511975
1.5256
1.563575
1.5819
1.593725
1.60135
1.6026
1.6034
1.60455
1.60505
1.615625
1.6182
1.62505
1.638075
1.647275
1.657525
1.666625
1.66895
1.67185
1.675975
1.684525
1.706125
1.71465
1.716525
1.7358
1.736275
1.739
1.766425
1.7693
1.76965
1.77055
1.775075
1.795525
1.825825
1.854825
1.858525
1.86655
1.8886
1.90355
1.917875
1.919575
1.933925
1.93485
1.937775
1.93825
1.9393
1.9427
1.9605
1.96685
1.970925
1.9723
1.9907
2.028125
2.034375
2.056725
2.058275
2.0688
2.07055
2.1113
2.1279
2.139925
2.195525
2.202
2.2269
2.2295
2.240025
2.245925
2.254925
2.25985
2.2655
2.275375
2.2792
2.285625
2.301475
2.3218
2.330125
2.343375
2.3514
2.366025
2.371475
2.3968
2.40855
2.43205
2.4494
2.4524
2.45685
2.501525
2.50425
2.5088
2.5138
2.521025
2.5244
2.5401
2.54055
2.554325
2.554475
2.558625
2.560725
2.564075
2.571325
2.574175
2.59295
2.600725
2.605825
2.6118
2.6201
2.643425
2.647425
2.663375
2.6654
2.66695
2.67665
2.700875
2.7024
2.7027
2.706025
2.803775
2.805175
2.81055
2.82065
2.82745
2.8371
2.84355
2.84565
2.86165
2.871575
2.885
2.897975
2.9037
2.90475
2.9106
2.92675
2.929575
2.968525
2.9921
2.99795
3.010225
3.032075
3.03715
3.076025
3.077
3.100325
3.104875
3.114575
3.117125
3.121275
3.1243
3.140325
3.140575
3.1607
3.168025
3.16895
3.171275
3.171925
3.174225
3.17425
3.1759
3.176325
3.183375
3.203825
3.2227
3.230725
3.23965
3.25785
3.281475
3.297975
3.2997
3.30415
3.4009
3.404625
3.405525
3.4063
3.41275
3.4185
3.4198
3.425025
3.425625
3.448
3.448275
3.453
3.45455
3.46045
3.464375
3.47015
3.4783
3.5204
3.524725
3.555225
3.559575
3.63135
3.6396
3.7051
3.719225
3.723225
3.730325
3.738275
3.74225
3.7513
3.76905
3.7763
3.781475
3.786275
3.7891
3.7986
3.843925
3.8578
3.862975
3.887
3.9147
3.942575
4.002425
4.0031
4.00485
4.0061
4.011925
4.012125
4.013125
4.01335
4.019425
4.032425
4.040225
4.05575
4.05625
4.058275
4.059525
4.06175
4.0767
4.09895
4.101775
4.12445
4.13005
4.131275
4.1349
4.135475
4.182325
4.1858
4.1947
4.1983
4.243075
4.2498
4.291475
4.29165
4.308025
4.3087
4.31525
4.321225
4.3257
4.326725
4.333075
4.3332
4.343225
4.34405
4.346575
4.347325
4.356075
4.36085
4.360875
4.36185
4.371575
4.382675
4.385225
4.388975
4.3891
4.405975
4.4075
4.4154
4.4331
4.4677
4.50385
4.507725
4.5161
4.516225
4.5247
4.529775
4.5309
4.531
4.5598
4.563675
4.580475
4.609875
4.6103
4.62315
4.6236
4.627125
4.62925
4.643625
4.655625
4.6566
4.6779
4.6815
4.6832
4.71055
4.712275
4.7409
4.74105
4.74755
4.74865
4.7553
4.763375
4.7836
4.788275
4.7953
4.80015
4.80965
4.8178
4.844475
4.8547
4.868325
4.8768
4.891325
4.9014
4.9099
4.9142
4.9151
4.92265
4.9279
4.9323
4.93645
4.939225
4.942625
4.9519
4.9623
4.98705
4.9981
5.0135
5.018275
5.02325
5.03385
5.0593
5.065125
5.078925
5.08115
5.0822
5.130725
5.13515
5.148025
5.15825
5.1692
5.185225
5.203925
5.2088
5.216975
5.23125
5.2313
5.2315
5.234375
5.239
5.239775
5.241175
5.24135
5.2507
5.26865
5.27105
5.291375
5.294025
5.297925
5.29995
5.307625
5.31415
5.3214
5.3746
5.382575
5.384675
5.39615
5.3986
5.4267
5.4493
5.474475
5.4866
5.49845
5.503775
5.505075
5.513175
5.517125
5.530725
5.534925
5.548425
5.571175
5.5998
5.603575
5.635575
5.65115
5.65475
5.682225
5.699925
5.7055
5.70915
5.71005
5.74045
5.74245
5.744725
5.769875
5.8051
5.810175
5.818075
5.82105
5.82765
5.829
5.8344
5.857225
5.85945
5.9075
5.909425
5.9137
5.919425
5.9309
5.943125
5.95775
5.9716
6.010525
6.012125
6.013825
6.05045
6.06005
6.101825
6.110825
6.11105
6.124075
6.1265
6.131725
6.13945
6.14335
6.15695
6.16145
6.199025
6.1995
6.2018
6.202925
6.20705
6.2079
6.2147
6.221925
6.227075
6.2385
6.24075
6.2458
6.2646
6.2836
6.2888
6.298225
6.40905
6.421375
6.436225
6.438125
6.4566
6.4834
6.486825
6.487625
6.49815
6.503925
6.519375
6.52185
6.5433
6.545575
6.547725
6.5526
6.61425
6.621975
6.63775
6.639125
6.663525
6.679125
6.70005
6.704175
6.705425
6.71265
6.7168
6.7266
6.73175
6.755925
6.7576
6.760375
6.761325
6.76805
6.771725
6.773975
6.778275
6.7789
6.78135
6.84135
6.843425
6.852875
6.87595
6.8954
6.925325
6.970325
7.00385
7.0056
7.009825
7.0105
7.0157
7.02925
7.032825
7.05275
7.06075
7.071675
7.077275
7.08935
7.09815
7.10705
7.10865
7.121625
7.126275
7.132925
7.142425
7.150875
7.17465
7.17995
7.1872
7.210725
7.2564
7.30605
7.31425
7.314675
7.3206
7.326475
7.332025
7.33205
7.3346
7.341325
7.345625
7.3553
7.3573
7.36465
7.367475
7.3686
7.3831
7.387075
7.388825
7.3898
7.39655
7.4085
7.408775
7.409
7.4098
7.42135
7.438
7.443525
7.45715
7.461325
7.47105
7.519875
7.542925
7.551775
7.55705
7.5654
7.566525
7.56985
7.584025
7.59945
7.60205
7.608325
7.6198
7.6217
7.637875
7.643725
7.645325
7.650775
7.652875
7.652975
7.67115
7.69535
7.69775
7.723175
7.747875
7.74815
7.762275
7.77905
7.7875
7.790025
7.79465
7.8083
7.848825
7.8509
7.901375
7.91135
7.92475
7.924825
7.9373
7.945075
7.94805
7.958875
7.971225
7.971275
7.975775
7.978275
7.9792
7.991
8.0176
8.025775
8.03155
8.075475
8.0946
8.1067
8.116225
8.156475
8.1792
8.193975
8.2031
8.204075
8.20585
8.209775
8.219225
8.219325
8.2229
8.2238
8.232125
8.238025
8.2439
8.2851
8.3297
8.335175
8.3354
8.344725
8.3459
8.362425
8.3638
8.38015
8.384
8.396575
8.4105
8.441975
8.443125
8.47835
8.4862
8.502825
8.512325
8.52035
8.53255
8.53595
8.536175
8.53965
8.540575
8.553825
8.555225
8.56225
8.6294
8.6338
8.63995
8.6539
8.660375
8.661025
8.686375
8.6961
8.69725
8.6989
8.7228
8.7274
8.757175
8.76805
8.780325
8.81655
8.831275
8.837175
8.84145
8.851475
8.8762
8.87835
8.8826
8.892925
8.932325
8.932575
8.9409
8.941725
8.94705
8.96785
9.023
9.03685
9.04165
9.0507
808
