0.105175
0.1083
0.108825
0.110875
0.130475
0.130575
0.1397
0.1406
0.16245
0.17495
0.17595
0.199325
0.200775
0.21615
0.22105
0.22415
0.24325
0.250425
0.256175
0.261775
0.290825
0.346625
0.3609
0.37835
0.3791
0.401575
0.401725
0.406425
0.408225
0.410775
0.4121
0.43575
0.437075
0.44485
0.461375
0.463725
0.467825
0.468125
0.48225
0.49
0.508825
0.5112
0.52555
0.527325
0.541275
0.585325
0.60365
0.6093
0.609425
0.62335
0.641225
0.643825
0.65065
0.66015
0.6731
0.7022
0.71165
0.713275
0.714725
0.72935
0.741725
0.743025
0.76315
0.781375
0.801625
0.8099
0.8472
0.86525
0.8678
0.884925
0.94545
0.9492
0.9594
0.95965
0.975125
0.987375
1.0114
1.013
1.020725
1.020975
1.023375
1.026125
1.06415
1.075025
1.080475
1.0877
1.08815
1.08855
1.094175
1.124175
1.127975
1.130775
1.138725
1.1416
1.1443
1.27505
1.3243
1.324325
1.35895
1.3649
1.3716
1.37615
1.39485
1.422025
1.42335
1.426275
1.4662
1.468075
1.47745
1.513025
1.515725
1.547775
1.58105
1.6003
1.6062
1.609875
1.612475
1.617725
1.6324
1.6339
1.6365
1.657325
1.66825
1.67465
1.686975
1.702
1.708025
1.7139
1.71965
1.73785
1.7478
1.7618
1.770725
1.802725
1.80765
1.819275
1.8411
1.85075
1.867975
1.90775
1.911375
1.92135
1.922725
1.923925
1.9283
1.934
1.934025
1.955375
1.965975
1.967625
1.96795
1.972975
1.976525
2.027625
2.0389
2.043225
2.04475
2.053925
2.0542
2.06895
2.098275
2.10965
2.11655
2.143075
2.1561
2.16235
2.2014
2.2015
2.208875
2.22345
2.230525
2.23355
2.248525
2.24905
2.26325
2.2756
2.28625
2.30175
2.313825
2.336725
2.337825
2.344575
2.3694
2.3956
2.416225
2.418875
2.42595
2.428475
2.4833
2.5066
2.507775
2.523775
2.53335
2.533775
2.544025
2.54675
2.553825
2.558925
2.56485
2.569775
2.573025
2.574875
2.583025
2.583675
2.588375
2.590175
2.591375
2.59495
2.6153
2.623275
2.6297
2.63085
2.636125
2.646325
2.664625
2.721525
2.7426
2.742875
2.767175
2.773925
2.795225
2.800325
2.8013
2.804475
2.805375
2.809875
2.81445
2.842675
2.844925
2.847525
2.8484
2.848775
2.853125
2.85735
2.8598
2.86595
2.868275
2.8767
2.91225
2.927925
2.94025
2.95205
2.966375
2.97035
2.9929
3.011
3.036975
3.039525
3.0436
3.047925
3.051
3.07335
3.079325
3.087775
3.091825
3.0941
3.1069
3.10705
3.107625
3.107775
3.115675
3.13725
3.139025
3.140175
3.141775
3.15375
3.158325
3.1692
3.174925
3.17985
3.189675
3.205475
3.2127
3.23275
3.26345
3.269325
3.272175
3.2779
3.293575
3.301275
3.31255
3.40395
3.4056
3.4103
3.4233
3.425325
3.42565
3.42595
3.428425
3.4285
3.431325
3.437175
3.43725
3.4374
3.44205
3.445225
3.451425
3.45355
3.4539
3.462475
3.4647
3.471475
3.47245
3.477025
3.4923
3.495675
3.4961
3.503125
3.5078
3.51485
3.5176
3.52405
3.53415
3.55625
3.5573
3.5591
3.5883
3.5938
3.604575
3.6229
3.630425
3.64585
3.7012
3.701625
3.7089
3.72725
3.7326
3.739175
3.74415
3.746125
3.769575
3.773
3.77525
3.7828
3.803575
3.806025
3.81975
3.819775
3.83645
3.84
3.856525
3.8957
3.913625
3.950525
3.968575
4.004275
4.0046
4.006275
4.0092
4.012125
4.013275
4.018675
4.021475
4.023575
4.029275
4.0299
4.048125
4.071325
4.077325
4.0778
4.086875
4.11425
4.114325
4.1168
4.129775
4.140425
4.14505
4.145575
4.149675
4.155025
4.1606
4.217775
4.22685
4.238425
4.2662
4.272175
4.275325
4.3077
4.31785
4.3214
4.332575
4.336575
4.339675
4.3418
4.3605
4.36165
4.372275
4.373025
4.374075
4.3771
4.40165
4.401725
4.405075
4.422375
4.4338
4.43995
4.449475
4.452875
4.45535
4.466425
4.46725
4.47725
4.495875
4.51495
4.526175
4.52755
4.6324
4.638475
4.6423
4.645375
4.64595
4.671
4.6792
4.680875
4.699575
4.70285
4.7074
4.7179
4.718025
4.72845
4.73205
4.738625
4.750375
4.76115
4.767275
4.81125
4.842325
4.9032
4.9047
4.912375
4.9164
4.920475
4.921125
4.94535
4.9524
4.966775
4.99245
5.008975
5.011125
5.017
5.02435
5.024375
5.031925
5.039525
5.041925
5.05215
5.0711
5.081775
5.10415
5.106425
5.15445
5.159
5.1887
5.2045
5.213925
5.215325
5.224425
5.23255
5.252875
5.28205
5.2991
5.304975
5.305025
5.35125
5.35945
5.3662
5.370225
5.396125
5.4128
5.41945
5.443125
5.486775
5.500875
5.502425
5.514125
5.5159
5.522
5.5227
5.5336
5.5369
5.538325
5.55345
5.55935
5.560775
5.5616
5.5661
5.575575
5.596875
5.6035
5.60735
5.6438
5.656375
5.669575
5.677575
5.705075
5.706575
5.708725
5.731575
5.75865
5.7814
5.80485
5.80775
5.815375
5.8156
5.815775
5.8158
5.8523
5.87075
5.8771
5.88075
5.888375
5.89395
5.916175
5.92905
5.932525
5.937525
5.9525
5.958625
5.98315
5.9859
5.986
6.00425
6.048875
6.0653
6.06885
6.074975
6.10375
6.105775
6.106
6.1457
6.146475
6.160075
6.1621
6.1624
6.1792
6.18375
6.186225
6.191525
6.203125
6.21995
6.222525
6.264675
6.2753
6.287675
6.293775
6.3324
6.341125
6.3516
6.37915
6.404975
6.40565
6.40615
6.409925
6.423225
6.4371
6.442675
6.468625
6.47355
6.476075
6.4766
6.47845
6.48495
6.4954
6.49775
6.510025
6.5653
6.571125
6.574975
6.5785
6.585525
6.598675
6.6474
6.64855
6.676275
6.706775
6.7098
6.729925
6.74665
6.75605
6.7583
6.75975
6.7616
6.778175
6.77905
6.78035
6.78285
6.79465
6.801175
6.81935
6.83025
6.835675
6.847
6.856525
6.8636
6.86875
6.9317
6.93705
6.9398
6.94965
6.9546
7.003375
7.006
7.007325
7.0109
7.0113
7.017225
7.02575
7.063425
7.071675
7.08015
7.092025
7.097125
7.09935
7.1006
7.108925
7.1183
7.164525
7.164675
7.18525
7.1938
7.240975
7.2771
7.298175
7.30115
7.30335
7.3037
7.305525
7.309025
7.324925
7.3322
7.353
7.353625
7.354475
7.376875
7.38
7.38215
7.394475
7.411525
7.412775
7.437175
7.444025
7.45075
7.459325
7.467625
7.497625
7.5017
7.5228
7.544725
7.5521
7.603325
7.610875
7.615525
7.6247
7.627125
7.628375
7.631575
7.65535
7.6584
7.66125
7.680875
7.68295
7.689775
7.698225
7.7176
7.741175
7.762575
7.768075
7.8114
7.817575
7.82025
7.82555
7.835075
7.839475
7.915175
7.9262
7.927775
7.9298
7.929925
7.9339
7.93515
7.9546
7.96595
7.9709
7.97515
7.9781
7.99385
8.004025
8.014825
8.04865
8.049775
8.06155
8.089625
8.13065
8.1341
8.135725
8.139475
8.14065
8.153975
8.19665
8.201125
8.205125
8.205675
8.207575
8.228625
8.2336
8.235325
8.2424
8.245725
8.248225
8.275325
8.279275
8.293825
8.294725
8.29625
8.2989
8.310875
8.32295
8.33845
8.343875
8.354425
8.354625
8.369825
8.382275
8.382775
8.39575
8.41735
8.485275
8.4914
8.5005
8.507025
8.507925
8.5159
8.519125
8.52565
8.52895
8.530675
8.533875
8.540175
8.5408
8.545525
8.549375
8.554575
8.560125
8.562725
8.567125
8.570975
8.5878
8.588175
8.590325
8.5947
8.5948
8.603425
8.60395
8.618525
8.62885
8.640475
8.64365
8.650675
8.653325
8.6587
8.665325
8.6833
8.722025
8.7271
8.750725
8.762225
8.785225
8.791825
8.804275
8.82315
8.827625
8.836175
8.8419
8.849675
8.851325
8.895875
8.90195
8.906975
8.9263
8.927925
8.970675
8.978425
9.0022
9.02535
9.026325
9.0267
9.048425
9.052275
9.056775
9.06055
9.06895
791
