0.05185
0.1042
0.122425
0.136625
0.142975
0.15325
0.175375
0.186475
0.19665
0.197375
0.19805
0.206175
0.212375
0.2381
0.246825
0.247375
0.253125
0.293
0.34735
0.382025
0.410175
0.421775
0.430575
0.45185
0.453175
0.458425
0.4597
0.460225
0.507075
0.5074
0.51255
0.54295
0.5546
0.560175
0.5636
0.589475
0.595775
0.612075
0.65065
0.717275
0.717725
0.72015
0.746425
0.75495
0.75515
0.773975
0.7746
0.7836
0.791325
0.816175
0.818275
0.8391
0.8708
0.871275
0.872525
0.874175
0.87455
0.8784
0.897875
0.903375
0.917075
0.9378
0.954625
0.9693
0.984775
0.987925
1.00485
1.006725
1.01185
1.015225
1.01935
1.023925
1.025625
1.03315
1.042375
1.054325
1.058775
1.06225
1.070225
1.086725
1.089875
1.096525
1.099
1.148725
1.15025
1.185575
1.203125
1.234525
1.3019
1.3051
1.30705
1.310425
1.3148
1.31505
1.3323
1.336175
1.3387
1.339525
1.350375
1.351325
1.36135
1.362075
1.3643
1.369225
1.376075
1.3765
1.3817
1.3943
1.396175
1.396825
1.398375
1.425925
1.438775
1.44945
1.44985
1.4503
1.472725
1.478125
1.490775
1.49785
1.504825
1.564575
1.62225
1.631875
1.633725
1.6394
1.659325
1.67025
1.6712
1.68005
1.6897
1.6912
1.70015
1.70875
1.71235
1.7412
1.745
1.7541
1.789125
1.789375
1.791
1.795125
1.805625
1.810575
1.85805
1.90135
1.904975
1.905875
1.9062
1.9131
1.917125
1.9188
1.919525
1.9334
1.9356
1.93775
1.9397
1.966775
1.997825
2.004625
2.006575
2.007125
2.010425
2.0412
2.075275
2.077725
2.0778
2.08255
2.110375
2.116525
2.122225
2.17975
2.203575
2.215325
2.21655
2.2216
2.2232
2.23465
2.240925
2.2656
2.268375
2.268625
2.286675
2.29535
2.30455
2.315075
2.31935
2.3265
2.329625
2.332025
2.347325
2.3527
2.362025
2.41445
2.462275
2.471575
2.4746
2.4784
2.500725
2.50985
2.510775
2.52285
2.540275
2.54245
2.555
2.572775
2.5785
2.611375
2.611925
2.6254
2.62785
2.642475
2.6758
2.7059
2.7235
2.76365
2.798425
2.803925
2.80705
2.812175
2.812375
2.814475
2.81875
2.83215
2.838275
2.8618
2.863125
2.86645
2.877525
2.890325
2.90145
2.93405
2.935625
2.93885
2.940575
2.9686
2.9889
2.9975
3.0094
3.020275
3.025725
3.036775
3.0512
3.05795
3.097325
3.10665
3.11765
3.131725
3.13515
3.1416
3.143075
3.14365
3.1491
3.157725
3.162225
3.1649
3.1781
3.18795
3.230325
3.237
3.242575
3.244525
3.245275
3.2508
3.265575
3.297225
3.34625
3.3583
3.375825
3.414225
3.416675
3.41825
3.42005
3.420275
3.4253
3.4404
3.44355
3.461675
3.470975
3.484
3.484075
3.488425
3.4979
3.49945
3.51255
3.5247
3.528275
3.535225
3.5353
3.589375
3.648625
3.7056
3.70615
3.70655
3.7066
3.711775
3.73115
3.74595
3.767025
3.77555
3.7776
3.794975
3.832375
3.86375
3.885825
3.91415
3.932625
3.939925
3.96795
3.99955
4.0023
4.010675
4.0199
4.026425
4.030675
4.03425
4.0388
4.05815
4.062225
4.065375
4.0705
4.073625
4.0747
4.079225
4.082625
4.0906
4.096775
4.111675
4.1358
4.150425
4.153025
4.155525
4.1687
4.172125
4.20275
4.233525
4.241425
4.24635
4.2532
4.2771
4.289875
4.312575
4.318125
4.3208
4.326025
4.326675
4.33075
4.3389
4.3406
4.3586
4.377325
4.3805
4.38605
4.3871
4.420525
4.434175
4.442825
4.461125
4.4617
4.465525
4.506775
4.5266
4.5513
4.5649
4.592225
4.599875
4.60085
4.6333
4.64145
4.64215
4.64395
4.645775
4.647875
4.64855
4.6521
4.6606
4.66255
4.669675
4.7076
4.7087
4.710925
4.72575
4.7474
4.76265
4.806725
4.8609
4.87025
4.8931
4.923725
4.9261
4.93855
4.940375
4.971375
4.9809
4.983925
4.9895
5.0117
5.028675
5.0369
5.041675
5.04985
5.057775
5.074075
5.075175
5.082
5.08955
5.0962
5.0963
5.10205
5.135
5.166525
5.175425
5.196625
5.20115
5.215275
5.217625
5.220975
5.2263
5.22645
5.230125
5.230875
5.237875
5.239175
5.243725
5.25425
5.2737
5.281175
5.294975
5.29605
5.3108
5.320525
5.320625
5.323125
5.32665
5.364075
5.37635
5.378525
5.384075
5.38445
5.38885
5.39545
5.4088
5.425525
5.5012
5.51235
5.518775
5.5192
5.520775
5.529475
5.530275
5.535475
5.5438
5.567275
5.573825
5.581025
5.58845
5.589075
5.597125
5.59725
5.6087
5.610525
5.618275
5.619075
5.6349
5.642225
5.658175
5.66655
5.8025
5.824
5.8258
5.829025
5.830225
5.8303
5.831525
5.831575
5.834375
5.83515
5.8645
5.865325
5.87625
5.895375
5.917875
5.9216
5.927075
5.957625
5.9606
5.9633
5.985025
6.016325
6.0166
6.03775
6.038825
6.045975
6.0621
6.062625
6.065675
6.1035
6.10735
6.1128
6.11755
6.1286
6.129425
6.12995
6.130325
6.130375
6.135225
6.14305
6.143375
6.14425
6.14515
6.145275
6.14755
6.156425
6.172325
6.175425
6.224075
6.229625
6.2479
6.253075
6.27105
6.27715
6.29995
6.31585
6.346375
6.368375
6.3741
6.4
6.40545
6.407925
6.432225
6.455625
6.4563
6.459775
6.465
6.482825
6.484725
6.50565
6.510775
6.5166
6.517375
6.522175
6.522925
6.533925
6.534375
6.544325
6.546225
6.557775
6.5593
6.601525
6.62685
6.632025
6.649225
6.675975
6.679975
6.701575
6.703075
6.7067
6.710125
6.7386
6.7473
6.74735
6.7486
6.775575
6.7847
6.798675
6.7987
6.8026
6.807275
6.810525
6.819275
6.819575
6.82035
6.823275
6.827325
6.830775
6.83365
6.83515
6.8741
6.885675
6.90985
6.93005
6.93055
6.9435
6.96845
6.9821
7.003625
7.005425
7.009225
7.019525
7.02205
7.02335
7.024625
7.027825
7.02895
7.0317
7.03265
7.05095
7.06255
7.069375
7.075175
7.098225
7.1142
7.116175
7.121175
7.1233
7.123925
7.1263
7.131725
7.174975
7.1874
7.188825
7.189625
7.2116
7.2234
7.22995
7.247025
7.297325
7.301075
7.3099
7.310225
7.312675
7.3128
7.326375
7.329775
7.33705
7.3448
7.346175
7.3543
7.36305
7.36915
7.40825
7.410325
7.4109
7.424575
7.42475
7.4272
7.459425
7.46515
7.467825
7.46965
7.482975
7.5146
7.52165
7.5695
7.5725
7.60155
7.6162
7.62015
7.641775
7.64255
7.6494
7.664075
7.669975
7.6762
7.697525
7.7114
7.73715
7.76815
7.77775
7.87265
7.9017
7.9189
7.924525
7.92595
7.927625
7.929725
7.9326
7.934025
7.9409
7.9451
7.949425
7.966025
7.981275
8.01495
8.01645
8.0346
8.041775
8.065675
8.082625
8.1015
8.110925
8.123275
8.146225
8.1597
8.1958
8.197825
8.20175
8.211675
8.216575
8.233325
8.2369
8.248275
8.260075
8.267375
8.277575
8.292125
8.30585
8.320175
8.325075
8.338225
8.3538
8.362325
8.382475
8.39515
8.414125
8.4269
8.433825
8.44885
8.5048
8.508075
8.5115
8.51245
8.51345
8.5207
8.527575
8.531175
8.5349
8.5392
8.53975
8.5437
8.5469
8.552725
8.56005
8.566375
8.56775
8.569075
8.5884
8.590075
8.595875
8.59975
8.6338
8.64575
8.652275
8.67225
8.692175
8.7219
8.794
8.801225
8.816725
8.81925
8.822
8.822475
8.827775
8.84355
8.85605
8.859
8.86795
8.871675
8.875
8.884375
8.89165
8.9085
8.910025
8.91075
8.9129
8.9164
8.92185
8.948925
8.974125
8.989875
9.0034
9.0133
9.03855
9.059975
764
