0.11295
0.122275
0.15025
0.1522
0.1623
0.174075
0.212925
0.214675
0.24575
0.250125
0.2508
0.256675
0.2574
0.2604
0.2804
0.29225
0.3021
0.320225
0.321975
0.336725
0.37155
0.380125
0.40125
0.405025
0.405525
0.41065
0.41115
0.4132
0.429
0.429075
0.440525
0.4534
0.4637
0.472675
0.477275
0.48675
0.487175
0.49
0.53475
0.54225
0.5892
0.596175
0.6021
0.6072
0.65575
0.6593
0.71895
0.724375
0.727975
0.75015
0.757325
0.7595
0.802125
0.8414
0.861825
0.87865
0.89325
0.8941
0.89485
0.896
0.94685
0.95385
0.977075
1.00895
1.009525
1.012275
1.015275
1.01745
1.033175
1.063825
1.073075
1.08235
1.08915
1.08995
1.103325
1.108325
1.120325
1.129825
1.141925
1.1464
1.155225
1.1672
1.2001
1.2218
1.270175
1.27915
1.282875
1.3026
1.30615
1.307675
1.312
1.32745
1.329325
1.33285
1.334175
1.342025
1.3518
1.354175
1.362275
1.364075
1.37355
1.3822
1.389375
1.403225
1.4061
1.41825
1.418875
1.4413
1.448225
1.448625
1.4743
1.481475
1.48195
1.5107
1.524075
1.54465
1.61035
1.614825
1.6207
1.6213
1.62225
1.629125
1.63435
1.6404
1.6703
1.674
1.68335
1.68365
1.692525
1.708475
1.727225
1.7442
1.74665
1.7472
1.74975
1.7541
1.762975
1.7643
1.777775
1.790575
1.79535
1.804825
1.851375
1.852025
1.8635
1.870675
1.90145
1.911925
1.919375
1.937875
1.938875
1.9529
1.95705
1.964675
1.968475
1.97555
1.977225
1.979575
1.983425
1.986125
1.989125
2.0097
2.034725
2.0642
2.071
2.07315
2.084625
2.1413
2.163125
2.174575
2.17465
2.2011
2.207475
2.208475
2.211275
2.21405
2.2207
2.224775
2.2376
2.24795
2.255
2.2619
2.266575
2.2692
2.275675
2.285625
2.313875
2.3246
2.3361
2.343075
2.34495
2.34535
2.34815
2.361975
2.41505
2.435525
2.4767
2.481225
2.50465
2.5087
2.5244
2.52985
2.555975
2.57015
2.576075
2.5781
2.5887
2.596925
2.598975
2.623025
2.640575
2.6407
2.668025
2.68005
2.6822
2.6863
2.697775
2.7114
2.724225
2.7278
2.75615
2.80005
2.815075
2.8182
2.819125
2.825775
2.8282
2.832425
2.8348
2.86735
2.869125
2.87825
2.884825
2.895475
2.937775
2.9426
2.948225
2.950775
2.95435
2.96005
3.005275
3.008525
3.011225
3.0378
3.05515
3.078425
3.103875
3.107075
3.1097
3.122775
3.1241
3.1245
3.130275
3.134325
3.135325
3.137875
3.143575
3.15305
3.1649
3.16515
3.174225
3.177525
3.21945
3.233975
3.23945
3.251325
3.251525
3.3421
3.3505
3.35925
3.39475
3.40525
3.407425
3.414575
3.430575
3.430875
3.440425
3.449825
3.452775
3.463925
3.471375
3.4763
3.477275
3.478675
3.48165
3.48955
3.5144
3.515475
3.52515
3.527775
3.56095
3.612975
3.61465
3.61835
3.62235
3.644575
3.703675
3.70645
3.710725
3.712225
3.72135
3.757425
3.763875
3.7639
3.764
3.770375
3.787475
3.797375
3.8064
3.809825
3.814175
3.834825
3.8389
3.856475
3.870675
3.8787
3.8883
4.00155
4.00175
4.009575
4.0203
4.021975
4.02445
4.026225
4.028375
4.030125
4.0363
4.0376
4.0396
4.047375
4.05605
4.057125
4.072
4.081725
4.08745
4.1038
4.11475
4.1274
4.136375
4.141025
4.146175
4.147875
4.1491
4.213
4.215775
4.271625
4.307275
4.31055
4.31725
4.32185
4.337525
4.33865
4.3489
4.34895
4.371375
4.378225
4.391875
4.40355
4.412475
4.416075
4.419775
4.4418
4.450175
4.4688
4.47055
4.4777
4.49645
4.513825
4.521775
4.532275
4.546025
4.575175
4.5981
4.6002
4.615925
4.616575
4.618175
4.62275
4.63395
4.63625
4.67675
4.712075
4.737775
4.741625
4.750475
4.7719
4.783975
4.78795
4.815625
4.851
4.852675
4.860225
4.863825
4.87485
4.88465
4.900975
4.908
4.909975
4.915
4.91665
4.920425
4.92945
4.934725
4.934775
4.9369
4.946125
4.946725
4.947825
4.95715
4.962175
4.9623
4.962925
4.9762
4.97705
4.981825
4.982875
4.985275
4.9931
5.00885
5.024075
5.0271
5.06145
5.06985
5.082275
5.0831
5.1211
5.156025
5.1949
5.207425
5.213075
5.2422
5.2426
5.251375
5.265075
5.295125
5.295225
5.29585
5.3043
5.3374
5.342025
5.382675
5.39355
5.409425
5.4355
5.4629
5.49275
5.5036
5.548575
5.561325
5.5911
5.59165
5.60685
5.6095
5.61145
5.6194
5.623725
5.659725
5.749625
5.752075
5.785325
5.80295
5.806275
5.8081
5.83155
5.834925
5.836
5.85525
5.8566
5.861125
5.87415
5.876275
5.883875
5.887025
5.88955
5.914775
5.92645
5.9296
5.939375
5.94515
5.965425
5.9696
5.987725
6.0718
6.092
6.101975
6.1035
6.1326
6.132775
6.133025
6.136475
6.137325
6.145025
6.1517
6.173025
6.17675
6.178025
6.202675
6.20445
6.2048
6.207775
6.22105
6.2346
6.2515
6.27345
6.3156
6.32495
6.357525
6.38505
6.3991
6.42175
6.4266
6.43005
6.434525
6.44025
6.4445
6.462275
6.46885
6.470375
6.473
6.492675
6.49555
6.50155
6.52835
6.530575
6.53375
6.5376
6.5379
6.54135
6.545775
6.548675
6.58055
6.592225
6.6162
6.61675
6.619875
6.639075
6.641125
6.6479
6.70845
6.738
6.743775
6.744625
6.7763
6.78
6.7834
6.796575
6.802675
6.816725
6.81685
6.859
6.871525
6.878675
6.887275
6.8884
6.8942
6.900825
6.9155
6.9175
6.947525
6.955275
6.958
6.9662
6.973725
6.98355
6.9858
7.00895
7.0103
7.0174
7.0257
7.031975
7.033225
7.034825
7.037325
7.042125
7.052825
7.0549
7.06345
7.06905
7.075125
7.087525
7.087975
7.091425
7.104225
7.105375
7.130875
7.163075
7.1742
7.19235
7.193525
7.195475
7.20385
7.2071
7.224025
7.24235
7.247325
7.248925
7.30415
7.306325
7.308375
7.312325
7.320575
7.32105
7.3247
7.3313
7.34185
7.3428
7.34695
7.36865
7.375475
7.379075
7.384575
7.40445
7.41315
7.435975
7.4502
7.464025
7.47485
7.4952
7.508075
7.517625
7.519625
7.561
7.562175
7.610125
7.61615
7.62045
7.6495
7.667625
7.6704
7.674525
7.6756
7.676175
7.67945
7.686875
7.695575
7.702875
7.724725
7.7317
7.7386
7.74905
7.761675
7.774875
7.7936
7.80725
7.826125
7.844425
7.882725
7.91085
7.911425
7.91195
7.914475
7.915825
7.93105
7.93225
7.941325
7.94155
7.951625
7.959325
7.961175
7.9715
7.994875
8.00555
8.0395
8.0457
8.053725
8.058925
8.06985
8.074275
8.07675
8.08695
8.1402
8.17045
8.1758
8.1909
8.19895
8.203575
8.20595
8.2133
8.217925
8.22865
8.23315
8.249325
8.251425
8.2582
8.298425
8.312125
8.320125
8.4155
8.428725
8.430975
8.464675
8.467575
8.498475
8.503425
8.514525
8.5172
8.5193
8.528175
8.54225
8.547
8.550025
8.55635
8.5624
8.5628
8.5695
8.570575
8.5774
8.595025
8.6059
8.613625
8.616
8.62065
8.623425
8.652875
8.684775
8.693475
8.706275
8.7073
8.709775
8.7397
8.771575
8.77215
8.801425
8.807125
8.816825
8.833475
8.845
8.854975
8.8629
8.86615
8.868875
8.8711
8.873
8.882275
8.886175
8.893875
8.92335
8.92545
8.927975
8.9306
8.950075
8.970625
8.9746
8.98555
8.99895
9.048
9.060675
747
