0.100125
0.116275
0.119675
0.146225
0.17515
0.17635
0.18195
0.1925
0.200075
0.2052
0.208625
0.222325
0.2242
0.228425
0.234125
0.23465
0.25875
0.266525
0.28755
0.3141
0.3167
0.33115
0.3807
0.404375
0.406375
0.40765
0.408625
0.409675
0.4326
0.432875
0.434125
0.43455
0.448025
0.450125
0.45785
0.463875
0.46575
0.4693
0.490225
0.49665
0.5017
0.50385
0.517825
0.5477
0.550675
0.57495
0.5776
0.580775
0.58765
0.595475
0.599125
0.6035
0.614175
0.644375
0.70665
0.707275
0.717575
0.724475
0.7284
0.729125
0.733125
0.7351
0.73665
0.74315
0.748325
0.7489
0.749275
0.74985
0.7512
0.762875
0.77505
0.786025
0.786375
0.8119
0.814475
0.819825
0.82045
0.826925
0.841275
0.855175
0.868225
0.876075
0.90485
0.906725
0.91645
0.991125
1.00005
1.007425
1.009775
1.01245
1.0126
1.015525
1.027925
1.02845
1.0311
1.03745
1.04255
1.0664
1.070325
1.071025
1.0766
1.0769
1.11575
1.125075
1.13045
1.1343
1.150825
1.168625
1.1749
1.2102
1.230075
1.238525
1.24225
1.261925
1.26615
1.28365
1.301525
1.312675
1.3167
1.32435
1.3282
1.3385
1.34305
1.35105
1.354025
1.364725
1.40995
1.410525
1.417
1.422
1.424625
1.42765
1.433975
1.451
1.46075
1.472325
1.476525
1.485575
1.494775
1.496
1.496025
1.517125
1.53215
1.54565
1.5626
1.563125
1.609025
1.627525
1.62835
1.66185
1.66255
1.67345
1.68615
1.6869
1.71055
1.7106
1.71225
1.738675
1.74635
1.747325
1.75535
1.763075
1.7742
1.77585
1.789875
1.886975
1.909125
1.913175
1.915425
1.918075
1.924
1.934475
1.938175
1.9613
1.96285
1.96495
1.978425
1.9804
1.98395
2.003625
2.018925
2.022275
2.02435
2.0308
2.035275
2.047475
2.05185
2.067225
2.087775
2.101275
2.109025
2.1478
2.166125
2.185725
2.190975
2.202975
2.204275
2.20675
2.212125
2.214225
2.2167
2.2259
2.226825
2.229575
2.232325
2.233125
2.247675
2.279225
2.2838
2.292875
2.302
2.306525
2.30995
2.3151
2.316075
2.367475
2.395175
2.4099
2.45665
2.4687
2.4743
2.47965
2.491075
2.505475
2.5086
2.50935
2.511675
2.525875
2.526675
2.535625
2.541225
2.54705
2.564
2.56605
2.570875
2.581475
2.58325
2.591075
2.605625
2.624425
2.628175
2.636425
2.6452
2.650775
2.651375
2.6761
2.678525
2.70235
2.70365
2.711475
2.7539
2.8036
2.810425
2.812925
2.814175
2.814875
2.825825
2.827125
2.83015
2.8332
2.835275
2.843225
2.84925
2.84945
2.8531
2.85575
2.85835
2.85955
2.863175
2.871225
2.874875
2.87945
2.88245
2.893575
2.900625
2.90505
2.912925
2.915725
2.917425
2.9466
2.97175
2.979225
2.991625
3.017575
3.0273
3.0366
3.037975
3.0425
3.072425
3.10405
3.107325
3.1132
3.114925
3.1211
3.1295
3.137025
3.153725
3.162875
3.1705
3.184025
3.201075
3.22305
3.26405
3.291875
3.324975
3.333675
3.364925
3.3684
3.40435
3.40545
3.4105
3.42145
3.421825
3.429
3.4384
3.44525
3.458525
3.46145
3.476075
3.476575
3.479025
3.497975
3.4992
3.5032
3.50525
3.5381
3.5389
3.543225
3.54735
3.560075
3.562
3.59945
3.59975
3.60325
3.60985
3.6219
3.63605
3.684525
3.71055
3.715175
3.71615
3.72085
3.7213
3.7267
3.731875
3.746825
3.747675
3.7478
3.75185
3.758475
3.758975
3.764275
3.77885
3.7806
3.785125
3.798725
3.810225
3.853675
3.85945
3.860575
3.86325
3.879575
3.887075
3.91405
3.92205
3.923025
3.93425
3.9687
4.004825
4.00815
4.0183
4.031975
4.04515
4.04695
4.0535
4.058425
4.0604
4.066475
4.067025
4.06985
4.07165
4.07285
4.0766
4.100875
4.12015
4.124425
4.153475
4.174975
4.19995
4.21515
4.243925
4.250825
4.30015
4.3005
4.30855
4.310775
4.3136
4.319775
4.32265
4.323625
4.3253
4.3389
4.346225
4.357775
4.36745
4.37015
4.399625
4.409675
4.40995
4.421425
4.423225
4.460675
4.477425
4.50115
4.504075
4.531575
4.55205
4.602875
4.604225
4.615775
4.6177
4.6182
4.618925
4.63745
4.637825
4.640025
4.64615
4.658575
4.65935
4.6638
4.6804
4.69335
4.6951
4.69695
4.69795
4.72375
4.74665
4.755375
4.759375
4.763625
4.765325
4.782225
4.785225
4.78735
4.797875
4.81695
4.85185
4.90185
4.906975
4.9162
4.9272
4.952475
4.96145
4.96485
4.9746
4.9757
4.97585
4.98705
5.009425
5.042525
5.114075
5.1239
5.13595
5.147825
5.15115
5.22415
5.2247
5.2274
5.2296
5.23515
5.23595
5.26755
5.3346
5.3364
5.348225
5.3486
5.35575
5.37245
5.3942
5.39465
5.4147
5.470475
5.485375
5.511525
5.512525
5.512975
5.51545
5.519225
5.541075
5.543175
5.5446
5.5496
5.5573
5.574475
5.586775
5.587775
5.589175
5.589275
5.595875
5.60465
5.6049
5.612475
5.61995
5.6203
5.6271
5.631
5.64595
5.655175
5.656025
5.67215
5.676325
5.6999
5.7104
5.713475
5.73925
5.778575
5.809725
5.811
5.81615
5.82185
5.8244
5.837025
5.844325
5.846375
5.874825
5.887375
5.89355
5.8992
5.921125
5.924825
5.92525
5.9258
5.956175
5.95925
5.970375
5.971225
5.9781
5.98725
6.008025
6.015
6.016825
6.060375
6.07245
6.090675
6.1005
6.1031
6.113
6.11605
6.12265
6.1252
6.12635
6.12665
6.137425
6.14085
6.1481
6.1677
6.18055
6.189475
6.189675
6.1902
6.1983
6.2476
6.249875
6.253625
6.25755
6.2655
6.31285
6.4
6.40695
6.411875
6.421325
6.422825
6.4232
6.4334
6.43445
6.452075
6.4536
6.4542
6.48205
6.492775
6.511125
6.5301
6.535275
6.5417
6.55695
6.585875
6.594525
6.595525
6.59875
6.637
6.64415
6.665325
6.6956
6.70165
6.709725
6.710975
6.714125
6.71625
6.720175
6.722075
6.7224
6.7269
6.730075
6.737875
6.739775
6.7515
6.7702
6.773075
6.782775
6.788975
6.820025
6.8368
6.8392
6.845375
6.86815
6.88755
6.916275
6.9166
6.9845
7.0025
7.003625
7.01145
7.0218
7.02595
7.026275
7.02885
7.0319
7.056725
7.057425
7.058425
7.063675
7.08185
7.08475
7.1353
7.1507
7.154425
7.1655
7.187325
7.20825
7.21195
7.22445
7.24775
7.2721
7.296075
7.311
7.328075
7.336175
7.342
7.3541
7.35985
7.362
7.364825
7.369625
7.393525
7.40115
7.401175
7.416625
7.422375
7.4238
7.42905
7.4429
7.452975
7.46245
7.503375
7.53745
7.549
7.60245
7.614125
7.6373
7.6412
7.643975
7.65075
7.65085
7.65105
7.6561
7.669775
7.67345
7.6738
7.68575
7.69265
7.6992
7.70325
7.705475
7.707825
7.7254
7.7257
7.73025
7.772075
7.8101
7.82995
7.835675
7.855575
7.91205
7.9242
7.925375
7.936
7.943525
7.9514
7.952325
7.95495
7.95705
7.96125
7.9742
7.976025
7.998075
8.00455
8.02015
8.0318
8.03595
8.039675
8.04135
8.043525
8.05125
8.0602
8.115025
8.1423
8.156075
8.18955
8.202875
8.205175
8.20845
8.21185
8.221825
8.2421
8.2607
8.267525
8.27025
8.313625
8.3216
8.3251
8.325275
8.362625
8.3891
8.39885
8.4298
8.492025
8.500075
8.50185
8.5054
8.5154
8.522125
8.523825
8.535875
8.5417
8.55175
8.553875
8.559675
8.560825
8.57505
8.575125
8.58005
8.588225
8.58915
8.589625
8.59245
8.597225
8.630625
8.676125
8.69085
8.6918
8.719975
8.769825
8.805675
8.813775
8.815225
8.8262
8.84475
8.852475
8.85545
8.85605
8.860525
8.882925
8.884125
8.890375
8.893075
8.894925
8.8962
8.9115
8.934125
8.95575
9.010375
9.01075
9.0124
9.0208
9.0368
9.043325
9.065775
9.069175
788
