0.02165
0.1032
0.105825
0.1063
0.12845
0.14545
0.14625
0.1648
0.170125
0.171
0.17735
0.177675
0.1942
0.194725
0.23565
0.24645
0.259425
0.2612
0.263
0.2756
0.276325
0.294975
0.296925
0.304525
0.3242
0.3315
0.350775
0.3769
0.392625
0.404225
0.407425
0.407775
0.40815
0.41135
0.412875
0.43785
0.4445
0.4446
0.445675
0.447225
0.4503
0.452675
0.4588
0.4615
0.462375
0.463925
0.4697
0.472525
0.4772
0.504
0.536875
0.5432
0.54385
0.552825
0.56115
0.568525
0.579775
0.5958
0.60195
0.61655
0.638375
0.650025
0.682675
0.7041
0.71855
0.72455
0.741075
0.747725
0.756775
0.757475
0.7593
0.762975
0.76925
0.787575
0.7882
0.80115
0.80485
0.811075
0.820625
0.835875
0.848075
0.860675
0.862225
0.86545
0.8661
0.867725
0.8724
0.893625
0.916125
0.921775
0.9265
0.929175
0.967425
1.0008
1.0011
1.0122
1.014425
1.0152
1.01905
1.019725
1.0219
1.033025
1.034475
1.03715
1.0453
1.045375
1.049625
1.0531
1.0583
1.064175
1.074325
1.081625
1.0883
1.098075
1.1005
1.106275
1.115925
1.12305
1.135725
1.142025
1.16745
1.177875
1.18475
1.212975
1.23985
1.281725
1.29215
1.3087
1.31285
1.32035
1.3211
1.3259
1.33095
1.337575
1.33785
1.341775
1.342
1.34805
1.382
1.38505
1.385325
1.385475
1.39045
1.397575
1.398
1.4042
1.414625
1.430975
1.463875
1.4692
1.481525
1.522275
1.5279
1.531875
1.556575
1.60025
1.600925
1.6107
1.61105
1.61735
1.619275
1.660725
1.6764
1.689775
1.69645
1.70465
1.718775
1.7363
1.7649
1.771225
1.771825
1.773725
1.78005
1.78045
1.797375
1.805825
1.87225
1.885725
1.90195
1.90345
1.9123
1.9151
1.91685
1.91995
1.929375
1.95255
1.962
2.00945
2.02565
2.027725
2.0665
2.091875
2.1491
2.15445
2.20035
2.205575
2.208325
2.2177
2.219225
2.222625
2.2231
2.22665
2.233425
2.237525
2.249175
2.25925
2.276825
2.279125
2.289025
2.297825
2.3016
2.321325
2.32755
2.336325
2.361875
2.367975
2.394575
2.494475
2.519425
2.5269
2.527075
2.5358
2.546975
2.558775
2.56145
2.5919
2.592075
2.59665
2.609175
2.61655
2.632325
2.63635
2.639125
2.71235
2.712825
2.713275
2.7162
2.75145
2.756875
2.763775
2.801875
2.80455
2.804725
2.80725
2.812475
2.82095
2.824575
2.828225
2.839425
2.86245
2.872525
2.887725
2.889425
2.892275
2.89895
2.914125
2.919925
2.94625
2.946375
2.9688
2.97405
2.98555
2.991925
3.026925
3.0853
3.086425
3.109825
3.115425
3.122
3.12945
3.130125
3.133175
3.145975
3.17075
3.173125
3.173275
3.17855
3.18025
3.184125
3.1856
3.18565
3.191425
3.200975
3.20545
3.213
3.216875
3.225775
3.249675
3.271475
3.34715
3.357075
3.364775
3.368925
3.37575
3.4015
3.407675
3.411525
3.412825
3.4158
3.425225
3.4309
3.4348
3.4362
3.437325
3.4405
3.446775
3.455925
3.456925
3.457525
3.460775
3.461875
3.4702
3.476725
3.47745
3.487
3.490925
3.493875
3.513075
3.536125
3.561675
3.569675
3.581275
3.60135
3.6014
3.60745
3.63395
3.65465
3.683
3.701275
3.71385
3.717275
3.720475
3.72695
3.731275
3.743625
3.752625
3.7535
3.787725
3.805975
3.810475
3.811625
3.82975
3.832075
3.8812
3.923175
3.92815
3.933475
3.954225
3.97035
4.000475
4.000525
4.0043
4.0117
4.0134
4.02095
4.0231
4.043075
4.04605
4.047175
4.0538
4.0556
4.086975
4.09005
4.096775
4.1022
4.11125
4.11385
4.118375
4.130425
4.135075
4.14835
4.148975
4.1543
4.156325
4.166075
4.19815
4.20275
4.214775
4.22375
4.26975
4.276175
4.281975
4.306975
4.3081
4.31065
4.3147
4.3231
4.3297
4.33355
4.33835
4.361925
4.368275
4.3817
4.405675
4.426475
4.441425
4.45245
4.4848
4.4927
4.501225
4.507225
4.5172
4.52085
4.525225
4.531825
4.5588
4.5735
4.601925
4.604625
4.60715
4.61355
4.616125
4.61745
4.61805
4.61895
4.620075
4.6204
4.6231
4.627675
4.634125
4.635175
4.63905
4.645925
4.64775
4.650725
4.65205
4.6678
4.676425
4.679725
4.683525
4.70165
4.71085
4.7115
4.7131
4.743825
4.746525
4.75285
4.770575
4.771925
4.772425
4.8397
4.84
4.855925
4.8675
4.867825
4.9006
4.90425
4.908525
4.92145
4.92755
4.943075
4.967075
4.96735
4.967775
4.97375
4.975175
4.97665
4.978975
4.9792
4.98265
4.993725
5.0014
5.003275
5.005925
5.018125
5.02875
5.030375
5.040425
5.072075
5.076825
5.081775
5.104325
5.1188
5.13175
5.204175
5.207975
5.21175
5.220925
5.227175
5.2279
5.2298
5.24155
5.249225
5.250625
5.2648
5.269925
5.279625
5.282775
5.29985
5.307575
5.3133
5.314825
5.37075
5.38735
5.389775
5.40645
5.42015
5.449975
5.471125
5.5036
5.509
5.513775
5.522125
5.532325
5.536375
5.54065
5.5429
5.549375
5.560075
5.5728
5.57645
5.580175
5.5832
5.584525
5.587
5.5914
5.591425
5.601225
5.60685
5.619225
5.6266
5.6338
5.6387
5.640875
5.6421
5.664775
5.682025
5.71675
5.75865
5.79115
5.801075
5.8036
5.81705
5.8352
5.84955
5.850475
5.852075
5.861225
5.87605
5.8767
5.87955
5.905375
5.9382
5.987225
5.993575
5.994375
6.043
6.0476
6.0529
6.068175
6.069275
6.081375
6.083325
6.083375
6.102625
6.155275
6.2102
6.229375
6.237525
6.2449
6.251175
6.264825
6.26565
6.269625
6.281475
6.28265
6.300525
6.313275
6.33825
6.3403
6.347375
6.362625
6.38355
6.4044
6.40865
6.409175
6.41065
6.4139
6.41565
6.4214
6.4238
6.430975
6.45245
6.4761
6.504125
6.516025
6.54145
6.5471
6.5478
6.563225
6.57085
6.5773
6.6143
6.6295
6.6526
6.70755
6.711625
6.71775
6.72705
6.73395
6.735175
6.7427
6.744525
6.7447
6.752925
6.766575
6.7741
6.7804
6.79655
6.802125
6.8031
6.8084
6.809875
6.812725
6.82445
6.845725
6.8568
6.8754
6.882875
6.917625
6.92005
6.958
7.003025
7.006325
7.008875
7.01125
7.014175
7.01475
7.02345
7.023475
7.026475
7.032775
7.06635
7.071575
7.07745
7.10375
7.113725
7.125475
7.1605
7.174075
7.179
7.1824
7.19515
7.212325
7.240075
7.281675
7.292325
7.303925
7.3055
7.3079
7.30935
7.3199
7.325525
7.339725
7.345175
7.355025
7.367125
7.377075
7.399325
7.399475
7.40155
7.447525
7.452
7.4663
7.46785
7.47045
7.565925
7.5848
7.605875
7.608575
7.610225
7.6172
7.617425
7.62795
7.648675
7.65655
7.656725
7.658825
7.660875
7.664925
7.666775
7.667675
7.674025
7.679825
7.69055
7.70585
7.70645
7.72385
7.730425
7.7365
7.744175
7.74895
7.75365
7.7572
7.797575
7.7999
7.8047
7.81235
7.813675
7.81665
7.8289
7.901825
7.90455
7.909125
7.926725
7.93
7.933625
7.93435
7.934475
7.963425
7.96775
7.9859
8.0393
8.042225
8.1691
8.2031
8.205275
8.2072
8.2085
8.209125
8.210625
8.22275
8.22385
8.23385
8.248875
8.26435
8.2657
8.276025
8.298225
8.310775
8.31595
8.316375
8.352675
8.3647
8.3942
8.408425
8.416175
8.44915
8.47835
8.4906
8.50065
8.500775
8.500825
8.505875
8.50845
8.51255
8.518525
8.520825
8.52115
8.521175
8.52975
8.5306
8.53095
8.53145
8.5441
8.549125
8.55535
8.5577
8.574675
8.6147
8.61875
8.636725
8.638
8.668725
8.681275
8.70475
8.7053
8.730525
8.7411
8.7497
8.758275
8.7596
8.7738
8.775825
8.80305
8.8035
8.808125
8.80885
8.8376
8.8384
8.842675
8.84625
8.85045
8.85245
8.854425
8.861175
8.88445
8.88855
8.9033
8.91625
8.916775
8.972425
8.9736
9.000125
9.009925
9.01035
9.0362
9.0619
798
