0.06995
0.10775
0.1116
0.112025
0.114975
0.118975
0.121
0.122775
0.124925
0.12545
0.127225
0.12985
0.132775
0.135825
0.141925
0.145475
0.147975
0.1653
0.17045
0.18145
0.18945
0.2021
0.2037
0.23515
0.2383
0.254775
0.327275
0.339075
0.3443
0.3458
0.358125
0.36325
0.373525
0.37605
0.383725
0.404925
0.40585
0.412075
0.414925
0.41745
0.420525
0.4325
0.436875
0.443525
0.45595
0.46545
0.480075
0.482525
0.502175
0.5027
0.505525
0.51245
0.519075
0.5319
0.542575
0.551775
0.582425
0.600625
0.60085
0.624675
0.62715
0.64275
0.6726
0.7057
0.70575
0.705975
0.709375
0.711125
0.716125
0.7185
0.72155
0.742925
0.7769
0.7803
0.784075
0.7858
0.827575
0.832425
0.839325
0.84465
0.84835
0.858575
0.860975
0.895025
0.9095
0.9192
0.9284
0.93005
0.9382
0.939
0.9572
1.00485
1.00725
1.015675
1.015925
1.01635
1.02705
1.03255
1.0342
1.034325
1.048
1.0544
1.058525
1.0932
1.09515
1.09565
1.097025
1.09865
1.1109
1.1126
1.1147
1.134325
1.180775
1.1848
1.202025
1.21805
1.2218
1.288825
1.30195
1.30215
1.302775
1.30345
1.3069
1.3108
1.31375
1.332875
1.333525
1.343925
1.3491
1.359025
1.3642
1.379075
1.38405
1.4007
1.40235
1.41285
1.422275
1.445
1.44875
1.48605
1.569125
1.6106
1.6466
1.666675
1.66705
1.679425
1.679775
1.699
1.7106
1.7141
1.7171
1.720825
1.740675
1.7546
1.75665
1.779225
1.781625
1.81095
1.8159
1.874925
1.9062
1.9082
1.90895
1.90915
1.9108
1.92115
1.936325
1.95525
1.96255
1.97055
1.9869
1.993175
2.006975
2.035525
2.071075
2.1029
2.126475
2.182325
2.204325
2.216325
2.218525
2.22015
2.227825
2.229225
2.234325
2.251525
2.25185
2.253675
2.2566
2.27085
2.302
2.30435
2.32105
2.3262
2.339725
2.343025
2.344725
2.348225
2.3496
2.366975
2.371975
2.3722
2.398825
2.4184
2.424875
2.4569
2.47535
2.481825
2.505775
2.5078
2.507925
2.508975
2.5138
2.546425
2.567725
2.579325
2.579475
2.60075
2.6128
2.62885
2.6383
2.64715
2.687175
2.690125
2.6972
2.709
2.7158
2.73035
2.741175
2.74875
2.758475
2.75945
2.786875
2.7944
2.8052
2.805925
2.8196
2.830075
2.85045
2.869575
2.874175
2.8762
2.89065
2.8971
2.9229
2.9266
2.92755
2.929575
2.92985
2.936125
2.9475
2.9548
2.979775
2.98615
3.004525
3.05655
3.0573
3.065225
3.0973
3.105375
3.1107
3.113925
3.119275
3.12405
3.128625
3.189025
3.2054
3.206475
3.20755
3.2198
3.222325
3.222625
3.232475
3.26395
3.278525
3.278875
3.2819
3.291925
3.296225
3.316575
3.3217
3.3878
3.389525
3.400775
3.400875
3.40135
3.40625
3.411725
3.423775
3.4267
3.4293
3.44315
3.453225
3.453925
3.456675
3.45935
3.4627
3.4729
3.4777
3.48125
3.4928
3.49775
3.5044
3.5067
3.527425
3.57145
3.572275
3.576475
3.58785
3.6009
3.639575
3.6403
3.66535
3.6862
3.705475
3.70835
3.7163
3.732575
3.734
3.737175
3.73815
3.741125
3.7446
3.7567
3.7668
3.789125
3.79155
3.8077
3.824975
3.829325
3.833175
3.8495
3.864025
3.889475
3.982325
4.00675
4.00925
4.010525
4.0125
4.015
4.021575
4.0231
4.024625
4.03465
4.04115
4.05245
4.0534
4.056425
4.06065
4.0671
4.068825
4.073625
4.087275
4.093775
4.099125
4.120325
4.136
4.1461
4.18165
4.19965
4.215875
4.23375
4.258225
4.2692
4.274625
4.286175
4.28875
4.300625
4.307275
4.31295
4.316725
4.31705
4.31945
4.324975
4.326425
4.32685
4.347775
4.3689
4.37105
4.4078
4.428625
4.43485
4.442275
4.448125
4.45105
4.45395
4.471525
4.537325
4.55725
4.56875
4.586125
4.602725
4.606925
4.629525
4.637625
4.6403
4.6414
4.6515
4.6551
4.674175
4.689125
4.69355
4.70955
4.725175
4.734725
4.7527
4.75905
4.78285
4.791925
4.797275
4.799725
4.808175
4.808775
4.834775
4.838975
4.841425
4.849225
4.85145
4.881325
4.8836
4.913275
4.925025
4.93805
4.938575
4.939175
4.9984
5.046225
5.0574
5.05825
5.079275
5.091875
5.096975
5.10055
5.112
5.121975
5.1433
5.212225
5.2207
5.23675
5.239
5.241
5.243125
5.247425
5.248125
5.251025
5.2519
5.25245
5.253175
5.2683
5.2773
5.29585
5.307875
5.313275
5.324575
5.325375
5.327325
5.347125
5.354875
5.35545
5.388175
5.39185
5.393925
5.408125
5.4246
5.4278
5.459925
5.4899
5.510675
5.566775
5.58605
5.587275
5.5917
5.59595
5.61315
5.623275
5.638425
5.668025
5.672425
5.709075
5.716775
5.72165
5.7313
5.741675
5.753275
5.753675
5.7625
5.802525
5.81445
5.8165
5.81885
5.820475
5.8271
5.828
5.82945
5.838975
5.8412
5.8565
5.858575
5.867975
5.86895
5.87385
5.874125
5.8975
5.900875
5.937225
5.9649
5.970975
5.9713
5.9837
5.99985
6.0122
6.03465
6.03825
6.046225
6.04785
6.065125
6.100275
6.1073
6.1089
6.10935
6.11545
6.1196
6.124525
6.128
6.14685
6.16335
6.164075
6.164425
6.16495
6.172475
6.1917
6.19195
6.192525
6.197225
6.210125
6.2116
6.2208
6.227025
6.242775
6.248425
6.260875
6.267875
6.270925
6.2727
6.2757
6.304375
6.3195
6.319525
6.34345
6.3708
6.373925
6.373975
6.376675
6.387325
6.403125
6.436075
6.437275
6.440975
6.446175
6.4609
6.462875
6.4632
6.464425
6.47025
6.476925
6.483925
6.488675
6.48935
6.4992
6.51125
6.5174
6.547925
6.573575
6.5784
6.598575
6.599925
6.712175
6.72515
6.729075
6.74025
6.74525
6.758675
6.760075
6.761825
6.771075
6.780025
6.78535
6.79095
6.79895
6.820675
6.82325
6.86675
6.866975
6.88595
6.899375
6.960875
6.975975
6.984675
7.0009
7.003225
7.026375
7.034675
7.036975
7.039
7.04335
7.0458
7.047375
7.04855
7.055325
7.0597
7.08
7.082925
7.0841
7.09705
7.101525
7.102475
7.103825
7.1168
7.126375
7.232075
7.249975
7.251475
7.27835
7.302175
7.30245
7.303075
7.3129
7.318925
7.334475
7.349775
7.357125
7.364725
7.371225
7.37875
7.3854
7.387225
7.391675
7.3919
7.39975
7.4014
7.402
7.446
7.45115
7.460925
7.481
7.48765
7.50985
7.510825
7.511375
7.5154
7.552375
7.556075
7.556375
7.573975
7.60345
7.604525
7.605175
7.606625
7.612125
7.62175
7.624175
7.624625
7.624725
7.6296
7.629725
7.64495
7.659575
7.6641
7.6655
7.672125
7.689825
7.699
7.71615
7.734275
7.734975
7.7376
7.73885
7.77535
7.7789
7.779825
7.7962
7.809475
7.81805
7.82295
7.874075
7.8875
7.887975
7.90035
7.923375
7.9284
7.92855
7.93975
7.94415
7.95195
7.959425
7.9628
7.9683
7.9719
7.99405
8.00395
8.0058
8.029625
8.040225
8.042025
8.052575
8.056575
8.0611
8.065525
8.0773
8.078
8.09
8.1011
8.10455
8.110775
8.1334
8.16995
8.1715
8.201875
8.2296
8.253375
8.2664
8.2723
8.2787
8.2859
8.2996
8.335
8.341075
8.3616
8.3628
8.3982
8.4049
8.4271
8.4653
8.500575
8.50685
8.5137
8.516475
8.5306
8.53515
8.552525
8.56645
8.56895
8.58085
8.584725
8.584775
8.602925
8.603325
8.61335
8.61615
8.62435
8.624675
8.628425
8.647025
8.653
8.66665
8.671675
8.69745
8.7396
8.744425
8.770875
8.775125
8.798725
8.8048
8.8086
8.831775
8.838775
8.840125
8.8483
8.856075
8.85965
8.87815
8.886075
8.893525
8.904825
8.911
8.916
8.9685
8.9824
8.988
8.99185
9.007425
9.017925
9.037325
9.06575
9.0714
785
