0.10055
0.1009
0.1035
0.118325
0.13605
0.1425
0.148075
0.153325
0.16385
0.17465
0.1813
0.183775
0.2043
0.220175
0.2315
0.2465
0.267175
0.26865
0.276025
0.293525
0.298225
0.306775
0.3231
0.329025
0.34105
0.3446
0.35875
0.3759
0.378175
0.381075
0.39495
0.40575
0.408
0.413925
0.41775
0.424625
0.4251
0.42655
0.4373
0.442675
0.4593
0.482725
0.495925
0.50915
0.5112
0.512175
0.51905
0.5215
0.5222
0.52475
0.52935
0.537275
0.5457
0.552525
0.565675
0.569725
0.5708
0.586775
0.5926
0.5934
0.5987
0.62445
0.6437
0.654675
0.7011
0.7099
0.726475
0.726575
0.73485
0.735275
0.736425
0.742675
0.74835
0.75915
0.761
0.770875
0.788375
0.798525
0.813775
0.8178
0.820225
0.8261
0.8486
0.87645
0.882525
0.89215
0.89615
0.8997
0.902825
0.914775
0.9409
0.945875
0.986225
1.003275
1.008275
1.0153
1.0313
1.037325
1.039025
1.039125
1.060525
1.061375
1.0627
1.0673
1.071725
1.079725
1.08505
1.090175
1.10105
1.114775
1.119425
1.135725
1.157625
1.158475
1.166225
1.2051
1.215975
1.234425
1.236425
1.251525
1.2573
1.301925
1.304375
1.31185
1.312575
1.320775
1.32315
1.32475
1.3462
1.346575
1.348475
1.353
1.3626
1.3708
1.376225
1.42355
1.4537
1.484275
1.566925
1.5708
1.594725
1.603575
1.604675
1.60695
1.6145
1.62575
1.6261
1.62775
1.6368
1.6392
1.642525
1.644825
1.65685
1.659775
1.68975
1.69145
1.701125
1.705475
1.7184
1.7234
1.726
1.733375
1.76165
1.77035
1.774975
1.8051
1.819325
1.855675
1.862625
1.91575
1.919825
1.92615
1.92785
1.9308
1.940025
1.940625
1.95
1.966725
1.9675
1.982375
1.98555
2.031975
2.0366
2.03925
2.042525
2.042725
2.053475
2.060075
2.06235
2.062725
2.10365
2.1313
2.132425
2.135875
2.1575
2.1875
2.21695
2.2175
2.218675
2.22345
2.2278
2.23515
2.242525
2.257875
2.262175
2.26755
2.2757
2.28365
2.312675
2.328475
2.33435
2.343275
2.3451
2.373325
2.3824
2.396525
2.396925
2.398125
2.4117
2.4752
2.486075
2.520025
2.5225
2.5271
2.52755
2.5288
2.532475
2.536775
2.5397
2.5398
2.543025
2.5474
2.54955
2.5531
2.56775
2.57295
2.57465
2.59465
2.5963
2.596475
2.60565
2.6146
2.6155
2.6253
2.645975
2.6466
2.655075
2.657675
2.671375
2.68625
2.69045
2.704825
2.727275
2.732625
2.747725
2.74845
2.7704
2.80185
2.802525
2.8127
2.818975
2.820325
2.822925
2.8235
2.8269
2.830375
2.844075
2.8454
2.84655
2.852175
2.85985
2.86425
2.86985
2.873375
2.8854
2.88655
2.905875
2.90605
2.90645
2.9117
2.91895
2.9286
2.968725
2.98255
2.984775
3.01085
3.0342
3.048825
3.103325
3.106825
3.12
3.1273
3.1336
3.134025
3.137275
3.14665
3.14865
3.15065
3.151975
3.15325
3.1696
3.1986
3.209825
3.217625
3.225775
3.259375
3.262275
3.299325
3.3044
3.327875
3.330375
3.3609
3.401525
3.4052
3.4086
3.4197
3.4305
3.44595
3.4835
3.495325
3.495375
3.507
3.510075
3.5137
3.52145
3.524775
3.531
3.54095
3.55675
3.559175
3.57625
3.59335
3.607525
3.616425
3.66545
3.672425
3.6749
3.6866
3.6894
3.7017
3.70435
3.708825
3.708975
3.7101
3.712325
3.71735
3.7244
3.72605
3.7319
3.73335
3.742125
3.74705
3.74725
3.75955
3.773
3.777725
3.7836
3.79365
3.7947
3.8089
3.835125
3.84825
3.885725
3.96505
3.9706
3.9738
4.00045
4.005325
4.01245
4.020225
4.029925
4.0542
4.0546
4.05495
4.057
4.057975
4.063075
4.0743
4.0806
4.092625
4.102925
4.117975
4.120125
4.133825
4.137275
4.164925
4.168525
4.180125
4.19575
4.214075
4.225625
4.26795
4.27265
4.27645
4.28235
4.297475
4.303225
4.311375
4.327775
4.3378
4.3791
4.39905
4.401275
4.4057
4.413975
4.44125
4.4554
4.462075
4.47955
4.481125
4.501075
4.5113
4.522625
4.52275
4.55525
4.57685
4.60355
4.605075
4.62245
4.625225
4.63175
4.648825
4.653625
4.655775
4.6812
4.681825
4.701675
4.706175
4.718575
4.73475
4.7504
4.756025
4.81665
4.81965
4.8267
4.835625
4.83795
4.91165
4.930525
4.931975
4.9322
4.952675
4.962175
4.98215
5.001575
5.0038
5.0041
5.0102
5.010275
5.0302
5.04965
5.054975
5.1176
5.12805
5.158375
5.17435
5.183725
5.199675
5.201575
5.211025
5.213025
5.2152
5.2271
5.231225
5.240225
5.24155
5.2417
5.246525
5.253425
5.26685
5.26775
5.2823
5.300175
5.300375
5.310825
5.332625
5.3331
5.3408
5.401875
5.4073
5.430325
5.4692
5.487175
5.509375
5.514375
5.52725
5.544175
5.548675
5.55545
5.561425
5.561575
5.572475
5.607625
5.614525
5.636525
5.6431
5.649725
5.657775
5.666375
5.6687
5.67165
5.67265
5.7027
5.709725
5.71515
5.746175
5.777125
5.77915
5.800975
5.8172
5.829225
5.84645
5.847975
5.85775
5.88095
5.904825
5.9199
5.9243
5.94085
5.947
5.954325
5.958975
5.969175
5.970475
5.97295
5.994325
5.998625
6.063825
6.064475
6.0959
6.101125
6.10225
6.113175
6.1157
6.120075
6.12615
6.140175
6.14195
6.14465
6.1571
6.15795
6.17395
6.175225
6.1809
6.1893
6.204225
6.22445
6.228175
6.234525
6.2437
6.255025
6.2715
6.28355
6.294275
6.318675
6.32445
6.32725
6.328125
6.41435
6.43695
6.440625
6.441925
6.44765
6.451975
6.45445
6.4666
6.475325
6.48145
6.482225
6.48885
6.492525
6.4931
6.54835
6.551475
6.60925
6.637
6.63705
6.6714
6.7005
6.701675
6.705025
6.7093
6.7158
6.719975
6.724425
6.726225
6.7299
6.734525
6.734675
6.742375
6.746975
6.75885
6.7614
6.769
6.779375
6.781325
6.790125
6.7907
6.79485
6.802975
6.80475
6.807425
6.827475
6.82945
6.8349
6.849575
6.89535
6.898025
6.97955
6.990575
6.9909
7.00225
7.004525
7.00805
7.011625
7.025925
7.027025
7.0528
7.05975
7.067375
7.0682
7.068375
7.074825
7.081775
7.10195
7.11485
7.12155
7.132275
7.1349
7.172325
7.17555
7.179725
7.18445
7.21675
7.2752
7.28215
7.2969
7.331475
7.335475
7.337
7.339375
7.343125
7.34315
7.349075
7.357175
7.358725
7.364325
7.376025
7.3799
7.385525
7.407975
7.408825
7.418375
7.4191
7.42325
7.468075
7.545325
7.569075
7.593375
7.6131
7.6173
7.62145
7.622675
7.640925
7.66455
7.70435
7.70515
7.72605
7.738675
7.768
7.769075
7.7816
7.78955
7.79675
7.82025
7.843375
7.8586
7.87285
7.887575
7.902
7.903
7.907425
7.91495
7.9265
7.931975
7.940625
7.9613
7.9676
7.9692
7.970075
7.9753
7.9758
7.977725
7.985625
7.99915
8.0096
8.01045
8.01275
8.032275
8.06935
8.077925
8.095525
8.2074
8.216175
8.22815
8.2552
8.260375
8.26195
8.267575
8.26885
8.270475
8.2766
8.28385
8.298475
8.308075
8.3146
8.324075
8.3253
8.327675
8.33495
8.335525
8.362825
8.3658
8.3722
8.387275
8.402075
8.409975
8.44245
8.466325
8.48345
8.511825
8.51885
8.52005
8.521625
8.5252
8.5332
8.536925
8.5411
8.542325
8.545375
8.55375
8.564425
8.57355
8.576825
8.607175
8.60725
8.628675
8.6394
8.64195
8.642725
8.6463
8.663025
8.702275
8.7918
8.792375
8.796925
8.801175
8.811925
8.813425
8.822675
8.838925
8.849975
8.863975
8.87455
8.875775
8.88845
8.89485
8.91825
8.9258
8.93045
8.934075
8.986075
9.003625
9.015825
9.050625
775
