0.130725
0.134
0.1418
0.143325
0.14485
0.1489
0.1512
0.16175
0.1689
0.173125
0.179625
0.212075
0.2168
0.2494
0.256125
0.259275
0.261725
0.268625
0.279425
0.299975
0.37605
0.400125
0.401175
0.410625
0.4188
0.419225
0.42075
0.422575
0.423225
0.429225
0.434
0.43525
0.4412
0.46985
0.4703
0.475775
0.47865
0.49765
0.498425
0.5029
0.50945
0.524225
0.526075
0.541975
0.561025
0.562725
0.5776
0.6002
0.61785
0.701425
0.701775
0.716625
0.720975
0.723
0.734175
0.74325
0.748825
0.791375
0.804125
0.806075
0.8062
0.830825
0.839825
0.84705
0.8529
0.86025
0.878175
0.882175
0.8849
0.907025
0.927325
0.930225
0.93435
0.941325
0.9786
1.00215
1.010075
1.01795
1.030675
1.039525
1.055375
1.056475
1.0571
1.0587
1.077625
1.07935
1.086975
1.099125
1.109975
1.1149
1.1237
1.126925
1.1367
1.137575
1.141375
1.175225
1.1768
1.179875
1.183325
1.18495
1.212475
1.217075
1.218725
1.227025
1.239725
1.2865
1.30345
1.304525
1.3066
1.307675
1.318725
1.323175
1.32545
1.327125
1.34075
1.357525
1.3708
1.38455
1.386825
1.387
1.396775
1.4013
1.401575
1.431575
1.441175
1.464475
1.481475
1.48435
1.4851
1.489225
1.511625
1.581275
1.59495
1.6107
1.611725
1.622925
1.6244
1.631475
1.63405
1.647225
1.65055
1.657075
1.670575
1.68245
1.699825
1.725875
1.729875
1.73765
1.76495
1.76535
1.780025
1.80095
1.815475
1.845875
1.8658
1.88665
1.91265
1.913075
1.918375
1.923425
1.923475
1.9366
1.93775
1.9474
1.959225
1.959325
1.965075
1.98215
1.9906
2.001075
2.002225
2.005375
2.01375
2.0399
2.040325
2.04825
2.0682
2.101875
2.147225
2.158725
2.15935
2.165275
2.187225
2.19405
2.19525
2.203525
2.207625
2.232575
2.240825
2.243275
2.2488
2.25035
2.278525
2.2797
2.2824
2.283175
2.28905
2.304425
2.313225
2.317125
2.344725
2.34595
2.36555
2.377925
2.416825
2.4666
2.467575
2.4781
2.505625
2.525325
2.526325
2.5306
2.5325
2.53275
2.53455
2.5435
2.54645
2.552575
2.554825
2.555
2.55695
2.559025
2.5694
2.5708
2.613425
2.617325
2.62155
2.626375
2.6327
2.633225
2.642175
2.6425
2.643675
2.6463
2.655175
2.660375
2.663875
2.67695
2.683325
2.6842
2.6965
2.719875
2.7845
2.802275
2.804475
2.806275
2.80755
2.819675
2.821275
2.823
2.82725
2.82945
2.832975
2.835675
2.838825
2.872
2.89345
2.901125
2.905
2.927125
2.927375
2.951
2.963525
2.96835
2.972675
3.010725
3.0341
3.0449
3.053775
3.05725
3.1157
3.118375
3.1208
3.143575
3.15325
3.155725
3.1582
3.178475
3.199175
3.201925
3.217025
3.245875
3.2614
3.2996
3.3219
3.328825
3.34525
3.3454
3.360525
3.39825
3.416275
3.426925
3.432825
3.434375
3.4387
3.443425
3.4478
3.4783
3.4911
3.51545
3.555025
3.582025
3.648925
3.72135
3.74535
3.745525
3.7535
3.76735
3.7676
3.772875
3.780525
3.7828
3.801375
3.826525
3.835075
3.835425
3.83775
3.85225
3.8545
3.86995
3.912575
3.934725
3.9526
3.985525
3.991275
3.99375
4.002175
4.008475
4.009525
4.0135
4.0167
4.0196
4.02345
4.023575
4.024325
4.034525
4.03465
4.038225
4.040675
4.047875
4.068675
4.093275
4.096675
4.102425
4.12205
4.127225
4.1492
4.183725
4.206525
4.23215
4.233575
4.23375
4.24135
4.266975
4.273275
4.2738
4.30185
4.30315
4.303775
4.305925
4.307825
4.308575
4.323825
4.329925
4.334475
4.3414
4.347975
4.35785
4.369275
4.3699
4.382725
4.39035
4.40335
4.415375
4.428875
4.42995
4.4303
4.4352
4.437
4.4874
4.49065
4.5119
4.5132
4.523575
4.5333
4.55445
4.56415
4.574
4.5917
4.591925
4.60255
4.609575
4.62105
4.640175
4.643425
4.6437
4.648475
4.652325
4.6527
4.655975
4.662425
4.68645
4.6941
4.7223
4.731925
4.738075
4.74135
4.7438
4.7463
4.754
4.7552
4.78435
4.7844
4.871125
4.914125
4.916325
4.9187
4.919075
4.92215
4.9331
4.93375
4.9364
4.947825
4.959175
4.992075
5.00125
5.0286
5.0374
5.05615
5.07365
5.086875
5.0997
5.127425
5.152625
5.20215
5.216175
5.22515
5.229
5.233125
5.245425
5.2615
5.263225
5.27045
5.2722
5.27365
5.278125
5.292375
5.29925
5.31605
5.321475
5.3413
5.351525
5.3697
5.384575
5.393225
5.41325
5.414125
5.419325
5.426475
5.4649
5.4771
5.50735
5.511725
5.5503
5.561825
5.59365
5.595575
5.6167
5.62025
5.625725
5.6374
5.669525
5.7162
5.748475
5.751625
5.767675
5.801225
5.812875
5.81545
5.8255
5.83835
5.872525
5.876575
5.8783
5.891275
5.9141
5.933175
5.959475
5.982775
6.0053
6.006825
6.035
6.1001
6.1071
6.107525
6.108
6.11235
6.1221
6.125975
6.13215
6.14115
6.14175
6.1536
6.15675
6.158025
6.158075
6.16735
6.176275
6.185975
6.226825
6.2397
6.239975
6.24195
6.24725
6.25505
6.256525
6.276375
6.27885
6.281225
6.299325
6.304375
6.322425
6.3559
6.35825
6.407325
6.4091
6.4256
6.434175
6.4517
6.453
6.4536
6.455425
6.46035
6.467525
6.496925
6.523925
6.537875
6.54195
6.5461
6.559125
6.58235
6.616125
6.6273
6.63745
6.644
6.644325
6.6717
6.678175
6.6821
6.686325
6.68735
6.7024
6.705625
6.70605
6.71325
6.716325
6.7371
6.741825
6.749775
6.75335
6.75655
6.7708
6.78025
6.7985
6.798975
6.8067
6.8258
6.843
6.8456
6.85275
6.85445
6.8625
6.874
6.908275
6.909
6.9114
6.91925
6.9238
6.932825
6.94165
6.96035
6.963125
7.006875
7.01285
7.018725
7.02175
7.028425
7.03765
7.03895
7.041475
7.041675
7.0449
7.04935
7.051225
7.0613
7.06475
7.0649
7.074275
7.097675
7.10465
7.1196
7.125175
7.140425
7.14385
7.17645
7.1852
7.18875
7.205875
7.212025
7.217625
7.225325
7.29095
7.3064
7.307025
7.3181
7.320875
7.354875
7.364675
7.3757
7.3767
7.397525
7.40045
7.40125
7.4699
7.5125
7.539825
7.54855
7.55615
7.603575
7.604725
7.60515
7.61435
7.61595
7.6164
7.6265
7.6289
7.630775
7.633
7.643775
7.64565
7.650675
7.655675
7.6577
7.66115
7.66645
7.66815
7.668975
7.678925
7.698
7.70845
7.714625
7.7238
7.759275
7.762725
7.766875
7.772525
7.840575
7.872475
7.8725
7.90555
7.90965
7.909875
7.911675
7.92545
7.929175
7.955675
7.956975
7.957675
7.965625
7.97125
7.971775
7.972275
7.978375
7.986325
7.988825
7.995575
8.0449
8.046075
8.0489
8.06585
8.07995
8.11475
8.117275
8.122225
8.1274
8.127525
8.160975
8.189625
8.200375
8.201475
8.2123
8.22375
8.237325
8.25025
8.250575
8.26175
8.270125
8.276375
8.278325
8.283925
8.289925
8.30265
8.30635
8.306875
8.313825
8.31405
8.314925
8.33155
8.33315
8.334275
8.367825
8.369075
8.369425
8.37845
8.384025
8.38855
8.392625
8.39285
8.393725
8.440975
8.44385
8.4449
8.465475
8.473125
8.492725
8.50085
8.502825
8.507775
8.508775
8.5093
8.516075
8.53715
8.551475
8.5542
8.561725
8.56185
8.569625
8.571575
8.58255
8.586775
8.594525
8.605975
8.608825
8.614525
8.623575
8.6236
8.628675
8.63485
8.643475
8.644975
8.64995
8.660325
8.693225
8.717575
8.753675
8.763675
8.763725
8.80025
8.8006
8.804625
8.810275
8.8114
8.8148
8.8156
8.81685
8.8209
8.827375
8.831
8.835125
8.835375
8.842975
8.84425
8.847325
8.851075
8.866275
8.8748
8.888175
8.9016
8.9205
8.960625
8.980725
8.994225
8.996675
8.996975
9.00145
9.003325
9.0045
9.0094
9.0305
9.06675
9.0869
9.0881
792
