0.0462
0.100175
0.1042
0.107125
0.11925
0.127175
0.1419
0.159675
0.171
0.19
0.209025
0.22195
0.2306
0.23645
0.24975
0.25395
0.25755
0.25905
0.2644
0.265675
0.267375
0.273375
0.2762
0.276225
0.29965
0.312525
0.34855
0.355625
0.3887
0.3922
0.40415
0.4051
0.406325
0.40795
0.4101
0.411925
0.4355
0.4399
0.4409
0.44605
0.4483
0.451825
0.453375
0.479175
0.48435
0.515725
0.52925
0.5312
0.5333
0.5413
0.55885
0.563
0.5639
0.5647
0.564875
0.589475
0.602625
0.62145
0.63915
0.640625
0.670075
0.69335
0.70575
0.70595
0.70905
0.710375
0.72725
0.728875
0.731025
0.7335
0.7365
0.749175
0.754225
0.763675
0.787425
0.7927
0.805975
0.815625
0.8256
0.829425
0.8961
0.966925
0.982925
0.984475
0.989025
1.0004
1.00105
1.010725
1.014725
1.0154
1.034725
1.044175
1.0532
1.06775
1.077425
1.085475
1.10225
1.11435
1.116675
1.119775
1.141725
1.178
1.17895
1.2177
1.2218
1.224825
1.276925
1.30555
1.31405
1.3146
1.3214
1.323
1.3245
1.3407
1.343325
1.347575
1.34805
1.375375
1.377475
1.383475
1.38515
1.407275
1.41235
1.41875
1.441025
1.474325
1.47965
1.489625
1.517575
1.53
1.533075
1.548725
1.549175
1.55245
1.557775
1.582675
1.5898
1.6024
1.620425
1.640225
1.641975
1.6427
1.649675
1.65125
1.6539
1.67645
1.677075
1.68475
1.69335
1.696825
1.696975
1.714275
1.7208
1.73475
1.741925
1.7449
1.75115
1.75495
1.776525
1.790775
1.798175
1.798925
1.802275
1.8121
1.843125
1.845075
1.8653
1.868325
1.876075
1.90705
1.9083
1.908425
1.918975
1.9258
1.93675
1.9398
1.9573
1.9581
1.96055
1.97005
1.997775
2.010875
2.0467
2.0482
2.050375
2.0523
2.053575
2.06125
2.06245
2.078775
2.133925
2.166775
2.183975
2.1899
2.1929
2.201575
2.2053
2.214475
2.230175
2.232475
2.247125
2.247375
2.257725
2.26105
2.2624
2.286725
2.29475
2.3331
2.342425
2.372475
2.391725
2.395175
2.41145
2.5166
2.5269
2.5304
2.530425
2.5363
2.5514
2.558975
2.566825
2.57585
2.587725
2.593925
2.606425
2.6128
2.6176
2.6196
2.646225
2.6486
2.65005
2.663675
2.682375
2.70005
2.70335
2.731775
2.742375
2.81345
2.81685
2.817075
2.819425
2.819975
2.8224
2.825725
2.83105
2.83415
2.85265
2.855475
2.8564
2.869875
2.872475
2.8745
2.87475
2.886075
2.8996
2.899975
2.91125
2.919475
2.941625
2.944475
2.945025
2.94535
2.9461
2.9776
2.981275
3.004825
3.006525
3.0248
3.074575
3.10165
3.11155
3.112325
3.140775
3.14155
3.151175
3.153625
3.155275
3.15985
3.1739
3.18525
3.19315
3.204525
3.204825
3.20535
3.21915
3.224875
3.230375
3.231825
3.2611
3.26235
3.27715
3.2806
3.2999
3.338575
3.3759
3.4008
3.4038
3.4104
3.412575
3.429525
3.43175
3.43395
3.4378
3.440075
3.45935
3.46005
3.46945
3.4783
3.4808
3.491125
3.512125
3.516075
3.53705
3.5543
3.5702
3.585625
3.596175
3.603225
3.61765
3.6534
3.684775
3.70705
3.707175
3.711625
3.713
3.713725
3.71755
3.72085
3.724375
3.7396
3.74025
3.740525
3.7415
3.74825
3.750025
3.7815
3.789275
3.830475
3.841275
3.8521
3.87335
3.88755
3.893775
3.903275
3.952675
3.987425
4.001275
4.004075
4.005125
4.006375
4.013425
4.015825
4.02105
4.022475
4.0538
4.062475
4.065175
4.0667
4.067125
4.07225
4.075825
4.0872
4.089425
4.126
4.1304
4.1388
4.141475
4.1943
4.19855
4.212075
4.219625
4.232075
4.23275
4.266925
4.2767
4.310725
4.312775
4.327925
4.33575
4.346375
4.353625
4.354875
4.362225
4.372725
4.374075
4.3808
4.38295
4.383475
4.3916
4.39415
4.401025
4.407025
4.4083
4.40925
4.4372
4.439775
4.45655
4.4676
4.48095
4.52615
4.534425
4.57075
4.604
4.606725
4.613725
4.616575
4.62065
4.623225
4.623675
4.627725
4.633575
4.642375
4.644425
4.646775
4.650175
4.6566
4.65665
4.66155
4.662575
4.677875
4.67995
4.69265
4.694475
4.6945
4.698075
4.729975
4.7621
4.767925
4.788825
4.822075
4.856175
4.8971
4.90425
4.904425
4.9174
4.931475
4.939725
4.9435
4.948975
4.9578
4.9627
4.968975
4.9733
4.973775
4.9841
5.004675
5.029
5.035225
5.03715
5.070425
5.0993
5.107175
5.10845
5.1107
5.11965
5.146775
5.203
5.2082
5.20985
5.22135
5.22945
5.230725
5.23585
5.255
5.2571
5.25945
5.260975
5.27485
5.313175
5.333475
5.347525
5.37135
5.4097
5.43635
5.454175
5.500675
5.515675
5.518275
5.519675
5.5208
5.52485
5.527975
5.539275
5.5449
5.54795
5.554425
5.565
5.5651
5.572075
5.574425
5.57465
5.597925
5.608375
5.611825
5.6146
5.61925
5.6809
5.687625
5.690325
5.706475
5.707725
5.728725
5.75005
5.804025
5.8044
5.80645
5.82365
5.826475
5.826925
5.888175
5.912575
5.913675
5.93015
5.9415
5.961025
5.97375
5.994625
6.054025
6.090575
6.11185
6.12435
6.125725
6.1287
6.12905
6.139675
6.1407
6.156675
6.18285
6.1879
6.191075
6.193925
6.209225
6.2094
6.2144
6.218825
6.2252
6.22755
6.23885
6.24845
6.251975
6.272875
6.27965
6.291375
6.296425
6.323525
6.330775
6.3412
6.375975
6.38065
6.41755
6.4195
6.422125
6.42285
6.426675
6.427175
6.4323
6.435425
6.44475
6.445125
6.445725
6.455225
6.46885
6.471425
6.477925
6.479175
6.517225
6.518375
6.5317
6.53985
6.553075
6.557325
6.56925
6.598325
6.6295
6.647575
6.694525
6.7075
6.721825
6.723875
6.725425
6.726325
6.7327
6.737075
6.74435
6.74605
6.74635
6.746925
6.7479
6.792175
6.834825
6.8516
6.86755
6.8755
6.9236
6.976025
7.000275
7.0018
7.004375
7.013075
7.015375
7.024325
7.03935
7.04975
7.050625
7.064575
7.066525
7.068
7.072525
7.074475
7.077675
7.0882
7.090675
7.098825
7.113325
7.117425
7.119575
7.120825
7.1252
7.125675
7.127375
7.1426
7.16365
7.188075
7.197325
7.198825
7.20125
7.227675
7.22865
7.23385
7.308075
7.31035
7.326075
7.3283
7.332625
7.335375
7.337125
7.3376
7.34335
7.3435
7.3442
7.358925
7.359525
7.361375
7.3686
7.370075
7.373225
7.395625
7.39715
7.43925
7.442575
7.449425
7.461275
7.483325
7.4976
7.505475
7.5365
7.55965
7.569675
7.585675
7.58815
7.616025
7.617725
7.626225
7.641475
7.64165
7.642575
7.67775
7.69745
7.7045
7.709725
7.748375
7.748675
7.760075
7.7617
7.7643
7.78295
7.7838
7.790675
7.8163
7.82485
7.851275
7.8907
7.8968
7.901975
7.903975
7.9091
7.920375
7.921725
7.932275
7.942525
7.9504
7.9603
7.965375
7.96715
7.97025
8.010375
8.0134
8.0135
8.020575
8.0446
8.045275
8.046275
8.066325
8.116375
8.118775
8.11945
8.165575
8.175875
8.19115
8.2038
8.2125
8.2157
8.215825
8.217725
8.22565
8.240325
8.24115
8.249975
8.258175
8.26955
8.271
8.27205
8.296975
8.317075
8.3196
8.327325
8.34185
8.360725
8.369325
8.3806
8.393925
8.4043
8.405825
8.423825
8.435325
8.43755
8.438775
8.443525
8.502175
8.505875
8.517775
8.523775
8.52555
8.530275
8.5303
8.554125
8.55425
8.55985
8.562975
8.564075
8.56535
8.56955
8.581625
8.619675
8.6341
8.642325
8.644575
8.653225
8.67425
8.694825
8.696225
8.702375
8.70885
8.739675
8.76485
8.8079
8.811325
8.81165
8.8181
8.82995
8.84305
8.84895
8.857975
8.862875
8.87075
8.873525
8.877425
8.9062
8.90785
8.9347
8.95115
8.9697
8.97845
8.979475
8.979825
9.000225
9.014325
9.037575
788
