0.10155
0.102775
0.1098
0.114625
0.12195
0.133775
0.1475
0.156475
0.158225
0.1613
0.1751
0.1823
0.1966
0.216675
0.237625
0.241675
0.24315
0.2554
0.276075
0.282875
0.3157
0.346625
0.366425
0.370425
0.403725
0.4085
0.439325
0.4489
0.450725
0.4516
0.4644
0.466
0.467975
0.47205
0.474675
0.485
0.488775
0.508675
0.518275
0.54515
0.5626
0.5823
0.593325
0.61385
0.615425
0.616375
0.63905
0.65205
0.66685
0.678725
0.70735
0.709325
0.72905
0.732125
0.73355
0.737
0.740325
0.7552
0.75715
0.757975
0.761725
0.76785
0.77455
0.781275
0.78225
0.7951
0.7982
0.8001
0.81075
0.836225
0.85075
0.852825
0.85415
0.860375
0.86915
0.874725
0.92425
0.977275
1.0048
1.00645
1.00725
1.009025
1.01075
1.028825
1.035125
1.0435
1.061125
1.080525
1.0827
1.08915
1.107975
1.1098
1.11445
1.114675
1.130725
1.131425
1.153025
1.166775
1.1796
1.195525
1.196675
1.213725
1.2313
1.237275
1.2531
1.262125
1.2876
1.301925
1.3062
1.30815
1.32895
1.329575
1.334325
1.33515
1.34105
1.345625
1.352075
1.37275
1.389375
1.3957
1.406275
1.406775
1.412825
1.413675
1.43155
1.432825
1.442725
1.457625
1.458825
1.46735
1.4772
1.484
1.487575
1.490825
1.496425
1.5142
1.5198
1.55815
1.56285
1.5785
1.5992
1.60045
1.601225
1.603475
1.60365
1.618175
1.621075
1.624175
1.654075
1.656575
1.657825
1.6753
1.681825
1.713525
1.736025
1.740175
1.77515
1.77795
1.79905
1.8076
1.813825
1.815975
1.8221
1.835525
1.842475
1.887225
1.891025
1.92415
1.9252
1.92555
1.975525
1.985375
1.99095
1.9923
1.9955
2.0068
2.015125
2.019725
2.023675
2.03685
2.0516
2.0517
2.070425
2.089725
2.091425
2.101375
2.200825
2.21045
2.2108
2.2126
2.226575
2.2772
2.2803
2.28145
2.2831
2.28785
2.301525
2.3149
2.33035
2.3326
2.3595
2.423075
2.427825
2.4632
2.475525
2.50015
2.51085
2.530025
2.531175
2.5349
2.5356
2.538775
2.5429
2.54465
2.545325
2.562375
2.56855
2.5718
2.5725
2.583975
2.587625
2.59095
2.6074
2.616325
2.6184
2.629975
2.647875
2.66375
2.67895
2.6866
2.708
2.718
2.7216
2.730325
2.8048
2.812675
2.812975
2.8139
2.825875
2.82965
2.8314
2.8321
2.839725
2.848275
2.858525
2.903
2.919075
2.96405
2.964425
2.9775
2.980675
2.9826
2.99725
3.001525
3.008325
3.037625
3.078775
3.08095
3.1
3.101025
3.103625
3.10565
3.110725
3.113825
3.12835
3.139125
3.142375
3.1458
3.157575
3.159475
3.161475
3.167475
3.168525
3.1843
3.200175
3.2149
3.2496
3.267025
3.269625
3.269875
3.286975
3.292325
3.2975
3.3077
3.321375
3.380475
3.40275
3.4097
3.410025
3.41325
3.4289
3.43855
3.4416
3.45855
3.4734
3.47875
3.479925
3.49605
3.5068
3.523525
3.534525
3.550025
3.565575
3.571125
3.578625
3.57965
3.598775
3.601025
3.648575
3.707
3.738925
3.740875
3.746575
3.758825
3.759125
3.767075
3.77355
3.781
3.7882
3.7948
3.796475
3.82285
3.8262
3.83785
3.840075
3.843825
3.857775
3.859975
3.889225
3.911575
3.92125
3.921925
3.93395
3.977925
4.001075
4.004475
4.0097
4.010825
4.0252
4.03735
4.03985
4.0423
4.0483
4.05355
4.056075
4.07005
4.075625
4.083725
4.08845
4.103825
4.11025
4.113025
4.1153
4.13275
4.145175
4.235275
4.24085
4.249125
4.273725
4.278425
4.30595
4.309475
4.309725
4.322925
4.33705
4.34995
4.352
4.3652
4.3838
4.383925
4.3901
4.3959
4.3992
4.407525
4.40775
4.408275
4.4142
4.4279
4.43115
4.4671
4.47885
4.497475
4.51585
4.52155
4.5361
4.610675
4.6249
4.62525
4.6317
4.636675
4.639575
4.639825
4.640025
4.64055
4.65525
4.66235
4.663725
4.669475
4.67055
4.67385
4.685975
4.691275
4.70005
4.703175
4.706875
4.719025
4.7197
4.7339
4.745425
4.76685
4.7711
4.820025
4.845725
4.868625
4.9046
4.908825
4.92555
4.937925
4.939725
4.942325
4.942975
4.94395
4.94495
4.95245
4.9525
4.9643
4.972975
4.978225
4.9808
4.98625
5.011375
5.01805
5.028575
5.0343
5.0443
5.0575
5.08285
5.08935
5.11765
5.151475
5.1608
5.172475
5.1767
5.2028
5.2038
5.2045
5.211075
5.217325
5.221775
5.224025
5.237525
5.24115
5.2446
5.2457
5.2657
5.2921
5.297375
5.30225
5.31845
5.3519
5.357275
5.359475
5.4149
5.4214
5.431125
5.435575
5.454075
5.455775
5.46225
5.49085
5.504425
5.504675
5.5133
5.5149
5.517725
5.51995
5.525575
5.54055
5.5526
5.56905
5.577825
5.58595
5.5915
5.654225
5.691025
5.695275
5.711175
5.745475
5.751825
5.7519
5.79185
5.792275
5.803775
5.809625
5.81625
5.8197
5.821575
5.826375
5.833475
5.845175
5.8512
5.889725
5.890625
5.903175
5.905025
5.90705
5.936775
5.938975
5.957425
5.958775
5.9632
5.9825
5.9904
6.0767
6.1113
6.118275
6.11905
6.12615
6.1337
6.138025
6.144
6.145225
6.16175
6.174575
6.194225
6.198525
6.207525
6.2089
6.24835
6.265025
6.26805
6.280625
6.315625
6.32015
6.324675
6.360225
6.38435
6.3907
6.39845
6.40045
6.40135
6.40365
6.41295
6.414575
6.417875
6.41935
6.4326
6.434125
6.4347
6.437
6.4395
6.441175
6.44985
6.45025
6.46135
6.5221
6.5355
6.5437
6.5447
6.589575
6.6313
6.6414
6.64485
6.680325
6.70555
6.707775
6.71085
6.717125
6.7205
6.7206
6.7263
6.7338
6.7537
6.75485
6.7716
6.77205
6.779
6.786025
6.79625
6.826725
6.831
6.843625
6.845525
6.851825
6.8595
6.859525
6.865175
6.890925
6.949025
6.965325
6.9677
6.996875
7.001725
7.013875
7.0213
7.037425
7.044875
7.064725
7.067325
7.07125
7.071425
7.082525
7.097775
7.1168
7.122775
7.125475
7.138425
7.152
7.1631
7.167575
7.18455
7.2379
7.293075
7.311075
7.318025
7.32235
7.322575
7.3244
7.33
7.34195
7.351375
7.358175
7.370775
7.37175
7.37365
7.390275
7.39225
7.4091
7.415225
7.430825
7.45585
7.489725
7.501325
7.575825
7.603075
7.6032
7.60705
7.609075
7.610425
7.611425
7.611925
7.612825
7.61375
7.614475
7.614775
7.623925
7.62665
7.62685
7.627925
7.65795
7.663175
7.665625
7.666925
7.67995
7.6915
7.705925
7.716625
7.7198
7.742425
7.7464
7.750725
7.751275
7.76885
7.770375
7.79495
7.8152
7.821675
7.8355
7.844125
7.860575
7.903825
7.90515
7.9132
7.913425
7.91455
7.916025
7.91985
7.9239
7.926775
7.92985
7.9325
7.933225
7.9356
7.9465
7.949325
7.954625
7.958
7.958475
7.962525
7.964725
7.96965
7.97395
7.98635
7.986725
7.99435
7.9999
8.0006
8.023425
8.04285
8.075925
8.080175
8.1193
8.179625
8.20345
8.2053
8.221625
8.23275
8.24855
8.261625
8.2709
8.2839
8.3038
8.3211
8.33005
8.336925
8.349975
8.3516
8.36125
8.3923
8.401625
8.424975
8.4346
8.4573
8.45915
8.465425
8.482875
8.493075
8.502
8.5184
8.521375
8.543275
8.549875
8.5499
8.5561
8.56355
8.5647
8.56625
8.5773
8.599
8.599925
8.601325
8.60575
8.6246
8.642275
8.743475
8.756425
8.760475
8.8114
8.8154
8.82245
8.823
8.83065
8.83205
8.841575
8.842125
8.847075
8.858125
8.862125
8.881325
8.915975
8.926825
8.94505
8.970225
8.972475
8.97845
8.99325
9.0169
9.017575
9.021325
9.023325
9.062825
9.073
9.0744
9.091775
774
