0.113775
0.113975
0.11625
0.1382
0.14255
0.1426
0.149475
0.151075
0.15365
0.153975
0.155425
0.16575
0.1663
0.172375
0.174
0.207025
0.215
0.21625
0.225525
0.2374
0.252575
0.262725
0.264775
0.280125
0.2814
0.2922
0.32325
0.32725
0.32935
0.3437
0.399825
0.402875
0.403675
0.4043
0.423175
0.42485
0.425125
0.42755
0.43595
0.4553
0.47835
0.47965
0.48295
0.4838
0.4959
0.503425
0.506475
0.507325
0.511125
0.516375
0.51955
0.536175
0.5372
0.541525
0.5437
0.553475
0.562075
0.575425
0.57815
0.596
0.5997
0.643525
0.673
0.701025
0.7056
0.7099
0.717675
0.7248
0.73965
0.7566
0.759725
0.76615
0.7788
0.7908
0.7993
0.823325
0.827775
0.831475
0.840625
0.852725
0.874
0.89495
0.896
0.9307
1.002075
1.006575
1.0119
1.0175
1.027825
1.02925
1.030975
1.038575
1.0406
1.054125
1.064
1.081375
1.09605
1.0986
1.104425
1.12115
1.12585
1.13645
1.171125
1.230375
1.23155
1.261375
1.28755
1.304175
1.3103
1.31165
1.329725
1.332175
1.336225
1.34465
1.352175
1.3626
1.371475
1.3869
1.40655
1.418175
1.4281
1.441125
1.44425
1.4541
1.46005
1.47305
1.476525
1.47965
1.4921
1.54065
1.601875
1.602375
1.6028
1.614025
1.61835
1.61945
1.621425
1.62975
1.63085
1.6364
1.647325
1.64895
1.6553
1.6574
1.67445
1.6794
1.693075
1.695575
1.70435
1.706025
1.706375
1.7291
1.753775
1.760725
1.7777
1.817
1.820575
1.86355
1.874975
1.87955
1.89325
1.900825
1.905625
1.9161
1.922
1.9261
1.930475
1.95445
1.964475
1.966975
1.967775
1.9815
1.990275
2.0061
2.0115
2.03205
2.039775
2.0412
2.05525
2.05995
2.1164
2.12175
2.12925
2.13775
2.175175
2.184925
2.202225
2.2042
2.206575
2.21725
2.2346
2.236825
2.23965
2.240325
2.2404
2.244925
2.24575
2.2538
2.259375
2.26205
2.265525
2.278275
2.293175
2.319775
2.33325
2.3371
2.342225
2.368875
2.3736
2.377325
2.37825
2.4019
2.402625
2.41955
2.4696
2.479725
2.490475
2.500175
2.507775
2.516775
2.518075
2.522425
2.52655
2.5273
2.532975
2.5331
2.534625
2.56665
2.5698
2.572675
2.5745
2.602275
2.610075
2.6149
2.622325
2.63125
2.651425
2.6781
2.683525
2.699225
2.702
2.713725
2.7218
2.73515
2.7453
2.802725
2.804075
2.8127
2.815375
2.819975
2.82875
2.829725
2.8378
2.8527
2.854575
2.860175
2.87475
2.890675
2.895025
2.9013
2.90425
2.91005
2.914875
2.924525
2.958
2.959775
2.978175
3.028325
3.0389
3.05015
3.068125
3.085125
3.10005
3.1043
3.109625
3.1107
3.115775
3.1267
3.12845
3.142225
3.143875
3.1494
3.160925
3.1748
3.191
3.191475
3.2116
3.2129
3.2134
3.2174
3.221175
3.221725
3.237
3.237025
3.288275
3.340825
3.361025
3.4034
3.405975
3.4083
3.4108
3.42085
3.427575
3.43005
3.452
3.453275
3.5035
3.50515
3.508975
3.535825
3.570925
3.63245
3.647525
3.660525
3.70545
3.7124
3.71425
3.7458
3.757225
3.7814
3.784775
3.7862
3.789275
3.81265
3.82475
3.83325
3.834
3.84495
3.8594
3.8735
3.890325
3.89355
3.907975
3.928775
3.9631
3.987475
3.999125
4.0021
4.002425
4.00805
4.013575
4.016525
4.028575
4.029125
4.03395
4.050425
4.05265
4.0558
4.0571
4.07075
4.07245
4.07645
4.076525
4.078975
4.093925
4.102675
4.117225
4.1203
4.1372
4.139575
4.141225
4.141775
4.15
4.179175
4.18025
4.2035
4.245275
4.250075
4.265875
4.2849
4.292525
4.293
4.316525
4.3202
4.321875
4.323925
4.33315
4.3345
4.350775
4.358975
4.36365
4.3672
4.380125
4.384975
4.388825
4.3919
4.409
4.409725
4.422275
4.4245
4.42925
4.431825
4.4344
4.4473
4.4559
4.4725
4.503125
4.514575
4.516125
4.5519
4.601375
4.601925
4.6064
4.610575
4.620725
4.62125
4.623075
4.624825
4.6317
4.6334
4.650175
4.6591
4.660025
4.6651
4.668275
4.689075
4.69005
4.69285
4.6953
4.698625
4.702825
4.7065
4.713075
4.721575
4.731925
4.7416
4.74675
4.75615
4.76195
4.762025
4.764575
4.769675
4.77295
4.797175
4.7986
4.83015
4.831375
4.844475
4.8773
4.898475
4.906325
4.918175
4.918725
4.9448
4.95025
4.952625
4.95585
4.976075
4.9792
4.988975
4.9931
4.99925
5.0023
5.015625
5.0291
5.03615
5.060525
5.06225
5.0629
5.070025
5.102775
5.121925
5.126125
5.1355
5.1717
5.201725
5.201825
5.2056
5.209725
5.22445
5.2277
5.2344
5.24305
5.245425
5.253025
5.265325
5.29935
5.306575
5.317825
5.322775
5.335425
5.349225
5.35325
5.355225
5.367275
5.369575
5.37965
5.3845
5.39195
5.392225
5.3923
5.395275
5.4148
5.430975
5.443075
5.464175
5.49215
5.51195
5.5125
5.51505
5.517075
5.5295
5.530575
5.5335
5.53915
5.5468
5.564875
5.576375
5.5899
5.590975
5.6416
5.6601
5.66565
5.674725
5.6884
5.6937
5.719525
5.732425
5.7358
5.782325
5.7948
5.796425
5.80035
5.804275
5.806075
5.80665
5.80815
5.8335
5.836875
5.8443
5.858725
5.86825
5.871675
5.8737
5.875025
5.8781
5.89795
5.90515
5.90525
5.9211
5.926
5.928175
5.9329
5.96775
5.97465
5.987575
5.994325
5.99925
6.025575
6.0271
6.0276
6.03435
6.063525
6.065725
6.091125
6.093825
6.111275
6.1202
6.1256
6.126325
6.12655
6.134125
6.138925
6.13945
6.14155
6.14325
6.14445
6.146425
6.15385
6.17185
6.173525
6.180925
6.1956
6.206475
6.216725
6.216975
6.2239
6.2538
6.268275
6.283
6.318125
6.379975
6.409375
6.409625
6.426075
6.4394
6.449925
6.453325
6.458475
6.46055
6.466925
6.47415
6.4769
6.481925
6.495125
6.5089
6.51855
6.5331
6.53335
6.5353
6.540975
6.54135
6.5435
6.546725
6.5706
6.575025
6.5964
6.61565
6.6493
6.655025
6.703975
6.708425
6.711225
6.716875
6.71925
6.73195
6.74025
6.746225
6.755075
6.7559
6.768625
6.772325
6.785825
6.786975
6.803325
6.8055
6.826875
6.831625
6.85535
6.8662
6.868525
6.87005
6.8804
6.882075
6.904325
6.92845
6.92945
6.974975
6.99455
7.003225
7.00585
7.03995
7.04015
7.12035
7.124175
7.1263
7.16695
7.1835
7.207375
7.25565
7.268875
7.3016
7.3118
7.314325
7.3207
7.3364
7.33815
7.3465
7.347475
7.35515
7.372525
7.3737
7.394225
7.40415
7.4054
7.408875
7.41255
7.42005
7.4257
7.427525
7.42865
7.434475
7.445675
7.491275
7.502125
7.528225
7.528975
7.61085
7.613925
7.639525
7.63985
7.64995
7.652025
7.670225
7.675225
7.67725
7.68745
7.694325
7.694525
7.695
7.7085
7.71405
7.715525
7.7216
7.829525
7.832325
7.83355
7.838075
7.861575
7.8671
7.882125
7.884425
7.88865
7.893625
7.899525
7.90115
7.905
7.908075
7.909625
7.912975
7.924825
7.932425
7.940475
7.9636
7.966725
7.9907
7.9995
8.040025
8.05985
8.108775
8.11905
8.122775
8.12835
8.13015
8.17715
8.177775
8.191975
8.199375
8.200325
8.206825
8.2127
8.214725
8.216025
8.2175
8.22295
8.233825
8.246375
8.2474
8.25045
8.2545
8.262475
8.267225
8.26725
8.26985
8.281575
8.2859
8.2943
8.29845
8.30825
8.32045
8.323875
8.327175
8.3506
8.3534
8.364125
8.3669
8.3687
8.3771
8.38145
8.40305
8.40905
8.424225
8.484825
8.500425
8.507525
8.5217
8.522025
8.522525
8.524025
8.5268
8.5343
8.53785
8.547175
8.551275
8.552375
8.556
8.569775
8.57105
8.585
8.588575
8.600125
8.605475
8.612825
8.63345
8.6497
8.669525
8.6709
8.670975
8.71295
8.7287
8.729275
8.7345
8.736625
8.815525
8.825575
8.83215
8.833975
8.835575
8.8356
8.846875
8.852625
8.8543
8.87655
8.882125
8.88965
8.891525
8.8929
8.9494
8.956525
8.97505
8.98325
8.99365
8.9961
9.000475
9.000525
9.0034
9.02825
9.031675
9.057775
9.07945
9.0952
9.098725
822
