0.004125
0.115575
0.137075
0.137875
0.13815
0.1437
0.145175
0.14785
0.15895
0.173625
0.17685
0.17915
0.18475
0.1859
0.186175
0.187375
0.196925
0.19865
0.20465
0.216
0.2288
0.233125
0.2396
0.2398
0.243625
0.260025
0.27025
0.2849
0.314325
0.33675
0.3478
0.3626
0.40135
0.412325
0.41635
0.432325
0.43415
0.440875
0.45115
0.455325
0.460225
0.463475
0.4635
0.472525
0.4787
0.49195
0.511025
0.51655
0.51735
0.5261
0.5295
0.54965
0.5649
0.59555
0.598625
0.6048
0.628125
0.64125
0.6599
0.68355
0.688525
0.70405
0.71055
0.7207
0.7292
0.732575
0.735475
0.743525
0.745125
0.74765
0.75065
0.764525
0.768375
0.769275
0.77065
0.77765
0.797275
0.797425
0.8022
0.82315
0.82435
0.825175
0.8445
0.8541
0.86235
0.87235
0.8812
0.88475
0.90285
0.955775
0.960125
1.006375
1.03045
1.0405
1.048475
1.0601
1.064475
1.07385
1.0857
1.086275
1.0947
1.108975
1.120025
1.12005
1.12525
1.12665
1.1308
1.133375
1.136375
1.137425
1.14145
1.1457
1.154625
1.15535
1.174175
1.189725
1.25865
1.2629
1.274425
1.27945
1.289675
1.304025
1.314775
1.330725
1.34245
1.361
1.362325
1.36345
1.370475
1.378075
1.37905
1.3823
1.401625
1.40255
1.41115
1.43535
1.441225
1.483
1.489825
1.5101
1.5307
1.538875
1.55005
1.558825
1.5603
1.56445
1.5982
1.600775
1.603425
1.6037
1.608125
1.61245
1.63055
1.6373
1.6427
1.660475
1.66925
1.684975
1.686825
1.694225
1.70015
1.706575
1.7269
1.727875
1.736175
1.74475
1.796275
1.801175
1.8397
1.861175
1.902425
1.905575
1.925825
1.92935
1.936125
1.93685
1.94745
1.947975
1.975275
1.981875
1.9836
1.99155
2.0049
2.017275
2.02465
2.02815
2.0378
2.04125
2.04235
2.044375
2.045175
2.0514
2.0519
2.058075
2.061075
2.064375
2.07815
2.10795
2.1421
2.14435
2.169075
2.2006
2.202275
2.203025
2.206775
2.213775
2.22465
2.22665
2.228475
2.232875
2.239675
2.24235
2.246375
2.248425
2.27165
2.2723
2.2747
2.277725
2.278325
2.27985
2.280075
2.28645
2.2902
2.30705
2.329125
2.347775
2.3528
2.36835
2.385575
2.404225
2.41005
2.413675
2.51175
2.5155
2.515975
2.517
2.519875
2.525775
2.5322
2.5357
2.539725
2.5463
2.553975
2.5549
2.57515
2.579475
2.581325
2.608775
2.6119
2.62725
2.63605
2.65285
2.6639
2.664325
2.671025
2.67895
2.720925
2.7387
2.743225
2.76805
2.7822
2.7827
2.8007
2.802525
2.80485
2.805925
2.812775
2.8248
2.834675
2.844575
2.846475
2.854875
2.857825
2.87165
2.877025
2.8809
2.881975
2.888525
2.896375
2.9026
2.93005
2.9325
2.9444
2.980575
3.0097
3.01495
3.05285
3.05615
3.106175
3.107
3.1277
3.12895
3.138375
3.15685
3.1573
3.163675
3.164275
3.170225
3.1739
3.19825
3.22065
3.237275
3.271325
3.272675
3.305325
3.30715
3.410525
3.420875
3.425825
3.442475
3.477675
3.48475
3.486975
3.487775
3.500525
3.501825
3.5041
3.5226
3.537925
3.5518
3.5744
3.58205
3.61435
3.641675
3.67145
3.714325
3.71535
3.716
3.719375
3.731075
3.7359
3.742425
3.755575
3.7662
3.79335
3.7968
3.824675
3.863325
3.868325
3.89755
3.933725
3.93595
3.956275
3.973275
4.0007
4.0137
4.01565
4.03375
4.0468
4.0635
4.064975
4.07665
4.077775
4.08075
4.091175
4.094825
4.105075
4.12605
4.126225
4.132325
4.135875
4.136525
4.141025
4.15475
4.1592
4.1639
4.189475
4.252825
4.255375
4.25605
4.267
4.26965
4.303275
4.308725
4.31695
4.31795
4.3295
4.331225
4.33445
4.3436
4.343925
4.359675
4.367675
4.3709
4.3745
4.37525
4.377725
4.3835
4.3871
4.400575
4.4014
4.418725
4.428425
4.4398
4.440925
4.46755
4.46805
4.49825
4.54415
4.545375
4.561775
4.564525
4.610675
4.614525
4.62045
4.6333
4.638125
4.64365
4.644
4.655875
4.659525
4.662925
4.66385
4.667625
4.68955
4.72715
4.732275
4.735025
4.747425
4.74915
4.763275
4.77025
4.78865
4.808125
4.832075
4.8483
4.857875
4.904375
4.915775
4.917475
4.92255
4.92685
4.9271
4.929175
4.929275
4.9411
4.946625
4.9569
4.962325
4.976225
5.00155
5.007225
5.009625
5.010325
5.01155
5.0161
5.034325
5.040575
5.04595
5.07765
5.08105
5.08165
5.08625
5.10565
5.124875
5.13355
5.147275
5.168525
5.1936
5.201075
5.20185
5.2127
5.218125
5.21965
5.221225
5.226575
5.234225
5.239325
5.2429
5.259625
5.2629
5.270425
5.305725
5.340925
5.362
5.368175
5.369575
5.379175
5.3876
5.387975
5.39805
5.4447
5.471125
5.480275
5.4892
5.50615
5.512425
5.514025
5.5164
5.520175
5.525225
5.525875
5.527775
5.53385
5.535325
5.53675
5.5388
5.54285
5.547675
5.547875
5.550475
5.554425
5.558375
5.5674
5.5836
5.59085
5.5921
5.593975
5.605775
5.62325
5.65395
5.6876
5.701475
5.73425
5.7506
5.760975
5.8049
5.809225
5.810625
5.81415
5.81815
5.8205
5.82185
5.82395
5.8254
5.864325
5.8677
5.88075
5.91645
5.923125
5.939275
5.950525
5.9532
5.96785
5.9756
5.997925
5.999675
6.031925
6.0346
6.07735
6.0938
6.103325
6.1097
6.118975
6.1222
6.12255
6.13795
6.1464
6.151975
6.155525
6.15675
6.157575
6.164475
6.17055
6.181475
6.182975
6.1926
6.2075
6.208
6.208075
6.2279
6.229475
6.23975
6.2404
6.242275
6.267775
6.291275
6.324775
6.33475
6.33785
6.3806
6.404025
6.407875
6.409125
6.41625
6.419375
6.421375
6.422075
6.4293
6.430125
6.445825
6.44755
6.4476
6.46315
6.4681
6.496
6.499125
6.499725
6.5316
6.5502
6.55505
6.567
6.5744
6.584325
6.60095
6.6137
6.618525
6.6468
6.6916
6.70295
6.70315
6.7119
6.7126
6.714825
6.7155
6.71645
6.73385
6.743325
6.756675
6.758075
6.759875
6.78845
6.790125
6.791975
6.7995
6.79985
6.800275
6.8158
6.81645
6.82785
6.835275
6.868275
6.881425
6.9352
6.941175
6.9626
7.001975
7.002825
7.0064
7.017075
7.02485
7.027075
7.030025
7.03805
7.054075
7.05505
7.05655
7.07195
7.08595
7.08965
7.099975
7.108725
7.14395
7.151475
7.15435
7.168
7.193125
7.24645
7.308175
7.3177
7.34225
7.362425
7.3741
7.383325
7.39345
7.42775
7.4395
7.44705
7.456025
7.456175
7.457075
7.467875
7.4987
7.502325
7.515225
7.606325
7.610275
7.6186
7.62735
7.629775
7.6343
7.640125
7.643675
7.652
7.65355
7.65625
7.6569
7.66755
7.68705
7.70265
7.71035
7.73035
7.74315
7.753425
7.758075
7.76445
7.783925
7.796975
7.842825
7.9033
7.919
7.9204
7.9323
7.9417
7.94435
7.9531
7.9734
7.99905
8.0091
8.019525
8.0275
8.038025
8.064225
8.076425
8.081575
8.093175
8.12295
8.1449
8.1787
8.223
8.2296
8.231
8.23475
8.239725
8.24325
8.25585
8.2743
8.29215
8.2928
8.295425
8.3146
8.314975
8.322125
8.327425
8.344875
8.349125
8.349175
8.4169
8.419575
8.4369
8.481725
8.5073
8.509825
8.525175
8.526325
8.528525
8.534725
8.53745
8.5444
8.546125
8.551925
8.552925
8.5676
8.585525
8.596225
8.6022
8.60715
8.61995
8.6268
8.62855
8.630875
8.67945
8.696375
8.703275
8.707575
8.713325
8.729775
8.74885
8.772525
8.78515
8.79995
8.807175
8.808425
8.815475
8.817425
8.819875
8.862525
8.87315
8.8739
8.8797
8.884775
8.8868
8.886875
8.892725
8.898825
8.9373
8.9604
8.991475
9.030125
9.033125
9.040225
9.051075
9.0739
783
