0.06795
0.10045
0.105225
0.112775
0.116425
0.1192
0.1565
0.1605
0.171675
0.176975
0.178275
0.195075
0.240725
0.256925
0.27505
0.289325
0.300725
0.30655
0.357975
0.36055
0.376
0.38325
0.41305
0.41935
0.419775
0.425975
0.437025
0.4486
0.454075
0.4551
0.47095
0.480325
0.512675
0.5227
0.525125
0.5268
0.559775
0.5664
0.5705
0.580575
0.58785
0.5879
0.590075
0.5959
0.598175
0.5989
0.6785
0.70085
0.701875
0.701975
0.714025
0.7236
0.7242
0.743225
0.744625
0.752175
0.7766
0.785125
0.790475
0.79085
0.796225
0.802325
0.81035
0.816
0.81955
0.831
0.834725
0.842925
0.850425
0.8608
0.862
0.893125
0.89535
0.9071
0.951875
0.96065
0.987575
0.9876
1.002025
1.0066
1.0122
1.013425
1.026575
1.03025
1.037275
1.0411
1.048225
1.059425
1.069125
1.071975
1.0744
1.095
1.103375
1.111825
1.1161
1.118475
1.123525
1.13165
1.1527
1.179675
1.2184
1.223475
1.22455
1.239275
1.2424
1.247125
1.262
1.302425
1.302725
1.31465
1.321425
1.32925
1.333975
1.346975
1.347725
1.35355
1.3547
1.358425
1.369125
1.3812
1.387675
1.40165
1.405725
1.4196
1.430575
1.4336
1.440925
1.44245
1.46855
1.4911
1.515575
1.52865
1.535825
1.5374
1.57695
1.5949
1.6013
1.6089
1.614575
1.624375
1.625125
1.626525
1.627675
1.627975
1.629425
1.636025
1.6368
1.637525
1.65295
1.655125
1.6561
1.66505
1.68995
1.693325
1.70415
1.706775
1.707675
1.71805
1.718225
1.7344
1.735375
1.747325
1.758725
1.765975
1.76875
1.887275
1.911575
1.916925
1.928875
1.931875
1.940675
1.941675
1.94695
1.96065
1.9657
1.9717
1.9797
1.982025
1.989025
1.991975
2.00005
2.00445
2.0095
2.010175
2.0211
2.032375
2.0813
2.0891
2.0976
2.10415
2.106725
2.14535
2.1528
2.1536
2.2058
2.207625
2.2098
2.209825
2.21175
2.2141
2.255875
2.262625
2.284375
2.2868
2.288825
2.301325
2.304
2.306675
2.3096
2.33465
2.358425
2.368225
2.4128
2.424225
2.43445
2.446675
2.47375
2.508675
2.5179
2.52485
2.532775
2.533
2.533025
2.5338
2.539475
2.551
2.56765
2.567775
2.56785
2.5704
2.57215
2.577825
2.58595
2.59765
2.59805
2.59845
2.672775
2.673825
2.714275
2.7186
2.770875
2.78425
2.7894
2.791375
2.80115
2.806125
2.80845
2.81055
2.81335
2.8154
2.819175
2.8415
2.84205
2.84635
2.849725
2.85055
2.8551
2.8708
2.8729
2.87605
2.8844
2.8936
2.90855
2.909225
2.92585
2.935675
2.940525
2.954375
2.964475
2.96925
2.984
2.98935
3.00005
3.033275
3.086225
3.10035
3.102575
3.107875
3.1114
3.119225
3.1314
3.19535
3.196
3.21925
3.241775
3.255175
3.306425
3.36345
3.36625
3.368125
3.409525
3.410625
3.41595
3.422175
3.4292
3.441625
3.444975
3.4458
3.451325
3.45295
3.453925
3.468875
3.478675
3.4839
3.4882
3.508225
3.5237
3.527225
3.5658
3.574125
3.57525
3.579525
3.590575
3.59545
3.645125
3.67285
3.711675
3.72005
3.72595
3.730325
3.735825
3.744275
3.7457
3.7481
3.7527
3.753525
3.75685
3.764925
3.78235
3.794675
3.79615
3.8004
3.813975
3.823225
3.825675
3.830425
3.84625
3.86855
3.8757
3.88475
3.896625
3.90365
3.9175
3.925675
3.934625
3.938525
3.951725
3.990375
3.998425
4.0011
4.00115
4.00685
4.014
4.020075
4.027475
4.0321
4.03335
4.039525
4.051325
4.05245
4.054775
4.0553
4.05655
4.07835
4.080275
4.0809
4.090825
4.104075
4.111725
4.115625
4.117575
4.12875
4.13775
4.1425
4.145925
4.146175
4.1467
4.1693
4.1748
4.18085
4.186475
4.19265
4.19695
4.216525
4.258125
4.2601
4.316325
4.3186
4.32005
4.32125
4.33225
4.335925
4.3363
4.337075
4.3387
4.345925
4.347275
4.35845
4.360175
4.370325
4.388125
4.396225
4.405175
4.4101
4.418875
4.4291
4.43185
4.43325
4.4482
4.45215
4.452625
4.4579
4.46565
4.4786
4.481675
4.524325
4.5445
4.600325
4.60335
4.605575
4.6078
4.612
4.613175
4.63145
4.6352
4.64365
4.65205
4.664025
4.676175
4.678075
4.693725
4.695
4.699975
4.7276
4.729875
4.7524
4.753
4.7812
4.788625
4.793325
4.851575
4.864725
4.866
4.9123
4.933525
4.934625
4.93505
4.939375
4.94295
4.94305
4.949675
4.950475
4.96025
4.96455
4.976225
4.9768
5.002725
5.007775
5.038575
5.05755
5.0684
5.10425
5.176275
5.18935
5.20075
5.2039
5.205175
5.217425
5.225675
5.2288
5.2317
5.24315
5.253925
5.2555
5.256675
5.270925
5.307175
5.316175
5.324325
5.34
5.34225
5.346425
5.366875
5.400825
5.464375
5.502175
5.507375
5.507825
5.508725
5.52145
5.522125
5.52345
5.53315
5.539925
5.54265
5.54385
5.57685
5.58575
5.59775
5.6029
5.61115
5.623325
5.640225
5.6851
5.720025
5.766
5.7787
5.79435
5.800275
5.8032
5.820875
5.82715
5.83355
5.834075
5.8364
5.855275
5.86235
5.86255
5.867175
5.875875
5.8828
5.900725
5.906375
5.92725
5.948225
5.95045
5.9516
5.9626
5.971025
5.9912
6.004
6.0101
6.0394
6.068925
6.089775
6.09755
6.10125
6.10665
6.111725
6.113375
6.115625
6.12835
6.129675
6.131875
6.1403
6.142225
6.167225
6.16905
6.174725
6.1831
6.1836
6.185075
6.185425
6.192775
6.225075
6.26845
6.27845
6.318025
6.356775
6.401
6.4017
6.4236
6.42405
6.4286
6.439125
6.44035
6.4573
6.459275
6.46495
6.46575
6.46885
6.4734
6.48105
6.496975
6.50975
6.5416
6.54455
6.559225
6.5686
6.5929
6.595675
6.6005
6.63165
6.63945
6.660425
6.6851
6.7057
6.70735
6.713625
6.716925
6.72115
6.732
6.7413
6.74655
6.74765
6.75225
6.753775
6.755825
6.76115
6.761625
6.765825
6.778775
6.79965
6.805575
6.83795
6.84065
6.848625
6.865975
6.890675
6.94055
6.9781
6.9898
7.004875
7.009975
7.013075
7.017
7.01935
7.019875
7.02025
7.030225
7.035725
7.039525
7.0512
7.053575
7.05395
7.059375
7.065225
7.075275
7.083025
7.086125
7.0915
7.09355
7.100525
7.11255
7.144325
7.1551
7.17185
7.2038
7.206325
7.2301
7.265675
7.28765
7.3012
7.3221
7.32915
7.33075
7.341275
7.34435
7.349575
7.3523
7.354875
7.369175
7.3736
7.37535
7.388575
7.39375
7.402925
7.412925
7.42155
7.4275
7.441375
7.445975
7.462175
7.4669
7.480925
7.491625
7.529425
7.53
7.58105
7.605425
7.608375
7.6145
7.6212
7.62175
7.62975
7.63555
7.644825
7.648825
7.66225
7.669575
7.673675
7.6811
7.692825
7.695925
7.7213
7.732975
7.754
7.75865
7.764625
7.812125
7.818775
7.8662
7.8774
7.8939
7.910675
7.915775
7.918325
7.9273
7.9289
7.936675
7.941525
7.944025
7.947625
7.95105
7.963025
7.96775
7.9831
7.9856
8.001425
8.00715
8.01245
8.015975
8.021425
8.027225
8.0397
8.0431
8.045425
8.048075
8.077575
8.11625
8.14395
8.1495
8.20085
8.203925
8.208275
8.2149
8.216325
8.218
8.219225
8.22045
8.22445
8.225125
8.229375
8.230275
8.2383
8.24255
8.256875
8.259525
8.27255
8.297675
8.304925
8.312
8.339975
8.342675
8.346675
8.3533
8.435
8.436275
8.461275
8.497575
8.518225
8.518675
8.52225
8.53925
8.5413
8.544025
8.54495
8.5563
8.55935
8.5623
8.5625
8.5786
8.5868
8.589425
8.592175
8.59845
8.599475
8.6004
8.61705
8.624675
8.636575
8.637575
8.6404
8.646975
8.6566
8.65745
8.658575
8.699875
8.7215
8.74265
8.74435
8.746525
8.772525
8.7923
8.8124
8.8174
8.832925
8.840025
8.848975
8.871275
8.8737
8.882575
8.889025
8.88985
8.9047
8.90785
8.908125
8.918125
8.942025
8.945675
8.945725
8.9472
8.96115
8.9641
8.9876
9.00455
9.013975
9.01755
9.019925
9.02265
9.028825
9.05985
9.06425
9.0965
814
