0.1012
0.11
0.11005
0.110925
0.11365
0.11645
0.1201
0.13135
0.14305
0.14375
0.2024
0.205525
0.244125
0.254375
0.25695
0.261
0.273875
0.30445
0.35965
0.383075
0.4002
0.40205
0.40485
0.408175
0.4144
0.417975
0.42185
0.435375
0.449575
0.450125
0.45165
0.465375
0.470175
0.476575
0.487875
0.4923
0.50305
0.527275
0.544375
0.54525
0.5485
0.607325
0.611375
0.616225
0.6871
0.692275
0.7024
0.72825
0.730275
0.7428
0.761675
0.768875
0.77575
0.776875
0.78375
0.791975
0.82115
0.86085
0.8675
0.880025
0.894625
0.902625
0.914175
0.924625
0.935825
0.96455
1.004475
1.0122
1.0209
1.02615
1.039775
1.0429
1.0442
1.044425
1.0467
1.05195
1.0524
1.0718
1.077125
1.08325
1.09565
1.11345
1.1171
1.124025
1.132025
1.139675
1.143775
1.168375
1.18455
1.2137
1.270975
1.2789
1.30175
1.3034
1.303525
1.30575
1.319775
1.321475
1.3241
1.3282
1.33605
1.336125
1.3459
1.3529
1.3606
1.36165
1.3658
1.3753
1.378275
1.378775
1.38465
1.38855
1.390625
1.399525
1.407675
1.407725
1.422875
1.428
1.4353
1.442125
1.47395
1.486
1.48815
1.505575
1.51415
1.5226
1.53215
1.5994
1.6011
1.601375
1.607875
1.610875
1.6126
1.618075
1.6192
1.62565
1.6311
1.634075
1.638125
1.64565
1.65665
1.68965
1.692525
1.69325
1.697825
1.70095
1.71505
1.71735
1.7188
1.7263
1.734475
1.746075
1.7619
1.7693
1.77515
1.778175
1.78675
1.787925
1.870425
1.88025
1.881475
1.88695
1.89025
1.90625
1.932075
1.93295
1.939425
1.9531
1.95565
1.96245
1.9881
2.0275
2.0288
2.0332
2.074575
2.096
2.098625
2.1401
2.144925
2.156925
2.210875
2.223375
2.23405
2.240625
2.27085
2.2835
2.287325
2.2921
2.324175
2.35105
2.3669
2.3804
2.401525
2.4233
2.43395
2.442625
2.444525
2.456575
2.460075
2.469975
2.471225
2.484725
2.501125
2.511525
2.5171
2.526475
2.53705
2.55185
2.557575
2.60425
2.6467
2.64925
2.649875
2.673925
2.689675
2.6917
2.70125
2.746125
2.78315
2.8096
2.811075
2.8187
2.820675
2.82315
2.823875
2.841975
2.845575
2.849275
2.8526
2.884275
2.886425
2.89585
2.90305
2.91435
2.9201
2.9242
2.938575
2.94125
2.963725
2.9696
2.97215
2.983775
2.9846
3.02105
3.026225
3.1003
3.100475
3.101925
3.1113
3.119525
3.13075
3.136425
3.13795
3.13845
3.147175
3.153625
3.167275
3.184575
3.186775
3.188275
3.1897
3.22905
3.2642
3.275225
3.28515
3.30555
3.321025
3.401525
3.40695
3.408775
3.413075
3.416775
3.417125
3.418975
3.450525
3.46185
3.467525
3.4691
3.47825
3.48425
3.4855
3.487325
3.490875
3.495075
3.5057
3.509525
3.510225
3.5195
3.522425
3.532875
3.5434
3.544225
3.5459
3.54805
3.5604
3.566675
3.6074
3.607775
3.63285
3.64125
3.643975
3.703225
3.705375
3.71305
3.720575
3.7253
3.7254
3.739025
3.743125
3.74675
3.74945
3.753225
3.756525
3.758275
3.7618
3.77355
3.787075
3.79375
3.797575
3.81515
3.820075
3.82345
3.857725
3.859075
3.859225
3.8792
3.9356
3.9772
4.009225
4.012275
4.01475
4.022675
4.026225
4.035075
4.0403
4.04635
4.05255
4.0604
4.07105
4.07175
4.08575
4.098475
4.099775
4.1144
4.123375
4.125475
4.131625
4.13905
4.1666
4.178875
4.19165
4.19515
4.217125
4.243225
4.24435
4.250025
4.256275
4.26475
4.28465
4.297525
4.305225
4.31025
4.3388
4.339075
4.341125
4.35085
4.3522
4.359625
4.387675
4.390425
4.403525
4.414275
4.441875
4.472375
4.474475
4.479
4.495175
4.557625
4.576925
4.60415
4.6144
4.62185
4.627275
4.629775
4.641375
4.643325
4.644575
4.657525
4.673325
4.7033
4.7043
4.745725
4.75145
4.754025
4.76005
4.764575
4.770375
4.7763
4.8091
4.82415
4.8292
4.840175
4.842275
4.880775
4.884175
4.88465
4.8925
4.90935
4.93425
4.935175
4.94025
4.942525
4.946925
4.966125
4.972375
4.980725
4.9877
4.994075
4.99625
5.008075
5.01405
5.027925
5.02995
5.0494
5.051725
5.05205
5.065275
5.069475
5.1002
5.10505
5.11155
5.129475
5.145175
5.17465
5.2016
5.2057
5.2098
5.2113
5.2168
5.2249
5.232175
5.232425
5.2352
5.2671
5.27155
5.27245
5.28165
5.293275
5.32485
5.3422
5.346675
5.3476
5.351525
5.3816
5.45415
5.4703
5.4755
5.50005
5.51975
5.52205
5.5264
5.5436
5.548475
5.552575
5.55875
5.561675
5.562425
5.57585
5.587775
5.619825
5.628175
5.637425
5.6457
5.648325
5.6613
5.66235
5.683575
5.6849
5.68695
5.688725
5.7043
5.7384
5.739625
5.76265
5.819
5.8217
5.82895
5.834325
5.837525
5.843425
5.8602
5.864325
5.866975
5.870375
5.907325
5.909325
5.9247
5.93965
5.942975
5.94795
5.972575
5.985225
5.9886
6.032725
6.06975
6.07085
6.100475
6.1007
6.1064
6.107825
6.112
6.1192
6.124275
6.1553
6.161575
6.169375
6.179825
6.188
6.19015
6.19155
6.19265
6.1958
6.202475
6.203375
6.217425
6.230125
6.234625
6.250675
6.2703
6.276725
6.317425
6.3568
6.400075
6.416175
6.4189
6.42045
6.422575
6.4226
6.442475
6.446875
6.448
6.449175
6.44975
6.453975
6.47095
6.471825
6.492125
6.49505
6.495225
6.568225
6.582025
6.582425
6.5918
6.68695
6.71265
6.726925
6.727375
6.737075
6.741775
6.743975
6.7541
6.756675
6.756975
6.762775
6.765725
6.7712
6.771425
6.783675
6.7853
6.802875
6.8091
6.867825
6.874975
6.883675
6.893725
6.91075
6.945475
6.946325
6.975325
6.994775
7.002775
7.004875
7.008125
7.00885
7.01105
7.01975
7.0314
7.032225
7.033525
7.036025
7.048925
7.05365
7.056675
7.06075
7.0681
7.093125
7.093625
7.103425
7.10875
7.11015
7.1173
7.135825
7.137075
7.139375
7.143325
7.1538
7.15525
7.168275
7.18085
7.193725
7.227125
7.23605
7.237775
7.26575
7.303875
7.30595
7.309675
7.31485
7.32825
7.3466
7.361525
7.3882
7.400725
7.42885
7.536125
7.55255
7.587975
7.602575
7.60665
7.614075
7.619475
7.619875
7.622125
7.6244
7.6268
7.632675
7.64125
7.64845
7.6525
7.661275
7.6714
7.67645
7.684525
7.685875
7.687525
7.6992
7.700625
7.70375
7.716075
7.737575
7.755275
7.757725
7.7655
7.780875
7.837725
7.852275
7.90105
7.904
7.9049
7.913675
7.92015
7.92635
7.93775
7.9414
7.94165
7.9452
7.96765
7.9708
7.97875
7.980075
8.01205
8.027125
8.0428
8.049575
8.05605
8.08215
8.119625
8.14185
8.186725
8.1906
8.20005
8.20135
8.20165
8.2017
8.2033
8.20465
8.206825
8.2097
8.231775
8.2342
8.241975
8.245575
8.245625
8.2463
8.256775
8.25845
8.26915
8.27045
8.285225
8.285475
8.308475
8.315725
8.34055
8.3539
8.3732
8.37605
8.3786
8.444325
8.4815
8.5009
8.5174
8.520575
8.52515
8.526925
8.53
8.5472
8.550925
8.563275
8.577225
8.5934
8.604525
8.63005
8.646575
8.65975
8.675925
8.680575
8.706875
8.72305
8.728125
8.73445
8.735725
8.77295
8.8095
8.813875
8.8181
8.81965
8.82
8.831825
8.84045
8.851825
8.8536
8.853825
8.85545
8.8597
8.87255
8.87635
8.88525
8.899425
8.903275
8.9124
8.935575
8.941275
8.953375
8.958875
8.97865
8.9809
9.002525
9.02605
9.027225
9.033
9.035175
9.084625
762
