0.103225
0.118225
0.1218
0.12675
0.12815
0.134975
0.144325
0.15015
0.1542
0.157975
0.1661
0.168325
0.169675
0.1723
0.1812
0.205425
0.22795
0.23025
0.25305
0.253475
0.27265
0.280525
0.28355
0.2842
0.296125
0.298825
0.3059
0.3097
0.32055
0.382025
0.4023
0.40725
0.40915
0.4163
0.41775
0.418475
0.41935
0.420275
0.423675
0.42665
0.43015
0.43025
0.43495
0.4381
0.44175
0.45165
0.4517
0.459025
0.4678
0.4796
0.4802
0.4853
0.486075
0.48785
0.49645
0.49785
0.50075
0.505
0.508075
0.53525
0.5452
0.556275
0.649125
0.703325
0.705775
0.716825
0.72915
0.754175
0.75535
0.755575
0.76085
0.775125
0.7779
0.790425
0.8036
0.806425
0.8197
0.864475
0.891725
0.9104
0.951175
0.954275
0.990825
0.99365
0.995175
1.000625
1.0156
1.020225
1.037225
1.0441
1.0525
1.076625
1.076925
1.1012
1.107225
1.110075
1.12745
1.133925
1.135975
1.1424
1.154525
1.19565
1.2076
1.25945
1.2634
1.303375
1.306025
1.307275
1.315325
1.3168
1.318525
1.329
1.3307
1.3354
1.3571
1.3672
1.3676
1.385625
1.391
1.41105
1.430375
1.4499
1.45615
1.462125
1.50625
1.511475
1.538325
1.5477
1.548925
1.555225
1.606425
1.607225
1.616575
1.621675
1.6298
1.640425
1.642825
1.652675
1.6571
1.6617
1.6659
1.666375
1.6696
1.68285
1.696575
1.69755
1.706275
1.71135
1.738825
1.7502
1.7633
1.78435
1.8039
1.8126
1.8329
1.8345
1.8346
1.8442
1.8487
1.86945
1.872125
1.876
1.894075
1.9079
1.91805
1.933475
1.936225
1.946075
1.946675
1.946925
1.951075
1.953075
1.95555
1.967625
1.967825
1.9801
1.9863
2.003675
2.011025
2.0191
2.03795
2.07615
2.10035
2.119625
2.12985
2.177475
2.213975
2.2162
2.242825
2.271275
2.280125
2.28455
2.288025
2.289975
2.2947
2.307075
2.31875
2.34165
2.35305
2.35595
2.386
2.387075
2.43375
2.447975
2.451025
2.46115
2.4894
2.50025
2.503425
2.50665
2.507675
2.51395
2.53325
2.540275
2.54405
2.56635
2.571975
2.57315
2.5789
2.6013
2.60295
2.6037
2.612025
2.612975
2.643825
2.655775
2.668125
2.67095
2.67435
2.684475
2.707575
2.71535
2.715975
2.728675
2.731025
2.733725
2.7584
2.7666
2.77915
2.837075
2.841675
2.845575
2.84675
2.850825
2.858625
2.86065
2.866425
2.886075
2.8928
2.90005
2.90705
2.908925
2.909075
2.911575
2.936575
2.9398
2.941425
2.94685
2.959475
2.9999
3.014925
3.0243
3.025025
3.0395
3.07255
3.07775
3.0876
3.089225
3.091
3.095725
3.106125
3.11325
3.115425
3.117325
3.121775
3.123825
3.1272
3.128475
3.129525
3.131625
3.135125
3.140325
3.1426
3.147725
3.149825
3.16445
3.173
3.178725
3.192675
3.2171
3.2232
3.223225
3.27195
3.27545
3.2853
3.286775
3.3257
3.37295
3.400175
3.402775
3.41285
3.41325
3.4193
3.435775
3.450675
3.452825
3.452925
3.4615
3.4664
3.482175
3.4878
3.48805
3.51815
3.520925
3.542725
3.548175
3.5875
3.587625
3.604825
3.6085
3.616775
3.63675
3.658325
3.678225
3.700025
3.7007
3.70175
3.704525
3.706725
3.7239
3.749675
3.750675
3.77495
3.8117
3.8507
3.910025
3.9214
3.92925
3.9308
4.0007
4.004075
4.0135
4.015025
4.01915
4.019825
4.024275
4.036325
4.036625
4.04005
4.04245
4.0602
4.06835
4.110425
4.117225
4.1186
4.145875
4.1631
4.169025
4.194825
4.2078
4.215025
4.2225
4.233275
4.23405
4.23815
4.253275
4.2703
4.288375
4.312675
4.31815
4.32405
4.328875
4.34695
4.362825
4.368325
4.37565
4.376225
4.3799
4.3818
4.3831
4.390675
4.3958
4.41995
4.420725
4.455575
4.45775
4.46355
4.4695
4.50345
4.554375
4.602475
4.62035
4.6209
4.622175
4.6236
4.624775
4.62635
4.6278
4.631975
4.633825
4.633925
4.6489
4.6531
4.653925
4.671475
4.67215
4.674875
4.6876
4.700725
4.701675
4.71
4.718875
4.720375
4.729175
4.73135
4.73505
4.738425
4.751925
4.778725
4.78955
4.8158
4.87495
4.90285
4.904375
4.923725
4.9244
4.936525
4.94655
4.954675
4.955375
4.966175
4.9821
4.985825
4.98705
4.9943
4.9961
5.0369
5.040125
5.08685
5.107525
5.119575
5.12245
5.12535
5.147725
5.15765
5.17055
5.170625
5.1861
5.20375
5.2045
5.210075
5.2132
5.21515
5.22495
5.2287
5.229075
5.229575
5.233675
5.239675
5.245075
5.246425
5.266775
5.27045
5.2742
5.285525
5.2882
5.290775
5.292775
5.3077
5.3166
5.320325
5.320675
5.322375
5.326275
5.338775
5.35655
5.361725
5.377125
5.39185
5.404025
5.405725
5.412925
5.419175
5.42245
5.42955
5.501675
5.503525
5.5153
5.5183
5.52065
5.5226
5.527925
5.54615
5.54645
5.549225
5.5499
5.550025
5.55165
5.56415
5.57985
5.5865
5.592825
5.598575
5.60145
5.609075
5.6233
5.6304
5.631475
5.63685
5.64405
5.647875
5.680075
5.697125
5.69875
5.72185
5.72435
5.732975
5.758775
5.782225
5.816825
5.818325
5.8389
5.8436
5.846425
5.852225
5.85385
5.861275
5.867425
5.893825
5.904375
5.9608
5.97795
6.01445
6.0221
6.027925
6.0422
6.069075
6.074725
6.077925
6.0866
6.104025
6.123275
6.1238
6.128525
6.14635
6.150425
6.170325
6.17455
6.19025
6.209525
6.2122
6.235325
6.2521
6.259825
6.268025
6.28495
6.2917
6.3218
6.32815
6.335475
6.399925
6.400325
6.403
6.406625
6.414325
6.4146
6.4183
6.428325
6.43175
6.44555
6.4621
6.465625
6.467225
6.47065
6.472525
6.48205
6.4889
6.49355
6.49475
6.50345
6.50555
6.5168
6.518675
6.5582
6.559675
6.566975
6.576775
6.602
6.60265
6.633625
6.65975
6.66525
6.70405
6.708225
6.710175
6.7112
6.7152
6.72245
6.73215
6.733275
6.742375
6.7519
6.77975
6.789125
6.79075
6.80055
6.80585
6.820775
6.833025
6.8787
6.88735
6.9062
6.9423
6.9558
6.983925
6.9856
6.997275
7.001525
7.010975
7.011775
7.013175
7.01885
7.0199
7.02705
7.02995
7.053625
7.062525
7.06715
7.07355
7.0847
7.085775
7.09685
7.10005
7.111675
7.115025
7.130725
7.13935
7.1484
7.153275
7.174725
7.1748
7.236225
7.27695
7.30895
7.311625
7.31455
7.321725
7.3253
7.325575
7.3284
7.330925
7.340775
7.356675
7.3588
7.35925
7.364075
7.372175
7.391525
7.401225
7.40625
7.410625
7.419925
7.420925
7.434825
7.469725
7.527325
7.528975
7.5331
7.536225
7.57335
7.601575
7.61315
7.626975
7.627125
7.635325
7.63675
7.6507
7.65115
7.65825
7.6647
7.6653
7.69
7.6904
7.7119
7.7267
7.735625
7.741075
7.746125
7.79565
7.814325
7.884525
7.90585
7.912225
7.9131
7.918125
7.920825
7.922575
7.92815
7.932575
7.9466
7.965175
7.975275
7.980875
7.986575
8.0058
8.0092
8.009275
8.047125
8.058
8.0907
8.10575
8.124175
8.129275
8.147075
8.1612
8.206525
8.218825
8.240975
8.2421
8.25555
8.2606
8.281175
8.2965
8.304725
8.3126
8.319475
8.325525
8.357775
8.384975
8.394175
8.3983
8.40155
8.412675
8.457375
8.5265
8.5313
8.54055
8.541325
8.5487
8.56495
8.5722
8.57315
8.576675
8.579225
8.5818
8.58635
8.5896
8.59035
8.602375
8.610375
8.6307
8.636925
8.6375
8.638025
8.67355
8.6868
8.6929
8.69955
8.72205
8.7605
8.8033
8.816775
8.820875
8.8255
8.826475
8.85275
8.856675
8.8622
8.8665
8.8696
8.8731
8.884675
8.8921
8.895625
8.896975
8.901425
8.90345
8.91055
8.918675
8.9198
8.941675
8.96285
8.96985
8.97595
8.9796
8.993675
8.996425
9.033175
9.077175
9.083025
9.087975
9.0983
792
