200
9753
7619
11048
12264
11073
11082
11403
9717
11572
8556
11419
10373
11815
12208
12077
8556
8977
11829
11698
10855
11416
11182
7117
12437
9377
11571
11030
11579
11817
11273
11826
5996
11784
10640
11366
10903
11063
11908
12274
11918
11699
11077
11397
10809
5449
11409
10847
11535
10371
12216
10831
10879
12435
11217
10845
12082
9023
11696
10086
8974
10882
11952
12406
9364
10879
12207
12378
11255
10085
10061
10847
10847
12267
11415
11895
10827
11232
11570
10847
11384
10813
11855
5451
12413
10849
11520
10618
11596
11030
11704
8568
12077
11595
10848
11203
10106
11260
11200
9339
9696
11409
10612
10336
12217
9021
11596
10812
10847
7090
9728
11247
11829
11689
11230
12090
11061
10847
11909
9023
11824
10351
11870
10373
11856
11881
11695
8556
10051
12369
11999
11041
10074
10999
11703
10849
9351
12014
10372
8544
11895
10868
11952
11397
11573
11910
11366
10844
10903
5527
12327
8978
12266
9022
11391
11046
10074
12090
10638
10371
10608
11066
12380
11021
11544
12077
7117
11096
11662
5449
12369
8993
11251
11668
12089
11904
9694
8993
11239
8108
11792
5450
12438
11596
9731
12083
9004
12095
11030
11701
10074
11065
9709
12000
11709
6076
8977
10853
10848
11881
10372
