300
775
781
664
739
1137
999
984
493
1079
504
783
514
856
871
549
256
468
573
987
837
333
686
416
859
1058
565
1025
447
687
618
446
1018
448
515
465
1122
1029
876
1024
830
251
822
611
366
1009
1059
369
889
988
862
479
390
699
879
582
727
324
970
682
821
681
304
1107
793
719
594
1100
395
312
986
847
851
1007
541
814
1001
331
1110
1045
392
1166
763
877
451
1004
908
823
874
680
762
1125
330
731
944
689
586
804
896
1075
1164
566
840
713
815
746
243
485
873
756
1126
494
796
1155
697
914
487
558
1049
927
603
1094
1040
813
264
635
534
694
881
1067
1070
633
279
845
1089
283
528
638
670
1145
768
886
532
358
903
692
929
305
221
321
238
353
967
780
656
616
599
647
1113
906
1134
301
752
429
706
940
629
1074
1080
774
486
981
607
329
1056
577
247
1052
1062
654
853
690
634
1042
467
313
1088
557
642
483
509
758
340
345
1050
915
883
421
844
657
980
1064
976
275
289
945
1090
772
625
962
287
1015
786
646
434
701
854
861
1098
610
579
1011
691
800
619
255
969
809
888
921
959
911
362
1102
529
536
1069
1043
431
1095
912
503
455
1038
802
750
267
538
831
302
729
351
860
535
923
552
951
1051
545
590
291
1014
310
907
875
268
365
834
522
1119
925
869
947
683
964
882
978
661
334
897
698
621
319
975
990
805
424
561
385
1153
484
1165
777
890
393
452
546
1116
386
581
323
