300
805
580
630
1039
339
617
565
352
899
847
772
952
685
497
267
1082
1164
546
577
228
810
806
764
358
270
257
780
732
287
936
264
598
781
775
517
327
644
1152
960
594
629
1031
809
1004
491
607
734
890
757
357
883
767
1022
333
703
990
874
613
252
693
928
243
1156
300
800
246
680
434
299
897
506
1141
650
747
947
419
717
638
706
860
653
722
587
895
785
401
361
543
364
291
1024
535
430
446
492
620
789
778
599
468
328
568
1125
972
924
575
869
390
1154
1056
576
305
1122
822
1074
886
901
622
801
731
873
500
768
967
470
863
323
363
586
923
472
322
655
549
471
749
454
698
1051
852
645
304
447
1065
1080
334
455
878
258
1111
1063
265
1142
838
721
562
423
1055
420
1010
314
892
816
623
1006
893
708
585
1163
978
787
1132
744
615
646
714
526
796
317
951
1089
479
668
853
321
1053
417
555
779
914
1009
1117
716
427
536
340
1110
453
1145
282
981
970
1166
379
1119
966
829
269
381
812
628
582
773
1109
1023
619
557
514
830
1012
1038
231
1071
815
649
974
1100
1158
488
422
793
834
654
443
648
699
1113
1007
1052
642
836
856
748
804
551
1094
525
996
986
931
273
876
855
1126
904
278
726
483
366
326
825
597
284
247
531
984
980
671
998
811
776
431
881
945
737
1035
1083
313
799
1086
494
387
1091
259
770
956
742
1060
510
875
687
827
1153
276
385
1011
915
957
319
1025
