200
15609
20941
3634
13655
13406
19146
3656
15486
14085
15077
20094
18210
5707
16532
18207
12802
9535
22079
16206
16535
4106
3655
11670
22082
22296
16530
19704
4613
12306
12893
17844
19149
19039
14527
21312
12224
7588
14648
8211
15176
12314
15198
20336
19170
11594
10250
19323
18102
13983
20224
5160
15596
14092
10202
8247
19430
22031
22189
18754
19042
4619
13414
21164
10055
5156
17367
20206
13419
18756
17171
20665
10926
11583
17069
18029
19832
21235
19856
14631
19693
15073
12909
16077
22134
18543
16968
12220
12904
11825
19435
6367
14087
15192
4609
15174
19953
18548
17658
17936
12793
7624
18439
17485
17735
11141
13517
15082
12784
16651
7587
18438
18100
14095
21089
14225
18224
22194
11676
3635
21105
3631
17489
10258
18433
11667
21618
4634
8209
14093
18862
20769
14630
10196
17071
19438
17935
12430
14103
13993
22135
12903
8845
9537
21879
10405
6961
17752
21251
12305
4611
18442
14640
10211
21298
22247
13986
5157
3184
19034
13510
6991
11662
19144
17850
4109
15707
17748
15177
13041
12790
19854
5130
2740
5158
19327
11824
15827
4614
3205
21238
16547
17172
17075
12658
13416
5164
15728
19335
17742
21390
17091
9534
14759
10201
18556
19858
16208
10204
10995
17080
