200
5649
8931
15230
15288
3605
5771
15779
2387
16734
13463
14691
5086
13348
5068
17684
10297
9450
2706
10144
17919
4685
11750
18279
4674
16278
18274
11018
11505
11733
7680
12346
10310
5088
17680
17920
15510
16724
12172
10875
11544
15236
20298
18596
13623
5096
12701
11096
13310
19940
5214
5059
7674
13622
8756
17147
16242
17152
16884
12358
16025
8928
20000
15231
10955
7062
10147
4174
10135
13354
15551
14459
12950
15756
16472
5791
15533
17323
10894
2766
6914
18243
21043
16902
17148
5252
10357
4186
14152
4175
17462
5849
15232
18257
15763
13317
3606
17158
3157
8730
13370
17542
15448
4686
10101
5615
11558
5242
9578
10827
18262
17159
16276
6890
12743
14422
14186
12361
2033
9425
5659
14036
14711
2704
11549
17705
18689
8915
18277
16473
7657
10304
6315
17295
10349
3158
12937
16453
11087
6913
15810
10343
11512
14155
18384
7052
8170
18067
18035
17550
9582
13899
9418
12183
14684
16285
13303
15997
11762
8300
14197
18588
12181
6238
11757
16002
10136
6319
13004
14488
15022
6253
6885
17544
11776
20707
6309
18278
18592
15017
8280
10094
15007
17906
8157
15251
11779
5666
12966
4183
14690
4058
13611
18119
8141
16906
5243
17319
13352
16284
12995
