200
12223
17074
19037
15611
8858
16964
19320
19033
20226
4634
21374
10201
9493
7599
18207
4616
21088
14639
13409
13982
14654
3651
16971
12230
18847
8807
4100
13417
19335
15608
19151
6957
6411
6409
5710
15089
19588
18726
18725
22079
9486
19042
9490
14518
11662
14101
10992
17852
12889
9491
16535
12219
11138
17751
4131
6961
16191
18199
4640
13519
15078
4614
17842
10199
11463
19590
6990
21926
18861
20941
13512
19954
17935
5735
14516
21375
8840
19152
19699
21090
19707
12316
21300
11584
12801
10929
22135
16662
7618
5162
19427
17840
18551
15975
13984
10924
15084
5132
22082
19587
18224
17075
21019
18415
19039
17843
20448
19328
18855
21015
21828
14221
20846
16867
3208
21509
18850
21087
22398
17861
17376
5134
8251
9489
19332
22194
11587
12319
19044
17851
19594
16659
19856
3207
15711
17475
16653
17484
12909
22356
8200
16091
18547
10256
12228
18198
8240
21980
15193
20102
20316
4138
19694
13513
10200
18281
15085
18029
22080
6982
19567
14082
18858
8811
16204
3637
6371
5742
21298
9543
22482
12899
14091
12423
17849
19147
4104
17481
13994
19847
22136
13406
22638
17172
13041
8815
16547
10412
6989
19697
18750
12308
15088
4609
22137
8236
13400
14085
5160
14760
