100
4638
8233
5736
5133
13411
18098
3651
11590
18087
21246
20098
21013
19845
15714
15182
8242
5732
5158
18555
3633
12657
16536
8811
8813
17489
21977
8240
12799
21085
15721
19858
14654
18206
13266
18843
10247
17479
18201
6368
22189
11582
13265
16527
21978
4134
20072
17361
4636
19048
10977
15306
7619
11675
12304
20100
21150
3185
8203
8202
17932
10762
12221
20350
11587
4101
13509
4636
13265
10202
5705
12785
16539
12799
12094
16192
18427
8851
21297
18855
11590
18848
19854
8847
10989
4610
21311
11671
8810
8205
19045
13409
17478
19030
8205
21298
12093
5129
16547
5154
14628
