100
11582
12799
7623
6982
8238
19436
19029
18422
4107
12310
8248
8202
17727
20223
11673
17838
3204
8235
11583
13979
20072
3207
16087
8807
16071
6954
6365
17564
17065
11822
5159
18088
5706
18747
19039
8237
19030
16065
17480
22028
13858
21233
11457
8238
16542
17655
12894
12783
5736
8849
19578
8235
18197
8847
18737
22077
16751
15178
6377
15189
14079
11136
6365
11671
16535
3651
8202
18851
14534
20204
16434
14647
17934
13399
17359
8203
19425
8204
17839
21827
14522
13409
6954
3203
12651
15596
11590
11674
20085
8801
19325
19829
21979
10991
17744
9529
17735
6365
18747
5154
