200
11763
14714
13896
12129
6444
9580
18389
13348
16703
3684
17916
11721
10102
4064
11515
12175
12703
6880
10310
17545
17677
11709
17681
16724
10113
14735
3232
14999
12964
5774
5861
5228
4547
11728
15010
16482
20299
10300
17917
15036
6259
13927
14153
8146
15809
15013
9460
16277
15237
2767
5092
4054
6243
13359
15023
16735
8317
5193
10293
10144
14191
5209
20240
1826
9444
13467
3162
16695
11702
16464
18248
4066
12837
14196
5224
13357
4173
7061
16914
5076
16248
14481
7048
15802
18529
2351
6893
3161
17920
2765
7023
15803
16486
10147
15536
16016
6309
14743
18256
15234
5853
9420
8828
17299
12140
17919
6316
13894
8915
18262
10871
10100
8285
13888
3160
5086
5221
4073
19870
13939
20498
13891
16254
15539
10094
13291
12847
15555
18698
5799
15772
18051
17285
7053
2761
10291
13008
4694
13312
17385
12968
12995
5191
11777
3163
10134
15027
8305
12956
14489
15228
9564
13898
10137
14475
4574
6251
17324
16729
12394
12734
13460
15552
14035
17698
10288
6488
17131
17136
14476
12139
12741
11089
14742
16483
14739
5200
16033
5069
6442
14187
9609
3224
6245
14188
16915
18037
5649
12725
16700
17556
11703
20241
8168
6501
5078
10360
15014
9615
15550
