200
11678
12090
9357
11203
5528
10843
11240
9722
9417
10363
12081
10848
11537
9022
11708
11991
8993
8992
8990
10375
8974
8109
11238
5449
11792
11568
10640
10053
10046
9362
11072
11695
11241
11248
11536
11000
11244
9710
11740
9387
12269
7619
11540
11684
12380
11060
8121
8121
9709
8973
11576
11226
11856
11789
12269
12275
10615
9730
12080
5528
11576
10062
12275
10847
9731
9417
10352
11033
10089
11426
11534
11417
11061
11741
11368
12216
11999
11861
10372
11596
7621
10362
11053
10375
11909
10610
11086
5527
10353
11536
10336
11573
11739
11919
8118
10855
12155
10787
10847
11436
11564
11570
11435
12271
11895
8601
12272
8978
12094
11244
11824
7620
11740
9021
12081
11344
11041
10362
12437
10846
11816
11543
11709
10788
12069
9403
11039
11233
9005
11385
11385
10353
11083
11052
12013
12213
12073
9350
8129
9364
8587
10638
12400
12402
11709
11904
7131
12089
10086
11810
11879
12329
11832
11810
8945
10396
10842
12217
11739
11051
10639
10342
11420
11366
12336
12070
10831
10371
11366
8106
11559
12081
5527
11000
10599
11230
12081
11221
8977
10860
9402
11926
11928
12086
11201
8954
11517
10787
11792
8944
11708
10396
11073
7117
9023
10863
11218
10847
11693
10363
