200
11916
10084
11496
9389
9339
11870
11517
11421
11436
11709
11535
11914
10630
11909
12336
11927
9400
11537
11597
11246
11518
12213
12011
11067
11400
11252
11244
10837
12092
9730
11881
11908
7619
11578
10076
11991
9023
11419
8977
8130
7619
11000
11244
10847
11053
11535
11595
7132
12080
11895
11570
10098
5528
11824
11816
11573
11694
11055
10350
11083
9353
11572
12272
9395
12405
10837
12009
9758
11895
11900
11826
8944
9401
10373
11081
11740
12406
11572
10050
9365
11792
10061
10880
11397
11789
10616
12327
11816
10605
8120
11548
10849
5449
10611
11708
12208
11920
9718
11739
11403
11685
10337
10822
10338
10835
11235
8981
8978
11000
11275
12406
12336
11998
8121
9745
9339
8108
11792
11536
12090
10088
11259
11907
11244
12365
9737
8581
9696
11246
8992
11182
11216
10363
11552
11554
11230
7595
11687
11881
11910
8109
10848
9724
8960
11925
10584
11824
11389
11253
11246
10088
5449
10812
7118
11855
12088
9364
10063
10640
11409
11662
11397
10380
12019
10655
10057
11838
8088
11260
11557
12009
10813
8974
11709
11599
9022
11745
8993
9023
12406
11411
11898
11599
11066
12089
12146
11030
11274
11895
10612
11706
12401
8976
8983
11720
12151
12001
10336
12437
12076
