200
8559
8967
9363
7610
11421
12144
10637
11415
9359
11906
10609
11572
11456
11365
11539
11274
10655
10375
8984
11579
12077
10834
11784
11052
9363
11548
11226
5526
12437
12097
5451
9338
9402
11821
11235
11559
11856
8997
8581
9357
11382
8945
11061
12270
11073
9719
9416
12329
10848
11058
11547
10604
12087
11540
8973
11562
11895
12336
11240
11855
5528
8587
8121
12000
9402
11810
11259
12440
10847
11034
11682
11275
8114
12009
10050
11397
11701
7131
11241
10847
8978
12435
11537
12265
10847
11258
12009
12009
5526
11692
11202
12019
10855
11900
10608
8978
9388
11552
11063
11825
10371
11202
12269
11272
8992
11252
8551
12380
11000
9704
7131
9351
9745
9754
6074
12380
11060
10370
11802
10611
11394
8973
11540
12082
8545
5450
8944
8106
12144
11572
11540
11681
11275
11046
10371
10879
10350
10788
11275
11243
11908
11881
11390
10365
11078
5450
11388
11721
10052
11834
11067
10840
11420
11411
12076
10788
11570
11218
8969
8992
9711
10839
11390
11689
10371
10601
12380
9364
11574
10350
10610
12142
11366
12270
9723
10377
10373
10640
10848
8125
11366
8944
6623
8556
11687
12269
11696
9744
9366
11036
11543
12367
10614
8586
12276
10856
11066
10361
10373
10858
