200
4619
3914
5545
651
343
3046
2765
4882
1420
7172
3206
4125
7070
5604
5045
1739
3438
1256
7220
1898
739
2551
2337
6556
2646
538
1393
4576
2069
4062
6650
4415
1236
1868
1250
743
4572
3893
2526
3054
2794
540
859
484
7173
3960
727
2126
5039
3474
2111
485
2310
987
1265
8607
3058
1390
2992
2117
3238
2102
1755
340
4640
4616
345
1112
6511
1574
6516
7671
2759
659
4877
8024
3057
3033
2083
3622
4545
4460
6694
4152
2760
1730
3968
986
6157
4416
2311
7539
5089
1892
2127
4069
3902
742
1795
4488
6643
1276
2097
2317
2712
5379
4408
4407
978
870
6096
8527
3624
5036
1482
2657
5926
2130
733
3199
5043
5361
539
4411
7167
2537
389
1398
1389
2195
6686
4925
8067
6639
1555
5380
4458
7166
5598
2785
3023
1567
4569
6554
2647
5547
3961
3231
270
3048
4120
3653
1902
1484
1748
3003
3437
3220
2558
2098
4879
2304
271
4410
2306
2815
1402
3652
4119
3052
1130
4066
6557
2816
5979
1418
7165
7071
7666
5377
4106
1893
858
3208
5042
730
2804
4613
6515
4115
3916
2324
2091
4915
3034
6153
2338
1722
1192
5085
