200
11048
11032
11095
12276
12328
11057
11538
12270
8546
11515
7611
12330
10848
12371
11711
10088
9755
11275
11235
5529
11884
8553
10860
11794
11824
11081
11918
11816
11858
11670
11568
10858
10599
12079
11664
9739
11412
10381
9348
11705
8123
12008
11581
10609
12273
11277
12078
11261
8134
12211
11724
8090
11747
11908
12076
11236
11735
10812
11054
12012
10365
11555
11250
10084
11050
5522
7134
8995
12415
11976
11248
11690
11691
11565
11218
7635
9733
12075
11741
10601
11078
11693
7119
11804
11404
11070
11974
12013
10060
12014
10838
11694
11903
12435
10615
10608
11572
9394
11806
11933
10815
9025
11278
12016
11814
11380
11832
10053
12088
11599
11439
12095
10337
9726
11063
8984
11710
8956
12337
10637
11680
12149
11045
8583
10393
10376
11927
11251
10657
11076
12266
10085
7641
11260
11839
7135
7108
12379
11725
7612
11559
11201
10845
11708
11068
11413
12153
11831
12089
7137
12437
9695
11226
11436
9419
7623
11713
10882
11809
7619
9745
11217
5528
11686
11563
10062
8574
11391
11044
12144
11043
11549
10883
11695
10354
9392
12416
10859
12145
11838
11369
10067
8946
11872
7632
9740
11914
12218
11204
11548
11811
11863
9361
8561
9712
5999
11002
9388
10061
11740
