200
11185
11690
11559
10381
12272
12278
11227
12005
11907
8997
12083
11224
10561
11692
11037
7106
12370
8557
11568
7641
10377
11841
10858
11260
10884
11720
11787
7104
12008
12212
11403
8100
10615
10905
12448
11721
11696
11569
12275
8583
11915
11903
12437
11544
11828
11405
8980
12000
9379
11812
11413
10611
12087
11598
11695
8984
10848
6571
12267
8589
11245
12440
7619
11234
11707
11779
10837
9341
10851
11999
7137
12338
11755
10076
8122
11878
11820
10077
11808
8974
12280
9394
10836
8570
12380
11837
10642
12013
6076
7623
6000
10062
10091
11927
9698
11579
11370
10604
10641
12405
10859
11220
11396
12214
11686
11400
11262
12379
12381
10855
9726
10048
11976
9404
11685
8580
11839
12215
9696
9418
10866
10393
12271
11416
8985
11261
11020
12384
10340
11083
11054
12371
11582
11184
10844
10374
12383
10606
9362
12151
12438
12016
12021
11951
11368
8085
11917
11082
8123
12402
11540
9369
5453
11233
11423
11023
11226
11601
10353
9378
5997
11536
12086
12017
8976
9366
9381
9711
10623
11719
9760
10811
11385
11742
11551
11237
11580
9352
8117
10882
11923
12273
11549
10576
9723
11578
11925
7117
11236
12147
9732
11717
11558
8111
10087
11517
11900
11563
11702
11916
