100
11229
9722
9358
11036
11788
10637
9351
5527
10086
11389
9754
8993
5450
11535
9390
12088
11989
11225
11599
8944
8109
10363
11400
11556
10573
11744
11536
10855
12217
10338
9393
12272
12405
11546
11384
9353
10636
11240
11744
11398
9721
9022
11426
11895
9389
10334
10845
11368
10355
12144
11521
11047
11596
9005
11570
12073
12092
10848
11855
12009
10391
11034
11596
12007
9367
7131
11692
8568
10356
11198
12214
10361
10609
11599
9366
10601
12413
9731
11199
8954
10638
11544
12212
11573
8998
10336
11404
10610
11366
10860
9774
11947
11898
10881
12413
12090
7131
12089
11365
10098
