0.082875
0.114075
0.128375
0.15505
0.1583
0.24805
0.25395
0.273625
0.502825
0.53365
0.55895
0.578
0.581625
0.58195
0.588175
0.588575
0.598125
0.6023
0.60685
0.628525
0.6306
0.6407
0.651675
0.652325
0.6562
0.65825
0.676625
0.73135
0.7419
0.74655
0.765475
0.778475
0.785375
0.811125
0.8256
0.827475
0.84085
0.862975
0.863425
0.8864
0.894025
0.91035
0.938125
0.94645
0.9904
1.0024
1.01315
1.015275
1.03275
1.042825
1.0746
1.092225
1.156125
1.15695
1.190375
1.2514
1.308925
1.3459
1.3749
1.415425
1.45075
1.461725
1.468875
1.505775
1.532925
1.650325
1.662175
1.669375
1.711275
1.742825
1.7731
1.88675
1.903325
2.0966
2.1073
2.116275
2.11815
2.13815
2.21935
2.230275
2.235725
2.339
2.36435
2.36935
2.391525
2.44855
2.468375
2.557875
2.561675
2.58835
2.61935
2.664625
2.674725
2.678075
2.69735
2.77545
2.786
2.80805
2.834925
2.87245
2.9746
3.176425
3.28165
3.35095
3.3572
3.437625
3.448575
3.4923
3.601475
3.619625
3.72335
3.816075
3.821475
3.832975
3.900725
4.23765
4.44025
4.488475
4.518225
4.531675
4.6014
4.664725
4.6845
4.6871
4.6925
4.770475
4.784575
4.785125
4.908175
4.999725
5.139625
5.298125
5.381425
5.41045
5.414575
5.4229
5.46105
5.494825
5.575575
5.763075
6.30045
6.3009
6.352475
6.3829
6.4006
6.619925
6.664425
6.6653
6.701875
6.87965
6.96165
7.04845
7.088075
7.218725
7.48195
7.63205
7.647825
7.709675
7.76295
7.785475
7.93905
8.01405
8.1937
8.378825
8.482375
8.584125
8.630475
8.723975
8.81895
8.882375
8.9053
8.927075
8.982175
9.033525
9.038625
9.0413
9.0837
9.674725
9.67485
9.71805
9.784475
9.93265
9.9474
183
