0.0307
0.081275
0.13965
0.14495
0.185025
0.375925
0.489575
0.500825
0.517425
0.5278
0.531175
0.53245
0.5432
0.54415
0.556925
0.5687
0.56995
0.5883
0.5929
0.60425
0.644575
0.6482
0.6523
0.65235
0.663425
0.6964
0.697575
0.703725
0.70935
0.722325
0.72945
0.766125
0.7745
0.79105
0.8491
0.856925
0.883625
0.913525
0.944425
0.947825
0.9518
0.958975
0.982525
0.983875
0.98785
1.05195
1.092325
1.1153
1.116175
1.137825
1.1427
1.14335
1.145525
1.18525
1.207125
1.225725
1.231825
1.24545
1.2633
1.26455
1.326875
1.32915
1.335775
1.3613
1.4182
1.44985
1.514725
1.5162
1.5167
1.5254
1.547225
1.59295
1.6111
1.633575
1.754125
1.792575
1.8389
1.857375
1.877575
1.912275
1.92925
1.9317
1.9449
1.991525
1.9931
2.051125
2.061025
2.098
2.13295
2.267225
2.28295
2.3331
2.335375
2.38755
2.414175
2.477825
2.53985
2.602425
2.6111
2.6776
2.79815
2.808925
2.8177
2.8633
2.922725
2.948075
3.0258
3.03565
3.14655
3.2092
3.21665
3.305325
3.32435
3.345975
3.387125
3.499
3.5691
3.59855
3.6468
3.655925
3.669525
3.6925
3.720325
3.8018
3.849425
3.8594
3.915375
4.032275
4.04045
4.1029
4.163625
4.445175
4.505125
4.5602
4.6303
4.6497
4.66725
4.73615
4.7546
5.045725
5.04685
5.220575
5.28615
5.287825
5.3551
5.3713
5.603225
5.692325
5.7138
5.809075
5.813825
5.9511
5.978975
5.98455
6.05595
6.39485
6.55715
6.58145
6.60985
6.729325
6.7882
6.884925
6.917325
7.2116
7.26005
7.434025
7.45465
7.5028
7.701175
7.740725
7.776225
7.850225
7.993325
8.017225
8.063975
8.4565
8.495775
8.55975
8.690575
8.770675
8.860675
8.9337
8.980475
9.1606
9.245375
9.33015
9.348
9.8073
9.827125
9.892525
190
