0.030775
0.047525
0.062325
0.347025
0.438625
0.505175
0.519325
0.5293
0.53785
0.543375
0.5437
0.55525
0.557975
0.611225
0.612225
0.6177
0.630075
0.65315
0.662075
0.6751
0.67645
0.676975
0.677475
0.687625
0.689275
0.698725
0.701775
0.7096
0.7278
0.74235
0.75865
0.7755
0.789175
0.797825
0.804775
0.859525
0.86
0.882925
0.883925
0.892625
0.91705
0.92015
0.932275
0.938725
0.952625
0.974325
0.9899
1.00365
1.0064
1.014925
1.04015
1.045325
1.061
1.0806
1.13685
1.138075
1.166375
1.179775
1.2072
1.234825
1.26035
1.35595
1.365125
1.446175
1.4513
1.457275
1.5251
1.546825
1.593975
1.651375
1.65765
1.663975
1.681875
1.6996
1.734675
1.751625
1.764775
1.829075
1.88615
1.955325
2.0211
2.083275
2.140675
2.15455
2.20935
2.262025
2.294025
2.40915
2.4931
2.567625
2.574125
2.643775
2.68955
2.74175
2.745225
2.797675
2.8043
2.809625
2.9351
2.9712
3.1866
3.243675
3.251125
3.272075
3.2872
3.2938
3.36795
3.451325
3.5699
3.593275
3.7651
3.861125
3.891025
4.013325
4.03915
4.045025
4.047075
4.04745
4.075375
4.130075
4.241825
4.26995
4.356175
4.376625
4.3929
4.4017
4.42935
4.5187
4.546725
4.60655
4.613825
4.687975
4.8153
4.8398
4.846175
5.0535
5.084625
5.102775
5.123975
5.134125
5.29985
5.41195
5.445825
5.54725
5.568075
5.691875
5.728
5.80415
5.808525
5.8118
5.8892
6.1721
6.203
6.214975
6.22005
6.279875
6.37315
6.39965
6.5382
6.850575
6.934975
6.9513
6.9997
7.0167
7.050975
7.121725
7.201275
7.3524
7.356925
7.35925
7.44745
7.5852
7.8212
7.8654
7.874975
7.903125
8.03985
8.1248
8.2936
8.374875
8.407575
8.548625
8.700825
8.73485
8.78015
8.8392
8.84145
8.88205
9.083475
9.111575
9.2448
9.252125
9.279675
9.309525
9.355275
9.377975
9.388
9.49275
9.6078
9.621175
9.669425
9.72315
9.727575
9.877775
9.888025
9.93545
9.978825
207
