0.0418
0.168925
0.174625
0.202675
0.205475
0.267475
0.322775
0.324425
0.3388
0.435325
0.508
0.5224
0.522525
0.532225
0.551025
0.60255
0.6318
0.633375
0.633525
0.645025
0.6453
0.65095
0.6539
0.65485
0.6633
0.667575
0.67105
0.682725
0.71555
0.72415
0.73195
0.734475
0.76545
0.7691
0.82275
0.842975
0.847625
0.855475
0.880575
0.88395
0.89525
0.925825
0.9279
0.94635
0.948825
1.00375
1.00815
1.012975
1.01605
1.016075
1.075725
1.10215
1.187375
1.217625
1.2605
1.264375
1.264975
1.273375
1.2794
1.283475
1.326775
1.356075
1.359625
1.473025
1.493825
1.506425
1.562125
1.6233
1.6266
1.67325
1.6774
1.7358
1.740625
1.75235
1.753125
1.761875
1.783575
1.827025
1.897225
1.9107
1.942725
2.0535
2.06005
2.0769
2.147775
2.160075
2.176625
2.211375
2.3301
2.38085
2.380925
2.4336
2.479175
2.5869
2.6298
2.710075
2.75845
2.8335
3.0382
3.07455
3.187775
3.18815
3.222725
3.280725
3.2865
3.37755
3.4282
3.428275
3.47885
3.524425
3.5481
3.5644
3.64045
3.791775
3.908625
3.93575
3.945025
3.95595
3.974675
4.0228
4.02605
4.046825
4.10745
4.1712
4.190775
4.19615
4.331225
4.350775
4.455175
4.52285
4.571925
4.66485
4.695625
4.7668
4.770575
4.8277
4.857
4.8616
4.8646
4.8687
5.05525
5.192375
5.253875
5.268325
5.32895
5.375475
5.400475
5.511375
5.519175
5.573
5.77965
5.80745
5.808675
6.047775
6.0539
6.059275
6.07355
6.1048
6.1161
6.15365
6.174475
6.348925
6.350825
6.356325
6.35805
6.4613
6.474825
6.4914
6.5078
6.608675
6.661725
6.701925
6.780625
6.820025
6.892825
6.938075
7.002725
7.03005
7.0462
7.188025
7.2624
7.3249
7.4885
7.832975
7.864925
8.07365
8.237875
8.32635
8.406475
8.65615
8.681925
8.796775
8.90385
8.92695
8.983975
9.0345
9.0356
9.05645
9.069725
9.22795
9.444275
9.8377
9.868775
9.922175
204
