0.14165
0.43505
0.5045
0.51505
0.524425
0.5494
0.5522
0.553
0.567125
0.5775
0.5807
0.5989
0.622625
0.623625
0.63275
0.633375
0.63905
0.70095
0.715925
0.7304
0.7317
0.755
0.7576
0.79215
0.8237
0.85115
0.885975
0.887425
0.899725
0.90345
0.949275
0.972725
0.97485
0.990725
1.022925
1.036975
1.038175
1.0474
1.0836
1.139175
1.214775
1.22455
1.23465
1.241225
1.2561
1.275625
1.311975
1.3177
1.317975
1.31835
1.366025
1.367175
1.43395
1.4385
1.457425
1.45985
1.46965
1.469925
1.4952
1.5312
1.575975
1.605325
1.68375
1.7051
1.719025
1.881775
1.953075
1.999675
2.022275
2.050925
2.0875
2.165275
2.2506
2.32885
2.348025
2.4096
2.42285
2.44435
2.457125
2.458875
2.4866
2.500475
2.5321
2.6091
2.618925
2.72165
2.755825
2.819225
2.836625
2.927975
2.9514
2.972425
3.039125
3.081425
3.222075
3.25345
3.304425
3.30755
3.348475
3.432925
3.549425
3.560225
3.70285
3.746825
3.769525
3.79155
3.87085
4.07495
4.3284
4.517
4.597025
4.63665
4.73045
4.7833
4.86075
5.058175
5.12605
5.334625
5.51435
5.5676
5.638525
5.6559
5.694625
5.7296
5.757475
5.963425
5.9797
6.056775
6.0678
6.124975
6.132725
6.1608
6.323075
6.67155
6.686
6.711025
6.714475
6.7252
6.886875
7.102725
7.251325
7.510875
7.549325
7.617725
7.6274
7.6448
7.745
7.903575
8.082925
8.089225
8.198725
8.214075
8.332125
8.348875
8.46355
8.604675
8.609975
8.686025
8.696075
8.75075
8.7629
8.890925
8.939875
8.946
8.949725
9.08825
9.2708
9.276225
9.310325
9.340325
9.3496
9.5879
9.63755
9.79305
9.819525
9.965225
176
