0.136375
0.1409
0.517225
0.520675
0.537325
0.538675
0.540425
0.54395
0.54405
0.551625
0.5803
0.59485
0.596125
0.620525
0.661875
0.6881
0.7017
0.74115
0.7442
0.744675
0.767075
0.768475
0.78965
0.817975
0.845325
0.856075
0.86125
0.90605
0.932675
0.9462
0.992475
1.008175
1.074825
1.10935
1.1536
1.17295
1.191275
1.208175
1.212625
1.30615
1.3141
1.354075
1.384725
1.43405
1.465075
1.5542
1.574825
1.594275
1.611475
1.639225
1.656525
1.679375
1.705875
1.710475
1.78215
1.80845
1.828175
1.851175
1.86035
1.878125
2.002975
2.0235
2.0444
2.11965
2.1988
2.20575
2.2363
2.2596
2.276725
2.3005
2.334325
2.393325
2.4133
2.42035
2.4667
2.505275
2.522775
2.556125
2.558675
2.70465
2.801425
2.855675
2.91385
3.0286
3.05555
3.1077
3.2361
3.269775
3.29
3.3113
3.43935
3.480325
3.5087
3.509225
3.54195
3.62515
3.674125
3.735775
3.742675
3.7898
3.809325
3.8677
3.909425
3.988775
4.0089
4.0559
4.075975
4.146
4.269375
4.27655
4.280875
4.351
4.384175
4.534975
4.539325
4.789125
4.818225
4.85945
5.06885
5.242825
5.31765
5.326125
5.4046
5.45005
5.474775
5.475325
5.55745
5.5649
5.572725
5.61325
5.626325
5.668425
5.763275
5.8555
5.89325
5.99605
5.998375
6.07805
6.170625
6.177325
6.179
6.2047
6.28625
6.323975
6.3605
6.511525
6.5455
6.613975
6.88815
6.919925
6.9744
6.999475
7.089975
7.1871
7.236075
7.331325
7.37135
7.41765
7.49635
7.52315
7.76105
7.766975
7.776675
7.849225
7.896675
7.93205
7.97765
8.07595
8.076875
8.3247
8.3946
8.854575
8.997625
9.00805
9.02145
9.203175
9.337525
9.362075
9.3806
9.4304
9.49195
9.502425
9.50655
9.50735
9.647225
9.7601
9.843
9.977925
188
