0.0883
0.2047
0.3076
0.34685
0.493025
0.5087
0.519775
0.53115
0.538875
0.55145
0.552
0.575775
0.6129
0.63285
0.64325
0.659475
0.67975
0.697025
0.70365
0.740725
0.745075
0.7473
0.78785
0.80775
0.839075
0.844525
0.85545
0.859175
0.87365
0.878975
0.89335
0.9523
0.991925
0.992325
0.99465
1.031075
1.038775
1.04715
1.049975
1.070025
1.116575
1.1182
1.168675
1.180625
1.20235
1.208075
1.260575
1.26095
1.26635
1.312925
1.331675
1.3704
1.409
1.443075
1.45545
1.465125
1.486525
1.546525
1.5614
1.696425
1.72205
1.765325
1.772275
1.78405
1.800175
1.9272
2.0705
2.07565
2.1867
2.19905
2.23615
2.2851
2.311
2.32085
2.324975
2.3939
2.4006
2.465125
2.526075
2.572225
2.600975
2.6823
2.79075
2.79495
2.8169
2.8563
2.951225
3.13795
3.24635
3.2815
3.364925
3.368375
3.611875
3.612925
3.634025
3.6391
3.72265
3.812825
3.8208
3.872225
3.883375
3.957725
4.1254
4.128675
4.15045
4.278025
4.294125
4.347975
4.3917
4.426975
4.4898
4.6183
4.715625
4.826975
4.828675
4.89235
4.91055
4.919875
4.98685
5.011925
5.0435
5.069975
5.0701
5.1248
5.13015
5.136275
5.157625
5.1843
5.18465
5.1925
5.198175
5.297475
5.328125
5.388325
5.419
5.4637
5.52005
5.5296
5.537825
5.721525
5.797725
5.898525
5.919875
6.07235
6.22905
6.35795
6.410025
6.4331
6.66995
6.700175
6.87715
7.003125
7.14405
7.20915
7.21105
7.438
7.457825
7.47805
7.49335
7.5074
7.5898
7.72635
7.742275
7.8066
7.89065
7.896825
8.0605
8.0704
8.178325
8.17945
8.269725
8.30145
8.31785
8.34435
8.349425
8.4012
8.416175
8.448575
8.51195
8.52095
8.589475
8.6106
8.635825
8.732525
8.73895
8.835925
8.95625
9.0283
9.073675
9.077775
9.275225
9.304175
9.33515
9.55765
9.6926
9.778175
9.87895
9.94695
9.961125
9.970975
200
