0.070525
0.132125
0.17275
0.20785
0.283475
0.504125
0.5059
0.529575
0.540325
0.55525
0.55825
0.55965
0.580775
0.583725
0.602025
0.602775
0.616225
0.640375
0.657225
0.65925
0.66855
0.683925
0.689325
0.7562
0.757125
0.76315
0.77005
0.77615
0.791175
0.794325
0.797625
0.814225
0.832625
0.846425
0.85
0.892625
0.898225
0.91295
0.92105
0.9675
0.983275
0.99075
0.992625
0.999275
1.0152
1.04165
1.049875
1.05625
1.065675
1.06595
1.07395
1.122025
1.15015
1.15055
1.165775
1.22285
1.223725
1.247675
1.301825
1.308075
1.3283
1.33115
1.343375
1.37525
1.448575
1.522375
1.62285
1.6632
1.6802
1.69885
1.741825
1.756225
1.78095
1.80915
1.86235
1.8773
1.90205
1.927925
1.97905
2.139575
2.282275
2.296825
2.4254
2.49045
2.497025
2.52025
2.566225
2.575375
2.7473
2.8468
2.860875
2.925075
3.020525
3.0545
3.09435
3.11335
3.2323
3.234
3.24235
3.256125
3.285175
3.3261
3.436625
3.5252
3.579275
3.638175
3.64135
3.6454
3.649525
3.71005
3.7581
3.812575
3.8322
3.865425
3.95665
4.037375
4.07145
4.077375
4.07745
4.137925
4.211075
4.26065
4.290825
4.366175
4.562225
4.615475
4.659425
4.76055
4.8262
4.8548
4.89485
5.07845
5.0894
5.09465
5.10315
5.1615
5.16715
5.23985
5.3068
5.3279
5.444325
5.54385
5.570325
5.656825
5.683825
5.74025
5.765
5.776475
5.78655
5.808475
5.840925
5.88725
5.9069
5.967075
6.03385
6.29325
6.4128
6.42375
6.5118
6.52305
6.587375
6.661675
6.666975
6.7504
6.823475
6.916975
7.02455
7.029125
7.036925
7.051525
7.091875
7.24695
7.28
7.295325
7.302475
7.3402
7.429075
7.44545
7.449525
7.475625
7.53035
7.706275
7.861775
7.897975
8.10755
8.189325
8.20675
8.267575
8.3243
8.333875
8.446975
8.467375
8.477575
8.480075
8.55085
8.554875
8.559875
8.623025
8.736875
8.782175
9.250225
9.25735
9.39935
9.442125
9.482825
9.701275
9.79455
9.893675
9.902375
209
