0.187475
0.21705
0.287575
0.348425
0.43985
0.507475
0.5146
0.518
0.53595
0.54935
0.568
0.5916
0.6078
0.60865
0.615375
0.63805
0.64485
0.662725
0.686
0.709875
0.749775
0.751825
0.76485
0.770625
0.78565
0.7939
0.817425
0.845875
0.869
0.892625
0.909725
0.935025
0.942625
0.9474
0.97595
0.996375
1.0057
1.00675
1.05405
1.0915
1.094275
1.163125
1.18865
1.198875
1.23655
1.24295
1.272425
1.3025
1.379975
1.3891
1.4057
1.407125
1.410525
1.435225
1.488525
1.522
1.552925
1.575425
1.583375
1.604125
1.63285
1.677925
1.694175
1.788675
1.85835
1.899625
1.9252
1.969875
2.036225
2.048225
2.08
2.144075
2.15575
2.171975
2.1918
2.209875
2.212575
2.2464
2.36245
2.4211
2.5125
2.642925
2.665725
2.70625
2.726375
2.878775
2.922325
2.968375
3.047175
3.077425
3.0974
3.136225
3.257925
3.274125
3.4081
3.454125
3.495675
3.59855
3.65995
3.662
3.662725
3.700975
3.71815
3.8579
3.8796
3.9094
4.01595
4.03115
4.0503
4.069675
4.16655
4.26755
4.277125
4.3055
4.3331
4.425075
4.468825
4.549075
4.567975
4.6375
4.64415
4.716575
4.717675
4.783275
4.827875
4.927075
4.959675
4.995025
5.19205
5.237875
5.376625
5.450225
5.526925
5.5991
5.6132
5.7784
6.104475
6.176275
6.184425
6.306575
6.3242
6.4845
6.49195
6.50335
6.518375
6.854275
6.888325
6.90545
6.950625
7.2453
7.30065
7.315025
7.484225
7.579
7.64275
7.666075
7.737725
7.786225
7.860325
7.891225
8.11555
8.1188
8.303175
8.331775
8.4869
9.015925
9.038625
9.11875
9.198975
9.236375
9.5252
9.5832
9.59625
9.59655
9.65685
9.760025
9.82865
9.840725
9.899825
9.923675
180
