0.0514
0.211725
0.22925
0.37805
0.5134
0.5151
0.519425
0.5393
0.547125
0.547725
0.55275
0.56065
0.5883
0.5918
0.612775
0.636975
0.646725
0.655775
0.681975
0.698775
0.7326
0.73945
0.770025
0.7864
0.792025
0.7993
0.83545
0.84875
0.85095
0.8568
0.87515
0.891675
0.908325
0.95585
0.95975
0.97345
0.994025
1.0048
1.06065
1.06415
1.083575
1.0881
1.09165
1.1089
1.156425
1.157175
1.159225
1.16905
1.2004
1.21975
1.224325
1.230075
1.27455
1.3059
1.31395
1.31505
1.3354
1.3548
1.37495
1.376325
1.3789
1.4254
1.42745
1.460125
1.468725
1.47685
1.512975
1.608825
1.66735
1.700875
1.781825
1.79775
1.844375
1.884025
1.9227
2.022175
2.0695
2.109325
2.139075
2.191425
2.24145
2.471875
2.52915
2.534625
2.576875
2.578775
2.736575
2.848625
2.903475
3.011875
3.013125
3.087425
3.1299
3.1362
3.170025
3.221525
3.26995
3.2786
3.281525
3.3257
3.379725
3.4927
3.53935
3.5766
3.613225
3.71085
3.72205
3.8109
3.8833
3.9178
3.9964
4.026775
4.027
4.089675
4.107625
4.1413
4.3183
4.327075
4.354575
4.354975
4.370175
4.4495
4.55475
4.72775
4.8143
4.99765
5.139175
5.196275
5.29895
5.56255
5.60015
5.698025
5.707625
5.73365
5.931475
6.074625
6.089925
6.14455
6.196975
6.26675
6.35135
6.3673
6.3961
6.5962
6.69465
6.69845
6.70175
6.712075
6.895625
6.89855
6.93125
7.0595
7.193975
7.2817
7.45535
7.507025
7.576375
7.580825
7.59405
7.641675
7.64375
7.663275
7.71685
7.717575
7.743225
7.765525
7.8142
7.862125
8.055175
8.0829
8.094625
8.147175
8.15845
8.16475
8.1901
8.191075
8.306475
8.451675
8.52695
8.53785
8.619625
8.73345
8.755325
8.86555
8.965075
8.991075
9.00485
9.3742
9.553725
9.62425
9.631175
9.69715
9.715875
9.852925
9.860175
9.95045
196
