0.06855
0.13055
0.281975
0.38065
0.4565
0.5029
0.513625
0.514575
0.51795
0.5193
0.52155
0.52695
0.531325
0.538025
0.5398
0.54155
0.54485
0.54825
0.551025
0.552075
0.55265
0.56005
0.56215
0.566775
0.5678
0.59085
0.604975
0.6071
0.616525
0.619925
0.654175
0.6601
0.685275
0.712225
0.716475
0.7202
0.723875
0.7239
0.731
0.7368
0.75595
0.75885
0.79795
0.807425
0.81565
0.872725
0.8763
0.918
0.9219
0.92405
0.942425
0.9499
0.95635
0.95655
0.956825
1.00205
1.0313
1.066525
1.079925
1.08735
1.090525
1.091175
1.09675
1.17335
1.210375
1.22065
1.231225
1.252
1.258925
1.274025
1.2814
1.338975
1.34475
1.346875
1.351975
1.356575
1.382225
1.414825
1.449775
1.4935
1.569725
1.60905
1.69455
1.7011
1.7332
1.78845
1.841125
1.95475
2.011675
2.0364
2.25665
2.2569
2.260725
2.300925
2.399175
2.459925
2.5705
2.593075
2.60455
2.6156
2.713775
2.752375
2.9424
2.94365
2.95395
2.988275
3.04135
3.0675
3.077825
3.135275
3.14845
3.2191
3.221225
3.224625
3.262425
3.331425
3.376225
3.4556
3.477675
3.5116
3.583725
3.58395
3.6767
3.70455
3.743675
3.768025
3.8038
3.83525
3.858225
3.9495
4.0003
4.037475
4.0504
4.0708
4.09565
4.13195
4.224475
4.236425
4.2607
4.38805
4.397925
4.525725
4.55505
4.564075
4.59945
4.630475
4.6315
4.638825
4.7328
4.912075
5.0805
5.227825
5.369925
5.4253
5.468125
5.5765
5.589475
5.594925
5.6828
5.855425
5.917525
6.0191
6.0988
6.299375
6.35775
6.385775
6.556575
6.5843
6.639025
6.645075
6.712375
6.894275
6.99655
7.03855
7.13935
7.2088
7.2101
7.30625
7.486925
7.493725
7.49445
7.98055
8.109325
8.289125
8.397775
8.412425
8.466675
8.48725
8.49545
8.5415
8.64985
8.772475
8.800125
8.88705
9.017975
9.060525
9.194625
9.368675
9.464725
9.5782
9.676775
9.758
9.79585
9.890825
9.980175
205
