0.002275
0.07135
0.08285
0.313225
0.3273
0.454975
0.501925
0.51805
0.522575
0.53325
0.53605
0.548375
0.571825
0.583975
0.596675
0.597125
0.601975
0.6118
0.634875
0.63585
0.65335
0.654225
0.668375
0.67945
0.690925
0.7027
0.70665
0.708
0.72375
0.76415
0.78775
0.82925
0.852
0.8572
0.85895
0.87335
0.88065
0.886775
0.8913
0.891725
0.895175
0.939525
0.9796
0.98955
0.994675
0.9995
1.0006
1.02525
1.038375
1.06995
1.100575
1.11965
1.1408
1.1731
1.3433
1.400375
1.40705
1.408625
1.4174
1.45455
1.486025
1.499975
1.576275
1.587525
1.6066
1.61485
1.63125
1.696875
1.723825
1.7287
1.7622
1.8803
2.0479
2.184025
2.232225
2.2396
2.30465
2.313675
2.36695
2.415275
2.42605
2.4518
2.542175
2.578
2.661425
2.671525
2.7244
2.905775
2.92655
3.011
3.0835
3.092675
3.133175
3.1424
3.229975
3.339125
3.405375
3.408725
3.776625
3.791975
3.794875
3.804525
3.9485
4.084875
4.09465
4.2551
4.28735
4.3003
4.3252
4.347875
4.365025
4.771625
4.8729
4.87605
4.899275
4.921825
5.05515
5.067125
5.172
5.181475
5.254525
5.371475
5.505075
5.66295
5.6799
5.690175
5.767075
5.84625
5.85585
5.856125
5.882125
5.88325
5.8936
6.1948
6.30145
6.47345
6.5202
6.538625
6.570375
6.601525
6.6558
6.77725
6.783975
6.870275
7.0161
7.04115
7.3393
7.421025
7.4812
7.658875
7.79225
7.888825
7.901125
7.913425
7.96835
8.00655
8.07455
8.1079
8.164475
8.533675
8.55535
8.591975
8.595475
8.600175
8.6274
8.62935
8.87915
8.8835
9.0576
9.083675
9.14925
9.205675
9.206025
9.23775
9.43405
9.569275
9.602
9.696825
9.84
9.92565
180
