0.1582
0.21735
0.35795
0.502075
0.50705
0.5163
0.520875
0.539725
0.5592
0.560825
0.5849
0.595375
0.603225
0.6174
0.648775
0.652075
0.652275
0.6644
0.705375
0.718825
0.728375
0.737875
0.78125
0.79
0.8015
0.81525
0.834825
0.846825
0.8692
0.871475
0.8828
0.9204
0.926475
0.9285
0.9475
0.9538
0.98525
1.014675
1.0165
1.0381
1.03985
1.07145
1.098175
1.156525
1.182775
1.187675
1.206225
1.234175
1.258925
1.27015
1.28395
1.322525
1.3359
1.34895
1.357
1.445375
1.485575
1.50925
1.51135
1.51875
1.59965
1.647725
1.7286
1.72925
1.76245
1.772625
1.79925
1.81145
1.841425
1.859475
1.874475
1.9453
1.9563
2.0421
2.050925
2.1231
2.135275
2.169825
2.17615
2.22195
2.263125
2.301475
2.312725
2.3294
2.338775
2.342075
2.342425
2.384825
2.3936
2.541875
2.570775
2.59455
2.6141
2.616475
2.639725
2.67235
2.6735
2.7406
2.7529
2.785975
2.83095
2.8839
2.92915
2.9612
2.97375
3.078
3.150225
3.157975
3.383175
3.387775
3.396025
3.7544
3.782725
3.800075
3.828925
3.83
3.85155
3.938225
4.01505
4.0471
4.054725
4.09865
4.12665
4.1481
4.1667
4.194275
4.243225
4.264875
4.269475
4.27955
4.2805
4.3294
4.38455
4.398875
4.46225
4.465725
4.470625
4.50985
4.518725
4.741425
4.765575
4.8432
4.91205
4.946
5.04685
5.096025
5.184475
5.203675
5.218875
5.2251
5.3298
5.336575
5.359
5.379875
5.438625
5.463625
5.6028
5.63045
5.67005
5.816225
5.9335
5.9544
5.991075
6.0491
6.091325
6.10435
6.1107
6.19795
6.223175
6.24135
6.4308
6.4593
6.467575
6.4989
6.510375
6.5284
6.79265
6.851825
6.86755
7.028775
7.047575
7.083025
7.09985
7.1458
7.204575
7.348925
7.34935
7.433125
7.4405
7.46285
7.4948
7.797
7.90585
7.908175
7.955625
8.1301
8.15585
8.185475
8.21715
8.339175
8.422625
8.80935
8.888675
8.97405
9.054075
9.146875
9.223775
9.314525
9.644675
9.85445
9.870575
9.991425
212
