0.037975
0.14675
0.219275
0.357
0.3858
0.473125
0.50115
0.507725
0.5138
0.519275
0.52965
0.532375
0.5333
0.5372
0.53845
0.53895
0.542925
0.5467
0.602175
0.602475
0.616225
0.627075
0.630775
0.648975
0.674675
0.7022
0.706075
0.71165
0.7332
0.750825
0.770375
0.795175
0.869075
0.874175
0.88945
1.00015
1.027825
1.027925
1.043275
1.0482
1.11255
1.124675
1.135475
1.160675
1.16335
1.187675
1.200025
1.2425
1.2842
1.291225
1.303875
1.307975
1.30925
1.317125
1.389325
1.429425
1.436725
1.508975
1.537425
1.673425
1.69215
1.6991
1.7213
1.803175
1.908275
1.91625
1.972825
1.97605
2.005675
2.062325
2.111275
2.12505
2.1775
2.1849
2.2711
2.380275
2.39155
2.419775
2.44345
2.569375
2.65785
2.749275
2.77225
2.773125
2.788625
2.79805
2.85325
2.880975
3.0072
3.1146
3.163525
3.1778
3.274875
3.292725
3.321875
3.4037
3.67145
3.7296
3.757775
3.817475
3.843725
3.944025
4.058125
4.091475
4.09715
4.311325
4.37155
4.569575
4.5889
4.6019
4.60725
4.66155
4.683825
4.78165
4.7823
4.79465
4.81945
4.8279
4.938875
5.0831
5.1745
5.1977
5.30685
5.343525
5.36055
5.5389
5.612
5.6267
5.834375
5.85175
5.92995
5.9829
6.143
6.23135
6.2582
6.335875
6.663875
6.72155
6.764675
6.973425
7.006875
7.025925
7.032475
7.14245
7.152075
7.186425
7.2293
7.24475
7.3901
7.453075
7.468525
7.5267
7.691875
7.811075
7.8286
7.8386
7.847575
7.86345
7.8886
7.93245
8.01465
8.09715
8.208875
8.24235
8.29285
8.3062
8.3976
8.51305
8.594275
8.6236
8.825125
8.82775
8.86565
8.886825
8.8977
8.95875
9.144375
9.196325
9.27295
9.4029
9.55375
9.680025
9.760375
9.7789
9.827775
9.8907
9.89535
9.94235
9.96855
189
