0.33665
0.354575
0.485775
0.507
0.512075
0.514825
0.548825
0.57025
0.5789
0.586225
0.59455
0.601
0.60625
0.608025
0.614175
0.619075
0.620675
0.6464
0.66865
0.6851
0.698025
0.7006
0.719325
0.745625
0.7489
0.75745
0.760425
0.79465
0.848
0.85815
0.859025
0.8595
0.8692
0.879
0.92915
0.93065
0.93565
0.96215
0.96375
1.00015
1.0148
1.03325
1.04295
1.05075
1.051075
1.131825
1.207
1.213025
1.23685
1.274
1.288375
1.31455
1.359925
1.37815
1.45435
1.481825
1.581525
1.5992
1.64875
1.67195
1.72345
1.79295
1.800325
1.9288
1.966725
1.983425
2.011725
2.018025
2.141625
2.20705
2.2363
2.246075
2.2477
2.2487
2.26445
2.2824
2.3377
2.363625
2.422775
2.48295
2.518875
2.521275
2.571975
2.58495
2.594225
2.756525
2.759475
2.8035
2.81465
2.839275
2.84975
2.86015
2.895475
3.016375
3.029175
3.20105
3.21585
3.311475
3.451625
3.478675
3.486025
3.535775
3.597325
3.61815
3.63415
3.735375
3.7556
3.772775
3.84375
3.94145
4.1098
4.137575
4.51495
4.5714
4.59995
4.709025
4.7638
4.825125
4.964975
4.982075
5.058325
5.164375
5.237
5.2391
5.358375
5.52565
5.634
5.727425
5.80315
5.8542
5.8972
5.9209
5.938575
5.944075
5.946075
5.98495
6.0353
6.044225
6.04725
6.065275
6.143525
6.162325
6.232125
6.24905
6.502775
6.5721
6.611925
6.612775
6.6327
6.7566
6.84335
6.84465
6.860925
6.877
6.97435
7.055825
7.228
7.27515
7.33835
7.36165
7.483975
7.6625
7.79195
7.9179
7.920375
8.01675
8.0555
8.080775
8.08615
8.239975
8.260275
8.38145
8.4259
8.5161
8.5237
8.531
8.533075
8.5502
8.56125
8.902175
9.00375
9.02735
9.10425
9.662775
9.857325
185
