0.025125
0.321425
0.476375
0.5215
0.53315
0.53345
0.5369
0.54905
0.5517
0.552475
0.5577
0.566125
0.58775
0.611
0.6184
0.635425
0.655375
0.671
0.69075
0.695275
0.71575
0.72255
0.737275
0.75035
0.776775
0.778425
0.783175
0.78705
0.806625
0.827125
0.832525
0.8519
0.8735
0.883225
0.890425
0.89335
0.938875
0.9571
0.977125
0.998825
1.0116
1.017375
1.033375
1.041925
1.062025
1.082425
1.0888
1.112675
1.1269
1.144025
1.16145
1.166625
1.185125
1.186825
1.19025
1.1946
1.25725
1.257575
1.31365
1.32565
1.3387
1.422925
1.447825
1.49085
1.492725
1.50545
1.511725
1.516275
1.54035
1.598325
1.640275
1.6499
1.662225
1.7217
1.78235
1.8193
1.85895
1.869325
1.967125
1.9788
2.09305
2.20175
2.214225
2.2227
2.309475
2.341975
2.35105
2.439
2.453325
2.470625
2.58875
2.735325
2.768325
2.7735
2.883475
2.914725
3.000375
3.1323
3.1418
3.18285
3.208375
3.230375
3.35055
3.4868
3.4906
3.508825
3.5803
3.6188
3.62115
3.649
3.68245
3.6991
3.7092
3.83115
3.838875
3.917775
3.93065
3.9925
3.999225
4.045725
4.066675
4.09075
4.1572
4.171375
4.176
4.204375
4.251075
4.433575
4.506775
4.51295
4.63125
4.648825
4.7561
4.796225
4.8853
5.04005
5.07755
5.126625
5.142025
5.157675
5.196575
5.205025
5.262375
5.3789
5.49365
5.5053
5.562125
5.5819
5.62645
5.63055
5.766025
5.7686
5.7965
5.87535
6.04785
6.0808
6.255925
6.406325
6.5092
6.525175
6.528825
6.538475
6.5443
6.771875
6.812225
7.3227
7.3824
7.388525
7.4398
7.497425
7.63605
7.64565
7.816125
7.83335
7.937325
7.953725
7.956725
8.495025
8.540175
8.5593
8.71545
8.756375
8.816325
8.821925
9.03675
9.0576
9.17655
9.263725
9.307225
9.322875
9.370125
9.379525
9.5018
9.606175
9.71205
9.719125
9.926725
197
