0.145425
0.20695
0.380975
0.535425
0.538825
0.55085
0.577525
0.577975
0.591675
0.5988
0.61965
0.6325
0.635425
0.641975
0.643225
0.655675
0.65715
0.65905
0.660775
0.662675
0.6696
0.758825
0.761275
0.77195
0.7792
0.797125
0.841925
0.846775
0.85535
0.865425
0.8736
0.886425
0.897825
0.910075
0.9297
0.931
0.939475
0.960875
0.96685
1.0034
1.036975
1.04755
1.11965
1.1655
1.174075
1.20585
1.22325
1.242825
1.252925
1.29
1.300825
1.32015
1.336375
1.370725
1.4033
1.464075
1.488625
1.5541
1.6319
1.787125
1.803225
1.82495
1.8312
1.9157
1.9184
1.920125
1.9227
1.925825
1.939425
1.990075
2.024075
2.0326
2.04825
2.08285
2.184225
2.2239
2.2884
2.359725
2.515
2.56375
2.63015
2.653425
2.7691
2.82365
2.834425
2.853275
2.8644
2.9323
2.97425
2.9808
3.0087
3.026875
3.099125
3.099775
3.126725
3.19785
3.23015
3.268125
3.29685
3.328075
3.4857
3.558175
3.5921
3.659525
3.7533
3.76065
3.852275
3.9002
3.9194
3.988475
4.1952
4.34715
4.511925
4.513425
4.71735
4.7712
4.814025
4.838125
4.937775
5.12875
5.3987
5.485125
5.518825
5.566625
5.595375
5.651775
5.66145
5.6763
5.87525
5.8861
5.94365
6.032525
6.133125
6.14615
6.159875
6.174425
6.228625
6.27085
6.3233
6.355625
6.36125
6.391525
6.531
6.626975
6.663825
6.682775
6.97825
7.112925
7.16575
7.24665
7.283275
7.38105
7.479125
7.534825
7.6232
7.858025
7.9248
7.96575
7.995875
8.072975
8.094975
8.1096
8.163
8.3741
8.396775
8.528125
8.531475
8.563825
8.696825
8.76295
9.179975
9.355975
9.3889
9.401175
9.7319
9.753325
9.812425
177
