0.046
0.121625
0.180425
0.2501
0.2662
0.348
0.370425
0.47405
0.488625
0.504525
0.5089
0.511725
0.54235
0.5444
0.55855
0.559425
0.56575
0.574575
0.575625
0.59585
0.59895
0.61475
0.61505
0.616875
0.632
0.63865
0.64595
0.6468
0.656075
0.666825
0.683025
0.69695
0.7001
0.703
0.722575
0.733875
0.74605
0.807425
0.819975
0.85075
0.868775
0.87305
0.8778
0.889225
0.9943
0.99695
1.011825
1.025775
1.07835
1.114525
1.1206
1.205975
1.220125
1.26255
1.29585
1.3034
1.324325
1.325825
1.419525
1.441825
1.515975
1.57345
1.5762
1.615375
1.6178
1.628125
1.629575
1.703125
1.732975
1.75355
1.7964
1.85005
1.87095
1.893375
2.0253
2.030225
2.070775
2.188575
2.30645
2.312925
2.351225
2.391125
2.39165
2.44775
2.5374
2.549625
2.56455
2.600625
2.60195
2.64825
2.657425
2.66055
2.7075
2.759
2.7845
2.85585
2.923475
3.01255
3.02105
3.051975
3.064925
3.067775
3.07065
3.1045
3.1305
3.139275
3.204075
3.208025
3.274575
3.37185
3.441075
3.538625
3.578725
3.69995
3.7194
3.808225
3.812975
3.8257
3.848125
3.875575
3.89905
3.93575
3.965275
3.97965
3.9887
4.43255
4.496425
4.538175
4.591
4.6131
4.6714
4.73735
4.821975
4.870975
4.923925
5.061325
5.082425
5.0981
5.123
5.2205
5.226825
5.418775
5.576925
5.5922
5.7125
5.72645
5.766525
5.768325
5.778875
5.80675
5.891225
5.908975
5.919475
6.0378
6.0626
6.0655
6.146275
6.20595
6.206275
6.480275
6.5847
6.597275
6.758225
7.05975
7.1866
7.26875
7.46685
7.57295
7.709325
7.851675
8.02835
8.107475
8.23435
8.23955
8.2443
8.52255
8.55485
8.658375
8.668425
8.710425
8.71725
8.761425
8.788425
8.989375
9.0362
9.055225
9.134775
9.2256
9.335075
9.387275
9.4739
9.485925
9.84435
9.8961
9.911025
195
