0.00535
0.08815
0.187125
0.366425
0.450725
0.509575
0.52895
0.535275
0.542625
0.55255
0.5568
0.5582
0.565
0.5841
0.608375
0.6141
0.624075
0.634475
0.64205
0.689425
0.691775
0.69685
0.7017
0.707625
0.718075
0.72705
0.729725
0.740225
0.7551
0.801475
0.81315
0.827
0.8317
0.8478
0.91255
0.9173
0.9273
1.00305
1.02005
1.023975
1.0446
1.060875
1.06665
1.0781
1.1011
1.120825
1.127225
1.1434
1.151575
1.155025
1.17115
1.302125
1.3075
1.32105
1.344225
1.352125
1.4603
1.471475
1.472025
1.5007
1.529475
1.538325
1.54485
1.569375
1.588725
1.63575
1.635875
1.6616
1.682825
1.727075
1.83015
1.836225
1.8607
2.132725
2.19485
2.221425
2.2868
2.28685
2.3463
2.382925
2.439425
2.49845
2.51505
2.5394
2.569975
2.6286
2.701075
2.790625
2.897575
2.90995
2.93815
2.946825
2.94805
3.06735
3.09495
3.15725
3.226375
3.22735
3.2343
3.323325
3.556375
3.770325
3.775675
3.825675
3.84115
3.875825
3.910875
3.96915
4.004275
4.020025
4.167175
4.173575
4.196375
4.20235
4.209375
4.23555
4.27885
4.3863
4.388625
4.462525
4.53145
4.5374
4.552975
4.577625
4.656775
4.74305
4.9757
4.977625
5.08925
5.175175
5.2114
5.22725
5.29485
5.377975
5.399425
5.5137
5.53325
5.800125
5.883625
5.97475
6.073175
6.077775
6.126925
6.128525
6.133675
6.145075
6.164975
6.2416
6.289175
6.355275
6.358
6.4833
6.511925
6.611525
6.862375
6.903975
6.905375
7.04695
7.093475
7.617125
7.64195
7.765725
7.8216
7.908775
8.17205
8.18385
8.198175
8.2939
8.46445
8.57655
9.000775
9.032725
9.191175
9.39465
9.60915
9.742425
9.7707
9.829875
9.88775
9.903075
9.94095
9.952525
182
