0.111025
0.3002
0.50025
0.501825
0.505775
0.509275
0.512175
0.5153
0.520925
0.5268
0.530475
0.532325
0.536275
0.538075
0.5456
0.569775
0.579325
0.5927
0.600475
0.617225
0.620225
0.643175
0.6558
0.66355
0.6732
0.67825
0.679575
0.684175
0.727875
0.731575
0.75725
0.76545
0.775025
0.781325
0.787025
0.802325
0.821425
0.8334
0.84225
0.874525
0.89015
0.90575
0.9137
0.91515
0.9764
1.0079
1.016825
1.023225
1.0297
1.052425
1.0994
1.1088
1.12435
1.136875
1.15615
1.2059
1.222475
1.22445
1.23705
1.255275
1.260825
1.2864
1.31465
1.389525
1.4106
1.4332
1.54715
1.6366
1.646475
1.674525
1.680025
1.719125
1.7823
1.800125
1.8327
1.8707
1.898175
1.907875
1.9127
1.97905
1.99005
1.995325
2.00855
2.0132
2.03765
2.078875
2.1202
2.1936
2.277225
2.27735
2.353775
2.4384
2.4734
2.49145
2.5427
2.611775
2.69755
2.7829
2.89845
2.978275
3.013475
3.06295
3.099525
3.19365
3.261675
3.459075
3.4753
3.477425
3.5557
3.637475
3.680575
3.7252
3.73585
3.7657
3.983525
3.987125
3.9881
4.00035
4.040175
4.1953
4.214425
4.371725
4.507475
4.5448
4.6095
4.643675
4.667625
4.72415
4.7815
4.873375
4.907075
4.974675
5.020825
5.12835
5.21075
5.2434
5.31225
5.32
5.3353
5.39485
5.488775
5.5248
5.5302
5.546875
5.595125
5.6697
5.67735
5.910075
6.0754
6.077425
6.150675
6.372175
6.44335
6.458
6.4914
6.50935
6.624225
6.65055
6.657625
6.748
6.83905
6.8535
6.908075
6.9149
7.25115
7.264925
7.363525
7.567125
7.608425
7.630575
7.80235
7.993175
8.033525
8.036725
8.17915
8.241975
8.293925
8.457825
8.48275
8.689125
8.828025
8.84595
9.041575
9.155575
9.370725
9.55495
9.743875
9.7441
9.8943
189
