0.0232
0.1006
0.43385
0.513375
0.52525
0.5293
0.5346
0.539225
0.55665
0.560475
0.574575
0.58155
0.590925
0.59545
0.6013
0.6047
0.60705
0.61335
0.624825
0.6276
0.66215
0.672625
0.680025
0.681525
0.6951
0.71505
0.719625
0.736875
0.754025
0.7562
0.778575
0.7906
0.813825
0.8183
0.821475
0.85625
0.9514
0.96025
0.964125
0.9672
0.9676
0.96765
0.97595
0.993225
0.9955
1.00075
1.011875
1.067925
1.076125
1.112925
1.130325
1.199575
1.205925
1.228925
1.231425
1.238575
1.271175
1.277125
1.317275
1.33335
1.3613
1.375325
1.426
1.444175
1.49155
1.53165
1.54955
1.61865
1.633
1.684175
1.7283
1.741325
1.756975
1.79795
1.801675
1.82055
1.839525
1.863925
1.9497
1.996975
2.00185
2.0789
2.141925
2.19135
2.271075
2.31585
2.37215
2.431525
2.442525
2.467975
2.483675
2.484975
2.58895
2.610475
2.6196
2.6935
2.746875
2.785175
2.83215
2.8744
2.90575
3.064975
3.100725
3.134825
3.14045
3.23165
3.28705
3.291525
3.301425
3.416175
3.418325
3.451825
3.45785
3.5386
3.547075
3.57335
3.6392
3.648075
3.687975
4.000875
4.052225
4.062525
4.070825
4.18535
4.2126
4.231375
4.379275
4.394175
4.404225
4.425
4.429925
4.43815
4.4924
4.498525
4.57455
4.648425
4.686925
4.691475
4.710525
4.7172
4.839325
4.843625
4.9373
4.94775
5.078375
5.216
5.2203
5.2398
5.2777
5.293375
5.2986
5.42405
5.4424
5.44405
5.59165
5.654575
5.86695
5.9858
6.110025
6.157175
6.304625
6.30655
6.399975
6.463375
6.650925
6.659975
6.66265
6.840325
6.872825
6.982225
7.1486
7.25645
7.3351
7.361025
7.38595
7.4327
7.5178
7.5318
7.7968
7.831625
7.844525
7.865225
7.894925
7.896
7.901
7.94325
8.006275
8.034725
8.37305
8.394025
8.41545
8.610325
8.651125
8.724725
9.065075
9.17025
9.1759
9.2708
9.36095
9.537475
9.537575
9.624125
9.6331
9.63415
9.658675
9.763575
9.854075
9.909875
208
