0.109725
0.143975
0.267
0.2955
0.33145
0.421325
0.5102
0.51645
0.52355
0.527475
0.52925
0.5355
0.536575
0.544925
0.611525
0.630325
0.64675
0.6587
0.700975
0.721
0.722875
0.744425
0.7448
0.75035
0.75255
0.790575
0.792375
0.8087
0.815075
0.825425
0.82705
0.8297
0.861925
0.894775
0.9437
0.964
0.969125
0.978425
0.98945
1.0076
1.0187
1.01965
1.06025
1.070875
1.078575
1.095025
1.1214
1.12575
1.13615
1.1734
1.247325
1.25575
1.27435
1.300125
1.354025
1.3988
1.400475
1.41905
1.461425
1.471875
1.520975
1.6332
1.6935
1.7067
1.72805
1.745175
1.870725
1.885675
1.935275
1.936625
1.9511
1.973575
2.0448
2.0655
2.077875
2.084975
2.1397
2.234775
2.283175
2.307825
2.400025
2.4008
2.474275
2.514275
2.5949
2.646025
2.71585
2.90205
2.910275
2.98025
3.07715
3.136975
3.144775
3.237525
3.264025
3.2706
3.38545
3.56835
3.59415
3.60135
3.6453
3.65045
3.770675
3.834625
3.88925
3.902175
3.924225
4.19995
4.211225
4.2226
4.39365
4.427675
4.455875
4.518625
4.533125
4.533175
4.6459
4.666125
4.71785
4.83535
4.915
4.987375
5.09085
5.10095
5.114475
5.138025
5.326625
5.376425
5.426825
5.66865
5.70945
5.731275
5.94475
6.046675
6.2617
6.463125
6.707525
6.74955
6.83935
6.8413
7.02325
7.073225
7.1752
7.222625
7.226
7.32305
7.425875
7.43305
7.516325
7.67325
7.678825
7.738425
7.768425
7.7963
7.882375
7.958425
7.9609
8.0531
8.09385
8.0993
8.214175
8.331375
8.43785
8.542775
8.633675
8.663475
8.8196
8.88185
8.954575
9.034675
9.07045
9.1562
9.16195
9.189675
9.26475
9.373725
9.3927
9.42815
9.610675
9.6253
9.772825
9.868725
9.901175
9.93005
184
