0.0248
0.203
0.207425
0.269025
0.377775
0.51205
0.515125
0.51875
0.53105
0.555425
0.55645
0.55925
0.563725
0.56785
0.570025
0.572625
0.577225
0.588575
0.59535
0.59805
0.598175
0.6161
0.625925
0.63615
0.652525
0.681025
0.688325
0.721275
0.75805
0.7786
0.81855
0.821275
0.852375
0.86275
0.868375
0.87935
0.90665
0.9091
0.918
0.926325
0.944025
0.965725
1.009475
1.014425
1.015025
1.021475
1.023475
1.056275
1.0589
1.099625
1.116875
1.11765
1.12295
1.12835
1.138125
1.1454
1.170125
1.24925
1.268725
1.301225
1.3601
1.3741
1.376225
1.3786
1.415025
1.4287
1.485
1.491975
1.5074
1.5275
1.56485
1.5787
1.58
1.655675
1.67765
1.695025
1.7325
1.751025
1.754025
1.76775
1.798525
1.8095
1.814325
1.8498
1.863425
1.873175
1.874975
1.95335
1.97335
1.9771
2.053675
2.060825
2.084275
2.08595
2.12335
2.1885
2.20755
2.345075
2.3884
2.4319
2.46665
2.5118
2.5189
2.54125
2.634875
2.645975
2.69845
2.720075
2.746925
2.772375
2.893075
2.9211
2.97715
3.011125
3.032475
3.069325
3.09715
3.144625
3.194225
3.221225
3.27945
3.32575
3.3405
3.476475
3.496
3.595725
3.68375
3.95645
4.066225
4.13685
4.180325
4.194625
4.387375
4.516625
4.535125
4.621
4.628025
4.648725
4.71725
4.810975
4.858225
4.9425
5.04705
5.1219
5.130825
5.178575
5.24535
5.416425
5.52575
5.61945
5.659725
5.7368
5.742075
5.7767
5.81305
5.83875
5.9521
5.956775
5.973625
6.021675
6.042375
6.151025
6.532875
6.700625
6.7917
6.8568
6.8773
7.0623
7.22345
7.3166
7.487675
7.633225
7.740625
7.81875
7.877575
7.905425
8.004075
8.1274
8.2387
8.261
8.2753
8.332925
8.352625
8.417525
8.522325
8.53375
8.635725
8.67775
8.679875
8.75625
8.760875
8.92805
8.944175
9.02935
9.07055
9.211525
9.26555
9.293225
9.294475
9.469875
9.480925
9.485325
9.5388
9.7395
9.8177
9.891075
9.89945
9.9262
9.92865
209
