0.091075
0.112175
0.200275
0.394225
0.441
0.500575
0.51665
0.53375
0.576
0.5774
0.585525
0.5921
0.633625
0.63875
0.640425
0.650875
0.661575
0.662075
0.66645
0.6781
0.68135
0.692825
0.717925
0.72615
0.73775
0.76665
0.769875
0.78545
0.7947
0.8296
0.844775
0.84565
0.850025
0.887625
0.89445
0.914075
0.915025
0.963825
1.0451
1.069225
1.099975
1.110675
1.114825
1.15915
1.160725
1.1628
1.16575
1.20105
1.216225
1.21845
1.276725
1.315375
1.35575
1.39385
1.432175
1.43535
1.438875
1.44515
1.45175
1.46945
1.481075
1.5264
1.535125
1.545425
1.618275
1.6649
1.670475
1.7186
1.735325
1.7354
1.83785
1.9294
1.933475
2.03245
2.06835
2.229975
2.2432
2.29735
2.33215
2.4164
2.417675
2.4686
2.62475
2.6305
2.68145
2.727475
2.8086
2.8445
2.847225
2.9064
2.9478
3.033875
3.038925
3.071375
3.0854
3.24155
3.261925
3.3425
3.3853
3.40415
3.45255
3.474325
3.4795
3.525375
3.528375
3.5321
3.56405
3.6177
3.635975
3.678125
3.747375
3.747975
3.753325
3.77505
4.07605
4.089075
4.09115
4.1118
4.25825
4.33655
4.425675
4.500975
4.5654
4.665375
4.675625
4.708575
4.762125
4.833675
4.885125
4.91735
4.988025
5.00845
5.06285
5.148675
5.210125
5.2406
5.2479
5.44265
5.4711
5.50535
5.5204
5.535425
5.571825
5.586
5.6362
5.9566
5.960225
5.98155
6.1714
6.184225
6.196775
6.201875
6.4287
6.446425
6.59295
6.664175
6.6807
6.702325
6.94085
6.99865
7.3217
7.342775
7.380725
7.498925
7.537175
7.643175
7.739825
8.0993
8.16585
8.216675
8.2213
8.2222
8.4603
8.546625
8.615125
8.78285
8.79445
8.845275
8.930775
9.15795
9.26025
9.311675
9.40625
9.531175
9.5676
9.582925
9.673075
9.73455
9.8998
189
