0.0362
0.067375
0.264075
0.40075
0.451075
0.50085
0.513
0.5213
0.548175
0.564125
0.565025
0.592525
0.5985
0.601775
0.60365
0.60735
0.6106
0.615475
0.616225
0.625925
0.641925
0.64555
0.647
0.655525
0.66495
0.668225
0.677725
0.702025
0.7077
0.71125
0.7235
0.75785
0.76005
0.770475
0.79595
0.83185
0.8592
0.86995
0.8741
0.886525
0.9065
0.9229
0.949375
0.9544
1.0327
1.0544
1.058675
1.1031
1.121625
1.154975
1.16345
1.165725
1.1757
1.181175
1.202
1.212375
1.26725
1.445825
1.5079
1.52635
1.53275
1.55945
1.72705
1.72955
1.744975
1.74545
1.8805
1.908325
1.936575
2.0375
2.05675
2.105
2.1714
2.20195
2.216675
2.261225
2.342475
2.439625
2.5619
2.61175
2.62015
2.7221
2.722625
2.77385
2.9332
2.956
2.961375
3.0808
3.141825
3.185475
3.21885
3.311425
3.3365
3.411125
3.4737
3.57885
3.5914
3.676425
3.710675
3.804975
3.827075
3.93345
3.9666
4.017675
4.055075
4.0575
4.0865
4.102425
4.12655
4.36925
4.389975
4.395725
4.398475
4.41615
4.442475
4.530775
4.5541
4.664125
4.670425
4.724875
4.785975
4.838075
4.936525
5.013675
5.033275
5.157775
5.31835
5.347575
5.374925
5.398725
5.399575
5.41135
5.517925
5.5855
5.624425
5.645425
5.742375
5.76165
5.803125
5.821875
5.881425
6.04235
6.09735
6.11535
6.1253
6.19735
6.201675
6.359575
6.3961
6.41505
6.4608
6.482375
6.48955
6.61735
6.6704
6.67125
6.754425
6.78555
6.8928
6.9352
6.962975
7.016925
7.0967
7.190275
7.45985
7.489
7.560375
7.613475
7.68
7.693825
7.87805
7.941225
8.07935
8.172875
8.3571
8.383225
8.403775
8.8447
8.89565
8.92915
9.256525
9.29465
9.34225
9.393175
9.48135
9.720875
9.803775
9.8784
9.90595
189
