0.107825
0.157225
0.1801
0.2224
0.2343
0.2659
0.349175
0.3637
0.377575
0.510675
0.5282
0.5498
0.564975
0.56965
0.585075
0.62185
0.63555
0.64735
0.688825
0.6925
0.694625
0.707175
0.720325
0.741075
0.742325
0.76615
0.768175
0.778625
0.7949
0.859
0.8662
0.884075
0.930125
0.9357
0.9524
0.959525
0.96945
0.97135
0.973675
1.00055
1.026575
1.0412
1.089025
1.100675
1.103675
1.13615
1.213625
1.215925
1.23195
1.299925
1.3226
1.3285
1.398875
1.44165
1.52305
1.526275
1.60765
1.607875
1.6132
1.6154
1.622725
1.6438
1.68935
1.6916
1.732575
1.73705
1.7949
1.810925
1.8309
1.876575
1.909175
1.989325
2.077975
2.10735
2.141925
2.2595
2.299625
2.306025
2.3312
2.3659
2.390825
2.403325
2.425975
2.58125
2.5929
2.60855
2.6411
2.680125
2.81765
2.819575
3.06415
3.077175
3.1445
3.154
3.3216
3.322525
3.378075
3.50515
3.575675
3.709475
3.83185
3.832175
3.837025
3.847025
3.99465
3.99645
4.148075
4.169625
4.1856
4.27745
4.31845
4.3644
4.6026
4.60845
4.6789
4.742075
4.77855
4.82155
4.827325
4.85535
4.873325
4.9018
4.9772
5.014525
5.03525
5.099675
5.1001
5.2685
5.30255
5.422325
5.49015
5.6195
5.64895
5.653325
5.680075
5.73375
5.749225
5.8317
5.8936
5.8956
5.9704
6.080425
6.162175
6.197125
6.28755
6.3015
6.325175
6.37195
6.460925
6.54715
6.62275
6.663875
6.7108
6.735025
6.766525
6.84675
6.92535
6.9371
7.1103
7.293275
7.440475
7.4662
7.75565
7.76165
7.9358
7.96515
8.204325
8.24425
8.382275
8.4917
8.504275
8.509575
8.659025
8.968525
9.06155
9.07695
9.116525
9.19455
9.22115
9.288525
9.321475
9.342525
9.359775
9.4224
9.450375
9.615075
9.73375
9.80455
9.915575
189
