0.00455
0.047875
0.095975
0.251075
0.280525
0.347125
0.4558
0.50655
0.50715
0.507775
0.510125
0.51265
0.5176
0.5295
0.552225
0.574875
0.58155
0.601225
0.6031
0.635525
0.646625
0.6534
0.65925
0.670775
0.674225
0.686
0.713025
0.73225
0.745825
0.75175
0.764325
0.766625
0.777675
0.782275
0.822025
0.826775
0.83055
0.8656
0.913875
0.91605
0.9164
0.971175
0.983725
0.988375
1.011325
1.017775
1.023875
1.07235
1.07615
1.12325
1.12465
1.13655
1.13885
1.16375
1.180625
1.27045
1.27445
1.2751
1.297275
1.346225
1.3498
1.35045
1.41595
1.41875
1.4286
1.467
1.5336
1.534825
1.560525
1.57015
1.58115
1.585525
1.5903
1.608675
1.63255
1.661825
1.705375
1.7606
1.7722
1.78595
1.787625
1.850925
1.862375
1.896
1.9009
1.917825
1.921125
1.994525
2.019425
2.1473
2.2396
2.326825
2.556075
2.562675
2.57145
2.588
2.6989
2.730675
2.7381
2.75915
2.7913
2.80545
2.8077
2.8497
2.8954
2.89865
2.925775
2.940375
2.9637
3.006525
3.023375
3.029675
3.10805
3.18
3.213325
3.294025
3.33945
3.4526
3.5442
3.610975
3.635075
3.722775
3.737875
3.839525
3.84675
3.85375
3.86955
4.064575
4.130875
4.18445
4.317725
4.323975
4.603975
4.69985
4.777575
4.7809
4.854975
4.9535
4.9629
4.97605
5.0052
5.015075
5.12525
5.158725
5.280425
5.402675
5.47055
5.481275
5.5033
5.58515
5.588175
5.619325
5.67085
5.67135
5.6917
5.7988
5.893225
6.00585
6.2127
6.22305
6.276125
6.31125
6.353775
6.4593
6.4753
6.47815
6.5719
6.60175
6.642
6.778725
6.800075
6.939075
7.00165
7.01295
7.015525
7.05175
7.210525
7.403525
7.502025
7.617
7.636725
7.642675
7.644925
7.652625
7.67045
7.8917
7.928575
7.93865
7.9498
8.217825
8.225125
8.52665
8.6292
8.70875
8.731625
8.856325
8.978575
9.0129
9.085975
9.1098
9.134475
9.16945
9.213
9.228625
9.2738
9.34275
9.3491
9.3648
9.4265
9.59955
9.6123
9.73155
9.771675
9.8831
9.883425
215
