0.080425
0.10815
0.163625
0.175575
0.397325
0.433375
0.45775
0.501575
0.529225
0.5303
0.532175
0.537375
0.538675
0.55195
0.56175
0.563375
0.56995
0.5842
0.599425
0.5997
0.602425
0.609275
0.6097
0.6399
0.6445
0.65275
0.653575
0.654875
0.661
0.693125
0.704975
0.727175
0.7337
0.755375
0.776725
0.786075
0.79485
0.804275
0.817925
0.827025
0.8557
0.86785
0.89945
0.90175
0.918625
0.92195
0.935125
0.948125
0.9775
0.981825
0.992125
1.022425
1.02505
1.056425
1.08155
1.08545
1.110825
1.1211
1.137425
1.233175
1.2503
1.272825
1.283475
1.454475
1.48095
1.4916
1.595125
1.7406
1.78145
1.784775
1.86075
1.863225
1.87355
1.920225
1.9656
1.99115
2.1444
2.17305
2.1995
2.33035
2.34275
2.343875
2.430525
2.447825
2.501925
2.6322
2.6946
2.702175
2.73675
2.762725
2.836225
3.162675
3.2115
3.22385
3.2953
3.370075
3.3897
3.40185
3.450375
3.472375
3.4756
3.5365
3.568475
3.5726
3.609625
3.655775
3.687375
3.879925
3.88945
3.978125
4.008625
4.0468
4.132675
4.2088
4.40995
4.421475
4.62035
4.6294
4.63975
4.75945
4.7692
4.8036
4.84945
4.859
4.879425
4.903425
5.10875
5.268775
5.296475
5.2993
5.318275
5.33075
5.37165
5.57565
5.63325
5.654025
5.784975
5.87805
5.901875
5.92815
6.04815
6.0694
6.1095
6.144675
6.208025
6.2739
6.343075
6.40205
6.433675
6.445425
6.476075
6.5158
6.5231
6.564925
6.6031
6.65235
6.733625
6.75585
6.7853
6.789925
6.95115
6.957575
7.06245
7.074225
7.13175
7.1725
7.200625
7.201975
7.225125
7.3077
7.313125
7.316625
7.328175
7.4463
7.5319
7.70955
7.78185
7.798025
7.81185
7.816225
7.82175
7.936175
7.944425
8.057475
8.065075
8.3877
8.4375
8.47815
8.493225
8.494175
8.534175
8.604425
8.67445
8.703175
8.8075
8.81375
8.998875
9.133425
9.15025
9.253025
9.287575
9.324225
9.3655
9.42525
9.5361
9.64385
9.752425
9.81675
9.984325
209
