0.0468
0.151375
0.32075
0.414675
0.45025
0.513675
0.51395
0.51855
0.525575
0.5342
0.54635
0.560275
0.5637
0.564525
0.5701
0.570225
0.57265
0.5741
0.58065
0.58085
0.58395
0.603325
0.610575
0.61645
0.63385
0.6474
0.709275
0.718025
0.727325
0.730625
0.7331
0.733325
0.74105
0.769425
0.874875
0.891475
0.898075
0.9122
0.934575
0.945
0.949175
0.9684
0.9762
0.986525
1.006775
1.035125
1.05505
1.056575
1.06595
1.07215
1.084275
1.13855
1.17655
1.209
1.20995
1.22265
1.2647
1.2766
1.29735
1.29935
1.38355
1.393775
1.396225
1.455275
1.45795
1.529475
1.5418
1.57275
1.68255
1.801575
1.8033
1.807425
1.83005
1.8718
1.9142
1.91745
1.9834
2.103275
2.1527
2.1601
2.170875
2.18235
2.18675
2.220475
2.2444
2.285
2.377075
2.39265
2.415525
2.444275
2.4641
2.46935
2.485275
2.49045
2.5489
2.58185
2.6831
2.84605
2.928775
2.936475
2.95995
3.1893
3.219325
3.240725
3.473725
3.5028
3.520125
3.689425
3.76485
3.799
3.799725
3.8247
4.067575
4.1255
4.148025
4.26865
4.2776
4.39565
4.419825
4.43075
4.44755
4.4945
4.496925
4.6076
4.753225
4.753425
4.80925
4.919275
5.147
5.20295
5.26055
5.26675
5.3376
5.4947
5.5589
5.57375
5.65745
5.78435
5.922725
5.9996
6.15625
6.173725
6.26445
6.266375
6.307375
6.37385
6.407375
6.446175
6.479975
6.4882
6.61335
6.7061
6.752125
6.8426
7.032475
7.261375
7.333675
7.372225
7.520025
7.54515
7.65175
7.7115
7.7456
7.76345
7.891
8.077425
8.091525
8.15545
8.16415
8.199225
8.373825
8.3825
8.765175
8.9132
9.140925
9.1574
9.2662
9.374575
9.423975
9.44435
9.467125
9.5488
9.5923
9.6016
9.631375
9.690275
9.8785
9.9177
9.989875
189
