0.019075
0.117525
0.207775
0.390125
0.439675
0.502125
0.5022
0.5076
0.511425
0.512375
0.5155
0.52015
0.52125
0.5223
0.5235
0.530275
0.54355
0.553525
0.5561
0.557675
0.561825
0.56425
0.56665
0.589
0.610425
0.624625
0.625575
0.628125
0.666675
0.673075
0.691575
0.70425
0.70975
0.715575
0.729675
0.7378
0.758525
0.759275
0.7599
0.76685
0.78695
0.78765
0.79145
0.8584
0.872975
0.879225
0.882675
0.904825
0.907225
0.91295
0.9179
0.934175
0.95545
0.98295
0.9946
1.021925
1.022475
1.025275
1.048
1.095325
1.1007
1.133775
1.1542
1.1648
1.1682
1.176925
1.21965
1.224675
1.391025
1.4358
1.583725
1.6232
1.801425
1.85
1.905275
1.90985
1.912975
1.9236
1.93295
1.93355
2.0211
2.061475
2.114525
2.202575
2.217
2.22165
2.3092
2.318375
2.324275
2.3252
2.446975
2.4949
2.55705
2.56705
2.568225
2.718425
2.723425
2.759675
2.782325
2.93
3.004375
3.0392
3.29325
3.375925
3.390225
3.437
3.443925
3.4707
3.48675
3.553775
3.609775
3.61505
3.642675
3.94015
3.994975
4.19155
4.21575
4.231975
4.359775
4.404525
4.48555
4.52115
4.542275
4.693225
4.754175
4.795925
5.05885
5.074975
5.122225
5.2385
5.304025
5.46105
5.462
5.505725
5.59565
5.948625
6.043175
6.203625
6.22495
6.233575
6.240275
6.2949
6.394725
6.4319
6.52855
6.548525
6.730975
6.890225
6.895
7.210675
7.299
7.3325
7.42185
7.550525
7.698175
7.77315
8.013075
8.08205
8.368175
8.389475
8.463775
8.4984
8.5113
8.519825
8.5426
8.54305
8.647825
8.74635
8.783025
8.993875
9.0165
9.078025
9.082025
9.1248
9.1852
9.187225
9.285025
9.399825
9.5227
9.527625
9.635325
9.638975
9.67545
9.69745
9.780175
9.841
9.96115
187
