0.1024
0.124475
0.15505
0.15525
0.172325
0.266725
0.3237
0.442625
0.508175
0.5084
0.5087
0.519
0.5302
0.530525
0.534925
0.540725
0.542075
0.573
0.577525
0.5824
0.597025
0.63555
0.664225
0.67265
0.67735
0.686875
0.689225
0.70805
0.727425
0.738725
0.740575
0.74525
0.765575
0.77435
0.7871
0.794025
0.849975
0.86165
0.88155
0.88525
0.885425
0.941625
0.944625
0.95885
0.963275
0.9744
0.9754
1.0288
1.034375
1.059725
1.084725
1.151775
1.163375
1.163625
1.168975
1.221425
1.236225
1.2677
1.302075
1.349275
1.357075
1.3705
1.39665
1.39745
1.448475
1.4814
1.48745
1.48915
1.5342
1.586525
1.596925
1.597625
1.623075
1.823325
1.85715
1.91285
1.9295
1.97695
2.012125
2.329725
2.44465
2.580025
2.58085
2.59365
2.6056
2.622775
2.658625
2.6957
2.7451
2.75035
2.77605
2.7806
2.930225
3.07815
3.12075
3.17525
3.325775
3.39915
3.42935
3.46165
3.481325
3.5059
3.591425
3.609075
3.6422
3.70555
3.786675
3.83845
3.8585
3.89405
4.044575
4.114225
4.117275
4.134575
4.14405
4.22035
4.493125
4.53325
4.54595
4.5784
4.772575
4.8741
4.894375
4.996675
5.02425
5.063975
5.1724
5.2034
5.294075
5.298075
5.36735
5.402575
5.496525
5.601275
5.609425
5.78955
5.79375
5.907825
5.917775
6.157
6.2865
6.344425
6.36255
6.3808
6.42555
6.560275
6.63225
6.653525
6.6808
6.702225
6.713875
6.734475
6.7669
6.830825
6.844975
7.042025
7.053775
7.134525
7.1389
7.242925
7.349225
7.4381
7.473475
7.490625
7.6126
7.6377
7.70795
7.81705
8.286225
8.383025
8.44505
8.4837
8.6147
9.040875
9.2304
9.248825
9.507675
9.5191
9.547325
9.670625
9.7621
9.773325
9.84305
9.875475
9.87985
9.92355
186
