0.379775
0.4878
0.50745
0.5111
0.51155
0.5188
0.53295
0.5333
0.5554
0.5566
0.57265
0.577575
0.5816
0.585675
0.590225
0.6063
0.61215
0.62525
0.626475
0.63255
0.6497
0.668825
0.673825
0.69585
0.762775
0.769525
0.79315
0.79905
0.807375
0.8278
0.8655
0.867125
0.87075
0.90645
0.93515
0.974875
1.01035
1.031975
1.05565
1.06085
1.084325
1.101225
1.156475
1.231025
1.25245
1.257
1.308875
1.31935
1.338975
1.374125
1.416025
1.417125
1.561875
1.5887
1.616375
1.658125
1.662025
1.70455
1.77195
1.780025
1.8601
1.9028
1.917325
1.944925
2.00635
2.013175
2.0929
2.149025
2.17935
2.213525
2.32835
2.34205
2.345075
2.3546
2.381525
2.387
2.390175
2.4126
2.51455
2.552775
2.56775
2.585625
2.735125
2.752025
2.8286
2.8799
2.89425
2.94325
2.950475
3.00445
3.09085
3.1245
3.2468
3.250425
3.267625
3.27145
3.31885
3.347775
3.469575
3.49645
3.533525
3.621
3.69395
3.696275
3.723125
3.77295
3.78115
4.0301
4.06755
4.08905
4.20255
4.222125
4.265725
4.32515
4.33315
4.422
4.485025
4.532275
4.61775
4.62085
4.637125
4.678625
4.70325
4.7354
4.800675
4.9078
4.934225
4.985125
5.067975
5.0771
5.1591
5.2772
5.384
5.396225
5.412525
5.56745
5.796925
5.8301
5.8749
5.896925
5.900825
5.963475
6.0014
6.02355
6.4631
6.506625
6.536075
6.5465
6.563625
6.582475
6.601275
6.6768
7.1043
7.165775
7.1935
7.244875
7.2899
7.291375
7.38165
7.3932
7.4961
7.677475
7.854425
7.94125
8.050025
8.149875
8.261975
8.380075
8.4777
8.521675
8.640075
8.73305
8.81295
8.858525
8.8781
9.104675
9.211725
9.222275
9.2993
9.366475
9.375275
9.4192
9.458025
9.79985
9.870275
9.91775
9.9519
9.968275
188
