0.09955
0.1644
0.358575
0.398625
0.43415
0.43705
0.461225
0.5005
0.523925
0.529225
0.53645
0.54385
0.549075
0.5554
0.555725
0.56485
0.57225
0.590075
0.59165
0.60605
0.6125
0.61515
0.6761
0.69005
0.69605
0.735775
0.75435
0.77665
0.79585
0.801525
0.832
0.846825
0.849325
0.9051
0.9126
0.916175
0.9173
0.92995
0.93085
1.097775
1.102625
1.106625
1.123325
1.141225
1.17845
1.199775
1.209225
1.2124
1.253575
1.2739
1.280075
1.285575
1.2991
1.340225
1.351
1.35235
1.355675
1.419675
1.425025
1.4646
1.489975
1.53255
1.594625
1.61015
1.697925
1.703525
1.779
1.8211
1.85885
1.960725
2.021
2.04215
2.08945
2.108975
2.128075
2.133175
2.16665
2.190125
2.226875
2.235475
2.29035
2.3771
2.388825
2.40765
2.45865
2.477575
2.53655
2.64915
2.703025
2.714775
2.849
2.8687
2.875525
2.8949
3.0904
3.22265
3.2604
3.3733
3.378625
3.3938
3.4279
3.427975
3.48065
3.51515
3.6593
3.72415
3.738925
3.8126
3.8339
3.855725
3.921025
3.9827
4.048425
4.1273
4.1588
4.21445
4.3126
4.342275
4.399225
4.415925
4.446325
4.489575
4.5345
4.775575
4.831475
4.88675
4.941975
5.04085
5.22625
5.465425
5.628025
5.655475
5.6712
5.6876
5.71395
5.83585
5.84045
5.843325
5.925675
5.941575
5.989225
6.109375
6.115975
6.122075
6.136925
6.224325
6.379075
6.38255
6.55905
6.590175
6.6788
6.8155
6.954325
7.003
7.124175
7.29935
7.406975
7.460025
7.5854
7.6256
7.81435
7.851925
7.874625
7.888275
7.951125
7.96375
7.99195
8.00605
8.0172
8.0842
8.12265
8.49175
8.499075
8.5548
8.5564
8.56395
8.6595
8.7383
8.80315
8.846125
8.849475
8.923975
8.9462
8.957475
8.98115
9.00255
9.045775
9.1517
9.19385
9.2527
9.31685
9.5672
9.74675
9.841175
9.91685
9.968675
9.97065
197
