0.0511
0.072725
0.078875
0.116025
0.195025
0.501925
0.50615
0.508875
0.5127
0.530775
0.5382
0.545
0.557625
0.562775
0.56395
0.56755
0.568025
0.571275
0.572725
0.581275
0.5932
0.62075
0.622825
0.64215
0.663025
0.704575
0.718975
0.7274
0.74795
0.7704
0.78205
0.797
0.829625
0.843025
0.845675
0.889675
0.93205
0.9409
0.952475
0.96845
0.987575
1.0351
1.038275
1.0444
1.066775
1.116375
1.1253
1.12975
1.1341
1.14
1.153525
1.18165
1.18995
1.1908
1.193625
1.218475
1.21975
1.255275
1.276325
1.288
1.334425
1.346875
1.410525
1.4212
1.422825
1.43225
1.512825
1.52545
1.534275
1.5519
1.58395
1.6328
1.64795
1.669375
1.7034
1.7757
1.80515
1.88635
1.93865
2.009225
2.032625
2.03385
2.097075
2.16195
2.1759
2.210125
2.24955
2.301975
2.32865
2.4276
2.523575
2.569025
2.586175
2.6168
2.621275
2.702075
2.703725
2.714875
2.776475
2.9212
2.93465
2.943975
3.00645
3.11605
3.130575
3.211525
3.2476
3.268975
3.27335
3.286575
3.30905
3.31045
3.404825
3.57125
3.6283
3.641525
3.6702
3.69375
3.716975
3.85945
4.10135
4.338625
4.54925
4.72585
4.89015
4.94755
4.95325
5.05495
5.05615
5.35905
5.36475
5.466675
5.4811
5.525625
5.5673
5.65075
5.6863
5.7013
5.71955
5.785325
5.7879
5.825225
5.974075
6.12045
6.129625
6.182275
6.3134
6.447275
6.53995
6.568325
6.661325
6.70935
6.767475
6.8681
6.964025
7.01935
7.061775
7.1081
7.284825
7.554375
7.58885
7.5897
7.700725
7.726525
7.756725
7.763225
7.79935
7.819775
7.832225
7.919575
7.92045
8.150875
8.215925
8.397325
8.5476
8.641875
8.646875
8.7026
8.74805
8.769275
8.773
9.097475
9.20585
9.282725
9.3381
9.356775
9.356875
9.494825
9.52715
9.565225
9.569725
9.742925
192
