0.070625
0.1085
0.114025
0.210225
0.23305
0.283275
0.420075
0.46575
0.52085
0.52195
0.531825
0.532525
0.534825
0.535925
0.544
0.572725
0.577
0.580225
0.584075
0.592375
0.60865
0.609975
0.6111
0.611275
0.613775
0.6169
0.622525
0.640375
0.647675
0.6516
0.671
0.68575
0.6858
0.691375
0.71135
0.72695
0.7632
0.79425
0.81475
0.826025
0.86595
0.89355
0.907625
0.9138
0.933
0.983025
0.984625
0.9979
1.00415
1.0274
1.1146
1.147875
1.189075
1.211925
1.216525
1.225475
1.249875
1.3159
1.32675
1.3658
1.372375
1.403175
1.43795
1.43925
1.464175
1.52275
1.5544
1.600075
1.64055
1.6842
1.68855
1.71045
1.7583
1.7986
1.830425
1.86315
1.8641
1.869325
1.888325
1.9038
1.90385
1.939475
1.9973
2.040875
2.204925
2.266375
2.28655
2.32645
2.46675
2.46705
2.558075
2.59485
2.6318
2.663225
2.677975
2.68125
2.717075
2.739825
2.77015
2.824925
2.91515
2.9265
3.01075
3.141125
3.1422
3.2583
3.512375
3.5684
3.674875
3.6992
3.716675
3.729675
3.754425
3.794675
3.8411
3.9589
4.02515
4.03095
4.3084
4.3837
4.421975
4.44755
4.4492
4.4713
4.54325
4.740575
4.96025
5.050775
5.0747
5.11195
5.147375
5.160775
5.219575
5.2431
5.275375
5.3096
5.336625
5.355825
5.3743
5.49515
5.663575
5.676325
5.72645
5.768525
5.78345
5.78685
5.82375
5.90935
5.946125
5.947425
6.3165
6.374025
6.455275
6.456075
6.862675
6.965075
7.119775
7.1354
7.1406
7.14195
7.267875
7.374925
7.429075
7.60525
7.891325
7.9279
7.937575
8.07255
8.07875
8.118325
8.28325
8.395
8.4465
8.6696
8.81475
8.95315
9.005025
9.0404
9.07385
9.189325
9.197925
9.2785
9.31145
9.3932
9.4098
9.619875
9.745325
9.77305
9.794025
189
