0.0121
0.071425
0.144275
0.300125
0.501825
0.506025
0.507825
0.509
0.510625
0.522975
0.53505
0.540425
0.540875
0.569075
0.570825
0.584775
0.591175
0.599775
0.6137
0.62745
0.648025
0.652975
0.6615
0.662275
0.67435
0.6782
0.72145
0.753825
0.7692
0.79345
0.90065
0.90455
0.906925
0.9256
0.935575
0.947125
0.968675
0.994875
1.01095
1.015375
1.054475
1.063725
1.0688
1.108475
1.125425
1.13085
1.187275
1.28215
1.286875
1.31295
1.316875
1.363225
1.41615
1.43675
1.467825
1.481075
1.4918
1.51385
1.544725
1.576625
1.57945
1.757625
1.86485
1.93555
1.967375
1.973875
1.986025
2.008325
2.023
2.05375
2.0657
2.094925
2.131625
2.176725
2.179375
2.19245
2.1939
2.21725
2.2952
2.295275
2.2997
2.402725
2.418925
2.435625
2.449125
2.47965
2.57005
2.63925
2.641425
2.64605
2.662625
2.669575
2.67905
2.687
2.7033
2.989025
3.002325
3.02465
3.06315
3.072625
3.255975
3.26955
3.325275
3.381475
3.440125
3.658575
3.927675
3.963375
3.98675
4.053025
4.1641
4.2033
4.240475
4.255475
4.49925
4.507175
4.519725
4.563425
4.598975
4.603525
4.618275
4.694275
4.75575
4.90525
4.942775
4.950625
5.021175
5.198425
5.222175
5.41965
5.5811
5.6719
5.68555
5.741125
5.968775
6.205925
6.2452
6.2481
6.37115
6.48845
6.498125
6.571875
6.659225
6.72505
6.8854
7.0887
7.10865
7.144275
7.178825
7.37665
7.381625
7.3857
7.531925
7.6394
7.71145
7.7453
7.753575
7.765575
7.87455
7.923525
7.963625
7.9859
7.997775
8.002425
8.010125
8.0634
8.107625
8.4453
8.468425
8.4729
8.53215
8.553625
8.582875
8.655625
8.747475
8.887
8.991675
9.22005
9.27105
9.286125
9.32575
9.371425
9.3772
9.4046
9.415575
9.516075
9.58015
9.6371
9.6439
9.788725
9.979925
9.9843
9.9901
193
