0.007775
0.18025
0.22195
0.22465
0.23645
0.404675
0.506275
0.509275
0.5305
0.536225
0.5635
0.570075
0.571025
0.57465
0.578175
0.5858
0.5901
0.59675
0.60565
0.65385
0.65685
0.657675
0.664275
0.678225
0.686425
0.69505
0.70765
0.710575
0.7193
0.758775
0.763575
0.76685
0.7737
0.7863
0.7866
0.807275
0.819325
0.825925
0.871075
0.87515
0.900875
0.902
0.95785
0.97615
1.002475
1.005675
1.0181
1.060125
1.072125
1.1784
1.24255
1.25435
1.263025
1.283575
1.2997
1.30405
1.312425
1.32475
1.33175
1.3361
1.3382
1.354325
1.35625
1.400475
1.415275
1.418925
1.464175
1.470225
1.580375
1.645
1.70095
1.760625
1.819975
1.831075
1.831375
1.870275
1.941025
1.983425
2.034825
2.061925
2.113675
2.13535
2.137075
2.1401
2.143025
2.174375
2.178075
2.255925
2.27595
2.2929
2.34255
2.40225
2.559625
2.5612
2.672425
2.726
2.747
2.834275
2.83995
2.870625
2.875425
2.908775
3.0255
3.030975
3.15095
3.15635
3.2452
3.34575
3.4103
3.4122
3.45685
3.459025
3.4648
3.4673
3.47405
3.51105
3.5484
3.607575
3.68085
3.761775
3.819625
3.908525
3.9283
4.00195
4.02245
4.11555
4.2002
4.27065
4.314425
4.324125
4.371075
4.410425
4.41775
4.491825
4.574925
4.6502
4.672225
4.70255
4.802825
4.9913
5.084975
5.10095
5.25695
5.290275
5.3945
5.411275
5.618925
5.731125
5.7553
5.7844
5.90525
5.97745
5.9875
6.135875
6.1417
6.150375
6.170275
6.170875
6.2013
6.247875
6.247975
6.353725
6.3746
6.407125
6.414225
6.581
6.6023
6.61165
6.620625
6.7778
6.849425
6.8783
6.899675
6.936075
6.9662
6.982075
6.999525
7.016075
7.163825
7.2312
7.336575
7.368325
7.400325
7.536525
7.5462
7.5944
7.599625
7.64005
7.9024
8.027775
8.0814
8.10695
8.235475
8.31855
8.431375
8.457725
8.586325
8.65765
8.868075
8.977175
9.1462
9.172425
9.2422
9.339175
9.349675
9.4282
9.434225
9.6371
9.760575
9.8807
9.901775
9.945675
212
