0.08115
0.258
0.283925
0.29735
0.420925
0.503125
0.50555
0.508975
0.5253
0.525975
0.542425
0.56125
0.575875
0.5781
0.578575
0.5787
0.5872
0.5976
0.5977
0.6042
0.6052
0.60695
0.6227
0.629625
0.646325
0.656525
0.668025
0.67135
0.6923
0.6966
0.71705
0.730875
0.7365
0.75135
0.7621
0.764975
0.770275
0.79685
0.822875
0.82765
0.836325
0.8408
0.847525
0.87505
0.8941
0.900275
0.967475
0.9798
1.0254
1.027925
1.059875
1.060075
1.082275
1.102825
1.104025
1.105025
1.12355
1.13205
1.157925
1.167325
1.183175
1.2215
1.224775
1.2372
1.254475
1.31275
1.34245
1.3462
1.34755
1.36995
1.37105
1.4023
1.420125
1.439425
1.458325
1.58085
1.589975
1.5982
1.64815
1.65195
1.68205
1.719525
1.736725
1.7497
1.782
1.807825
1.81
1.823775
1.877075
1.93905
1.9603
2.0375
2.1033
2.11035
2.29045
2.359475
2.365975
2.507875
2.52405
2.638025
2.6686
2.67265
2.69025
2.788825
2.814075
2.954925
3.005725
3.0065
3.010375
3.03365
3.06745
3.08055
3.161325
3.2315
3.37175
3.38355
3.4127
3.49715
3.578375
3.6492
3.678175
3.69015
3.697075
3.71345
3.75895
3.824525
3.827
3.953825
4.01525
4.2268
4.249525
4.4371
4.4595
4.46855
4.634625
4.7258
4.799425
4.8611
4.93205
4.949625
5.00155
5.050325
5.085425
5.0922
5.136975
5.1444
5.18855
5.1944
5.318
5.3362
5.36165
5.462725
5.465
5.5292
5.60665
5.637025
5.768625
5.777525
5.914525
5.919425
5.97185
5.987575
6.02465
6.047475
6.070275
6.09755
6.0983
6.144475
6.1678
6.233225
6.24995
6.2937
6.3266
6.369625
6.372
6.513625
6.531075
6.6261
6.770425
6.9752
7.0511
7.17765
7.18095
7.287675
7.36855
7.38965
7.427775
7.469375
7.561475
7.72645
7.81515
7.914475
7.935525
7.9592
8.170075
8.3176
8.37385
8.40325
8.40705
8.5503
8.63255
8.643775
8.680425
8.6902
8.7108
8.93245
9.01055
9.1004
9.20835
9.251875
9.297725
9.44275
9.4863
9.7097
9.829775
9.841275
9.864025
9.9411
9.94205
219
