0.07515
0.122475
0.39575
0.40395
0.515575
0.517625
0.519
0.5311
0.5375
0.545125
0.564
0.581475
0.587875
0.60075
0.640675
0.65115
0.6552
0.660525
0.66285
0.66355
0.6639
0.6699
0.68715
0.70175
0.7028
0.715675
0.74585
0.79015
0.7908
0.79285
0.8024
0.80785
0.814975
0.821425
0.82895
0.846225
0.848
0.859225
0.88505
0.89325
0.90475
1.003925
1.019525
1.026525
1.040225
1.0598
1.075625
1.098
1.09845
1.15805
1.1855
1.195525
1.2147
1.309475
1.314025
1.32295
1.342025
1.351525
1.368175
1.3842
1.40105
1.41765
1.42365
1.435925
1.507175
1.562325
1.590225
1.607975
1.633175
1.654875
1.68925
1.72735
1.77375
1.80175
1.899125
1.9327
2.0629
2.076025
2.088975
2.152525
2.1621
2.2308
2.3347
2.398575
2.636875
2.6658
2.734675
2.740375
2.768075
2.78555
2.7991
2.803525
2.812875
2.894275
2.90365
2.9138
2.9153
2.91935
3.0447
3.11995
3.151825
3.252275
3.338225
3.3903
3.450775
3.4772
3.480875
3.4908
3.541225
3.61225
3.642275
3.7038
3.75295
3.770675
3.815475
3.892275
4.220625
4.345875
4.558675
4.6201
4.67135
4.715575
4.77205
4.774675
4.79045
4.7912
4.84715
4.9783
5.019375
5.043525
5.070475
5.0842
5.31305
5.35545
5.503475
5.591725
5.665
5.7057
5.78775
5.92575
5.9702
6.194175
6.2083
6.28395
6.285925
6.400075
6.479175
6.651775
6.67555
6.6851
6.74315
6.811075
6.87045
6.882775
6.9897
7.104875
7.2217
7.4922
7.558075
7.6495
7.72215
7.7426
7.801375
7.838575
7.844975
8.214675
8.2218
8.312475
8.325625
8.45575
8.830025
8.978625
8.98395
9.2496
9.249675
9.262025
9.359675
9.481825
9.530175
9.5523
9.6197
9.630225
9.667875
9.7098
9.74025
9.7903
9.82305
9.981825
188
