0.010025
0.0665
0.180575
0.18465
0.212625
0.23675
0.30555
0.329875
0.419625
0.43955
0.4478
0.475925
0.5005
0.5215
0.531225
0.534475
0.53755
0.55405
0.55955
0.5749
0.5799
0.58595
0.5888
0.6085
0.62585
0.638525
0.655525
0.657025
0.657625
0.6599
0.686225
0.689975
0.699075
0.708775
0.710925
0.7266
0.742975
0.7546
0.77345
0.792425
0.79885
0.82025
0.8348
0.84555
0.846175
0.85615
0.8566
0.863375
0.8775
0.899975
0.904025
0.90955
0.9558
1.078375
1.098375
1.100475
1.105275
1.11215
1.14435
1.1676
1.16865
1.171475
1.174675
1.201075
1.2113
1.218325
1.224775
1.2267
1.23055
1.2387
1.242825
1.249175
1.2531
1.257125
1.258775
1.3183
1.318675
1.37215
1.390475
1.39815
1.440525
1.461175
1.471225
1.545575
1.637675
1.721125
1.7516
1.801175
1.830425
1.910675
1.92405
1.969175
1.974125
2.02105
2.08295
2.203175
2.27395
2.282875
2.3308
2.386425
2.39325
2.417425
2.44275
2.450575
2.48305
2.487325
2.519
2.57625
2.58355
2.597275
2.664
2.678575
2.7271
2.864925
2.869025
2.92175
3.027025
3.049375
3.207075
3.21165
3.252475
3.299225
3.398825
3.410125
3.454675
3.4572
3.558075
3.5662
3.57575
3.58355
3.5962
3.607125
3.6818
3.711975
3.8927
3.923675
3.926175
4.032225
4.176925
4.315275
4.354475
4.40315
4.406025
4.446125
4.4932
4.531425
4.549025
4.634875
4.64715
4.65045
4.655975
4.69645
4.69805
4.806825
4.85815
5.163375
5.214125
5.2703
5.323825
5.342475
5.357425
5.464875
5.4937
5.588325
5.8365
5.850275
5.88245
5.92115
6.006825
6.050625
6.06035
6.15095
6.187525
6.19405
6.23445
6.307625
6.365475
6.5209
6.521275
6.716925
6.7593
6.787275
6.957625
6.998275
7.065675
7.130525
7.188825
7.248375
7.431175
7.4433
7.84375
7.8808
7.91745
8.089725
8.159275
8.215875
8.43465
8.50955
8.52105
8.65375
8.681525
8.80405
9.1108
9.16615
9.182325
9.18965
9.29325
9.518925
9.63835
9.922075
9.982225
211
