0.086725
0.1074
0.251425
0.33405
0.347775
0.35295
0.40345
0.426375
0.506775
0.516125
0.5245
0.5301
0.5447
0.570025
0.574625
0.603775
0.6199
0.6222
0.6288
0.64015
0.668625
0.683075
0.694275
0.703325
0.712475
0.72525
0.733025
0.74375
0.76855
0.7893
0.8009
0.821225
0.827075
0.8576
0.860275
0.86415
0.880775
0.902425
0.9102
0.91895
0.9296
0.93195
0.9381
0.9388
0.9416
0.951625
0.996975
1.055025
1.061625
1.0846
1.095725
1.1196
1.141625
1.144325
1.1801
1.198775
1.225875
1.2571
1.270025
1.3329
1.334825
1.466475
1.47045
1.4831
1.4928
1.513075
1.585275
1.59145
1.60685
1.61555
1.66505
1.678125
1.695825
1.7395
1.750075
1.781925
1.84905
1.895175
1.91155
1.97685
1.98225
2.0009
2.051375
2.3347
2.346175
2.393525
2.39375
2.39805
2.40545
2.412725
2.459075
2.484425
2.50935
2.572575
2.59405
2.6114
2.642225
2.6555
2.72935
2.846025
2.88615
3.00765
3.00945
3.0254
3.07215
3.07885
3.099225
3.18605
3.18905
3.196325
3.2206
3.226525
3.2523
3.311375
3.3523
3.47105
3.5105
3.544725
3.5525
3.579525
3.608875
3.693275
3.7178
3.7508
3.90965
3.9402
3.963925
3.96855
4.020525
4.032
4.11865
4.195225
4.36145
4.46845
4.494675
4.50545
4.508925
4.59565
5.0338
5.1804
5.2704
5.31025
5.358325
5.4067
5.459725
5.53745
5.5855
5.666275
5.713
5.734875
5.75825
5.830875
5.85085
5.853225
5.867275
5.889475
6.019625
6.089825
6.155175
6.325075
6.343725
6.41315
6.596475
6.637575
6.673625
6.7258
6.768225
6.7818
6.88675
6.929
7.00805
7.0706
7.131525
7.238925
7.28225
7.333725
7.522625
7.712675
7.730175
7.768425
7.7844
7.9797
8.0653
8.1951
8.228575
8.336225
8.3892
8.49535
8.5451
8.5967
8.6035
8.693375
8.887275
8.931
8.9635
8.9733
9.0213
9.222825
9.26235
9.27135
9.493025
9.6199
9.803725
9.880625
9.880925
205
