0.39365
0.46225
0.512175
0.51385
0.5261
0.536725
0.5474
0.5483
0.549175
0.56575
0.570375
0.5715
0.579875
0.58465
0.593275
0.5964
0.6037
0.62095
0.632875
0.636375
0.64955
0.7076
0.72115
0.732575
0.735225
0.7444
0.753475
0.7657
0.897475
0.89955
0.90945
1.05045
1.064125
1.08075
1.152875
1.186175
1.191625
1.19255
1.207875
1.215575
1.2295
1.23145
1.269325
1.271475
1.283525
1.32545
1.369175
1.372425
1.39685
1.40195
1.52645
1.60275
1.669775
1.732325
1.842625
1.847
1.85685
1.8747
1.9094
1.9445
2.085025
2.122425
2.144
2.187875
2.1899
2.22075
2.23615
2.3001
2.307375
2.36565
2.387025
2.4602
2.469925
2.470875
2.473325
2.4788
2.490425
2.534075
2.563875
2.56565
2.586225
2.717675
2.744075
2.89375
2.993275
3.055
3.062075
3.070075
3.100125
3.211425
3.252675
3.4451
3.46245
3.529375
3.64545
3.77645
3.779325
3.80785
3.8297
3.87065
3.9417
3.967325
3.983
3.993475
4.088325
4.10565
4.127525
4.175875
4.245325
4.24825
4.249525
4.408825
4.4731
4.498425
4.51465
4.542725
4.57315
4.626025
4.70485
4.80235
4.848225
4.8762
4.926325
4.951
4.977225
4.99485
5.162475
5.175125
5.27555
5.356125
5.38125
5.404525
5.467225
5.48605
5.49755
5.547775
5.55835
5.56785
5.589325
5.785625
5.81365
5.817725
5.850575
5.9887
6.011375
6.10205
6.131425
6.14005
6.16735
6.190525
6.258725
6.299475
6.3261
6.397125
6.412475
6.427
6.43915
6.679075
6.682075
6.77235
7.06485
7.0863
7.238375
7.4148
7.488375
7.616125
7.6778
7.6799
7.711475
7.7541
7.762
7.84155
7.852125
7.8554
7.95435
8.17565
8.309025
8.4903
8.497225
8.5669
8.849675
9.00805
9.0682
9.1174
9.13445
9.277975
9.296075
9.38085
9.400175
9.4356
9.658975
9.704575
9.761375
9.843425
9.90415
195
