0.088975
0.092125
0.11595
0.2749
0.27685
0.286825
0.4262
0.4939
0.506825
0.51585
0.53285
0.567275
0.57325
0.5898
0.59055
0.612175
0.618475
0.619025
0.622975
0.633575
0.6456
0.664425
0.667675
0.739125
0.7541
0.7636
0.785525
0.81305
0.823425
0.845875
0.84975
0.852775
0.85815
0.9079
0.918875
0.926525
0.9443
0.9603
0.9608
0.97145
0.982025
1.01465
1.057775
1.074625
1.077725
1.078825
1.08055
1.095925
1.1438
1.14655
1.171275
1.193275
1.2305
1.2586
1.353925
1.400525
1.4347
1.501975
1.535925
1.55215
1.596225
1.611125
1.697825
1.705775
1.7279
1.8539
1.8635
1.922875
1.9235
1.935025
1.98015
2.015525
2.06015
2.091675
2.12825
2.1335
2.17985
2.19205
2.208625
2.2737
2.293975
2.314225
2.374
2.379075
2.3844
2.428225
2.4889
2.52755
2.66265
2.6677
2.6685
2.6919
2.733125
2.86055
2.878975
2.9728
3.037675
3.1695
3.183075
3.192775
3.1969
3.31875
3.371125
3.371325
3.8002
3.827425
3.881525
3.903
3.9374
4.112575
4.163325
4.286
4.313275
4.33925
4.3434
4.347925
4.36515
4.415575
4.55335
4.733125
4.73895
4.779925
4.819275
4.852125
4.862975
5.0648
5.07585
5.08835
5.107925
5.15555
5.359325
5.4096
5.50815
5.51215
5.563475
5.6222
5.7012
5.8367
5.893775
5.95595
6.01115
6.14655
6.219675
6.306625
6.4144
6.714425
6.7351
6.737325
6.876625
7.068175
7.221
7.3829
7.479025
7.795325
7.895175
7.91655
7.968075
8.098825
8.125475
8.145075
8.59305
8.6231
8.69105
8.927725
9.19765
9.302725
9.31635
9.488225
9.5522
9.579775
9.847925
9.862525
172
