0.03835
0.13165
0.200625
0.409975
0.416975
0.475675
0.50985
0.51175
0.512075
0.53945
0.55275
0.581175
0.6222
0.6314
0.638475
0.6446
0.64745
0.648125
0.66915
0.677075
0.7016
0.721625
0.72585
0.730325
0.780775
0.797125
0.7979
0.86175
0.87785
0.892775
0.9077
0.922775
0.9242
0.937025
0.95795
1.0272
1.032775
1.05165
1.0828
1.1211
1.13095
1.140375
1.1443
1.15535
1.174775
1.19245
1.195925
1.219975
1.2291
1.247225
1.327275
1.380275
1.43335
1.45485
1.476525
1.520125
1.54035
1.5434
1.551525
1.58335
1.603525
1.652225
1.875425
1.94295
1.955175
1.9617
1.97085
2.015975
2.0361
2.06905
2.095925
2.157725
2.159225
2.162275
2.174925
2.191
2.195525
2.214675
2.33125
2.35705
2.3695
2.37825
2.393475
2.41645
2.4484
2.476225
2.6107
2.681725
2.68655
2.77635
2.792175
2.8452
2.86695
2.890175
2.935
2.9777
3.071
3.138475
3.212875
3.2757
3.323175
3.42505
3.4994
3.638025
3.667775
3.6802
3.69485
3.7
3.810825
3.975025
4.11915
4.20325
4.2234
4.2708
4.45405
4.734725
4.782225
4.8146
4.84845
4.958475
5.1278
5.246175
5.325575
5.379625
5.406675
5.44735
5.608375
5.712675
5.823725
5.8288
5.88715
5.891675
5.99005
6.144225
6.227075
6.2425
6.32645
6.4621
6.472375
6.60615
6.64125
6.7302
6.797775
6.96795
6.974425
7.3506
7.40805
7.42035
7.466075
7.468825
7.500125
7.549975
7.579775
7.626775
7.83835
7.99575
8.012975
8.050025
8.07315
8.19215
8.316575
8.39475
8.472075
8.4889
8.896825
8.917525
8.9829
9.21135
9.226725
9.237725
9.28255
9.3028
9.399475
9.594825
9.764325
9.816125
176
