0.101425
0.25705
0.2745
0.3911
0.401275
0.411525
0.438575
0.525375
0.535725
0.539875
0.5828
0.59415
0.5981
0.611
0.6244
0.633775
0.6353
0.6357
0.651375
0.66605
0.737675
0.74885
0.75565
0.760525
0.76535
0.7654
0.773675
0.7889
0.805575
0.830425
0.867825
0.8884
0.913575
0.9152
0.91685
0.92665
0.95775
0.959975
1.02375
1.0338
1.045525
1.0468
1.075275
1.083925
1.09275
1.099975
1.105525
1.129975
1.1302
1.1322
1.187725
1.211975
1.212825
1.270275
1.28725
1.307675
1.312275
1.31845
1.323875
1.386875
1.394525
1.398925
1.4089
1.4103
1.452775
1.455925
1.4758
1.507975
1.535275
1.740375
1.7496
1.778175
1.8161
1.843725
1.873925
1.916225
1.958625
1.978
1.9996
2.012025
2.0153
2.108525
2.1386
2.18535
2.2384
2.24065
2.26045
2.266275
2.322925
2.32885
2.41395
2.46605
2.477225
2.56735
2.625775
2.77645
2.788
2.804875
2.809625
2.838725
2.8808
2.91215
2.960025
3.016625
3.14355
3.145875
3.15625
3.192075
3.197875
3.218175
3.268425
3.281575
3.2886
3.311125
3.3452
3.420725
3.424475
3.67085
3.716975
3.749125
3.755975
3.809575
3.9046
3.9359
4.02075
4.028325
4.130875
4.1498
4.169375
4.344175
4.35145
4.358225
4.36125
4.407
4.522025
4.55335
4.58905
4.723875
4.730875
4.73385
4.9689
5.02975
5.115825
5.1643
5.278575
5.332825
5.3603
5.4721
5.504175
5.509325
5.510375
5.54875
5.556225
5.927825
6.050725
6.0673
6.070275
6.086375
6.166125
6.2439
6.409025
6.424
6.5299
6.577275
6.58745
6.64545
6.65
6.8726
7.1023
7.1837
7.299725
7.3391
7.406975
7.44755
7.45105
7.581475
7.597075
7.62055
7.63375
7.693525
7.705825
7.7618
7.847825
7.989825
8.01495
8.053675
8.069475
8.1939
8.322
8.32845
8.625775
8.637425
8.65825
8.723125
8.786175
8.811575
8.95695
8.9999
9.3033
9.488775
9.5232
9.533525
9.5357
9.5844
9.6834
9.728225
9.799625
9.8628
9.8709
9.962075
210
