0.002575
0.21025
0.2771
0.443725
0.456625
0.52155
0.52525
0.553675
0.588525
0.598825
0.61625
0.62105
0.622125
0.64055
0.656675
0.665475
0.692025
0.697975
0.700225
0.7032
0.718625
0.7228
0.74885
0.764075
0.7655
0.773975
0.775825
0.77715
0.814125
0.815125
0.8162
0.82315
0.8362
0.851675
0.871925
0.8911
0.89125
0.89645
0.911725
0.9652
0.96895
0.9971
1.02055
1.07625
1.14305
1.152475
1.1528
1.17205
1.198825
1.204675
1.22265
1.267225
1.302625
1.3039
1.3261
1.3412
1.356275
1.361175
1.39255
1.404875
1.40635
1.465525
1.473375
1.488675
1.553575
1.562925
1.5912
1.620925
1.649725
1.694875
1.795575
1.80345
1.826275
1.908675
1.917875
1.929975
1.937275
1.941025
2.01975
2.020175
2.1
2.181425
2.29275
2.33115
2.378125
2.391775
2.479625
2.5032
2.520125
2.61515
2.6344
2.656625
2.73615
2.744025
2.748075
2.8349
2.894875
2.911825
3.00225
3.0206
3.041325
3.05135
3.142675
3.16785
3.2029
3.26335
3.3512
3.66225
3.723975
3.76755
3.9832
3.9874
4.15185
4.179375
4.1948
4.340775
4.3491
4.352025
4.381075
4.486275
4.51895
4.538725
4.6125
4.79205
4.811275
4.8383
4.88205
4.92405
5.013675
5.05675
5.16365
5.32415
5.38635
5.43465
5.45205
5.485025
5.548075
5.5642
5.672475
5.676275
5.69525
5.704475
5.858575
6.0137
6.076325
6.1185
6.182025
6.1948
6.2764
6.431075
6.5117
6.6012
7.015225
7.05575
7.0865
7.13025
7.292175
7.4504
7.453125
7.709075
7.7574
7.898075
7.9431
7.9914
8.009275
8.112525
8.2276
8.44045
8.62475
8.7509
8.8139
8.81725
9.0681
9.14155
9.20605
9.23665
9.280475
9.421525
9.5583
9.6063
9.680175
9.73505
9.8769
9.999075
184
