0.137275
0.1473
0.23145
0.231775
0.259
0.297175
0.386025
0.504275
0.5263
0.5404
0.565875
0.5739
0.581575
0.611025
0.613975
0.62075
0.629475
0.662325
0.680875
0.6836
0.699725
0.7101
0.7152
0.71835
0.734625
0.750775
0.75305
0.7549
0.755975
0.803975
0.808125
0.81765
0.829725
0.854125
0.88435
0.89975
0.930125
0.960825
0.972325
0.98295
0.98415
0.99495
1.0082
1.0135
1.022175
1.03815
1.054825
1.11305
1.1528
1.16085
1.209475
1.224275
1.262875
1.302
1.402725
1.41315
1.416825
1.5382
1.546025
1.62845
1.63795
1.6457
1.737075
1.765225
1.876475
1.878775
1.9237
2.006675
2.084525
2.092825
2.10135
2.116875
2.120225
2.171475
2.17505
2.18415
2.245775
2.44695
2.499275
2.5444
2.5569
2.564375
2.609225
2.752375
2.80335
2.81435
2.824675
2.843625
2.926275
2.96715
2.991675
3.022525
3.033175
3.218875
3.224825
3.232475
3.24525
3.286825
3.340125
3.34055
3.3486
3.40885
3.422675
3.68545
3.786375
3.820575
3.843375
3.928425
4.07505
4.086325
4.0939
4.1418
4.148825
4.15265
4.219375
4.232875
4.285
4.2909
4.370625
4.3739
4.432675
4.479925
4.5004
4.5228
4.608025
4.610725
4.74445
4.8366
4.853775
5.07885
5.129375
5.140025
5.307925
5.34585
5.3815
5.4351
5.44405
5.51965
5.623375
5.70775
5.83395
5.9278
5.9284
5.996
6.00555
6.041675
6.07085
6.129875
6.197725
6.2261
6.229625
6.252875
6.260325
6.48595
6.49545
6.56875
6.805625
6.808475
7.046925
7.09375
7.16025
7.283275
7.286275
7.288175
7.2919
7.5865
7.589125
7.726025
7.85325
8.090075
8.356525
8.402175
8.505025
8.519625
8.56395
8.70385
8.823325
8.894875
8.981375
8.99135
9.043975
9.161
9.170925
9.3515
9.438725
9.811175
9.813675
9.866075
9.92105
189
