0.034625
0.237
0.36965
0.460375
0.49835
0.51525
0.5304
0.53795
0.539075
0.5538
0.5784
0.5789
0.5875
0.601125
0.611075
0.61335
0.618675
0.645075
0.6572
0.669
0.67465
0.67575
0.678425
0.6814
0.684925
0.695
0.7115
0.727075
0.736025
0.780625
0.806675
0.8086
0.8274
0.84455
0.862875
0.894325
0.928425
0.939725
0.946025
0.960075
0.96775
0.984025
0.988675
1.0467
1.0525
1.0645
1.074975
1.0784
1.080875
1.08265
1.09335
1.1236
1.131175
1.13685
1.197925
1.2539
1.26825
1.294975
1.299125
1.399875
1.424575
1.459725
1.4953
1.623625
1.631675
1.66705
1.748525
1.803625
1.86175
1.8668
1.892125
1.913525
1.981075
2.064275
2.138475
2.240575
2.2719
2.29795
2.3023
2.3456
2.4023
2.40775
2.4686
2.569225
2.64785
2.661675
2.67325
2.729675
2.731675
2.748275
2.8596
2.921275
2.93065
2.95065
2.970275
2.974475
2.98075
3.04335
3.062375
3.0713
3.109125
3.2262
3.2326
3.270275
3.32515
3.349525
3.409125
3.4645
3.557025
3.56585
3.573875
3.585525
3.596225
3.678575
3.719075
3.77015
3.77585
3.78925
3.8099
3.880275
3.89695
3.9859
4.004875
4.03295
4.131675
4.1328
4.13285
4.134075
4.2307
4.2354
4.405875
4.429775
4.4661
4.5447
4.620325
4.625825
4.71325
4.7534
4.791425
4.812025
5.079375
5.09145
5.092275
5.112875
5.124475
5.319325
5.466525
5.54695
5.596275
5.5971
5.625175
5.64735
5.70015
5.701975
5.800225
6.254025
6.280625
6.36235
6.40315
6.419775
6.424725
6.4412
6.5428
6.6242
6.840625
6.9669
7.020725
7.180475
7.3597
7.46185
7.533375
7.5646
7.69835
7.75665
7.760475
8.0047
8.08545
8.23495
8.2829
8.3048
8.486
8.56065
8.7772
8.8136
8.880575
8.89225
9.0615
9.314175
9.3969
9.5629
9.61895
9.6392
9.690325
9.708175
9.70835
195
