0.40385
0.47165
0.4729
0.506625
0.5126
0.53635
0.5421
0.56085
0.6016
0.60485
0.616075
0.6176
0.641575
0.672925
0.685075
0.686575
0.69705
0.710825
0.711
0.71295
0.728425
0.732025
0.750575
0.7609
0.792425
0.806625
0.8188
0.84065
0.845675
0.8457
0.847375
0.865575
0.8691
0.8761
0.8864
0.9011
0.9018
0.918075
0.959
0.9605
1.0373
1.055325
1.077075
1.0787
1.103475
1.139175
1.142225
1.146425
1.155325
1.16905
1.171775
1.179625
1.235
1.27105
1.2752
1.27755
1.282025
1.364975
1.40415
1.4267
1.429575
1.43615
1.454475
1.479075
1.502725
1.51555
1.5834
1.590375
1.6379
1.642425
1.646
1.6629
1.667275
1.69805
1.71505
1.72765
1.739
1.771275
1.916725
1.9328
1.98565
1.9885
1.988725
1.99205
2.08485
2.1842
2.202225
2.22435
2.2561
2.40015
2.406975
2.492925
2.5492
2.62405
2.644925
2.694275
2.745625
2.823
2.89405
2.969625
2.991825
3.041775
3.0461
3.05645
3.0762
3.1134
3.11775
3.1597
3.1699
3.23965
3.243625
3.24985
3.2712
3.287425
3.315025
3.33205
3.389325
3.432875
3.456125
3.49775
3.503675
3.518425
3.551525
3.6427
3.741225
3.88105
4.0089
4.01405
4.033
4.0585
4.205375
4.2949
4.3151
4.413025
4.60415
4.6317
4.676525
4.6984
4.799975
4.81145
4.821
4.90805
4.9892
5.1615
5.21565
5.32365
5.36525
5.39505
5.409375
5.4163
5.422175
5.466375
5.5411
5.7173
5.786225
5.852975
5.876525
6.057725
6.073775
6.1001
6.149275
6.363925
6.441075
6.450125
6.47145
6.473175
6.534275
6.70915
6.8104
6.9429
7.0044
7.04805
7.069575
7.16515
7.200275
7.21315
7.2815
7.285325
7.30515
7.4433
7.463025
7.72915
7.939375
8.090825
8.122975
8.239925
8.25655
8.328525
8.3662
8.455575
8.555
8.592175
8.75835
8.82165
8.8233
8.869425
8.938875
9.0378
9.053625
9.434575
9.449
9.616525
9.61805
9.6207
9.650125
9.760375
9.934675
207
