0.1116
0.201525
0.23185
0.248575
0.28195
0.4194
0.50245
0.5149
0.520175
0.52225
0.52405
0.5596
0.564825
0.573775
0.577425
0.579975
0.58685
0.594375
0.5995
0.60975
0.61255
0.626275
0.63165
0.6342
0.634575
0.648375
0.6508
0.666275
0.666425
0.675975
0.6787
0.685525
0.7002
0.70115
0.7013
0.712275
0.713075
0.715775
0.71935
0.721375
0.728125
0.728775
0.730825
0.7399
0.750075
0.767175
0.785775
0.789525
0.8003
0.834425
0.842
0.855075
0.909425
0.914225
0.9192
0.93465
0.942575
0.9606
0.9696
0.98465
1.0131
1.07825
1.097
1.098
1.163325
1.208525
1.2389
1.252225
1.260625
1.265325
1.2957
1.309275
1.371775
1.4113
1.4195
1.42985
1.436725
1.439875
1.46645
1.508725
1.52715
1.5284
1.5607
1.568
1.594075
1.597325
1.6159
1.6634
1.673225
1.696725
1.741825
1.763475
1.85485
1.92275
1.955925
2.1854
2.193
2.207525
2.31995
2.330825
2.35915
2.38125
2.391325
2.412425
2.530125
2.57045
2.58215
2.5942
2.723075
2.752175
2.81915
2.82835
2.834925
2.91665
3.2704
3.343725
3.45705
3.467825
3.58365
3.654825
3.734975
3.7352
3.933825
3.9443
3.9858
3.994425
4.00075
4.02765
4.071125
4.118875
4.148275
4.1903
4.228775
4.23885
4.3816
4.431475
4.450775
4.556425
4.56905
4.580925
4.63535
4.802025
4.80745
4.81935
4.8706
4.901375
4.94755
5.079875
5.08115
5.0991
5.1843
5.202475
5.394925
5.50385
5.547375
5.6254
5.626625
5.664675
5.693725
5.760975
5.805125
5.893075
6.0501
6.0686
6.1021
6.18735
6.34765
6.362275
6.4136
6.4176
6.471725
6.483625
6.70985
6.92455
7.023025
7.11855
7.203425
7.342925
7.344675
7.356325
7.410025
7.532
7.702075
7.83975
7.867175
7.9309
8.072975
8.0925
8.2798
8.6794
8.72325
8.81375
8.826475
8.86
8.90615
8.920975
8.940325
8.971475
9.07395
9.1991
9.267
9.300425
9.365325
9.467625
9.481425
9.482775
9.56235
9.6704
9.7595
9.9353
9.991375
211
