0.124525
0.22945
0.3656
0.458075
0.513675
0.5173
0.534225
0.55255
0.554025
0.5742
0.574225
0.5782
0.58015
0.5826
0.58345
0.5847
0.593125
0.6072
0.607525
0.6084
0.609
0.609075
0.61095
0.61125
0.612275
0.6267
0.640825
0.651225
0.653275
0.655375
0.667525
0.67955
0.6843
0.7193
0.72825
0.736375
0.76425
0.7656
0.77065
0.772375
0.7735
0.7888
0.816825
0.835825
0.839575
0.8523
0.86975
0.878525
0.885625
0.893425
0.927475
0.95395
0.96125
0.961775
0.96235
0.969675
0.989175
0.99625
1.0137
1.03185
1.03205
1.03995
1.091175
1.10245
1.104075
1.11785
1.1238
1.130475
1.14325
1.14845
1.1486
1.228275
1.22925
1.2374
1.251425
1.2845
1.348
1.393275
1.431025
1.443375
1.481325
1.576775
1.672625
1.6932
1.719975
1.753425
1.78375
1.7934
1.814525
1.9299
1.980075
2.073475
2.132475
2.1443
2.1918
2.275325
2.279975
2.310075
2.339825
2.356075
2.390675
2.4057
2.539725
2.622875
2.634675
2.6588
2.674775
2.70615
2.760075
2.760375
2.90115
2.949975
2.95375
3.07255
3.0987
3.10025
3.247125
3.38345
3.4393
3.4495
3.53875
3.624675
3.671975
3.717575
3.789975
3.843025
3.8905
3.893425
3.923325
3.958
3.96935
3.971725
4.081975
4.12825
4.3563
4.3673
4.419375
4.469875
4.496325
4.5282
4.59145
4.6924
4.826125
4.940625
5.09055
5.242225
5.264925
5.292475
5.4766
5.499075
5.54115
5.54815
5.564375
5.5796
5.6843
5.76435
5.80795
5.816175
5.826725
5.899325
5.942675
5.9464
5.988375
6.0124
6.0404
6.110075
6.200275
6.2981
6.454725
6.46215
6.507575
6.58455
6.985525
7.03085
7.12275
7.1789
7.193225
7.2853
7.34495
7.43385
7.475825
7.675575
7.790125
7.81595
7.98735
8.265975
8.28755
8.374175
8.42335
8.610925
8.624675
8.653025
8.656225
8.6603
8.9042
8.95855
9.1358
9.1648
9.2
9.34485
9.413625
9.656975
9.68025
9.7181
9.84135
9.844575
206
