0.4711
0.483025
0.504
0.508
0.511725
0.5283
0.528525
0.531725
0.532275
0.5365
0.54395
0.5443
0.55975
0.562275
0.56525
0.612225
0.63005
0.6587
0.6608
0.66425
0.668475
0.67505
0.679025
0.68395
0.7186
0.741325
0.776125
0.78615
0.7912
0.80455
0.86515
0.871025
0.874775
0.8822
0.923925
0.9331
0.9348
0.9425
0.954075
1.003075
1.0252
1.027225
1.054825
1.077
1.081275
1.122425
1.12375
1.150975
1.162275
1.1717
1.184225
1.254725
1.274225
1.27765
1.300425
1.30435
1.34235
1.35405
1.367875
1.41485
1.4469
1.45905
1.46515
1.467875
1.470025
1.4765
1.6061
1.61335
1.6452
1.6479
1.804075
1.82645
1.8366
1.85805
1.8682
1.9321
1.996275
2.01195
2.0644
2.0925
2.357775
2.36185
2.41695
2.46625
2.507425
2.5114
2.514775
2.5253
2.597475
2.61055
2.640025
2.727075
2.76765
2.81555
2.85555
2.88375
2.949825
3.03125
3.077625
3.08135
3.10275
3.1153
3.1507
3.253625
3.292225
3.371475
3.39265
3.40465
3.426375
3.498775
3.501375
3.505975
3.509075
3.5136
3.586
3.680625
3.700125
3.804925
3.828925
3.94115
3.95745
3.9772
4.0053
4.224225
4.27585
4.387025
4.400725
4.429025
4.455125
4.464225
4.550075
4.584825
4.636525
4.644
4.694225
4.71485
4.9971
5.036175
5.064525
5.080175
5.09415
5.1606
5.190375
5.265675
5.27395
5.53055
5.5703
6.166075
6.2175
6.300375
6.347175
6.3666
6.47535
6.48625
6.716925
6.993325
7.10725
7.11405
7.13285
7.178225
7.3452
7.3888
7.3951
7.45985
7.4808
7.518225
7.553
7.67565
7.72875
7.818625
7.8222
7.978425
8.042325
8.0563
8.1316
8.146325
8.174925
8.2253
8.3316
8.398075
8.4504
8.58735
8.6154
8.696625
8.866825
8.99035
9.061575
9.072375
9.1465
9.2812
9.314125
9.34245
9.568525
9.99755
194
