0.13875
0.18825
0.249875
0.30765
0.47185
0.49625
0.51805
0.518275
0.52105
0.521625
0.522125
0.526375
0.5266
0.5281
0.53115
0.533425
0.55055
0.58025
0.604075
0.605375
0.6092
0.609825
0.615
0.6279
0.633675
0.640425
0.651375
0.65605
0.663
0.663175
0.666225
0.67335
0.67745
0.681875
0.69285
0.737225
0.745425
0.75855
0.78445
0.78585
0.789975
0.7992
0.81245
0.822
0.891575
0.90955
0.9155
0.969125
0.97065
0.989425
0.98945
1.011225
1.0276
1.1155
1.161025
1.179075
1.212375
1.228625
1.284025
1.3035
1.323825
1.328025
1.3984
1.415275
1.420675
1.439375
1.48725
1.705075
1.75705
1.825425
1.8923
1.89905
1.901325
1.906475
2.0416
2.041775
2.088575
2.156125
2.237
2.28955
2.292525
2.29765
2.30055
2.3158
2.378625
2.4229
2.578775
2.627025
2.63105
2.63145
2.64755
2.670125
2.747425
2.75215
2.797075
2.824675
2.8527
3.01765
3.078025
3.093725
3.1115
3.3221
3.363475
3.383325
3.466475
3.482
3.517225
3.585775
3.609275
3.6538
3.6604
3.717275
3.825925
3.9475
3.95045
4.0197
4.06145
4.1046
4.207625
4.215775
4.245175
4.289475
4.444625
4.474325
4.53025
4.732225
4.742075
4.766275
4.875125
4.97945
5.0195
5.0449
5.086075
5.168875
5.5167
5.709875
5.72805
5.767425
5.840775
5.88095
6.12225
6.3712
6.40765
6.831525
7.15975
7.1867
7.18765
7.213175
7.239225
7.25905
7.38505
7.535025
7.555775
7.7179
7.7207
7.817175
7.835425
7.87895
8.108025
8.11115
8.341
8.535775
8.542225
8.618875
8.63915
8.85255
8.871375
8.9284
9.13105
9.2726
9.384575
9.41545
9.7265
9.7985
9.850575
9.85875
9.922825
177
