0.12885
0.16685
0.2593
0.370825
0.4762
0.496175
0.5018
0.510825
0.51225
0.513
0.51765
0.52055
0.5216
0.524875
0.534475
0.544225
0.60095
0.6017
0.60385
0.653125
0.661125
0.688375
0.693575
0.7685
0.792025
0.80385
0.81435
0.8348
0.869325
0.891775
0.917275
0.9178
0.923825
0.93505
0.972225
0.9849
1.00035
1.013275
1.041825
1.059525
1.093175
1.0942
1.108325
1.1177
1.15915
1.168425
1.1901
1.262
1.285675
1.349925
1.393425
1.44735
1.4657
1.476925
1.657375
1.6656
1.68115
1.68725
1.762725
1.765125
1.77225
1.8417
1.8529
1.91205
1.916975
1.933675
1.997575
2.01595
2.037475
2.08435
2.235175
2.286525
2.304075
2.432725
2.499275
2.511425
2.5471
2.85505
3.0004
3.042775
3.048175
3.157575
3.240575
3.31195
3.31765
3.318325
3.394
3.425825
3.616325
3.636675
3.6596
3.6972
3.792525
3.860375
3.9412
4.011625
4.028775
4.1884
4.198575
4.2065
4.228375
4.2329
4.267725
4.301675
4.36545
4.43575
4.536775
4.56045
4.664175
4.67605
4.69075
4.7158
4.801875
4.86345
4.904825
4.973575
5.127625
5.229775
5.23775
5.269825
5.403725
5.569375
5.66385
5.667825
5.69545
5.7451
5.7863
5.95545
5.990375
6.19105
6.204775
6.210575
6.486075
6.669025
6.78005
6.91465
6.926775
7.1999
7.293075
7.3216
7.335075
7.522575
7.83675
7.83825
7.839825
7.97725
8.226025
8.3373
8.467625
8.603475
8.772775
8.8041
8.964575
8.976725
9.086025
9.10955
9.182075
9.196275
9.23425
9.248125
9.4275
9.571975
162
