0.379175
0.5087
0.5231
0.536375
0.53965
0.54635
0.5628
0.57565
0.578525
0.5808
0.581375
0.581725
0.5986
0.600875
0.6044
0.60875
0.61485
0.6383
0.650125
0.654525
0.704025
0.720975
0.721425
0.733625
0.763225
0.76405
0.787425
0.80825
0.829525
0.83635
0.8609
0.861125
0.871975
0.875425
0.914325
0.9341
0.935275
0.951625
0.9663
1.0088
1.0272
1.041475
1.050525
1.0963
1.101525
1.11485
1.17335
1.201025
1.2098
1.27335
1.2784
1.345175
1.355475
1.463275
1.484075
1.507125
1.803225
1.813675
1.942775
1.949675
1.96445
2.061925
2.094025
2.1088
2.133925
2.1894
2.204425
2.258925
2.268
2.411175
2.603825
2.623975
2.7336
2.849
2.8894
3.020425
3.025075
3.02595
3.0814
3.0924
3.09245
3.104
3.123625
3.1266
3.30415
3.3072
3.348425
3.440975
3.597575
3.780525
3.835675
3.8953
3.900175
3.948725
4.019725
4.04645
4.078025
4.17695
4.28275
4.336175
4.353575
4.357575
4.392025
4.3937
4.406425
4.42955
4.44485
4.638225
4.7584
4.805175
4.833925
4.872625
4.8817
4.912075
4.95535
5.1156
5.1275
5.163175
5.188025
5.2363
5.25105
5.25315
5.345075
5.36855
5.378325
5.3797
5.424475
5.470525
5.5939
5.673625
5.69225
5.875475
5.883075
5.93235
5.9468
6.052275
6.229975
6.24325
6.3322
6.339075
6.4644
6.535425
6.540275
6.644225
6.661375
6.700525
6.78605
6.8181
6.848725
7.144875
7.379125
7.489925
7.499475
7.6693
7.7199
7.9035
8.0343
8.077875
8.366525
8.58945
8.624475
8.664525
9.0224
9.33285
9.40395
9.7908
9.802875
9.88425
9.99555
169
