0.05685
0.0956
0.253325
0.30435
0.3824
0.4149
0.435475
0.517675
0.522825
0.529925
0.533525
0.5347
0.53525
0.537125
0.540775
0.575175
0.575575
0.575625
0.5806
0.589325
0.6118
0.638775
0.63925
0.645975
0.6511
0.65335
0.717
0.7506
0.760325
0.769125
0.77695
0.788925
0.806
0.81835
0.8212
0.831975
0.8537
0.858325
0.864775
0.8715
0.873175
0.877725
0.885775
0.894
0.929225
0.933325
0.949075
0.97375
0.978125
1.0
1.014575
1.0158
1.029875
1.032775
1.0762
1.07835
1.091375
1.101425
1.1088
1.1306
1.209275
1.212075
1.23645
1.2422
1.276725
1.3369
1.342375
1.36775
1.435375
1.4358
1.4489
1.5639
1.583775
1.616625
1.6404
1.645025
1.679125
1.7216
1.809875
1.871775
1.936175
1.951725
1.975025
2.129175
2.171875
2.175475
2.229025
2.29045
2.35025
2.3543
2.426425
2.47615
2.477875
2.5136
2.650975
2.7054
2.74605
2.761
2.7684
2.8018
2.87905
2.905225
3.098975
3.101875
3.14785
3.17715
3.241925
3.27325
3.36495
3.3914
3.49
3.495875
3.529975
3.5605
3.61345
3.689425
3.7766
3.78625
3.793125
3.821825
3.969825
4.057325
4.127875
4.155825
4.157175
4.18805
4.245825
4.260275
4.34095
4.37545
4.385175
4.419325
4.449975
4.47465
4.594625
4.616875
4.65745
4.6867
4.68975
4.806225
4.806725
4.908675
5.00415
5.119875
5.12305
5.185725
5.23295
5.2375
5.272075
5.303
5.33235
5.51375
5.585725
5.61405
5.616175
5.666375
5.670075
5.6933
5.70405
6.0576
6.221925
6.25985
6.2731
6.2986
6.42165
6.449375
6.5181
6.720975
6.725025
6.80085
7.063275
7.12905
7.208475
7.280925
7.417575
7.523925
7.6384
7.64955
7.814475
7.852575
7.90345
8.0417
8.17845
8.207325
8.247775
8.31475
8.3206
8.34015
8.4471
8.609425
8.61195
8.686725
8.7673
8.8444
9.159975
9.18375
9.20175
9.225
9.301925
9.362325
9.38615
9.5822
9.765025
9.767275
9.790875
9.917775
206
