0.048
0.092525
0.28795
0.502825
0.50445
0.5178
0.529725
0.537375
0.550175
0.5556
0.570375
0.572525
0.5843
0.60635
0.61415
0.6146
0.6386
0.646625
0.6518
0.684525
0.704775
0.7328
0.7397
0.747075
0.759625
0.76605
0.778975
0.77955
0.77965
0.78265
0.786175
0.79705
0.8117
0.8173
0.832225
0.83605
0.846175
0.847125
0.852175
0.868075
0.8686
0.887525
0.91725
0.932675
0.949475
1.0388
1.05535
1.087525
1.123225
1.16315
1.1768
1.187025
1.248925
1.269175
1.27595
1.293775
1.294025
1.2992
1.32945
1.405475
1.42835
1.43375
1.4533
1.45795
1.469975
1.48885
1.619275
1.6354
1.650625
1.69085
1.724875
1.7259
1.75115
1.75395
1.764775
1.8435
1.866525
1.97675
2.077725
2.13885
2.1764
2.21615
2.249075
2.276925
2.385275
2.4398
2.59905
2.767975
2.87595
2.91925
2.934275
2.9541
3.0259
3.053575
3.0717
3.081875
3.1008
3.125025
3.231425
3.3025
3.36765
3.3725
3.38215
3.4093
3.43355
3.47355
3.616725
3.62595
3.627025
3.697825
3.71875
3.880375
4.012375
4.299175
4.49015
4.579975
4.701175
4.702
4.7284
4.783475
4.822725
5.008175
5.025975
5.055325
5.122775
5.137275
5.241875
5.3846
5.412
5.51925
5.568175
5.590975
5.6615
5.75495
5.89595
5.900275
5.928025
5.947725
6.017175
6.1053
6.13915
6.4381
6.7021
6.759575
7.017825
7.088325
7.112275
7.115925
7.22445
7.252825
7.4003
7.4264
7.49015
7.6144
7.728425
7.741575
7.7705
7.792075
7.92465
7.976375
7.987425
8.13305
8.142425
8.1876
8.213175
8.248825
8.326825
8.405575
8.4948
8.507875
8.5265
8.590875
8.822475
8.891475
8.974975
9.116725
9.1275
9.137425
9.1659
9.2729
9.326725
9.4553
9.61315
9.632425
9.6482
9.649075
9.71465
9.79315
9.8378
9.896675
9.991475
191
