0.03305
0.257175
0.310975
0.332925
0.450025
0.5016
0.5055
0.512025
0.51375
0.520375
0.553975
0.55915
0.5618
0.58595
0.59815
0.60375
0.6254
0.6293
0.63135
0.63385
0.65985
0.6884
0.69805
0.69825
0.698375
0.706425
0.70645
0.718025
0.71815
0.723175
0.731825
0.7354
0.746075
0.785425
0.790675
0.81005
0.81305
0.814375
0.817025
0.83325
0.878975
0.8812
0.9273
0.940075
0.95225
0.97125
0.99295
1.010875
1.013275
1.0418
1.095375
1.102575
1.1295
1.13755
1.1522
1.180075
1.326025
1.363975
1.38885
1.390275
1.4262
1.434
1.440325
1.483925
1.522025
1.533
1.540325
1.570675
1.6463
1.685
1.715275
1.71715
1.7639
1.805275
1.835225
1.92785
2.0238
2.0404
2.1024
2.1523
2.1843
2.1877
2.206475
2.206675
2.29925
2.507775
2.567425
2.5928
2.628275
2.730825
2.74925
2.8523
2.92245
2.9248
2.955175
3.02325
3.084725
3.1339
3.1614
3.21605
3.220375
3.22465
3.233225
3.343875
3.3445
3.378775
3.44185
3.44635
3.605675
3.854525
3.876125
3.9092
3.916875
3.944075
3.978375
4.0497
4.118825
4.1253
4.143825
4.3189
4.3641
4.376425
4.4012
4.6477
4.709875
4.72035
4.73355
4.739475
4.826425
4.963225
5.02815
5.10845
5.14195
5.281425
5.33215
5.579475
5.5935
5.639225
5.715075
5.771075
5.7903
5.95055
5.9559
6.04115
6.059975
6.1229
6.1621
6.410725
6.50155
6.514975
6.609675
6.648025
6.677975
6.679225
6.700425
6.8359
6.92275
7.015125
7.2294
7.411575
7.50445
7.508475
7.52775
7.69495
7.709975
7.747025
7.7711
7.843625
7.9189
7.987875
8.184775
8.1886
8.26335
8.298825
8.33335
8.4752
8.586125
8.8237
8.84965
8.92215
8.961775
9.004975
9.006175
9.007025
9.09855
9.2306
9.29595
9.334425
9.4912
9.50855
9.51625
9.597925
9.814225
9.878275
9.941125
9.967575
196
