0.065925
0.07365
0.15705
0.191725
0.2362
0.3989
0.4788
0.501325
0.509375
0.516175
0.52225
0.524125
0.5245
0.54895
0.5512
0.5608
0.5645
0.577425
0.58835
0.600875
0.603275
0.609325
0.616275
0.620975
0.6317
0.6495
0.650175
0.679475
0.691175
0.7024
0.71345
0.717375
0.71835
0.73745
0.745525
0.745825
0.752325
0.75395
0.759925
0.76205
0.765925
0.76595
0.774625
0.77885
0.817
0.824925
0.828025
0.829025
0.8302
0.843075
0.85285
0.87275
0.880425
0.9292
0.945525
0.974675
0.979725
0.993525
0.99535
1.009275
1.011825
1.030275
1.065675
1.068225
1.06935
1.1023
1.1075
1.115725
1.14575
1.1508
1.179325
1.1801
1.18035
1.260925
1.28485
1.30925
1.31255
1.313125
1.3192
1.34835
1.367425
1.4042
1.40855
1.4468
1.483175
1.515125
1.530875
1.597225
1.62135
1.655475
1.687025
1.7611
1.814425
1.86275
1.971225
2.00415
2.052325
2.171625
2.21045
2.210525
2.295325
2.37785
2.4382
2.51135
2.543875
2.55925
2.601525
2.64785
2.660875
2.834625
2.8838
2.894975
2.907025
2.99155
3.01265
3.0913
3.201825
3.378625
3.403125
3.445975
3.69085
3.9124
3.95815
4.09625
4.142675
4.157375
4.172325
4.19215
4.237275
4.343825
4.352125
4.371325
4.3787
4.4463
4.49155
4.614925
4.683375
4.75695
4.798975
4.8653
4.870025
4.888225
4.897425
5.0762
5.1345
5.200925
5.207275
5.318275
5.392175
5.403325
5.420225
5.446625
5.5188
5.5434
5.55865
5.61345
5.6282
5.776175
5.794
5.8126
5.876125
5.8945
5.944875
5.964375
5.96515
6.140525
6.1964
6.32445
6.3504
6.464575
6.535925
6.680425
6.699125
6.706725
6.833475
6.886375
6.939225
7.0487
7.118225
7.17075
7.173875
7.185125
7.2425
7.5612
7.567775
7.606825
7.6531
7.673125
7.738625
7.841375
7.856475
7.864675
8.1639
8.22755
8.236575
8.44755
8.684675
8.737725
8.782075
8.90155
8.9434
9.000025
9.021075
9.40135
9.4164
9.55775
9.6522
9.8472
9.85345
9.863275
9.9225
9.976375
212
