0.065925
0.1583
0.25535
0.26555
0.356025
0.434275
0.47475
0.50325
0.509275
0.5169
0.519875
0.521625
0.524775
0.52855
0.53275
0.53585
0.544425
0.553425
0.55755
0.577825
0.5883
0.59055
0.59235
0.598525
0.6006
0.60505
0.60945
0.6157
0.61775
0.62195
0.626725
0.631775
0.632075
0.63375
0.645575
0.646225
0.6472
0.6526
0.65355
0.655875
0.6923
0.70655
0.720375
0.73585
0.755025
0.817525
0.8185
0.819025
0.8376
0.849425
0.854675
0.89815
0.92555
0.96205
0.9881
0.99375
1.024475
1.04265
1.046575
1.118275
1.122075
1.124725
1.126725
1.12925
1.13075
1.182
1.18385
1.186725
1.19255
1.210825
1.3162
1.3178
1.336375
1.34825
1.3886
1.41035
1.46025
1.464075
1.4844
1.542675
1.575675
1.64265
1.65265
1.652875
1.657725
1.65845
1.661625
1.677425
1.686875
1.699225
1.703525
1.819175
1.832775
1.89435
1.9167
1.93085
1.9772
1.977975
2.00195
2.00895
2.0663
2.101275
2.1735
2.175425
2.35015
2.3644
2.392175
2.4532
2.458025
2.4743
2.525575
2.534
2.57815
2.6282
2.648225
2.7102
2.76735
2.781725
2.979925
3.00675
3.125775
3.1468
3.201025
3.21485
3.236425
3.271325
3.3363
3.36055
3.4972
3.4984
3.582175
3.600575
3.62075
3.66805
3.771
3.80645
3.987025
4.052325
4.376575
4.412875
4.4321
4.454175
4.5001
4.726725
4.732475
4.748075
4.777525
4.866275
4.956775
5.0893
5.133025
5.141875
5.2323
5.2724
5.298225
5.38455
5.412225
5.436525
5.465025
5.526225
5.5516
5.647225
5.91575
5.922575
5.940325
5.9777
6.083675
6.16465
6.211025
6.21285
6.23945
6.31525
6.353025
6.372175
6.45895
6.4826
6.5643
6.570875
7.0103
7.015775
7.0921
7.1358
7.2702
7.367675
7.4713
7.475125
7.498925
7.511325
7.528
7.860025
7.88885
7.955975
7.96605
8.390275
8.512525
8.515075
8.5968
8.720475
8.820175
8.96435
8.982475
9.0045
9.212525
9.26295
9.29455
9.32735
9.34985
9.423175
9.559875
9.577775
9.703325
9.74945
212
