0.129975
0.143525
0.266875
0.449
0.505725
0.507675
0.5136
0.516
0.51735
0.5397
0.54195
0.541975
0.545125
0.55655
0.55825
0.579025
0.5856
0.5874
0.5901
0.598575
0.627075
0.63575
0.637925
0.64515
0.6583
0.666125
0.67375
0.681575
0.72455
0.737775
0.7666
0.81835
0.8516
0.8591
0.886225
0.9133
0.938925
0.9456
0.989075
0.9937
1.036425
1.074275
1.121575
1.147275
1.162325
1.179075
1.206425
1.226975
1.24165
1.2601
1.306475
1.362525
1.453425
1.463625
1.4722
1.481575
1.527275
1.5274
1.53075
1.5935
1.61865
1.631825
1.6435
1.65575
1.6966
1.747625
1.759925
1.8409
1.971
1.998225
2.002175
2.003075
2.0181
2.020475
2.046225
2.055925
2.0654
2.079825
2.082325
2.091925
2.1813
2.2173
2.2217
2.2751
2.277775
2.33245
2.450075
2.483375
2.509275
2.514325
2.517825
2.601525
2.6031
2.64915
2.742025
2.861875
2.90945
2.94065
2.9529
3.073075
3.15115
3.326075
3.415225
3.41695
3.45055
3.486975
3.533725
3.57575
3.6006
3.639625
3.789575
3.8407
3.8447
3.86305
3.9123
3.935
4.01925
4.0784
4.247675
4.250925
4.2964
4.3856
4.387875
4.50205
4.51635
4.61905
4.62195
4.7942
4.870825
5.14145
5.193725
5.2354
5.3017
5.309275
5.42295
5.504325
5.677825
5.840125
5.8584
5.9791
6.0284
6.13165
6.279975
6.4342
6.499475
6.64205
6.64345
6.651525
6.7062
6.7938
6.80675
6.9403
6.9427
6.955075
6.98375
7.008875
7.176575
7.35025
7.3873
7.555625
7.617675
7.69235
7.89465
8.050675
8.160475
8.2916
8.41235
8.521875
8.6617
9.011625
9.04255
9.174425
9.188275
9.19515
9.220775
9.31325
9.3146
9.4128
9.461
9.64085
9.704875
9.74455
9.817825
9.831575
184
