0.0138
0.045575
0.214925
0.29005
0.324475
0.50675
0.517625
0.525125
0.5497
0.5553
0.574825
0.58305
0.5934
0.5956
0.6002
0.607875
0.611225
0.621575
0.631125
0.65225
0.65365
0.657225
0.6653
0.67275
0.7072
0.7201
0.721025
0.721475
0.7447
0.763425
0.76595
0.809025
0.8266
0.84
0.867425
0.8812
0.897325
0.92285
0.924325
0.933125
0.9608
0.9619
0.9689
0.9698
0.979875
0.986825
0.992825
0.994425
1.03605
1.074
1.079775
1.0804
1.09385
1.112575
1.116775
1.12895
1.211
1.220375
1.23975
1.25495
1.25595
1.2634
1.267
1.3066
1.3193
1.3296
1.396125
1.41455
1.42675
1.4497
1.4589
1.464175
1.603825
1.6129
1.67995
1.68445
1.70115
1.754425
1.79205
1.876925
1.946325
2.032775
2.072825
2.148325
2.267775
2.285875
2.28905
2.292775
2.339525
2.3841
2.384375
2.3923
2.39815
2.412875
2.46225
2.47225
2.49375
2.50695
2.550225
2.571
2.7208
2.759325
2.8191
2.829875
2.88745
2.912175
3.0397
3.065875
3.10275
3.1113
3.1302
3.22345
3.28695
3.29735
3.341725
3.3651
3.376025
3.470825
3.5562
3.711475
3.89835
4.001825
4.0035
4.049375
4.053675
4.1603
4.2474
4.342025
4.41575
4.426875
4.4531
4.45515
4.472925
4.52975
4.744575
4.77005
4.855825
4.946025
5.100325
5.257575
5.438375
5.460825
5.65985
5.672
5.789575
5.8176
5.890325
5.895325
5.9575
5.971225
6.0105
6.078125
6.163575
6.195125
6.311325
6.357025
6.431075
6.603475
6.705125
7.008275
7.1397
7.15135
7.20015
7.351175
7.37085
7.497575
7.717525
7.750775
7.752475
7.814
7.83855
7.89
8.162475
8.1639
8.364525
8.413325
8.448825
8.51535
8.7191
8.779
8.850075
8.953775
9.016675
9.255225
9.271225
9.3581
9.5926
9.6737
9.77375
189
