0.03995
0.074125
0.1181
0.352375
0.36365
0.504275
0.5221
0.528075
0.53485
0.5428
0.543675
0.551575
0.55305
0.554175
0.59145
0.591625
0.6026
0.630875
0.6312
0.64775
0.65785
0.66355
0.66615
0.6663
0.666575
0.67035
0.685525
0.687925
0.71265
0.7152
0.733025
0.733675
0.739825
0.748975
0.757175
0.767225
0.778025
0.790425
0.8139
0.814975
0.82935
0.83735
0.8534
0.87335
0.883425
0.896275
0.900325
0.903925
0.9385
0.93935
0.939475
0.94585
0.950275
0.950325
0.973275
0.998925
1.043275
1.050925
1.055075
1.1401
1.160025
1.18735
1.1989
1.248925
1.2751
1.283975
1.2843
1.316925
1.31835
1.40465
1.41905
1.42325
1.43755
1.459475
1.47665
1.620175
1.62355
1.64155
1.65395
1.703775
1.7058
1.747625
1.774
1.83175
1.8575
1.894825
1.900975
1.965975
1.996225
2.001725
2.02895
2.0375
2.05605
2.125575
2.168925
2.2599
2.417025
2.5311
2.550525
2.562375
2.56345
2.56705
2.57575
2.73255
2.734275
2.795925
2.805675
2.813325
2.91245
2.959175
2.98115
3.108975
3.1138
3.15115
3.175775
3.24865
3.30585
3.3179
3.327475
3.36125
3.36975
3.39875
3.41955
3.42485
3.43235
3.572825
3.57755
3.5797
3.654625
3.6685
3.695225
3.7054
3.705575
3.900625
3.91595
3.97485
4.000775
4.033175
4.096025
4.37565
4.397975
4.4884
4.5424
4.566025
4.574775
4.594225
4.687075
4.7016
4.753425
4.7773
4.815575
4.8757
4.881175
4.973525
5.078575
5.1093
5.417025
5.4287
5.4674
5.63905
5.659025
5.679475
5.7871
5.80795
5.83585
5.864575
5.86695
5.9396
5.98425
6.194575
6.202775
6.2331
6.258975
6.38705
6.396875
6.48665
6.54925
6.6455
6.691525
6.72335
6.78975
6.9773
7.0283
7.0356
7.052825
7.093425
7.225925
7.540225
7.609975
7.6335
7.65875
7.6725
7.7606
7.960625
8.035675
8.07295
8.19015
8.2582
8.3558
8.455825
8.490625
8.527875
8.5313
8.53925
8.546675
8.582375
8.6049
8.65765
8.659275
8.732375
8.84195
8.912225
8.934825
9.0487
9.132225
9.24045
9.241475
9.415675
9.470575
9.50425
9.54405
9.59335
9.67685
9.686325
9.776825
9.870525
9.89555
9.940025
9.94035
229
