0.0429
0.127225
0.270975
0.31795
0.320825
0.357825
0.512775
0.5138
0.525275
0.535725
0.55225
0.557025
0.560825
0.570875
0.58545
0.58795
0.59745
0.6115
0.658975
0.6633
0.6659
0.679525
0.703275
0.7044
0.7168
0.741575
0.7487
0.764725
0.804375
0.813875
0.81625
0.82315
0.823875
0.829675
0.8697
0.8804
0.883625
0.887825
0.8939
0.896175
0.91065
0.9285
0.929275
0.945875
0.9766
0.982975
0.98395
1.008975
1.038375
1.045575
1.05205
1.07735
1.138825
1.167725
1.200675
1.214975
1.2218
1.2621
1.29165
1.29665
1.3535
1.363125
1.370725
1.377425
1.386975
1.39185
1.44905
1.483075
1.520775
1.612425
1.661725
1.72265
1.779175
1.8176
1.82765
1.8871
1.90065
1.928525
1.97525
2.00745
2.01075
2.019975
2.064325
2.100575
2.20275
2.228075
2.28835
2.29315
2.319875
2.435925
2.4415
2.45505
2.456475
2.45805
2.480475
2.505275
2.560875
2.609975
2.678875
2.74275
2.78045
2.928425
2.94475
2.95065
2.965625
3.1173
3.1267
3.181175
3.18325
3.193775
3.2046
3.2472
3.273125
3.35
3.35115
3.403525
3.482375
3.525025
3.566175
3.596625
3.668125
3.686925
3.735875
3.777
3.878275
3.9965
4.018025
4.067725
4.126025
4.15475
4.259575
4.259775
4.79725
4.85895
4.912625
4.988375
5.02745
5.0389
5.100125
5.10785
5.170225
5.2227
5.25935
5.274075
5.318825
5.3462
5.34855
5.404625
5.4324
5.544475
5.5627
5.579
5.82465
5.828475
5.959
6.01205
6.092075
6.3325
6.41265
6.6053
6.622825
6.688025
6.766775
6.791875
6.933025
7.015725
7.064275
7.1382
7.213775
7.256075
7.2755
7.322575
7.38195
7.3925
7.51175
7.5433
7.544075
7.6208
7.6271
7.7272
7.7772
7.8674
8.014475
8.054075
8.0641
8.113225
8.176675
8.2915
8.368325
8.422725
8.456925
8.463875
8.54125
8.610325
8.7267
8.743425
8.830525
9.05875
9.183525
9.307075
9.3384
9.4573
9.504125
9.70835
9.71545
9.7526
9.7996
9.9111
9.929075
9.99435
210
