0.0264
0.0717
0.14985
0.382175
0.41805
0.477575
0.512525
0.521575
0.52955
0.5331
0.536575
0.54795
0.551325
0.5698
0.57395
0.5757
0.584225
0.593125
0.598825
0.608425
0.609
0.6528
0.673875
0.685375
0.6878
0.705625
0.7072
0.742875
0.7608
0.786675
0.800675
0.825925
0.83345
0.839225
0.840875
0.848175
0.87075
0.885475
0.90195
0.92815
0.943025
0.9747
0.984375
1.000475
1.0238
1.024425
1.056875
1.07305
1.0839
1.0909
1.105375
1.174625
1.18095
1.241625
1.255175
1.2644
1.28165
1.2888
1.312925
1.328475
1.34635
1.361075
1.4343
1.514475
1.52195
1.68005
1.857525
1.92165
1.9443
2.016725
2.031225
2.0318
2.045275
2.051575
2.30235
2.34385
2.417575
2.443625
2.458
2.584075
2.620475
2.691925
2.69335
2.701625
2.70835
2.877525
2.90645
3.020175
3.0277
3.077275
3.146125
3.170025
3.31835
3.32765
3.3567
3.39465
3.42225
3.48305
3.52505
3.52655
3.626525
3.7648
3.77075
3.79465
3.82325
3.849425
3.85215
3.87115
4.037425
4.085925
4.101325
4.108175
4.111325
4.171375
4.273425
4.302825
4.336175
4.399825
4.4091
4.4326
4.472225
4.58385
4.64565
4.6645
4.72695
4.729
4.7539
4.7813
4.836175
4.8802
4.99125
5.1171
5.2767
5.281025
5.311275
5.348625
5.435275
5.556525
5.5781
5.64815
5.75145
5.77305
5.924025
6.113025
6.11805
6.253425
6.26375
6.39475
6.41415
6.458825
6.547325
6.71375
6.7147
6.991875
7.07305
7.0801
7.09855
7.120575
7.1313
7.186425
7.24195
7.37565
7.417175
7.5004
7.56735
7.67275
7.8681
7.9199
7.92465
7.9599
8.03185
8.06315
8.214175
8.2698
8.336475
8.365175
8.39835
8.448075
8.45135
8.553
8.5745
8.66125
8.754775
8.93445
8.96325
9.0628
9.254975
9.37145
9.40475
9.4068
9.411775
9.513975
9.8051
9.897375
9.922925
9.968175
9.977875
197
