0.01305
0.02125
0.05015
0.24765
0.301675
0.500775
0.5201
0.5231
0.528075
0.530125
0.535175
0.53715
0.540475
0.542875
0.5442
0.568975
0.572325
0.58055
0.591775
0.596575
0.600225
0.603325
0.608625
0.616125
0.6361
0.64485
0.650625
0.6521
0.66215
0.677775
0.6946
0.699675
0.70895
0.732875
0.747425
0.747825
0.753
0.753825
0.799425
0.8005
0.851325
0.87175
0.90235
0.9356
0.96275
0.982225
1.0505
1.07985
1.102825
1.149225
1.16505
1.173125
1.20525
1.2408
1.248
1.2665
1.28955
1.3046
1.319625
1.322075
1.323925
1.3705
1.3708
1.46345
1.474025
1.49175
1.591125
1.59435
1.648825
1.6988
1.7726
1.7862
1.9061
1.94575
1.967475
2.0185
2.020325
2.06075
2.2958
2.3767
2.6673
2.797275
2.8374
2.881225
2.89795
2.9713
3.070375
3.110675
3.11935
3.15545
3.21895
3.234175
3.271325
3.414725
3.428975
3.453725
3.503675
3.55085
3.569525
3.607425
3.6363
3.7408
3.782275
3.865425
3.875925
3.99885
4.004175
4.013025
4.0635
4.098325
4.16215
4.186475
4.444225
4.4904
4.5674
4.7603
4.9408
5.0255
5.118975
5.18575
5.3706
5.4374
5.580525
5.58445
5.74905
5.785625
5.869825
5.882675
5.88395
5.938425
5.9985
6.04815
6.05925
6.218275
6.229275
6.293675
6.380175
6.614575
6.62695
6.629675
6.6662
6.700225
6.781525
6.78285
6.87425
6.95475
7.1463
7.16495
7.17675
7.223375
7.343425
7.348375
7.366525
7.3815
7.39775
7.45885
7.748475
7.8019
8.019425
8.1007
8.108825
8.26605
8.33115
8.395925
8.493525
8.5101
8.5162
8.6561
8.666925
8.695675
8.826225
8.865875
9.0231
9.1551
9.17675
9.180625
9.191875
9.250525
9.35345
9.572525
9.8191
9.890475
182
