0.09675
0.16525
0.1891
0.2838
0.398975
0.438575
0.502
0.505725
0.5156
0.525825
0.52735
0.532875
0.549325
0.552025
0.5703
0.588
0.59165
0.605325
0.64505
0.647075
0.660725
0.67035
0.672975
0.6947
0.707125
0.712925
0.71335
0.7206
0.721075
0.729275
0.729675
0.75025
0.75485
0.7686
0.769025
0.781075
0.783575
0.83015
0.83895
0.884925
0.89245
0.90905
0.91705
0.946375
0.949375
0.949875
0.9886
0.994875
1.037575
1.04505
1.073725
1.077075
1.092775
1.128625
1.133625
1.225375
1.238575
1.241675
1.279875
1.29255
1.33255
1.33325
1.381775
1.40795
1.545725
1.720025
1.865825
1.899225
1.910375
1.912125
1.927625
1.9485
2.0419
2.15775
2.191275
2.1975
2.198225
2.294375
2.332425
2.34925
2.421075
2.5164
2.5513
2.597575
2.686375
2.6942
2.775025
2.811225
2.82265
2.857125
2.98875
2.99165
3.030525
3.069625
3.0728
3.121825
3.215925
3.235375
3.24345
3.27965
3.403475
3.411975
3.462775
3.51765
3.546475
3.661125
3.70205
3.734775
3.7615
3.7623
3.822075
4.03615
4.202375
4.310425
4.366225
4.3806
4.384675
4.415625
4.53665
4.680025
4.8376
4.877875
4.882825
4.883525
4.906975
5.143375
5.1626
5.17365
5.335775
5.360175
5.628375
5.84045
5.870975
5.924525
5.95355
6.147075
6.172775
6.3637
6.366
6.39425
6.44585
6.471925
6.479675
6.576575
6.577975
6.775475
6.791625
7.02245
7.0345
7.0395
7.206
7.274625
7.3406
7.3497
7.45565
7.53485
7.5442
7.730875
7.770825
7.981475
7.993475
8.116325
8.169475
8.23165
8.3252
8.374575
8.483925
8.524775
8.539975
8.80765
8.8175
8.8656
8.901625
9.15465
9.242425
9.30375
9.30795
9.343125
9.4012
9.6417
9.7222
9.7588
9.791925
9.817725
9.873575
9.882825
9.939375
9.949825
188
