0.054625
0.14205
0.33935
0.378325
0.39015
0.48825
0.515875
0.52455
0.545325
0.552525
0.554325
0.57145
0.575475
0.5812
0.582375
0.592725
0.594075
0.5981
0.602825
0.6234
0.6593
0.663925
0.675725
0.6914
0.6941
0.698175
0.725025
0.732875
0.7494
0.754875
0.7871
0.793225
0.807225
0.8109
0.815675
0.826575
0.83465
0.85645
0.859575
0.8922
0.89375
0.898875
0.949125
0.955875
0.961375
0.96845
0.971925
0.985475
0.999425
1.001625
1.009075
1.018925
1.0348
1.040625
1.045175
1.0506
1.152325
1.154725
1.166825
1.17895
1.182475
1.1826
1.221725
1.24795
1.413475
1.42255
1.51825
1.625725
1.657525
1.667575
1.7038
1.731875
1.7489
1.7566
1.769725
1.96815
1.98405
1.993325
2.008925
2.05105
2.056075
2.0709
2.0742
2.075075
2.08325
2.1026
2.14535
2.15695
2.204025
2.21915
2.2263
2.238025
2.296575
2.336375
2.3686
2.41945
2.457475
2.4816
2.629875
2.65685
2.679225
2.825625
3.239525
3.3012
3.31245
3.364275
3.3877
3.39895
3.403775
3.4124
3.477025
3.499525
3.7545
4.031325
4.058675
4.05925
4.07975
4.0934
4.12855
4.212275
4.27505
4.294325
4.349475
4.35245
4.36595
4.3683
4.38015
4.478725
4.560625
4.598625
4.6632
4.7485
4.78165
4.815825
5.00765
5.296175
5.498975
5.5191
5.565125
5.692475
5.78785
6.151375
6.218175
6.234925
6.3096
6.449425
6.48555
6.558825
6.56465
6.628425
6.918025
7.02515
7.098375
7.2261
7.2383
7.374825
7.40055
7.536225
7.549325
7.57445
7.658375
7.705675
7.87835
7.8953
7.898075
7.936675
8.01675
8.0503
8.08545
8.140825
8.19895
8.22435
8.307975
8.33675
8.3816
8.39185
8.879725
8.884075
8.905525
8.989175
9.08705
9.1113
9.20735
9.235725
9.37225
9.50525
9.625875
9.626075
9.733475
9.771575
9.82765
9.849675
192
