0.011125
0.049475
0.09825
0.1787
0.3662
0.428975
0.50235
0.503175
0.50375
0.5234
0.537975
0.540425
0.542675
0.5532
0.5534
0.557525
0.56565
0.594575
0.62705
0.64375
0.650475
0.6656
0.665675
0.69305
0.70075
0.703025
0.760975
0.7647
0.774225
0.8229
0.831875
0.840425
0.8544
0.877
0.89155
0.90935
0.953075
0.95485
0.965925
0.966
0.98775
1.001225
1.040825
1.096875
1.126125
1.135
1.178225
1.180275
1.22375
1.24445
1.287125
1.2914
1.29185
1.303425
1.330125
1.362925
1.37235
1.38385
1.388575
1.394975
1.4042
1.422975
1.430825
1.446375
1.495925
1.50755
1.52365
1.569625
1.699925
1.7159
1.727775
1.737475
1.988625
2.00095
2.03085
2.042425
2.149
2.2024
2.25355
2.31545
2.3689
2.41945
2.445725
2.451975
2.456825
2.477875
2.533525
2.589925
2.62415
2.6411
2.643075
2.687875
2.72415
2.738275
2.7599
2.771525
2.773275
2.7779
2.806275
2.86075
2.897675
2.967475
3.030975
3.068975
3.116675
3.13435
3.180425
3.2123
3.239125
3.246275
3.353825
3.354725
3.40645
3.512375
3.54775
3.590025
3.62615
3.691425
3.7216
3.73225
3.920825
4.07405
4.0986
4.100625
4.104875
4.16045
4.2734
4.282425
4.484025
4.49025
4.533425
4.533925
4.651175
4.735225
4.738975
4.8702
4.87375
4.888025
4.89615
4.94475
5.055725
5.09655
5.17675
5.1833
5.222325
5.250825
5.31885
5.350825
5.358225
5.405475
5.40995
5.415125
5.476525
5.57065
5.676525
5.770925
5.773525
5.9017
5.906125
6.116
6.15305
6.27235
6.28345
6.391825
6.51875
6.59665
6.759975
6.776125
6.84575
7.0777
7.186025
7.235475
7.281575
7.32205
7.660375
7.81185
7.845725
7.864
8.1366
8.26445
8.38065
8.385925
9.109875
9.1819
9.3819
9.397725
9.633575
9.719
9.933025
189
