0.0016
0.208025
0.3692
0.381725
0.3849
0.38965
0.45065
0.50635
0.51365
0.521125
0.522575
0.525975
0.539025
0.54165
0.565875
0.566575
0.57325
0.5838
0.584075
0.588975
0.59875
0.62675
0.628375
0.639775
0.655725
0.6577
0.661325
0.669125
0.67545
0.7235
0.724425
0.73615
0.76265
0.773775
0.7905
0.791675
0.8115
0.81435
0.8173
0.84235
0.858975
0.887575
0.906575
0.910275
0.915725
0.920125
0.922675
0.940275
0.9418
0.989325
0.9974
1.0135
1.050925
1.096475
1.108625
1.155275
1.191
1.211075
1.221675
1.2531
1.260925
1.27405
1.36345
1.368875
1.403475
1.41415
1.4315
1.449825
1.48515
1.49215
1.49685
1.5029
1.506625
1.56355
1.646725
1.660625
1.6894
1.718925
1.749375
1.750275
1.755825
1.765425
1.768725
1.784975
1.8086
1.9864
2.026675
2.10935
2.12
2.300975
2.3151
2.335325
2.407025
2.4224
2.4253
2.454075
2.52835
2.549675
2.579675
2.622525
2.69805
2.774225
2.8039
2.83685
2.877475
2.97095
2.97835
3.07355
3.074625
3.075125
3.0784
3.0847
3.101425
3.1692
3.19525
3.220175
3.221025
3.32045
3.327575
3.337825
3.392625
3.5115
3.648625
3.806175
4.043275
4.19095
4.240775
4.267575
4.30195
4.308875
4.520325
4.795675
4.799725
4.83825
4.8425
4.856025
4.92455
4.95705
5.11705
5.191775
5.26985
5.310025
5.310825
5.357675
5.389575
5.4634
5.47655
5.51595
5.5559
5.59555
5.734425
5.811275
5.829225
5.83355
5.83955
5.8543
5.859
6.033425
6.1168
6.349675
6.382525
6.408275
6.501275
6.59395
6.6732
6.718125
6.78365
6.79025
6.8059
6.819875
6.84115
6.90335
6.913975
6.98455
7.0187
7.042125
7.14135
7.259125
7.35515
7.56495
7.63875
7.65635
7.812775
8.274125
8.34015
8.42025
8.49495
8.5475
8.684325
8.801325
8.845
8.8992
8.966025
9.01705
9.02575
9.068825
9.1552
9.349675
9.67985
9.718325
200
