0.086075
0.210575
0.269775
0.422425
0.42305
0.456075
0.47095
0.5292
0.5349
0.537975
0.543975
0.5675
0.575375
0.58345
0.584725
0.58695
0.602075
0.6033
0.625325
0.662775
0.666675
0.66905
0.681075
0.682925
0.688775
0.707475
0.725475
0.7425
0.7442
0.758975
0.775025
0.7991
0.802275
0.82985
0.835575
0.840925
0.8542
0.8639
0.874775
0.890875
0.900175
0.91365
0.934225
0.952125
0.9577
1.073675
1.097475
1.1164
1.1299
1.1526
1.1677
1.18625
1.1957
1.198425
1.232925
1.2824
1.3181
1.35395
1.354175
1.356125
1.3601
1.391725
1.4133
1.4565
1.516
1.613925
1.62735
1.678525
1.72905
1.8294
1.848425
1.85315
1.8579
1.866225
1.88095
1.9171
1.936025
1.94215
1.9659
2.017625
2.109275
2.17035
2.229825
2.374625
2.50405
2.512225
2.56645
2.5937
2.6444
2.65435
2.665725
2.679475
2.711175
2.779525
2.936875
3.059175
3.113125
3.2789
3.349225
3.372275
3.3779
3.479225
3.5344
3.577875
3.65735
3.76785
3.7723
3.78315
3.796125
3.86535
3.866225
3.880075
3.92315
4.09575
4.10055
4.1018
4.119275
4.179
4.1907
4.421525
4.4247
4.467
4.510775
4.6119
4.626375
4.64785
4.80625
4.94995
4.9515
4.9581
5.0233
5.036675
5.0663
5.086875
5.1236
5.15125
5.1537
5.181825
5.316
5.346875
5.388725
5.418525
5.606925
5.663525
5.694275
5.862
5.870525
6.052725
6.11655
6.123475
6.15665
6.183775
6.2191
6.2824
6.3082
6.356525
6.419375
6.468125
6.484975
6.567525
6.589225
6.624025
6.632
6.644375
6.65315
6.7845
6.843725
6.987325
6.9888
6.9902
6.996625
7.067575
7.075475
7.100775
7.187225
7.399275
7.452775
7.5272
7.59785
7.622275
7.716225
8.01055
8.24685
8.2608
8.517925
8.534225
8.548525
8.557175
8.687575
8.717475
8.834475
8.87665
8.9405
9.023825
9.031325
9.117075
9.2937
9.295725
9.4297
9.589675
9.596175
9.712125
9.829825
9.84755
9.90275
9.913625
9.943
9.9866
208
