0.38215
0.445025
0.48305
0.512925
0.5292
0.53135
0.538125
0.552075
0.5543
0.5723
0.5879
0.588625
0.592775
0.596925
0.597175
0.597825
0.602475
0.606425
0.6246
0.6259
0.642525
0.64365
0.64985
0.66365
0.671025
0.6833
0.692575
0.7007
0.710875
0.7113
0.73045
0.7417
0.744125
0.747
0.75045
0.75205
0.785225
0.792475
0.796175
0.8406
0.845025
0.865775
0.881575
0.89575
0.899075
0.9303
0.983275
0.98475
1.002075
1.011275
1.0636
1.094475
1.1117
1.142775
1.191525
1.226125
1.245125
1.268525
1.2774
1.31765
1.331175
1.39655
1.459425
1.49355
1.51685
1.568925
1.573075
1.58875
1.673875
1.7227
1.779125
1.8028
1.82525
1.868475
1.8768
1.93955
1.960375
2.10825
2.265925
2.307725
2.341175
2.358575
2.367025
2.37185
2.373075
2.377675
2.40765
2.482225
2.58295
2.5907
2.59395
2.629475
2.81745
2.822325
2.985275
3.10115
3.23125
3.260225
3.28985
3.307075
3.34395
3.369775
3.4021
3.429
3.49735
3.668825
3.8543
3.88935
3.9227
3.97465
4.027075
4.08795
4.14965
4.29885
4.329275
4.38315
4.429375
4.450025
4.531825
4.577125
4.6036
4.6266
4.72795
4.754925
4.80375
4.8789
4.914175
4.940675
4.959425
5.0886
5.134375
5.156925
5.202875
5.2516
5.3109
5.453225
5.465925
5.53505
5.655325
5.686
5.698275
5.72065
5.81705
5.8584
5.960725
6.123625
6.133825
6.1896
6.198925
6.21885
6.397675
6.4569
6.4722
6.677425
6.68305
6.7397
6.809525
6.821875
7.072675
7.10485
7.16525
7.17075
7.1797
7.200875
7.207025
7.21455
7.298475
7.4617
7.531
7.53895
7.68925
7.70505
7.841225
7.99125
8.231725
8.311575
8.380425
8.47015
8.51885
8.5945
8.641075
8.75625
8.8618
8.930475
8.952125
8.9741
8.981275
8.99195
9.070425
9.0955
9.211375
9.218675
9.296025
9.41545
9.43645
9.4991
9.59965
9.60595
9.6635
9.7338
9.755925
9.782675
9.814675
9.82035
204
