0.029275
0.2176
0.239525
0.248525
0.42185
0.4515
0.468525
0.481375
0.500275
0.5193
0.520925
0.533425
0.573375
0.59295
0.5966
0.613025
0.626275
0.629125
0.635025
0.642225
0.666875
0.669825
0.67625
0.6831
0.713375
0.718
0.730025
0.7407
0.775475
0.786825
0.7885
0.7908
0.79675
0.821025
0.8432
0.849925
0.8589
0.905725
0.98085
0.9895
0.992825
1.0018
1.029575
1.034425
1.0507
1.074675
1.1069
1.1567
1.178
1.2624
1.270125
1.3118
1.35465
1.36565
1.3868
1.396275
1.40255
1.41275
1.413525
1.465325
1.51285
1.5932
1.6328
1.809725
1.847375
1.91865
1.97055
1.992825
1.996075
2.032475
2.078
2.087125
2.23125
2.258725
2.271675
2.32135
2.36555
2.498975
2.5135
2.585625
2.5971
2.681925
2.69815
2.708125
2.74055
2.804525
2.844675
2.97595
3.156675
3.18805
3.247075
3.275775
3.2794
3.360025
3.45875
3.4901
3.5177
3.5764
3.596475
3.658325
3.659475
3.671075
3.7763
3.797075
3.921575
3.95275
4.075075
4.180475
4.34025
4.45805
4.4929
4.525775
4.542025
4.610525
4.697625
4.726025
4.730525
4.777275
4.835825
4.86605
4.94765
5.057325
5.16585
5.213625
5.32385
5.359925
5.408975
5.574125
5.585275
5.589275
5.6754
5.687975
5.90965
6.015975
6.085175
6.1875
6.6988
6.81365
6.940575
7.11055
7.19065
7.2148
7.242375
7.449775
7.453075
7.4715
7.546775
7.5767
7.69205
7.843225
8.001525
8.027825
8.063425
8.13455
8.29705
8.376375
8.405275
8.4485
8.458925
8.4657
8.527325
8.583025
8.658225
8.700375
8.743825
8.765525
8.83175
8.834775
8.842275
8.853525
8.9839
9.037975
9.2022
9.271725
9.510875
9.6003
9.724175
9.977275
178
