0.177875
0.25315
0.35185
0.356125
0.3984
0.50735
0.5181
0.5211
0.524775
0.5479
0.55095
0.5542
0.559525
0.569125
0.570325
0.5708
0.57245
0.5747
0.585625
0.6058
0.60835
0.609025
0.612375
0.631
0.631125
0.6496
0.670075
0.7
0.753375
0.76695
0.77615
0.78395
0.793525
0.80675
0.840975
0.848275
0.884975
0.916225
0.9189
0.948775
0.95205
0.998775
1.024225
1.0438
1.06805
1.07695
1.083
1.094025
1.09555
1.097275
1.1197
1.1212
1.16955
1.17205
1.181925
1.24385
1.244475
1.248075
1.26825
1.32445
1.3666
1.38245
1.423425
1.508525
1.511
1.541
1.572375
1.575725
1.5951
1.6356
1.689425
1.744275
1.800225
1.865475
1.87225
1.944875
2.022925
2.04965
2.069975
2.120375
2.142925
2.1474
2.191025
2.21415
2.216525
2.220025
2.242825
2.24675
2.34605
2.383925
2.4125
2.451175
2.868025
2.87875
2.90305
3.07755
3.256075
3.504275
3.586175
3.615525
3.7236
3.77425
3.954475
4.004175
4.006575
4.1311
4.316975
4.58585
4.680475
4.746975
4.9195
4.98195
5.06615
5.19315
5.447425
5.4594
5.513175
5.605
5.68255
5.86605
5.91245
5.975125
5.98595
6.08535
6.16555
6.1736
6.240125
6.260125
6.3489
6.378175
6.41315
6.761575
6.809125
6.814475
6.82495
7.03705
7.0729
7.1271
7.12925
7.159775
7.2784
7.546825
7.721475
7.77575
7.9615
7.986275
7.991
8.080025
8.18855
8.38495
8.487775
8.590025
8.60585
8.6129
8.803125
8.813475
8.830925
8.84885
8.864075
8.90525
8.943375
8.97905
8.979125
8.998775
9.02835
9.057175
9.263075
9.275675
9.357125
9.3964
9.400475
9.434125
9.538
9.575375
9.60855
9.644825
9.719425
9.8059
9.87285
179
