0.0209
0.136125
0.1758
0.187475
0.2471
0.309475
0.493125
0.5028
0.503
0.508925
0.51625
0.5165
0.526975
0.534075
0.5367
0.53995
0.54305
0.55465
0.57115
0.575575
0.591025
0.591825
0.622375
0.6329
0.634725
0.64515
0.655525
0.65565
0.662975
0.667575
0.669475
0.67095
0.6748
0.686875
0.688375
0.72005
0.75425
0.755625
0.80845
0.827275
0.8325
0.849675
0.85205
0.863825
0.889575
0.900225
0.900275
0.902325
0.91295
0.9382
0.9439
0.950525
0.962375
0.975
0.981075
0.99685
1.0376
1.0802
1.120775
1.1217
1.12975
1.14225
1.146125
1.150525
1.165325
1.21335
1.2373
1.247175
1.27125
1.27225
1.2926
1.30435
1.39125
1.42895
1.453875
1.4594
1.46555
1.48475
1.495325
1.503625
1.511975
1.5615
1.5632
1.599475
1.6262
1.651825
1.7715
1.796175
1.8861
1.918925
1.9537
2.07445
2.0946
2.109675
2.12385
2.13065
2.22605
2.2264
2.361125
2.468725
2.485325
2.503775
2.5078
2.545825
2.5862
2.622425
2.644925
2.663075
2.6872
2.783375
2.8001
2.839
2.878475
2.9399
2.9471
2.9852
3.019125
3.025425
3.048175
3.057275
3.144125
3.6895
3.7058
3.7206
3.826925
3.827675
3.861225
3.876925
3.98305
4.0114
4.01195
4.044325
4.199575
4.336525
4.36215
4.370275
4.379475
4.479675
4.50465
4.615675
4.63765
4.6709
4.6875
4.7111
4.831975
4.850625
4.946175
4.94765
5.105625
5.10815
5.2085
5.21535
5.31195
5.38465
5.446325
5.472225
5.570475
5.572375
5.7001
5.7072
5.71325
6.011875
6.0307
6.0645
6.082425
6.09645
6.11755
6.143475
6.1491
6.26715
6.313875
6.370275
6.485825
6.493275
6.692775
6.711325
6.8626
6.894925
7.0199
7.035
7.27215
7.346975
7.448025
7.45485
7.5744
7.776525
7.890075
7.909625
8.030775
8.033475
8.061525
8.21565
8.264525
8.270875
8.3448
8.377275
8.3919
8.55355
8.687375
8.69685
8.7127
8.736625
8.803425
8.885025
8.892875
8.9501
8.9536
9.0015
9.037375
9.053775
9.162325
9.2589
9.629625
9.7296
9.818175
9.903175
9.90915
217
