0.431175
0.502025
0.509775
0.521825
0.5253
0.525525
0.544675
0.564375
0.58435
0.6049
0.61295
0.616575
0.6204
0.62225
0.6229
0.626475
0.633625
0.637875
0.650175
0.65495
0.6621
0.6694
0.670575
0.6726
0.6791
0.68945
0.6978
0.70385
0.706725
0.713025
0.728025
0.76
0.784525
0.785025
0.8013
0.81745
0.8198
0.83555
0.8512
0.87755
0.88395
0.909825
0.911975
0.928425
0.95665
0.983925
1.017075
1.03405
1.057775
1.065425
1.0891
1.09785
1.104475
1.113325
1.22215
1.24955
1.2701
1.278775
1.2932
1.351525
1.415025
1.4344
1.4691
1.475225
1.47975
1.545825
1.622
1.6635
1.735825
1.8023
1.81195
1.8666
1.913275
1.9739
2.054225
2.075
2.08035
2.240025
2.243075
2.259925
2.513625
2.538225
2.55145
2.553575
2.636725
2.680225
2.690975
2.719525
2.887025
2.941625
3.1318
3.20365
3.2112
3.276325
3.286625
3.36475
3.409825
3.412125
3.446025
3.626
3.6401
3.85695
3.978725
4.00665
4.037175
4.15905
4.3174
4.389325
4.47185
4.500725
4.5698
4.583875
4.63065
4.92345
5.083325
5.466725
5.552725
5.55405
5.577825
5.590825
5.665175
5.70285
5.815775
5.832225
5.905675
5.9424
5.942425
6.028975
6.039175
6.106875
6.17975
6.22175
6.3522
6.354325
6.360075
6.48655
6.555625
6.650225
6.663825
6.845125
6.85105
6.928375
7.084375
7.0997
7.1968
7.306675
7.33175
7.360875
7.411125
7.4448
7.522275
7.62205
7.641325
7.7801
7.7847
7.840125
7.8697
7.980975
8.163475
8.276475
8.399325
8.5944
8.6306
8.6471
8.69835
8.7258
8.741375
8.746075
8.749975
8.780225
8.811725
8.836525
8.929375
9.0274
9.1561
9.158125
9.200375
9.30765
9.4957
9.5152
9.52695
9.528225
9.540525
9.544725
9.674675
9.71235
9.767175
9.7801
9.808875
9.853525
9.866625
9.87745
9.945575
193
