0.058375
0.101775
0.15765
0.1732
0.2712
0.27805
0.2898
0.517675
0.525025
0.527
0.528675
0.55525
0.564
0.584825
0.59735
0.604175
0.616975
0.6178
0.631125
0.6378
0.67255
0.691175
0.724425
0.736825
0.753425
0.76395
0.7976
0.876175
0.914525
0.9149
0.931925
0.94265
0.96175
1.004825
1.007925
1.027475
1.0668
1.1054
1.144675
1.1518
1.191525
1.19235
1.3598
1.38905
1.422225
1.447575
1.50715
1.52655
1.540075
1.556175
1.57735
1.6884
1.7337
1.735425
1.791225
1.7923
1.81635
1.827125
1.8651
1.919775
1.939125
1.952125
1.96505
2.05435
2.059175
2.075075
2.18555
2.228675
2.335375
2.4076
2.416025
2.448025
2.477475
2.51895
2.521625
2.532225
2.555525
2.5791
2.59255
2.624025
2.671975
2.7055
2.854925
2.8571
2.9369
2.95755
3.0152
3.058575
3.10225
3.143025
3.1924
3.210525
3.272725
3.35755
3.425125
3.471125
3.492825
3.571125
3.59805
3.626375
3.661875
3.724575
3.761875
3.8317
3.8434
3.882825
3.911525
3.965175
4.0119
4.02895
4.049925
4.05825
4.130375
4.194075
4.4813
4.587075
4.595325
4.716425
4.7321
4.7656
4.948825
4.952975
4.975825
4.9791
4.9933
5.1184
5.379025
5.444175
5.6795
5.787875
5.7886
5.841625
6.1272
6.12915
6.239175
6.25015
6.29615
6.357325
6.6296
6.657025
6.66145
6.791575
6.803875
6.952825
6.96035
6.96785
7.06755
7.177225
7.2367
7.351925
7.3675
7.44315
7.4656
7.516375
7.635275
7.881425
7.88955
8.077575
8.11425
8.385375
8.38815
8.40205
8.4925
8.540775
8.555425
9.035
9.22085
9.317175
9.327475
9.575825
9.746875
9.77215
172
