0.12995
0.159
0.21695
0.224525
0.25325
0.26125
0.298225
0.350475
0.5007
0.50205
0.515675
0.516925
0.517525
0.519675
0.52735
0.5451
0.5577
0.584875
0.601725
0.6023
0.612425
0.619075
0.629425
0.6326
0.634325
0.656025
0.665175
0.665925
0.673025
0.6731
0.6782
0.69985
0.713525
0.7221
0.73565
0.759275
0.76595
0.7803
0.786075
0.7962
0.80715
0.8208
0.8354
0.869875
0.88055
0.9052
0.937
0.95515
1.0026
1.007625
1.061325
1.0627
1.0842
1.098275
1.104225
1.112275
1.134275
1.1489
1.1693
1.192325
1.252125
1.262
1.270925
1.434775
1.435125
1.45905
1.464925
1.470125
1.513275
1.536475
1.56735
1.569525
1.5712
1.586
1.5889
1.6441
1.6939
1.852125
1.872375
1.885375
1.891375
1.982875
2.076525
2.100975
2.13505
2.262
2.30845
2.3173
2.473075
2.48145
2.508175
2.529475
2.532175
2.536725
2.574675
2.6222
2.654375
2.7974
2.804775
2.80765
2.82625
2.8892
2.910175
2.946275
2.960725
2.96605
3.026475
3.043375
3.133675
3.15745
3.18485
3.2076
3.339875
3.49635
3.535325
3.59925
3.632725
3.63715
3.675575
3.783275
3.8687
3.8892
3.904425
3.9118
3.92535
4.010175
4.0531
4.05675
4.090825
4.123775
4.13715
4.148825
4.183725
4.270575
4.296375
4.32045
4.388875
4.397175
4.4197
4.4854
4.7229
4.77855
4.788
4.798825
4.8514
4.907525
5.03575
5.1052
5.105375
5.277775
5.34015
5.36225
5.463825
5.469875
5.495375
5.519675
5.637125
5.645675
5.770425
5.774425
5.924525
5.97485
5.998575
6.002425
6.007975
6.03105
6.0801
6.17525
6.19855
6.285825
6.394725
6.397125
6.54155
6.5533
6.628575
6.838275
6.886975
6.990025
7.015875
7.205225
7.23795
7.338025
7.340225
7.436125
7.4434
7.534875
7.705875
7.78545
7.830275
7.8372
7.862475
8.073375
8.077275
8.108925
8.2171
8.221375
8.23655
8.238625
8.472275
8.508975
8.799925
8.8106
8.84645
8.867775
8.8897
9.060925
9.215025
9.22135
9.280725
9.5176
9.520875
9.6855
9.796175
9.820275
214
