0.12105
0.2576
0.3162
0.390825
0.477175
0.4933
0.5001
0.52125
0.528275
0.5396
0.543675
0.553575
0.558775
0.564925
0.572725
0.5732
0.602325
0.60425
0.60775
0.610625
0.618
0.62555
0.62675
0.6277
0.6348
0.63525
0.6485
0.656925
0.686925
0.70365
0.73615
0.740825
0.741
0.756875
0.792525
0.82225
0.8236
0.8573
0.86735
0.9027
0.912975
0.921875
0.93035
0.97965
0.98365
0.984325
0.993275
1.027175
1.0799
1.081575
1.096225
1.101725
1.11115
1.18155
1.211975
1.263475
1.26445
1.296625
1.32815
1.39275
1.399475
1.455225
1.4639
1.475275
1.486025
1.48765
1.501025
1.5316
1.6081
1.6743
1.7045
1.742175
1.870125
1.916975
1.92015
1.930175
2.007575
2.1622
2.3113
2.336975
2.380325
2.4139
2.4742
2.5784
2.5878
2.59465
2.78075
2.798225
2.8776
2.905925
2.9253
2.955075
3.019025
3.029775
3.0431
3.052975
3.076425
3.14705
3.40625
3.429125
3.4552
3.4572
3.589775
3.597525
3.610775
3.619675
3.61995
3.631425
3.7404
3.8066
3.831075
3.9041
3.90665
3.906975
4.149075
4.17475
4.194725
4.28195
4.32985
4.401975
4.588625
4.6398
4.666725
4.692475
4.7024
4.730075
4.8003
4.825825
4.858775
4.924175
4.92655
4.993375
5.047
5.07715
5.359375
5.4996
5.52625
5.545025
5.560125
5.606325
5.67635
5.857025
5.895575
5.938475
6.00765
6.019025
6.658325
6.679975
6.68875
6.76165
6.785675
6.8748
6.9035
6.920725
6.9792
7.015825
7.02185
7.034125
7.1614
7.468525
7.472625
7.6036
7.782
7.8196
7.8666
7.900975
8.124875
8.176825
8.2985
8.361875
8.39645
8.414
8.414675
8.4203
8.44775
8.562425
8.78345
8.792275
8.793375
8.844225
8.95295
8.967575
8.984125
9.072675
9.1411
9.3188
9.510975
9.6629
9.6756
9.72145
9.954525
9.9552
9.996375
193
