0.012825
0.1708
0.31655
0.354225
0.4821
0.502975
0.509625
0.5143
0.5212
0.5227
0.5299
0.533825
0.55855
0.584975
0.612875
0.616675
0.61935
0.6402
0.642375
0.64765
0.665025
0.6899
0.701875
0.702375
0.705425
0.7329
0.737125
0.750425
0.7524
0.77595
0.781575
0.803075
0.818425
0.8345
0.851625
0.87595
0.918
0.92025
0.94595
0.94755
0.9567
0.987225
1.00805
1.014575
1.05925
1.061125
1.079125
1.165925
1.215925
1.274175
1.285175
1.29695
1.298325
1.302225
1.349725
1.371775
1.376375
1.384625
1.385475
1.53655
1.6188
1.69655
1.815775
1.877225
1.9964
2.02755
2.0592
2.100325
2.145975
2.1767
2.19015
2.2204
2.2761
2.295375
2.3223
2.434475
2.4594
2.477625
2.50935
2.52115
2.522275
2.533575
2.589475
2.61915
2.6628
2.6719
2.8096
2.849425
2.877975
3.0961
3.109825
3.18975
3.1959
3.32615
3.348675
3.355675
3.359125
3.37225
3.41885
3.4227
3.4409
3.46095
3.49575
3.551675
3.560025
3.5873
3.6533
3.673075
3.721
3.7874
4.064075
4.096175
4.265525
4.39665
4.58735
4.63195
4.65045
4.7958
4.80445
5.088825
5.18125
5.218675
5.241925
5.3356
5.351275
5.4802
5.533825
5.5454
5.5536
5.558025
5.6112
5.65215
5.6945
5.755825
5.7689
5.9484
6.09075
6.1519
6.164475
6.246475
6.354775
6.4079
6.41445
6.418325
6.519625
6.57185
6.572725
6.580825
6.637575
6.692375
6.88235
6.910225
6.9416
7.06635
7.2469
7.288225
7.37955
7.402275
7.6357
7.79245
7.927475
8.03805
8.20865
8.233175
8.257575
8.348
8.3664
8.375275
8.390075
8.76775
8.9432
8.99325
9.0718
9.30855
9.43525
9.440475
9.468775
9.7873
9.8146
9.83595
9.955775
181
