0.0347
0.3381
0.346275
0.50675
0.516675
0.51765
0.53225
0.536925
0.536975
0.538
0.542975
0.549125
0.55795
0.5672
0.573
0.5755
0.575825
0.582
0.584575
0.585225
0.593275
0.60735
0.6134
0.65095
0.652225
0.65455
0.678
0.684925
0.6967
0.72705
0.74165
0.75445
0.756125
0.7592
0.76065
0.76235
0.7767
0.77995
0.826875
0.8474
0.854175
0.931025
0.94445
0.95565
1.006525
1.023425
1.026425
1.0585
1.0652
1.069975
1.1063
1.12135
1.1231
1.1284
1.135875
1.164525
1.24505
1.2812
1.372275
1.37255
1.381475
1.39625
1.423175
1.5998
1.6487
1.842325
1.873625
1.9179
1.974175
1.9745
1.977775
2.029525
2.041325
2.073025
2.106525
2.107275
2.1603
2.247875
2.2789
2.3646
2.376725
2.410425
2.42225
2.431325
2.50565
2.5979
2.6509
2.7253
2.774225
2.77785
2.87965
2.923625
2.965725
2.9955
3.06035
3.188925
3.191975
3.192475
3.193925
3.3235
3.328375
3.3477
3.376825
3.430475
3.521175
3.563375
3.600025
3.610325
3.771975
3.79615
3.798375
3.8102
3.84105
3.98315
4.090325
4.175825
4.1862
4.316825
4.3858
4.439125
4.464325
4.48315
4.497925
4.568175
4.605
4.663425
4.821525
4.92425
5.096475
5.2964
5.330175
5.372925
5.4001
5.404675
5.435475
5.459075
5.4594
5.620975
5.708625
6.003
6.019125
6.063225
6.08705
6.1256
6.1754
6.18515
6.251525
6.256175
6.283975
6.373275
6.412675
6.509425
6.511
6.622825
6.87005
6.940825
7.0398
7.05065
7.09785
7.205825
7.340375
7.4041
7.40805
7.50105
7.58315
7.691825
7.70895
7.835225
7.835825
7.842175
7.85755
7.919425
7.95225
8.005
8.30615
8.309725
8.368575
8.3804
8.500925
8.532925
8.620425
8.693125
8.753
9.26225
9.3333
9.393125
9.442475
9.7455
9.7909
9.79535
9.8986
9.98835
192
