0.0601
0.1226
0.410875
0.437925
0.4727
0.479625
0.500125
0.5217
0.529575
0.5366
0.546925
0.548125
0.558225
0.572875
0.5747
0.581
0.60135
0.62805
0.6456
0.646225
0.65625
0.663625
0.74415
0.753575
0.7547
0.755825
0.76575
0.77775
0.791525
0.799625
0.80845
0.809375
0.8197
0.825
0.827375
0.870875
0.87335
0.883
0.8879
0.916225
0.9784
0.99545
1.0185
1.05065
1.098275
1.10005
1.1008
1.108525
1.114375
1.1595
1.1672
1.1767
1.1801
1.245425
1.2696
1.281325
1.28295
1.28805
1.30035
1.3097
1.323775
1.326375
1.330475
1.3787
1.380775
1.3981
1.44885
1.469475
1.522625
1.525025
1.572
1.57625
1.5775
1.58335
1.60775
1.610375
1.61225
1.6223
1.77825
1.786225
1.859575
2.0355
2.03605
2.0657
2.089925
2.1142
2.14375
2.14865
2.273325
2.278025
2.41675
2.497675
2.500275
2.500375
2.526475
2.5687
2.607125
2.67475
2.7597
2.7952
2.84355
2.881575
3.012675
3.018025
3.11905
3.18275
3.20865
3.2298
3.2304
3.358825
3.362375
3.366075
3.383175
3.404125
3.448775
3.45445
3.471925
3.50145
3.5113
3.5139
3.53775
3.5619
3.691675
3.73195
3.862025
4.078725
4.110975
4.325875
4.337325
4.371825
4.378475
4.389275
4.469325
4.485525
4.7133
4.801425
4.8632
4.9905
5.032475
5.1034
5.114175
5.1433
5.180275
5.274275
5.279075
5.3048
5.550775
5.70775
5.737375
5.94075
5.9797
6.1397
6.147375
6.363775
6.452375
6.5428
6.546125
6.7659
6.796325
6.88735
7.056675
7.225125
7.245475
7.261275
7.34215
7.458325
7.54905
7.613725
7.7222
7.80055
7.801425
7.8412
8.1843
8.198575
8.2357
8.237625
8.26005
8.383825
8.401325
8.407175
8.45805
8.549
8.5761
8.5958
8.6034
8.677925
8.702425
8.74965
8.78415
8.81505
8.8428
8.8587
8.8841
8.908825
9.022025
9.036
9.1292
9.165225
9.17485
9.3172
9.403625
9.4712
9.6317
9.7952
9.88535
205
