0.032775
0.097675
0.247125
0.328325
0.4931
0.509
0.51255
0.51295
0.516825
0.5169
0.52375
0.527175
0.530325
0.549325
0.568725
0.5759
0.57865
0.582725
0.59085
0.594125
0.604675
0.604825
0.62855
0.646125
0.656675
0.657475
0.664725
0.67825
0.67895
0.705175
0.7105
0.753275
0.755375
0.75845
0.766075
0.76975
0.77765
0.788475
0.79505
0.835825
0.850425
0.854475
0.857875
0.872375
0.8818
0.88575
0.90245
0.919275
0.92805
0.941525
0.950525
0.952525
0.9734
0.990975
1.060375
1.0615
1.089575
1.10345
1.11595
1.18015
1.197225
1.20245
1.214525
1.2576
1.2588
1.348675
1.349
1.3726
1.393375
1.39385
1.417875
1.53575
1.575675
1.62125
1.682675
1.74355
1.751375
1.76785
1.7815
1.805675
1.8413
1.884625
1.908275
1.925425
1.9638
1.97665
1.996925
2.0868
2.092325
2.15315
2.1788
2.1944
2.2339
2.23605
2.27915
2.334
2.536175
2.5469
2.690525
2.6912
2.709875
2.73245
2.776675
2.82645
2.8678
2.90985
2.986525
3.01165
3.02395
3.0305
3.037575
3.04655
3.083775
3.465925
3.47435
3.538675
3.58325
3.8188
3.903275
3.90795
4.113975
4.14515
4.191
4.205825
4.22615
4.271
4.4126
4.43965
4.459675
4.50655
4.524275
4.547625
4.5731
4.660125
4.67915
4.7413
4.817475
4.8573
4.8638
4.95745
4.9582
4.997725
5.3128
5.34975
5.489
5.57445
5.69405
5.769275
5.7697
5.815625
5.89825
5.988075
5.99975
6.06545
6.22625
6.263425
6.286275
6.296725
6.355875
6.38415
6.39315
6.4224
6.52975
6.539625
6.6487
6.739825
6.763625
6.855975
6.9208
6.933
6.95325
7.013375
7.07705
7.12315
7.13035
7.40585
7.6289
7.630575
7.735775
7.869775
7.93365
7.961075
8.15215
8.165625
8.2724
8.3066
8.50775
8.5351
8.60175
8.82915
8.88515
8.9281
8.939825
9.06515
9.20935
9.218075
9.2769
9.334625
9.358
9.44945
9.4636
9.545075
9.5473
9.672775
9.9131
9.9301
206
