0.194775
0.335675
0.392
0.479775
0.50065
0.5039
0.5048
0.512425
0.5177
0.53825
0.540625
0.547925
0.5487
0.575675
0.57965
0.583025
0.597075
0.605075
0.607625
0.6125
0.618575
0.6203
0.620775
0.632075
0.638375
0.674275
0.68025
0.680725
0.6938
0.708375
0.71545
0.716325
0.73445
0.741825
0.7516
0.75375
0.780475
0.781375
0.78925
0.80555
0.8115
0.8148
0.851225
0.875825
0.879875
0.911075
0.914675
0.9217
0.937825
0.98065
0.982225
1.000175
1.032275
1.10675
1.108075
1.110575
1.146325
1.1474
1.21235
1.218175
1.222475
1.22405
1.2327
1.270875
1.27585
1.3081
1.332725
1.356825
1.42105
1.441875
1.443325
1.47715
1.47955
1.5114
1.5326
1.569725
1.595925
1.782725
1.830175
1.8524
1.890175
1.891925
1.892575
1.9133
1.928725
1.930975
1.9775
1.9812
1.990525
1.993975
2.00185
2.023025
2.115025
2.1342
2.230225
2.32125
2.33975
2.474725
2.571125
2.594325
2.596475
2.767725
2.772625
2.80425
2.8205
2.838325
2.864675
2.877
2.9074
2.91965
2.92545
2.928875
2.9368
2.972625
3.031375
3.03695
3.0672
3.11045
3.13985
3.44795
3.466375
3.5614
3.569425
3.62385
3.631825
3.663125
3.705
3.797775
3.84435
3.877575
3.888325
3.978025
4.018175
4.055975
4.07395
4.101525
4.116875
4.118625
4.2045
4.216025
4.280475
4.318825
4.32
4.4161
4.459175
4.497575
4.680325
4.8786
4.921225
4.95265
4.95855
4.987975
5.03025
5.159775
5.194775
5.340725
5.48055
5.5152
5.64815
5.7066
5.720775
5.739925
5.75385
5.82775
5.842675
5.856275
5.94885
6.5263
6.55325
6.624775
6.657525
6.7237
6.76445
6.92605
6.98985
7.012325
7.03335
7.24935
7.3066
7.4608
7.547375
7.55605
7.624375
7.75935
7.8322
7.931425
7.974325
8.0937
8.128375
8.18555
8.2766
8.42405
8.463275
8.5131
8.58055
8.669825
8.76585
8.848375
8.92405
9.269825
9.323525
9.3321
9.346375
9.48375
9.605875
9.709075
9.717425
9.74475
9.76845
9.8814
9.902175
9.91135
212
