0.0305
0.2771
0.42365
0.519225
0.526925
0.53285
0.5469
0.55525
0.569625
0.5872
0.593175
0.59355
0.5961
0.60465
0.6059
0.6122
0.6222
0.625175
0.629025
0.62965
0.631125
0.63445
0.6995
0.7434
0.7693
0.780525
0.791
0.803125
0.81065
0.82015
0.82315
0.855625
0.8724
0.894675
0.895975
0.92195
0.925175
0.9404
0.944425
0.94655
0.947
0.9815
0.99325
1.01805
1.0194
1.06385
1.07695
1.0775
1.081525
1.1602
1.160325
1.1839
1.189025
1.205275
1.2295
1.29165
1.32345
1.34945
1.3675
1.3825
1.40435
1.4796
1.53735
1.549275
1.561675
1.568025
1.5719
1.58785
1.638775
1.64925
1.760325
1.85645
2.033075
2.07265
2.08875
2.256125
2.30215
2.44785
2.570175
2.67
2.682975
2.697225
2.698425
2.768175
2.794825
2.8686
2.895275
2.918925
2.938325
2.97515
2.988325
2.990175
2.9961
3.05195
3.133125
3.17115
3.2338
3.37575
3.4873
3.5222
3.548125
3.58595
3.6657
3.703925
3.735125
3.76555
3.85065
3.863175
3.865825
3.8849
3.9025
3.9221
3.948
4.005025
4.03865
4.16735
4.171125
4.184775
4.19835
4.245475
4.2542
4.319225
4.411075
4.461325
4.535925
4.578175
4.589975
4.6063
4.608725
4.66025
4.71695
4.82795
4.865475
4.9912
4.9928
5.01975
5.061125
5.13775
5.2252
5.27765
5.3242
5.3817
5.513875
5.5363
5.540875
5.6235
5.7232
5.736475
5.748025
5.762325
5.837725
5.8476
5.90415
5.92225
6.0101
6.07265
6.125875
6.250225
6.27885
6.316325
6.320175
6.335825
6.34745
6.3976
6.45165
6.467875
6.511675
6.51695
6.542675
6.547125
6.625
6.6544
6.721125
6.786125
6.78625
6.847775
6.868125
7.037875
7.05945
7.082325
7.089275
7.209725
7.4091
7.4349
7.47785
7.508825
7.532325
7.59135
8.005625
8.16955
8.2093
8.2325
8.24025
8.29275
8.319375
8.611275
8.680875
8.733625
8.80105
8.8098
8.8456
8.972625
9.179775
9.237025
9.276075
9.520375
9.702925
9.812
9.9948
209
