0.252925
0.301625
0.358075
0.3724
0.38515
0.45
0.50375
0.5152
0.516325
0.51755
0.528625
0.528675
0.530125
0.55575
0.59405
0.609875
0.61475
0.61675
0.618525
0.62085
0.631875
0.635075
0.6366
0.646525
0.651125
0.651825
0.6627
0.663325
0.681975
0.682125
0.6831
0.6866
0.68945
0.6989
0.703025
0.72375
0.72835
0.7467
0.7505
0.760825
0.765125
0.783875
0.7893
0.7946
0.800025
0.804825
0.8345
0.84895
0.892525
0.97745
0.990925
1.003425
1.005975
1.027425
1.038525
1.080275
1.091175
1.125775
1.1442
1.15945
1.19525
1.237125
1.28045
1.2831
1.288125
1.321125
1.44615
1.47505
1.529775
1.572525
1.59155
1.60965
1.7362
1.749975
1.754225
1.77135
1.79115
1.797
1.798775
1.8409
1.8476
1.8915
1.90705
1.915925
1.952175
2.026175
2.082775
2.0918
2.12135
2.124475
2.136125
2.1762
2.2189
2.229675
2.388575
2.430275
2.452275
2.46355
2.495425
2.5289
2.5336
2.5534
2.587225
2.6591
2.660025
2.684025
2.696475
2.818375
3.0284
3.07275
3.095825
3.28785
3.368525
3.416075
3.432325
3.442875
3.4536
3.490425
3.49635
3.555425
3.57865
3.617725
3.691775
3.702375
3.909675
4.055225
4.148425
4.233575
4.2464
4.360275
4.412
4.48345
4.489525
4.5288
4.672625
4.7285
4.739825
4.7793
4.87775
4.9236
4.92845
5.0707
5.08885
5.15155
5.338225
5.37195
5.44145
5.4908
5.51435
5.55505
5.73645
5.791575
5.848825
5.8904
5.893125
6.003325
6.0678
6.157
6.2063
6.29315
6.42435
6.440425
6.446325
6.561825
6.564275
6.657425
6.702825
6.708775
6.8628
6.924475
6.95555
7.0767
7.11355
7.12025
7.144
7.16425
7.372175
7.42965
7.4724
7.485425
7.714725
7.940325
8.1972
8.266775
8.278025
8.682
8.74885
8.9042
8.955025
9.05205
9.153625
9.2036
9.3835
9.3956
9.557025
9.56305
9.584975
9.6305
9.843475
199
