0.0086
0.119325
0.1277
0.178125
0.23235
0.25305
0.323025
0.5
0.50065
0.5414
0.546025
0.552675
0.559725
0.56955
0.571775
0.572675
0.574775
0.581275
0.584475
0.6178
0.6443
0.64985
0.651725
0.65725
0.659325
0.662975
0.67225
0.703575
0.708625
0.75315
0.771575
0.772425
0.7788
0.788575
0.79215
0.8166
0.82105
0.82145
0.858175
0.85865
0.887675
0.89475
0.9079
0.923125
0.9282
0.942025
0.94575
0.9551
0.962125
0.966275
0.98125
0.989425
1.0013
1.00155
1.018225
1.020225
1.024225
1.04385
1.04675
1.051425
1.0608
1.065025
1.083825
1.107
1.1171
1.13715
1.1376
1.1445
1.1607
1.29205
1.302825
1.332075
1.377725
1.410425
1.493575
1.4954
1.520475
1.535825
1.566725
1.5796
1.6308
1.641725
1.7347
1.79495
1.8168
1.817175
1.8283
1.869875
1.92135
1.97735
1.9837
1.98995
2.025875
2.1177
2.12675
2.148075
2.1582
2.2393
2.451575
2.491275
2.5119
2.723275
2.727125
2.754375
2.8517
2.86885
2.90195
2.9081
3.01865
3.065175
3.139825
3.1611
3.24795
3.2787
3.2904
3.340625
3.37245
3.4
3.647925
3.810925
3.880475
3.9507
3.95805
3.9884
4.041325
4.10905
4.11005
4.17225
4.233425
4.2683
4.2986
4.385325
4.461775
4.72975
4.794725
4.820525
4.824675
4.829125
4.912375
4.95045
4.952775
5.10205
5.16455
5.16615
5.54155
5.542775
5.551325
5.572675
5.576625
5.76425
5.926075
5.931325
5.9921
6.420525
6.42185
6.536675
6.632825
6.646125
6.652875
6.72555
6.8645
6.990675
7.118675
7.123775
7.134125
7.337075
7.373725
7.3898
7.409625
7.428575
7.581625
7.944675
8.050725
8.052275
8.16345
8.185275
8.28105
8.42185
8.561375
8.564975
8.6387
9.049425
9.072325
9.168675
9.177325
9.202075
9.270825
9.36545
9.382875
9.390875
9.446825
9.489775
9.49625
9.73165
9.9432
195
