0.196125
0.20145
0.2111
0.275925
0.4048
0.419175
0.479725
0.498
0.5047
0.506575
0.513075
0.521325
0.535625
0.5387
0.555825
0.559925
0.559975
0.57375
0.58595
0.59525
0.631225
0.63495
0.64275
0.64695
0.647525
0.657725
0.67085
0.68155
0.68795
0.6882
0.692675
0.71655
0.7198
0.723525
0.7243
0.732475
0.734775
0.7505
0.75715
0.77085
0.777525
0.778875
0.787
0.795925
0.800925
0.805325
0.818175
0.820275
0.832025
0.848025
0.88165
0.9067
0.927025
0.94445
0.9913
1.040375
1.05495
1.094525
1.0973
1.105475
1.1402
1.141925
1.16635
1.185675
1.2072
1.21085
1.351425
1.381525
1.38525
1.43805
1.5628
1.6158
1.671675
1.7013
1.7986
1.8203
1.92045
1.99235
2.08475
2.08645
2.199175
2.269125
2.3208
2.3647
2.433275
2.449625
2.47405
2.549425
2.558375
2.578325
2.741875
2.789325
2.891175
2.898825
2.928275
2.993775
3.06425
3.06915
3.104125
3.122425
3.151175
3.22055
3.221625
3.369225
3.36925
3.39175
3.392325
3.416775
3.461825
3.5308
3.585625
3.625625
3.651225
3.682225
3.691725
3.70325
3.806775
3.86825
3.905575
3.912
3.951725
3.968575
4.0064
4.00725
4.01085
4.03205
4.13545
4.1652
4.179575
4.29875
4.31215
4.3642
4.39275
4.470225
4.68095
4.687725
4.821175
4.852725
5.01925
5.078825
5.11015
5.17915
5.25625
5.372775
5.477325
5.57685
5.65335
5.699625
5.8448
5.879525
5.945975
5.978175
6.117175
6.176475
6.1825
6.185625
6.196675
6.22525
6.273375
6.37655
6.421075
6.421425
6.707
7.159225
7.220825
7.243075
7.247875
7.28475
7.310575
7.402425
7.4113
7.751775
7.915475
7.980275
8.011425
8.119525
8.178675
8.426175
8.4348
8.5161
8.55545
8.6755
8.725175
8.898325
8.9507
9.1105
9.16525
9.327775
9.447525
9.481
9.671525
9.74235
9.7762
9.917325
9.9512
9.965025
9.977375
197
