0.124775
0.15365
0.227475
0.251675
0.304625
0.332575
0.346575
0.46545
0.50525
0.50945
0.511775
0.5292
0.5315
0.5356
0.538725
0.547975
0.548175
0.548325
0.5562
0.5729
0.595675
0.614975
0.618975
0.619675
0.6208
0.63135
0.632225
0.63805
0.671575
0.6724
0.711475
0.71205
0.722175
0.7254
0.725525
0.726375
0.73895
0.74685
0.75185
0.764525
0.7787
0.78505
0.78755
0.816275
0.8312
0.838275
0.841275
0.848875
0.85005
0.854875
0.88765
0.8898
0.8995
0.94325
0.956075
0.971775
1.0187
1.027075
1.040525
1.063
1.076025
1.087825
1.090075
1.15615
1.168075
1.1832
1.199075
1.26385
1.318725
1.3685
1.41695
1.42175
1.42705
1.561775
1.5708
1.58235
1.5922
1.6644
1.729675
1.764825
1.773825
1.790525
1.800475
1.828875
1.89765
1.912975
1.9152
2.004575
2.026475
2.031075
2.0775
2.123725
2.12605
2.1444
2.15275
2.166325
2.20375
2.346475
2.3551
2.35535
2.37095
2.494875
2.538625
2.643175
2.706
2.739975
2.749075
2.7678
2.780775
3.10635
3.1143
3.15065
3.2157
3.353425
3.473425
3.5438
3.5604
3.574925
3.589175
3.618025
3.620875
3.685825
3.77185
3.965625
3.996225
4.05405
4.2649
4.29025
4.388425
4.39715
4.4021
4.44175
4.501925
4.526875
4.552625
4.636075
4.65945
4.707975
4.71335
4.838025
4.887625
5.00975
5.04975
5.064175
5.104025
5.188675
5.19665
5.2281
5.354125
5.40985
5.413125
5.45825
5.5655
5.6252
5.632225
5.7487
5.7663
5.7705
5.82235
5.82625
5.843325
5.867275
5.889675
5.92775
5.988875
6.011225
6.105975
6.1909
6.309725
6.322225
6.3521
6.43325
6.446875
6.687175
6.71895
6.724375
6.8025
6.838575
7.047525
7.286025
7.376625
7.483625
7.6224
7.7723
7.77775
7.88095
7.988175
8.0469
8.060975
8.11455
8.1501
8.19935
8.2393
8.241125
8.247075
8.302825
8.321725
8.422975
8.439075
8.454
8.483625
8.949975
9.03165
9.037975
9.14515
9.200225
9.34555
9.474975
9.540825
9.6618
9.6662
9.756625
9.96255
213
