0.188325
0.230975
0.302425
0.35175
0.515175
0.525375
0.528125
0.543175
0.552475
0.5528
0.5551
0.5571
0.5661
0.5815
0.587125
0.5933
0.5964
0.599775
0.601875
0.603425
0.612225
0.6359
0.66575
0.666175
0.69075
0.701075
0.7103
0.747675
0.756825
0.7638
0.77825
0.796975
0.799375
0.8
0.8269
0.852825
0.8589
0.866375
0.87935
0.88715
0.932525
0.938075
0.961375
0.964625
1.01435
1.042975
1.04335
1.044725
1.076975
1.121725
1.1378
1.141025
1.160125
1.183275
1.23345
1.239475
1.252725
1.291075
1.324875
1.391275
1.3972
1.421025
1.48275
1.484475
1.50365
1.591325
1.61665
1.638825
1.651075
1.72925
1.772825
1.801675
1.809825
1.828225
1.8459
1.859775
1.88545
1.9033
1.909925
1.930375
1.93235
1.9731
2.0191
2.04175
2.06035
2.1408
2.1802
2.181875
2.31085
2.318525
2.324375
2.364
2.457375
2.586775
2.673675
2.70835
2.71475
2.75615
2.773575
2.827725
2.837225
2.84505
3.0569
3.1412
3.371325
3.5174
3.532025
3.539575
3.603325
3.6078
3.661225
3.706075
3.7254
3.852825
4.006225
4.11415
4.194125
4.278
4.33115
4.375225
4.38215
4.4911
4.599825
4.80305
4.830175
4.872225
4.92955
4.9312
4.984
4.9903
5.1344
5.1621
5.185725
5.214825
5.222725
5.24265
5.286275
5.341675
5.659775
5.72305
5.725725
5.78215
5.79275
5.97105
6.08045
6.139
6.186875
6.22325
6.26585
6.2672
6.333525
6.4178
6.669
6.7002
6.722975
6.772725
6.86695
6.943
6.947275
6.953825
6.959075
7.026575
7.23905
7.28965
7.323675
7.400775
7.4523
7.602825
7.72785
8.07745
8.2473
8.4402
8.468375
8.51465
8.6238
8.92115
8.957225
9.013075
9.122875
9.140275
9.1715
9.327075
9.4342
9.473175
9.81
9.991825
9.9934
187
