0.065775
0.130975
0.170025
0.3628
0.363175
0.388975
0.403075
0.408625
0.506875
0.5211
0.545525
0.54815
0.553925
0.564475
0.64135
0.660075
0.66285
0.672125
0.67875
0.705725
0.7365
0.7429
0.75285
0.758875
0.788225
0.791975
0.802675
0.802925
0.80365
0.843775
0.848825
0.8582
0.862775
0.863725
0.88625
0.88915
0.895625
0.90295
0.9056
0.916325
1.00495
1.03355
1.040375
1.04755
1.107875
1.13155
1.1461
1.156175
1.159875
1.202925
1.254875
1.2912
1.292975
1.37735
1.416225
1.455775
1.568025
1.59245
1.6612
1.6744
1.679525
1.7059
1.724125
1.754125
1.7681
1.783175
1.841625
1.887575
1.944675
2.0061
2.028825
2.05825
2.14355
2.2468
2.2915
2.352925
2.491275
2.527825
2.5491
2.621575
2.624275
2.646975
2.75675
2.776175
2.785625
2.880325
2.88695
2.986375
3.05315
3.233125
3.237375
3.41275
3.419225
3.47725
3.489175
3.496725
3.542175
3.68125
3.704975
3.799225
3.801725
3.825275
3.8284
3.875375
4.10675
4.1601
4.2242
4.263725
4.26715
4.27735
4.280675
4.32905
4.333125
4.35695
4.38635
4.539875
4.57775
4.586775
4.619925
4.6634
4.696675
4.759625
4.776325
4.78845
4.836325
4.872175
4.890975
4.9202
4.9513
4.97815
5.00865
5.0533
5.059875
5.272825
5.296025
5.332325
5.356775
5.43615
5.440075
5.517025
5.5409
5.611575
5.619325
5.731575
5.73965
5.818075
5.884775
5.91895
6.1227
6.175075
6.3492
6.560825
6.614175
6.70355
6.709975
6.84105
6.896025
7.091325
7.1034
7.188575
7.256075
7.29975
7.3185
7.351625
7.362675
7.4219
7.500575
7.5403
7.571975
7.6334
7.711425
7.7414
7.74525
7.79095
7.802675
7.827375
7.917225
7.965275
8.1454
8.1498
8.15835
8.24115
8.584725
8.7309
8.91535
9.119625
9.236825
9.421075
9.46605
9.48875
9.5889
9.747925
9.82195
193
