0.077575
0.0942
0.283925
0.311075
0.330925
0.514275
0.51525
0.527725
0.52925
0.5324
0.535425
0.57205
0.573475
0.57635
0.587975
0.588575
0.58915
0.6032
0.609
0.626225
0.6477
0.665625
0.676025
0.676975
0.681
0.681275
0.6851
0.692325
0.716375
0.752125
0.7884
0.828225
0.93995
0.969125
0.981525
0.998325
1.005075
1.006375
1.021325
1.092275
1.1224
1.138075
1.1456
1.178325
1.18715
1.202175
1.260925
1.267275
1.33325
1.3728
1.382275
1.426975
1.443075
1.46255
1.485975
1.51915
1.550825
1.5795
1.648425
1.6619
1.66465
1.685025
1.736275
1.7883
1.8297
1.9384
1.954225
1.975775
2.007025
2.01255
2.03955
2.04895
2.113175
2.13085
2.179575
2.206125
2.3168
2.368075
2.433825
2.477775
2.56075
2.735675
2.761775
2.82935
2.86675
2.94895
2.959225
3.03065
3.128575
3.22895
3.232425
3.26485
3.3637
3.365875
3.401625
3.529675
3.5433
3.694675
3.74875
3.89235
4.004075
4.0125
4.025475
4.10555
4.1532
4.2368
4.3846
4.39415
4.530575
4.55215
4.5865
4.6832
4.68795
4.75555
4.812425
4.926025
4.955575
5.097625
5.2299
5.25655
5.2888
5.34265
5.347025
5.494925
5.501275
5.509525
5.57425
5.60855
5.80645
5.81095
6.108525
6.10935
6.188275
6.292175
6.3844
6.454975
6.5006
6.532775
6.64885
6.79585
6.915375
7.05305
7.1005
7.18205
7.305225
7.3516
7.5349
7.79355
8.001775
8.04325
8.249625
8.25495
8.265325
8.32405
8.5182
8.56385
8.578375
8.590575
8.619075
8.68255
8.721375
8.744975
8.81135
9.00995
9.0353
9.0832
9.089275
9.110625
9.11545
9.24475
9.2468
9.3115
9.336225
9.33755
9.4405
9.708175
9.77115
9.83905
9.878575
179
