0.0245
0.069375
0.146925
0.251075
0.38565
0.45745
0.51145
0.525925
0.606275
0.609075
0.61245
0.616
0.61975
0.6311
0.641625
0.650375
0.6728
0.677225
0.6832
0.71725
0.735825
0.7489
0.77385
0.79105
0.806
0.817575
0.830625
0.847875
0.8602
0.8651
0.896975
0.9106
1.032925
1.04485
1.08785
1.088375
1.22295
1.240225
1.277625
1.29595
1.30235
1.316325
1.32115
1.3616
1.3935
1.58525
1.6025
1.618225
1.652175
1.655225
1.691925
1.72935
1.780425
1.80815
1.82485
1.83575
1.95415
1.959475
2.005625
2.03185
2.087225
2.09005
2.093025
2.13385
2.170975
2.198125
2.24555
2.287625
2.315075
2.347325
2.360975
2.402125
2.433225
2.5011
2.55615
2.573775
2.589975
2.5944
2.620375
2.6728
2.749875
2.9364
2.960325
3.02655
3.10925
3.132675
3.13745
3.1579
3.17535
3.330575
3.3575
3.35955
3.46035
3.472225
3.5058
3.50805
3.7137
3.737275
4.00295
4.01395
4.062625
4.2409
4.283625
4.4189
4.46125
4.464125
4.513875
4.5779
4.6129
4.693225
4.7451
4.7807
5.007825
5.015025
5.0677
5.109225
5.138175
5.159175
5.2587
5.264825
5.299525
5.308275
5.313775
5.347725
5.363
5.37715
5.38745
5.39285
5.466525
5.498025
5.4992
5.548325
5.810375
5.82875
5.88375
5.9986
6.49905
6.518
6.618075
6.763725
6.84565
6.858175
6.8611
6.912825
6.917775
7.016625
7.04035
7.05795
7.078375
7.245925
7.35195
7.352825
7.481625
7.52755
7.545675
7.63655
7.71315
7.79775
7.884025
7.945875
7.969775
8.1108
8.15675
8.1773
8.264425
8.33465
8.468725
8.534025
8.58785
8.738375
8.767775
8.814625
8.826925
9.05865
9.16535
9.266525
9.281475
9.285125
9.4576
9.47665
9.559925
9.593275
9.6842
9.71505
9.745575
9.82505
9.8549
9.949525
188
