0.06995
0.0958
0.1933
0.34175
0.4042
0.512875
0.51775
0.52175
0.521925
0.545775
0.5546
0.569725
0.5726
0.573775
0.581875
0.5873
0.591675
0.595225
0.613825
0.675825
0.678175
0.679775
0.6809
0.688475
0.71335
0.71855
0.73245
0.7407
0.755025
0.767875
0.813475
0.814625
0.83885
0.846225
0.85405
0.859275
0.862025
0.867025
0.915875
0.934525
0.944775
0.9466
0.946825
0.9496
0.961075
0.980925
1.04025
1.043125
1.068
1.083725
1.093075
1.1015
1.1257
1.12875
1.132075
1.1651
1.165275
1.170225
1.2115
1.21515
1.266875
1.2864
1.29635
1.324675
1.325825
1.3418
1.368425
1.370425
1.4465
1.4496
1.450575
1.490975
1.50125
1.639875
1.652525
1.670575
1.722325
1.8788
1.936
2.03295
2.060825
2.07225
2.07735
2.104125
2.1195
2.140875
2.2363
2.2662
2.297225
2.316775
2.3424
2.348975
2.430925
2.55275
2.57465
2.7266
2.73285
2.74565
2.77825
2.797825
2.801275
2.937425
3.08605
3.184775
3.20285
3.233525
3.30355
3.3224
3.3295
3.369175
3.517975
3.539175
3.5518
3.56015
3.59775
3.675
3.7033
3.771025
3.7814
3.785525
3.814025
3.827825
3.849625
3.8722
3.888525
3.9589
3.980325
4.066475
4.20685
4.273425
4.368725
4.429025
4.459775
4.462575
4.46625
4.481425
4.4862
4.548225
4.5554
4.59185
4.592375
4.595075
4.6206
4.73475
4.938375
5.07865
5.1828
5.26645
5.279125
5.326975
5.3273
5.356825
5.401725
5.421025
5.466925
5.4942
5.58205
5.629225
5.829825
5.86895
6.1096
6.1152
6.14155
6.178475
6.2072
6.227825
6.441275
6.511475
6.61045
6.6908
6.799125
7.279825
7.38385
7.493175
7.544025
7.5679
7.7614
7.8104
7.88525
8.0719
8.158775
8.3613
8.443625
8.469425
8.573425
8.586275
8.61425
8.777175
8.807725
8.84235
8.8773
8.931275
8.943475
8.998925
9.0185
9.052125
9.266375
9.3052
9.50705
9.563375
9.586775
9.642625
9.685275
9.753725
9.82235
9.863675
9.9517
207
