0.08625
0.14015
0.225125
0.23035
0.237925
0.5164
0.51985
0.522725
0.5295
0.552775
0.555425
0.585725
0.591925
0.60285
0.61005
0.647325
0.65595
0.660525
0.6679
0.710775
0.729325
0.733975
0.738275
0.782525
0.856475
0.876375
0.891075
0.895425
0.9036
0.913925
0.9179
1.0004
1.015725
1.028625
1.080325
1.089675
1.099425
1.11665
1.12425
1.147025
1.1507
1.157725
1.172875
1.1826
1.192825
1.19985
1.203025
1.214175
1.265875
1.276125
1.2886
1.297025
1.337025
1.356375
1.3855
1.391125
1.403925
1.4296
1.43
1.439975
1.5072
1.512475
1.52785
1.59365
1.615575
1.646275
1.65055
1.6569
1.726275
1.748375
1.754775
1.779675
1.8122
1.83525
1.91875
2.024425
2.061075
2.107075
2.190025
2.212625
2.2407
2.316875
2.502175
2.520375
2.667675
2.709875
2.7284
2.728625
2.79875
3.009575
3.086125
3.21595
3.21725
3.254525
3.26355
3.2741
3.34465
3.458575
3.491575
3.569875
3.588075
3.5942
3.664575
3.900925
3.97855
3.99705
4.019925
4.138525
4.28435
4.37515
4.532925
4.683425
4.70785
4.761175
4.84005
4.843925
4.876925
4.921375
4.922375
5.071325
5.11985
5.22565
5.4077
5.43405
5.5935
5.629325
5.6322
5.696375
5.6998
5.741975
5.756425
5.776275
5.85615
5.866775
5.99625
6.022075
6.05695
6.065025
6.079625
6.165725
6.18755
6.217875
6.3108
6.324825
6.34095
6.3535
6.373675
6.37505
6.40945
6.44805
6.5029
6.7648
6.77325
6.787075
6.920475
7.010125
7.099675
7.15615
7.205
7.284325
7.35035
7.3975
7.468825
7.493225
7.532175
7.6387
7.745975
7.7804
8.027875
8.1623
8.1854
8.19805
8.301225
8.36005
8.521025
8.6587
8.666725
8.694025
8.719275
8.76
8.7967
8.9765
9.0982
9.19915
9.356325
9.37415
9.42695
9.450225
9.586075
9.709375
9.84915
9.88425
192
