0.14225
0.25385
0.255475
0.325675
0.38085
0.3998
0.504025
0.515225
0.5217
0.52855
0.5322
0.53295
0.548975
0.555575
0.5832
0.585725
0.588275
0.609125
0.609325
0.624175
0.634475
0.63945
0.641175
0.643225
0.657275
0.66995
0.6704
0.67275
0.673175
0.698075
0.700075
0.704075
0.73145
0.733275
0.733775
0.745975
0.751025
0.7562
0.7788
0.793825
0.794225
0.798675
0.8146
0.838925
0.869625
0.8958
0.907
0.91315
0.9189
0.920525
0.96165
0.9624
0.998925
1.03915
1.045875
1.0545
1.10435
1.1556
1.16665
1.17885
1.219825
1.22195
1.22905
1.2419
1.2577
1.2695
1.273
1.335725
1.337175
1.344475
1.34745
1.3556
1.358875
1.40005
1.4186
1.420525
1.44695
1.455525
1.4813
1.5697
1.58575
1.615725
1.71455
1.728225
1.742525
1.857975
1.8789
1.9236
2.054825
2.086875
2.087125
2.253925
2.27375
2.478775
2.4803
2.5422
2.64225
2.6533
2.7208
2.94
2.951375
3.14575
3.175725
3.1853
3.1866
3.233375
3.2447
3.256575
3.467925
3.528125
3.5783
3.6153
3.643325
3.67875
3.7127
3.80395
3.990075
3.9979
4.04915
4.151325
4.152775
4.174775
4.205975
4.252925
4.26265
4.304225
4.349525
4.394
4.612925
4.620575
4.65955
4.6804
4.6971
4.7416
4.976725
5.085225
5.085575
5.091525
5.104575
5.1707
5.3441
5.3608
5.5184
5.521775
5.576325
5.8179
5.83195
5.8389
5.96385
6.055925
6.073325
6.106325
6.119825
6.1348
6.175025
6.2701
6.2885
6.30485
6.376675
6.388625
6.39975
6.4166
6.57975
6.589475
6.594325
6.603675
6.616825
6.6748
6.7134
6.730025
6.840625
6.87345
6.874875
6.9725
6.999725
7.048475
7.084025
7.39485
7.39545
7.415575
7.461675
7.4954
7.536225
7.5762
7.5996
7.91315
7.924575
7.990375
8.018175
8.117375
8.12525
8.165275
8.25895
8.286825
8.436425
8.633275
8.701675
8.71335
8.9818
9.357775
9.673975
9.755525
9.77615
9.84165
204
