0.0424
0.12305
0.228325
0.4832
0.49465
0.5003
0.51725
0.517975
0.518125
0.52495
0.52845
0.531275
0.5469
0.5488
0.5639
0.5912
0.60205
0.604925
0.62215
0.63345
0.63895
0.639625
0.6401
0.651525
0.6637
0.6662
0.679875
0.695975
0.7017
0.73045
0.730625
0.735675
0.73725
0.738
0.7442
0.75485
0.800675
0.813625
0.821425
0.827725
0.849775
0.850275
0.909325
0.9163
0.927175
0.93915
0.956525
0.980375
0.991775
0.992475
0.9933
1.03275
1.056175
1.06365
1.0759
1.0836
1.08495
1.093125
1.093925
1.106775
1.123025
1.13995
1.152575
1.167625
1.19265
1.19695
1.217375
1.237375
1.2577
1.267425
1.326325
1.34245
1.3599
1.368675
1.3789
1.4067
1.427125
1.437275
1.439725
1.440475
1.450225
1.48435
1.5237
1.524525
1.5253
1.526875
1.591575
1.645275
1.647475
1.676775
1.800375
1.813275
1.874825
1.891525
1.90115
1.90375
1.940225
1.966
1.97155
1.991575
2.06005
2.1003
2.11955
2.1379
2.16425
2.16445
2.18475
2.206
2.2613
2.3392
2.48625
2.621575
2.659575
2.76605
2.7734
2.837575
2.865525
2.91325
2.996375
3.134625
3.209725
3.218075
3.22865
3.303075
3.36995
3.375525
3.4328
3.487725
3.583675
3.605275
3.72335
3.7549
3.77865
3.922475
3.9295
4.089
4.168925
4.205125
4.231
4.232275
4.238975
4.3494
4.37385
4.483525
4.55435
4.719725
4.7343
4.7686
4.883075
4.96275
4.984675
5.06395
5.175725
5.2116
5.216625
5.36785
5.472125
5.5344
5.606825
5.80635
5.9384
6.01425
6.147675
6.15275
6.183525
6.268425
6.3649
6.471075
6.6781
6.73905
6.804875
7.27185
7.287075
7.394725
7.438675
7.5144
7.5306
7.539775
7.643325
7.654575
7.7098
7.775275
7.8037
7.827225
7.905625
8.020575
8.16805
8.274025
8.307325
8.49445
8.535375
8.5467
8.578
8.614075
8.83245
8.887775
8.936825
9.2499
9.260425
9.40695
9.509575
9.75245
9.821125
9.884575
9.91285
9.958575
9.962325
207
