0.088275
0.093025
0.094425
0.22655
0.4104
0.521275
0.5273
0.536125
0.558625
0.562325
0.5725
0.5835
0.60205
0.61
0.61515
0.61815
0.62305
0.62605
0.626425
0.668775
0.68115
0.70465
0.721175
0.736325
0.74675
0.74745
0.7701
0.7777
0.784075
0.790625
0.796875
0.85235
0.8659
0.866375
0.871975
0.884325
0.890725
0.9068
0.92855
0.967575
0.971325
0.977425
1.01225
1.016825
1.03775
1.08855
1.127175
1.156875
1.1762
1.190775
1.213
1.228875
1.2343
1.253375
1.326875
1.3571
1.392425
1.39295
1.4086
1.44665
1.4559
1.470525
1.520725
1.6265
1.646525
1.656775
1.736075
1.7522
1.7736
1.8396
1.864975
1.870275
1.881825
1.90125
1.920875
1.978975
1.97955
1.997775
2.018975
2.02535
2.046975
2.110375
2.154475
2.155
2.16725
2.2077
2.218725
2.25605
2.31475
2.315075
2.322575
2.381625
2.4137
2.445725
2.4481
2.55395
2.6303
2.67355
2.744675
2.769975
2.901325
2.91675
2.98515
2.992
3.0054
3.010425
3.1532
3.174625
3.259025
3.264625
3.270125
3.277225
3.32575
3.3339
3.338375
3.356725
3.392175
3.447675
3.4579
3.4756
3.48845
3.541625
3.58595
3.768225
3.9385
3.961025
4.03545
4.055025
4.0797
4.4053
4.425025
4.503825
4.5193
4.559225
4.6171
4.621775
4.624925
4.6864
4.82795
4.864325
4.95795
4.968475
5.1552
5.19925
5.213175
5.226925
5.3206
5.344525
5.372175
5.39555
5.42455
5.8139
5.914375
5.959675
5.960575
5.966375
6.008175
6.059875
6.07575
6.07895
6.1165
6.130675
6.1361
6.205325
6.2305
6.283525
6.471625
6.507425
6.557275
6.6594
6.769
6.835075
6.9284
6.9548
6.9655
6.97145
7.2234
7.2972
7.3061
7.747625
7.82
7.940875
8.058275
8.128475
8.128675
8.202675
8.218775
8.23405
8.357025
8.376175
8.587375
8.606425
8.6676
8.79925
8.910775
8.99885
9.00515
9.2158
9.339375
9.430375
9.507025
9.8196
9.8993
9.9408
204
