0.155125
0.204125
0.22865
0.24475
0.424275
0.450725
0.481275
0.501925
0.505525
0.5167
0.52045
0.5306
0.53375
0.556025
0.5579
0.575525
0.578675
0.605475
0.608275
0.609
0.643175
0.65685
0.664
0.6696
0.6808
0.681225
0.68265
0.7086
0.71795
0.738475
0.75035
0.7813
0.792175
0.81065
0.8155
0.81675
0.8251
0.834575
0.838925
0.8485
0.8539
0.860975
0.86665
0.87615
0.877425
0.919775
0.95925
0.9681
0.99375
1.007175
1.036025
1.050075
1.06075
1.078225
1.0821
1.1034
1.1118
1.2489
1.27295
1.293175
1.3118
1.332375
1.342
1.420475
1.450325
1.464675
1.47305
1.4961
1.7316
1.8026
1.866675
1.87555
2.0695
2.072725
2.26575
2.400525
2.406025
2.485175
2.488175
2.4945
2.6131
2.6712
2.671625
2.682825
2.76785
2.838075
2.9687
2.978375
2.9854
3.057325
3.12635
3.16145
3.292525
3.30905
3.309325
3.3649
3.427725
3.4541
3.457125
3.54085
3.547725
3.5521
3.5647
3.582125
3.689725
3.712725
3.847325
3.852275
3.864425
3.910425
3.99445
4.0583
4.07935
4.0988
4.16065
4.1945
4.194525
4.20175
4.263275
4.3193
4.474575
4.47985
4.717875
4.91775
4.9721
4.98685
5.031125
5.05035
5.058025
5.06985
5.21445
5.322975
5.3732
5.386375
5.388325
5.4509
5.456425
5.610425
5.64085
5.680575
5.68965
5.788425
5.7893
5.82235
5.87685
6.026375
6.1033
6.17335
6.27795
6.2868
6.314375
6.38535
6.4351
6.484725
6.490925
6.645025
6.7818
6.81605
6.923925
6.951125
7.063925
7.07705
7.128425
7.1603
7.170825
7.242275
7.653725
7.806075
7.959175
8.0256
8.06125
8.129075
8.14025
8.1968
8.2292
8.4812
8.50295
8.5238
8.5879
8.803825
8.852225
8.900175
8.955775
9.0414
9.30135
9.4075
9.46135
9.530975
9.536325
9.569375
9.578575
9.643
9.7998
9.9995
194
