0.058875
0.0599
0.312075
0.368975
0.49755
0.5188
0.532375
0.5384
0.5392
0.543175
0.54875
0.5488
0.5552
0.563525
0.5767
0.578725
0.579325
0.594125
0.59815
0.613575
0.624375
0.6265
0.6312
0.63905
0.6572
0.657675
0.65885
0.696375
0.699375
0.73245
0.755525
0.79165
0.8134
0.860375
0.8935
0.929875
0.9359
0.9489
0.980275
0.990925
0.997175
1.0212
1.04365
1.060225
1.062325
1.12565
1.151375
1.203475
1.209025
1.2533
1.275925
1.289275
1.29135
1.295325
1.321375
1.417925
1.435425
1.454275
1.46535
1.508875
1.581175
1.6168
1.62195
1.64505
1.678325
1.70245
1.823575
1.852825
1.885375
1.96545
2.0649
2.08725
2.089675
2.107625
2.113375
2.17075
2.332375
2.38215
2.401975
2.434925
2.5344
2.5961
2.67625
2.732775
2.79765
2.88905
2.904175
2.931275
2.974475
3.170275
3.3494
3.3818
3.401525
3.41555
3.41925
3.4194
3.46505
3.4653
3.66415
3.775
3.88295
3.886675
3.902325
3.932975
3.982
3.9874
4.104075
4.18025
4.2672
4.35455
4.483825
4.618
4.6386
4.664425
4.6662
4.783475
4.799175
4.83505
4.93115
5.09705
5.22605
5.507975
5.5791
5.5858
5.682125
5.742475
5.762275
5.78905
5.80985
5.87075
5.8835
5.99215
6.05035
6.0672
6.072
6.1417
6.17065
6.1923
6.194925
6.3376
6.350975
6.7305
6.746375
6.845625
6.865925
6.94445
7.018175
7.086125
7.24275
7.31685
7.412975
7.500525
7.56925
7.57775
7.63555
7.693275
7.758375
7.9078
7.932125
8.221225
8.285975
8.47585
8.480375
8.483
8.51685
8.607225
8.623925
8.631175
8.6792
8.820975
8.8946
9.096075
9.1511
9.2875
9.30305
9.38995
9.42825
9.4285
9.567775
9.8963
9.967875
181
