0.1358
0.268275
0.2986
0.31135
0.36175
0.418975
0.49325
0.503325
0.517075
0.51925
0.519275
0.53605
0.53615
0.547375
0.553775
0.55505
0.569475
0.57805
0.5819
0.584125
0.5876
0.607225
0.60755
0.62835
0.63005
0.64005
0.6408
0.6447
0.64655
0.653775
0.689
0.6996
0.7067
0.714975
0.7256
0.74305
0.752575
0.7633
0.76965
0.79285
0.7971
0.8122
0.817
0.8234
0.835525
0.8526
0.866425
0.905825
0.9061
0.915775
0.928125
0.933
0.97265
1.018525
1.031425
1.0499
1.0656
1.0792
1.081125
1.117675
1.1441
1.2168
1.2267
1.232075
1.23495
1.2397
1.3371
1.351025
1.371725
1.422
1.43565
1.4377
1.468575
1.530325
1.557825
1.56725
1.663075
1.695325
1.7843
1.78615
1.79175
1.8276
1.8609
1.95545
1.978325
1.9786
2.0084
2.016425
2.1016
2.105025
2.115825
2.19
2.206925
2.3271
2.3943
2.441575
2.461375
2.473675
2.48095
2.5142
2.557325
2.581425
2.592775
2.60675
2.633225
2.636225
2.73255
2.822925
2.9219
2.92415
2.97045
2.99485
3.022775
3.163625
3.208825
3.2136
3.243375
3.251925
3.2689
3.30335
3.335875
3.424575
3.432675
3.63285
3.641775
3.68435
3.8189
3.8217
3.8261
3.902025
3.948325
3.996475
4.085575
4.093025
4.10575
4.19425
4.198
4.219625
4.303125
4.3574
4.375075
4.383525
4.39285
4.51155
4.6121
4.614475
4.61575
4.633575
4.727925
4.906925
4.9369
4.9796
5.024775
5.165675
5.208175
5.23315
5.273875
5.2748
5.28065
5.4589
5.5569
5.7198
5.724675
5.7878
5.821925
5.858075
5.89365
5.8984
6.054275
6.11765
6.124075
6.161375
6.200175
6.28215
6.322125
6.4506
6.4838
6.5374
6.6701
6.686975
6.7644
6.891325
6.974375
7.052675
7.087
7.122625
7.2322
7.24335
7.26385
7.45595
7.456725
7.683925
7.783675
8.044675
8.16045
8.519125
8.599525
8.64885
8.83335
8.896675
8.957525
9.0807
9.172375
9.242325
9.2732
9.28505
9.351425
9.386925
9.41245
9.479525
9.70705
9.74885
9.910925
9.91515
9.9472
215
