0.001225
0.07755
0.2498
0.266125
0.280675
0.280775
0.3464
0.3922
0.5018
0.54275
0.55405
0.561675
0.5689
0.575725
0.5989
0.604125
0.6061
0.630475
0.63235
0.638125
0.6391
0.64265
0.652825
0.6563
0.690075
0.7087
0.70885
0.70995
0.71335
0.7188
0.72395
0.72865
0.741875
0.767325
0.772375
0.777475
0.789175
0.7951
0.802275
0.8229
0.849875
0.8718
0.8852
0.886025
0.89185
0.9051
0.937375
0.953325
0.97185
0.9719
0.99285
0.9989
1.00745
1.015025
1.02285
1.04935
1.057725
1.072675
1.0769
1.111525
1.123725
1.124975
1.129325
1.141525
1.14565
1.22615
1.2614
1.2644
1.32145
1.333325
1.3356
1.390725
1.4112
1.44995
1.4584
1.46265
1.475875
1.53625
1.6325
1.648275
1.6564
1.750475
1.775225
1.7939
1.85955
1.860225
1.8719
1.9085
1.91
2.0298
2.084275
2.119075
2.1232
2.133125
2.24355
2.25555
2.39845
2.41525
2.43605
2.44395
2.493375
2.522025
2.5273
2.53275
2.542425
2.55935
2.570875
2.574975
2.673975
2.694175
2.7376
2.77335
2.897525
2.955375
2.963375
2.9866
3.0696
3.1346
3.207575
3.258675
3.280975
3.308225
3.3464
3.363975
3.47605
3.506425
3.5809
3.58735
3.65505
3.939325
3.943025
4.03525
4.036875
4.053925
4.110575
4.139875
4.16435
4.189075
4.2519
4.2996
4.3203
4.37975
4.42545
4.43385
4.451525
4.49425
4.514325
4.5358
4.61775
4.6667
4.667425
4.701625
4.75255
4.769975
4.812675
4.8345
4.870775
4.87615
4.913525
4.91975
4.93525
4.94795
4.9579
4.97315
5.047575
5.088675
5.11665
5.124475
5.126025
5.163275
5.1731
5.183125
5.231325
5.397475
5.5126
5.7061
5.81655
5.844425
6.040075
6.070975
6.09735
6.16195
6.224775
6.2333
6.28875
6.51205
6.515425
6.63595
6.643925
6.728575
6.77535
6.790525
6.861125
6.916025
6.961625
6.9711
7.0024
7.003825
7.138175
7.37895
7.397325
7.40485
7.43535
7.45605
7.61255
7.625625
7.657425
7.674525
7.675175
7.723325
7.739025
7.79035
7.850375
8.024625
8.20435
8.230975
8.23775
8.39605
8.540075
8.61505
8.66055
8.66325
8.9214
9.035125
9.0591
9.40275
9.451875
9.469575
9.48115
9.6775
9.703725
9.74695
232
