0.096575
0.25445
0.458075
0.5171
0.5197
0.5219
0.52205
0.5578
0.5619
0.59035
0.59365
0.59985
0.601
0.6026
0.631775
0.654
0.6611
0.675175
0.686975
0.710525
0.721475
0.738725
0.772575
0.773425
0.7742
0.79415
0.815775
0.846675
0.85335
0.882925
0.8832
0.933025
0.936325
0.99125
0.994625
1.034775
1.0612
1.0929
1.1133
1.11695
1.129475
1.1504
1.158325
1.1902
1.197175
1.22495
1.2312
1.25465
1.256325
1.3353
1.353875
1.35775
1.3646
1.405775
1.41145
1.592625
1.6063
1.610675
1.7193
1.72585
1.7269
1.740675
1.912525
1.912625
1.9316
1.9426
1.97065
1.973025
1.989325
1.9946
2.031475
2.034175
2.065125
2.127075
2.13215
2.1738
2.18595
2.1923
2.1984
2.1997
2.22435
2.266775
2.339025
2.358925
2.4136
2.437575
2.709325
2.724175
2.741575
2.82725
2.827725
2.85385
2.8606
2.8773
2.9577
2.96265
2.9636
2.972
3.246575
3.342575
3.3703
3.4492
3.47075
3.498625
3.51245
3.5659
3.65865
3.68105
3.703875
3.739
3.82575
3.84005
3.8497
3.88235
3.953475
4.011575
4.1914
4.31645
4.357675
4.577
4.69595
4.9148
4.925825
4.954075
5.093125
5.1199
5.122425
5.159325
5.1642
5.3417
5.56365
5.595225
5.656125
5.686375
5.6882
5.69045
5.76105
5.76125
5.76905
5.802
5.817075
5.970625
5.978275
6.11025
6.119825
6.267275
6.381525
6.4209
6.488375
6.513825
6.54345
6.55575
6.5891
6.627225
6.641975
6.68095
6.80125
6.926275
6.98365
7.133675
7.1423
7.147475
7.174025
7.242975
7.248875
7.4164
7.5011
7.578025
7.6259
7.634025
7.711975
7.744775
7.7659
7.795475
7.89235
7.90905
7.9216
8.245575
8.440125
8.44185
8.527275
8.6192
8.625075
8.628125
8.732425
8.73925
8.935025
9.021625
9.055175
9.129375
9.189425
9.2406
9.33635
9.40695
9.408225
9.443825
9.631325
9.7205
9.738
9.942975
9.96685
201
