0.0603
0.104375
0.2614
0.3621
0.405825
0.48645
0.4915
0.497575
0.502875
0.502975
0.5082
0.508875
0.511675
0.513
0.52985
0.5405
0.554275
0.596025
0.623675
0.6585
0.659525
0.664725
0.668025
0.67515
0.6881
0.6922
0.70805
0.708475
0.75075
0.754475
0.76135
0.763675
0.7768
0.77885
0.805275
0.811575
0.8224
0.8256
0.827375
0.832325
0.8478
0.866325
0.86755
0.8769
0.879025
0.902225
0.904375
0.912775
0.9209
0.9285
0.93935
0.9665
0.968425
0.973375
0.98685
0.989025
1.01955
1.055675
1.056375
1.064275
1.075225
1.092025
1.10575
1.1156
1.13065
1.13385
1.155625
1.156675
1.16335
1.175075
1.184475
1.192775
1.215125
1.351175
1.37395
1.42325
1.437175
1.446775
1.470225
1.47335
1.4741
1.5546
1.596775
1.686025
1.721325
1.783975
1.8278
1.83185
1.983925
2.0224
2.034875
2.0862
2.12015
2.16785
2.20345
2.2035
2.21515
2.221975
2.283425
2.293675
2.3174
2.32275
2.33715
2.345525
2.39785
2.41865
2.481075
2.482325
2.5029
2.523675
2.761275
2.796025
2.8677
2.874625
2.958925
2.9649
2.984825
3.004325
3.010275
3.03755
3.065275
3.06805
3.12805
3.27355
3.346975
3.360875
3.395425
3.416325
3.4755
3.4757
3.4941
3.515575
3.5443
3.5987
3.601125
3.76025
3.7816
3.85755
3.8948
3.97065
4.115475
4.202825
4.220925
4.243725
4.357825
4.37
4.398375
4.419225
4.491775
4.50745
4.510575
4.5899
4.737325
4.738225
4.7924
4.859725
4.92225
4.9254
4.993325
5.0716
5.0989
5.323225
5.587625
5.62165
5.65135
5.652675
5.665175
5.691525
5.716975
5.761525
6.1207
6.31495
6.3711
6.455475
6.477675
6.501875
6.50245
6.509175
6.549125
6.6496
6.66645
6.728775
6.776475
6.8318
6.833575
7.0574
7.08725
7.088675
7.194625
7.2131
7.299575
7.33565
7.359325
7.3729
7.3829
7.403775
7.661875
7.667525
7.815375
7.83705
8.026625
8.072725
8.101
8.154575
8.192525
8.20475
8.315425
8.3364
8.379575
8.499375
8.676475
8.7067
8.710875
9.021625
9.1583
9.2163
9.250575
9.311175
9.325775
9.394225
9.50095
9.6021
9.780575
9.795725
9.9317
225
