0.070975
0.11215
0.198075
0.3618
0.46305
0.505025
0.51745
0.52245
0.53115
0.550275
0.55085
0.556075
0.5597
0.57475
0.583675
0.587425
0.588175
0.631775
0.639675
0.64745
0.66495
0.678625
0.687225
0.704325
0.7362
0.772225
0.799375
0.81935
0.83535
0.842425
0.842825
0.849625
0.85515
0.862625
0.864225
0.87245
0.879625
0.897225
0.905575
0.91285
0.926775
0.93
0.977675
1.0173
1.026475
1.029375
1.045
1.1323
1.135525
1.184075
1.20695
1.2129
1.294625
1.3006
1.3022
1.305025
1.3081
1.315225
1.3192
1.341575
1.353925
1.37715
1.398125
1.40385
1.40955
1.412625
1.4523
1.485475
1.488325
1.604675
1.6449
1.67985
1.7212
1.767825
1.771125
1.80125
1.832725
1.854775
1.89475
1.906475
1.94205
1.954625
1.981975
2.089975
2.221075
2.321
2.368525
2.382275
2.4057
2.4083
2.417125
2.43735
2.4469
2.56035
2.61455
2.61945
2.694575
2.7709
2.814325
2.89265
2.8953
2.959025
3.0301
3.27165
3.275075
3.358775
3.402475
3.445425
3.477775
3.6255
3.7073
3.767425
3.945425
4.031825
4.07215
4.08845
4.190725
4.21555
4.21925
4.427725
4.465475
4.497975
4.616
4.640075
4.762275
4.842025
4.962875
4.984025
4.98505
5.09365
5.095975
5.21405
5.296075
5.337625
5.41145
5.4398
5.72265
5.9341
6.016325
6.112
6.161725
6.181175
6.206425
6.33565
6.383825
6.424825
6.6576
6.694575
6.792325
6.819575
6.8374
6.883625
6.945575
6.9746
7.055575
7.13985
7.140825
7.17645
7.2674
7.430875
7.440725
7.44985
7.50495
7.561075
7.62015
7.6664
7.7756
7.937625
8.03125
8.150075
8.1955
8.234225
8.27075
8.311675
8.31415
8.398925
8.45355
8.466275
8.67925
8.7719
8.78415
8.870025
8.93995
8.95435
9.074775
9.085225
9.16915
9.1734
9.225675
9.228175
9.286625
9.2892
9.307425
9.47705
9.583175
9.627175
9.820525
9.847175
9.8781
9.9372
9.974975
201
