0.090575
0.228575
0.340375
0.3797
0.502725
0.508975
0.515575
0.516
0.524125
0.5308
0.538025
0.552875
0.55735
0.56405
0.567675
0.5801
0.5834
0.58355
0.59145
0.592975
0.594675
0.597825
0.60845
0.614325
0.623175
0.635025
0.658575
0.65955
0.67095
0.696825
0.711675
0.716475
0.735
0.73665
0.758025
0.75825
0.76155
0.77645
0.802225
0.808975
0.8273
0.8321
0.875975
0.878375
0.885975
0.9096
0.923725
0.927
0.93325
0.94055
0.949825
0.95455
0.96545
0.989475
0.99645
1.004225
1.0163
1.01975
1.042125
1.175375
1.235
1.259575
1.3066
1.333925
1.36855
1.373725
1.377125
1.380675
1.385675
1.3857
1.449775
1.518825
1.542875
1.552475
1.57025
1.675925
1.690325
1.70445
1.77945
1.8862
2.02935
2.031125
2.072675
2.11595
2.211325
2.261225
2.29225
2.36895
2.42865
2.49265
2.550075
2.593525
2.7548
2.75915
2.891825
2.90785
2.93145
2.93505
2.938075
2.95305
2.98195
2.9921
3.119125
3.172175
3.269375
3.311825
3.313725
3.474325
3.5199
3.540725
3.6661
3.70215
3.723625
3.748975
3.750025
3.7699
3.772075
3.815625
3.859225
3.89035
3.91305
3.96805
4.0831
4.1273
4.1472
4.14965
4.397225
4.4506
4.454025
4.45845
4.54795
4.7238
4.729475
4.789725
4.8308
4.8395
4.9301
5.0486
5.094675
5.2766
5.7939
5.95635
6.0763
6.163125
6.30275
6.304125
6.313375
6.481475
6.659425
6.6626
6.69425
6.7168
6.7216
6.73185
6.8265
6.886775
7.010475
7.02065
7.102725
7.2542
7.275725
7.3415
7.343625
7.364025
7.449425
7.5284
7.6261
7.6822
7.71135
7.7837
7.851025
8.0541
8.0927
8.106925
8.112975
8.222
8.394925
8.4444
8.58365
8.6084
8.6683
8.9829
9.205375
9.258125
9.41195
9.497475
9.8353
187
