0.17685
0.247475
0.296
0.363225
0.38245
0.509425
0.521875
0.54345
0.5461
0.560525
0.563925
0.5742
0.5908
0.597725
0.609725
0.609975
0.612225
0.628125
0.6411
0.65005
0.659275
0.666675
0.66895
0.692375
0.694325
0.7092
0.73685
0.750475
0.750925
0.762375
0.767
0.76925
0.7888
0.791475
0.8011
0.849075
0.87725
0.9818
1.002975
1.011575
1.014025
1.0147
1.087725
1.16835
1.192125
1.217975
1.2303
1.231225
1.24715
1.258025
1.265875
1.266125
1.2811
1.319625
1.350875
1.38355
1.398975
1.425075
1.446875
1.576525
1.583725
1.604775
1.6663
1.699325
1.734975
1.8194
1.828275
1.9244
1.977275
2.036175
2.0643
2.099875
2.126325
2.12825
2.1377
2.357475
2.385425
2.39165
2.436575
2.4759
2.484775
2.5563
2.56085
2.584775
2.5875
2.638275
2.68345
2.69105
2.737775
2.756925
2.767075
2.827775
2.961275
3.04575
3.05905
3.09745
3.166025
3.295525
3.4612
3.54805
3.6788
3.743975
3.789675
3.803575
3.835925
3.8991
3.91185
3.991925
4.1096
4.1329
4.13365
4.1574
4.160275
4.211825
4.2445
4.244725
4.25005
4.266
4.274
4.3571
4.369875
4.548225
4.761175
4.83675
4.8741
4.8756
4.885525
4.89005
4.928575
4.948225
5.006925
5.170525
5.174775
5.186375
5.244525
5.4216
5.431375
5.459425
5.512325
5.51725
5.546475
5.57805
5.616175
5.6407
5.669325
5.681525
5.70015
5.80985
5.836675
5.932825
6.090625
6.0928
6.0956
6.13785
6.184875
6.198825
6.36705
6.437425
6.542025
6.608975
6.6891
6.8047
6.9111
6.953025
7.2502
7.268025
7.363975
7.443925
7.466125
7.47885
7.777625
7.7971
7.837975
7.9331
8.1961
8.273375
8.319925
8.336475
8.359525
8.55375
8.62235
8.6977
8.728225
8.747575
8.796175
8.861425
8.9161
9.153675
9.189925
9.20855
9.2099
9.28095
9.403525
9.5776
9.633975
9.650075
9.677525
9.911375
9.93715
9.949975
9.9504
201
