0.100075
0.187625
0.22545
0.2792
0.35725
0.4128
0.4189
0.5049
0.51935
0.536875
0.560025
0.563725
0.564775
0.586225
0.60425
0.62305
0.6457
0.64835
0.6545
0.6997
0.7032
0.706925
0.7343
0.75635
0.770925
0.80385
0.815575
0.8279
0.866025
0.8765
0.886075
0.892825
0.899925
0.904875
0.907375
0.953175
0.957175
0.9744
0.9868
1.0289
1.0446
1.0731
1.081625
1.108225
1.1159
1.14745
1.177275
1.20585
1.24965
1.36685
1.368825
1.42045
1.4696
1.4864
1.5574
1.5777
1.689125
1.75715
1.8215
1.85545
1.887
1.96925
1.975375
2.043675
2.049175
2.058925
2.060225
2.132825
2.181425
2.265525
2.300075
2.314175
2.358575
2.3695
2.40385
2.40625
2.42665
2.6441
2.659175
2.66015
2.669025
2.696675
2.744875
2.8062
2.862825
2.8785
2.958875
3.021475
3.11895
3.2024
3.3351
3.419325
3.4864
3.532625
3.539225
3.5557
3.571725
3.640325
3.697125
3.733525
3.758875
3.7968
3.8089
3.869225
3.892425
3.970425
4.0011
4.0934
4.174475
4.238875
4.27725
4.537975
4.546325
4.6117
4.63415
4.748625
4.763475
4.817475
4.8648
4.885575
4.9231
5.096025
5.13345
5.17465
5.190225
5.4283
5.46965
5.5964
5.66855
5.6892
5.707825
5.7697
5.920025
5.94045
6.050175
6.0607
6.09825
6.290975
6.388625
6.42225
6.47265
6.54845
6.560575
6.637075
6.65085
6.8439
6.845275
6.85915
7.066125
7.12765
7.1893
7.19075
7.3134
7.387275
7.570825
7.6133
7.72475
7.82155
7.869
7.915925
7.91785
8.021675
8.040875
8.061275
8.1978
8.223925
8.271475
8.32015
8.3373
8.344875
8.346675
8.38295
8.4173
8.4394
8.460875
8.47255
8.55775
8.5798
8.616475
8.737425
8.7829
8.8611
8.947525
9.21775
9.342325
9.365675
9.47105
9.600875
9.712775
9.762275
9.823875
9.9791
9.979775
193
