0.1051
0.17365
0.23515
0.387325
0.4887
0.508825
0.508875
0.516325
0.524425
0.531325
0.535525
0.54465
0.553975
0.555025
0.5575
0.5724
0.574925
0.57605
0.594375
0.611675
0.64145
0.64485
0.645275
0.68475
0.7001
0.705625
0.730375
0.73435
0.734825
0.73615
0.74995
0.754475
0.79335
0.794675
0.79825
0.865425
0.87025
0.88015
0.8841
0.8865
0.905125
0.90825
0.947475
1.005325
1.026675
1.041225
1.053875
1.070075
1.0867
1.1124
1.15195
1.158675
1.190725
1.2343
1.235725
1.292625
1.3355
1.34315
1.3568
1.39615
1.453475
1.6393
1.64045
1.737975
1.907925
1.99095
1.994975
2.00295
2.01325
2.048475
2.065675
2.094175
2.0979
2.113175
2.1232
2.2066
2.20735
2.23925
2.274575
2.290525
2.3274
2.5317
2.5379
2.5579
2.561125
2.58805
2.61515
2.74145
2.744675
2.779725
2.9034
2.988625
3.008475
3.397525
3.4672
3.488325
3.5264
3.641025
3.652275
3.68605
3.706875
3.772575
3.8734
3.902925
3.916725
3.93065
3.9391
4.1852
4.223175
4.351275
4.3712
4.385425
4.3972
4.4261
4.60875
4.614075
4.624575
4.6373
4.694425
4.708075
4.794575
4.796375
4.7966
4.89625
5.07905
5.1094
5.200475
5.235075
5.375825
5.431275
5.434
5.4652
5.5122
5.573325
5.658
5.751225
5.784175
5.847675
5.902075
5.9635
6.20885
6.303175
6.44145
6.547225
6.8429
7.02265
7.1185
7.15385
7.156175
7.16625
7.275625
7.33515
7.515825
7.6001
7.6142
7.642075
7.730575
7.753925
7.770525
7.78315
7.8009
7.8677
7.90355
7.9131
7.965875
8.00315
8.03625
8.1617
8.2106
8.2109
8.305125
8.337375
8.351225
8.46765
8.56185
8.611675
8.65835
8.719025
8.733025
8.916275
8.9491
9.0191
9.0659
9.0733
9.08015
9.13705
9.158875
9.1727
9.18865
9.30665
9.3618
9.49745
9.51915
9.5448
9.578025
9.818775
9.95915
197
