0.041975
0.16255
0.22515
0.289825
0.51335
0.514525
0.520075
0.5234
0.527
0.5485
0.5489
0.559925
0.5625
0.563975
0.572925
0.589275
0.590625
0.642425
0.6626
0.685525
0.68725
0.702625
0.707025
0.71305
0.737425
0.7465
0.75625
0.76315
0.76635
0.77125
0.777175
0.78285
0.840875
0.847675
0.8506
0.8529
0.8637
0.919225
0.9384
0.963925
0.990325
1.006975
1.05765
1.09315
1.094575
1.113225
1.165025
1.16575
1.1797
1.199225
1.20005
1.264925
1.345225
1.36005
1.38025
1.38725
1.39975
1.414725
1.4194
1.446975
1.45795
1.564325
1.57045
1.803325
1.9177
1.934875
2.1458
2.17385
2.331475
2.380575
2.405625
2.49375
2.607675
2.7458
2.779625
2.81705
2.910375
2.92255
2.9893
3.05655
3.069875
3.070675
3.074225
3.0796
3.1537
3.1776
3.226725
3.24795
3.2577
3.3303
3.402775
3.416225
3.45625
3.466425
3.512075
3.5375
3.5687
3.71435
3.884775
3.96425
4.19815
4.373875
4.437575
4.5156
4.688175
4.8293
4.95965
4.990025
5.010375
5.165275
5.189625
5.2925
5.308375
5.367875
5.3892
5.394
5.422925
5.576125
5.7147
5.719975
5.7327
5.796275
5.823375
5.909475
5.95405
5.979625
5.985375
6.034025
6.07665
6.105275
6.241575
6.266825
6.3563
6.408575
6.485875
6.637325
6.64445
6.678475
6.74145
6.7661
6.806
6.835175
6.8444
6.865
6.908725
7.040275
7.07615
7.11455
7.185675
7.274525
7.293
7.37985
7.398725
7.421675
7.42285
7.459775
7.50715
7.598825
7.61285
7.64935
7.667925
7.710725
7.93125
7.95185
8.1284
8.19665
8.218325
8.22375
8.2816
8.303275
8.308425
8.4934
8.515175
8.5756
8.623975
8.6504
8.8218
8.86505
8.910125
8.945425
9.094625
9.260025
9.4154
9.574825
9.57545
9.6066
9.68865
9.70005
9.80145
9.82765
9.9044
191
