0.0705
0.0893
0.15285
0.18915
0.224975
0.284375
0.2872
0.4349
0.5065
0.53795
0.544025
0.555125
0.577325
0.61405
0.62515
0.632025
0.63845
0.654725
0.664
0.6699
0.70285
0.70445
0.7323
0.739525
0.743425
0.775875
0.809525
0.81285
0.815925
0.855275
0.8917
0.904725
0.94355
0.98245
0.995425
1.0086
1.0145
1.05065
1.0941
1.09555
1.1317
1.21685
1.233425
1.239425
1.29965
1.320975
1.3395
1.340075
1.4395
1.44515
1.559225
1.606725
1.6686
1.69535
1.889975
1.962025
1.9883
2.075275
2.076175
2.120525
2.12575
2.1496
2.17805
2.227425
2.26945
2.275975
2.37085
2.38235
2.41805
2.44835
2.472275
2.52515
2.544875
2.575225
2.645225
2.70995
2.754825
3.062625
3.1218
3.174325
3.2063
3.2582
3.273625
3.351325
3.398125
3.436225
3.691725
3.85665
3.886725
3.88995
3.914675
4.087925
4.1159
4.11875
4.14025
4.32675
4.4186
4.440975
4.492425
4.654175
4.668475
4.669525
4.768575
4.809275
4.868625
4.907075
4.96825
5.019
5.133075
5.20905
5.22795
5.261
5.30405
5.311675
5.323925
5.4516
5.736525
5.877375
5.9002
5.90585
6.0252
6.038575
6.14875
6.369325
6.3922
6.3937
6.42725
6.459525
6.53965
6.69825
6.711525
6.7388
6.81385
7.0779
7.26965
7.2742
7.3018
7.334275
7.3634
7.492925
7.590025
7.679275
7.8311
7.85055
8.043975
8.075325
8.100875
8.445225
8.643425
8.787025
8.84855
9.0488
9.156425
9.171075
9.551375
9.603625
9.672425
9.724125
9.726525
9.97055
9.9816
161
