0.236875
0.5054
0.5123
0.526025
0.539075
0.540225
0.54975
0.560225
0.583825
0.588575
0.5891
0.589925
0.59385
0.60805
0.638275
0.671775
0.6734
0.683075
0.73085
0.74545
0.7542
0.760625
0.764575
0.770525
0.78875
0.789275
0.794425
0.805125
0.826625
0.8349
0.83515
0.844025
0.877325
0.87855
0.9039
0.92995
0.93375
0.9362
0.938125
0.974975
1.013275
1.01665
1.026875
1.044975
1.06165
1.066625
1.078
1.0868
1.0937
1.09685
1.103075
1.10865
1.156575
1.169875
1.225875
1.232125
1.24335
1.255325
1.26165
1.26615
1.27315
1.28615
1.3902
1.42445
1.467875
1.481375
1.49325
1.495225
1.4998
1.5409
1.615225
1.751325
1.751925
1.884025
1.89555
1.9646
1.9678
1.975675
1.99365
1.999725
2.001
2.06885
2.09255
2.1037
2.122075
2.152525
2.19255
2.20795
2.2249
2.259325
2.3504
2.362725
2.3722
2.4099
2.42215
2.5278
2.5293
2.7199
2.77755
2.787625
2.827725
2.900125
2.910825
2.925225
2.938825
3.0522
3.140875
3.148075
3.15895
3.285075
3.306625
3.344675
3.389825
3.44915
3.63885
3.670725
3.73815
3.798375
3.975725
4.007425
4.1217
4.137825
4.204775
4.280725
4.3426
4.37695
4.385325
4.42665
4.507525
4.580725
4.59515
4.68265
4.697825
4.713775
4.761375
4.776275
4.879175
4.909075
4.996475
5.036125
5.05545
5.0599
5.111475
5.187525
5.2605
5.309225
5.360825
5.493325
5.535125
5.5402
5.7038
5.748825
5.750625
5.777025
5.954675
5.99395
6.03335
6.2536
6.26255
6.37795
6.45625
6.478025
6.510275
6.8895
6.928475
6.956975
7.017375
7.221
7.273625
7.30845
7.3596
7.422125
7.4877
7.659975
7.726025
7.76755
7.88335
8.003825
8.054725
8.08735
8.141475
8.209175
8.403475
8.486375
8.61265
8.8531
8.866175
8.874225
8.92625
8.98145
9.067
9.282125
9.3253
9.400325
9.60515
9.62455
9.744625
9.801625
9.8097
9.817425
9.9902
201
