0.0912
0.12795
0.172925
0.19575
0.294625
0.31645
0.409225
0.457825
0.537775
0.54615
0.548175
0.557725
0.55805
0.561725
0.577525
0.595725
0.600425
0.607075
0.6135
0.620625
0.6224
0.627225
0.63155
0.637725
0.6378
0.643775
0.66125
0.6696
0.675075
0.6774
0.681825
0.698575
0.698975
0.70265
0.7091
0.721475
0.722925
0.765575
0.7669
0.770525
0.778875
0.787775
0.8218
0.8367
0.8594
0.8992
0.9124
0.956475
0.9617
0.99175
0.991875
1.006975
1.0141
1.033675
1.047975
1.093425
1.101025
1.1117
1.147225
1.147975
1.23285
1.2641
1.271125
1.308625
1.424275
1.444975
1.4534
1.480225
1.49275
1.5099
1.6403
1.64245
1.666475
1.7157
1.73
1.730675
1.800975
1.856975
1.85765
1.872025
1.913125
2.000675
2.018675
2.045825
2.10225
2.293725
2.3837
2.39935
2.423925
2.50895
2.552925
2.58955
2.606575
2.60985
2.6184
2.660125
2.66575
2.70015
2.75715
2.825425
2.9375
2.963525
3.1234
3.227125
3.2678
3.3584
3.385525
3.479225
3.854325
3.862875
3.921525
3.936675
3.9498
4.0754
4.13685
4.233675
4.322125
4.4049
4.54715
4.580575
4.674675
4.68785
4.7047
4.71225
4.839475
4.8712
4.8899
4.9375
4.9655
4.98875
5.035225
5.082725
5.16405
5.19655
5.2826
5.29395
5.392775
5.503425
5.597475
5.625975
5.6834
5.81225
5.8161
5.851475
5.852075
5.858675
5.90145
5.966
6.199525
6.227575
6.270775
6.282525
6.520325
6.54455
6.571
6.6569
6.76875
6.77445
6.935475
7.043625
7.0558
7.073725
7.250825
7.439175
7.520875
7.60625
7.6066
7.646875
7.7729
7.818475
7.834275
7.845975
7.89445
7.924925
7.965025
7.981525
8.04015
8.094475
8.112975
8.13165
8.185375
8.22605
8.294925
8.350575
8.627875
8.7009
8.818325
8.85655
8.93345
9.064025
9.100675
9.160675
9.270325
9.283725
9.309025
9.468275
9.54295
9.8703
9.925625
199
