0.17045
0.355675
0.358
0.3685
0.457125
0.458
0.4738
0.49155
0.50285
0.504925
0.511375
0.5157
0.52615
0.5482
0.559275
0.567475
0.569875
0.579325
0.5803
0.5818
0.582025
0.5984
0.6084
0.609775
0.620925
0.6299
0.646
0.64875
0.66375
0.674025
0.67885
0.68835
0.7105
0.731225
0.7342
0.742025
0.754525
0.76335
0.767375
0.777475
0.78835
0.82625
0.8441
0.846875
0.856825
0.88735
0.895575
0.990475
1.0036
1.0069
1.044325
1.051375
1.099625
1.099925
1.132425
1.1327
1.150325
1.192475
1.1973
1.198525
1.218125
1.24715
1.275925
1.28285
1.29975
1.3402
1.377625
1.4435
1.4483
1.49845
1.53545
1.575525
1.576025
1.602325
1.67945
1.69345
1.704125
1.7387
1.8402
1.878725
1.915775
1.916275
1.937475
1.957225
2.0
2.031
2.108075
2.113575
2.2401
2.2577
2.25805
2.298875
2.319825
2.3303
2.5989
2.639
2.68
2.71225
2.736425
2.752075
2.75625
2.7711
2.7862
2.847675
2.884425
2.966075
3.01145
3.023425
3.044925
3.05675
3.06755
3.185175
3.218025
3.228375
3.232
3.2454
3.30575
3.333075
3.343625
3.367225
3.394775
3.40665
3.490925
3.500975
3.639475
3.6959
3.7091
3.76365
3.792725
3.816625
3.8936
3.99965
4.003225
4.0741
4.18795
4.192725
4.222475
4.4464
4.5117
4.53755
4.6692
4.696175
4.705225
4.721975
4.737325
4.764275
4.76805
4.7941
4.91805
4.9744
5.0116
5.054775
5.217275
5.256125
5.48965
5.5184
5.576625
5.6705
5.7055
5.96855
6.05555
6.072575
6.1819
6.209925
6.247175
6.348475
6.381375
6.5466
6.557
6.788075
6.843025
6.88185
6.921175
7.10085
7.120475
7.1342
7.1722
7.33555
7.383575
7.39795
7.44765
7.677925
7.772775
7.79605
7.86475
8.07985
8.09685
8.107225
8.148125
8.202325
8.250325
8.273375
8.2946
8.308025
8.373775
8.377325
8.4445
8.654575
8.6595
8.682025
8.72035
9.0123
9.141675
9.176725
9.2709
9.362825
9.419875
9.551675
9.629775
9.968325
210
