0.020275
0.067625
0.08885
0.1238
0.165025
0.179225
0.196975
0.235775
0.432
0.5363
0.551275
0.55435
0.557125
0.5791
0.612825
0.617725
0.634325
0.639825
0.643675
0.672675
0.688225
0.690125
0.71085
0.72625
0.733525
0.734925
0.738
0.7574
0.783425
0.791075
0.795275
0.802125
0.812025
0.860425
0.87155
0.87895
0.885775
0.90305
0.918425
0.931125
0.9478
0.956075
0.983425
1.0081
1.0303
1.03685
1.06555
1.153875
1.167475
1.192975
1.21335
1.240525
1.2469
1.276125
1.31115
1.34085
1.354925
1.370225
1.440675
1.444675
1.46915
1.488975
1.50115
1.529025
1.539125
1.6415
1.725075
1.7301
1.8221
1.837125
1.929225
1.938025
2.03505
2.05695
2.133775
2.1339
2.165575
2.173725
2.208775
2.210025
2.21435
2.253225
2.27775
2.390725
2.3997
2.43
2.576825
2.768575
2.7925
2.811375
2.838
3.060675
3.142725
3.17205
3.30605
3.391425
3.45655
3.49725
3.509075
3.560575
3.5752
3.636825
3.655675
3.7181
3.82575
3.888
3.896375
3.93395
3.9509
3.9789
4.186575
4.199575
4.3319
4.351875
4.543875
4.552525
4.6164
4.629375
4.692475
4.725075
4.741075
4.89055
4.9649
4.9805
5.173625
5.199275
5.3235
5.3351
5.37135
5.410325
5.4401
5.478375
5.527675
5.5632
5.634775
5.67625
5.68555
5.690225
5.7736
5.8894
5.91325
5.91915
5.937625
6.04275
6.2128
6.33295
6.3368
6.3567
6.4608
6.4723
6.478925
6.65575
6.66335
6.918225
7.09695
7.184275
7.2375
7.282525
7.311825
7.3357
7.375975
7.3772
7.4162
7.4669
7.5507
7.59695
7.857575
7.861725
8.007925
8.121925
8.161075
8.208225
8.20925
8.49375
8.501975
8.551175
8.576375
8.656
8.684525
8.70605
8.81665
8.9008
8.930225
9.031675
9.03835
9.084825
9.159975
9.196025
9.48255
9.633
9.780075
9.8365
9.9289
9.992825
194
