0.442275
0.5015
0.514075
0.5245
0.559375
0.559775
0.5805
0.58355
0.591375
0.596975
0.6022
0.614525
0.6455
0.648725
0.652275
0.67605
0.680425
0.71765
0.72235
0.749975
0.7501
0.75435
0.7878
0.863475
0.8665
0.868975
0.8789
0.89925
0.927675
0.9336
0.94365
0.944575
0.9703
0.98605
1.129625
1.14855
1.162325
1.182075
1.214425
1.237625
1.3225
1.384375
1.41985
1.447375
1.4559
1.51425
1.521
1.742625
1.8275
2.05495
2.06095
2.15915
2.167225
2.19325
2.306675
2.36825
2.5042
2.519425
2.519775
2.55115
2.59625
2.640725
2.64135
2.68685
2.718125
2.728375
2.733575
2.749025
2.7957
3.0331
3.05125
3.061475
3.1643
3.189025
3.19015
3.20315
3.2145
3.24175
3.32845
3.356025
3.356625
3.369125
3.489525
3.489625
3.51965
3.568275
3.634225
3.666225
3.695825
3.7215
3.75335
4.02055
4.040425
4.059975
4.113425
4.1595
4.180775
4.22475
4.35435
4.367475
4.383875
4.48385
4.4985
4.67595
4.716175
4.737775
4.74165
4.953325
4.981875
5.04605
5.051175
5.055275
5.069225
5.107525
5.124675
5.1292
5.195675
5.21195
5.228675
5.353275
5.37755
5.38415
5.481575
5.87775
5.89125
5.9654
5.9811
6.060925
6.1531
6.2272
6.322875
6.32585
6.326725
6.507725
6.55935
6.5667
6.6617
6.74665
6.7509
6.871875
6.91625
6.945175
7.0543
7.09805
7.179625
7.3631
7.392525
7.4034
7.6443
7.8261
7.955375
8.0244
8.0645
8.2012
8.22755
8.3464
8.3871
8.45285
8.637725
8.723125
8.7419
8.751725
8.8307
8.930875
8.94285
9.0086
9.177025
9.2169
9.2176
9.34305
9.378175
9.6277
9.757375
9.801
9.812375
9.91695
176
