0.112475
0.229775
0.259
0.47735
0.500725
0.509125
0.511875
0.522075
0.5274
0.5665
0.585075
0.59275
0.61415
0.63135
0.63875
0.6468
0.6598
0.661725
0.665275
0.668525
0.67435
0.67605
0.676525
0.709475
0.725475
0.779675
0.786825
0.791375
0.826775
0.83475
0.83755
0.854
0.89215
0.903425
0.92515
0.9419
0.96015
0.964525
0.9734
0.976875
0.9771
1.02345
1.0307
1.0367
1.085125
1.08605
1.1262
1.139875
1.149825
1.181725
1.1839
1.2034
1.225575
1.3175
1.34895
1.35015
1.3805
1.394075
1.4057
1.473175
1.483975
1.505225
1.569625
1.64815
1.7458
1.80845
1.8169
1.8276
1.841275
1.8484
1.95435
1.9591
2.003825
2.069
2.0908
2.09375
2.11535
2.130625
2.1435
2.213475
2.237375
2.2386
2.2525
2.2655
2.295675
2.354075
2.43595
2.47455
2.517025
2.54675
2.556425
2.58015
2.607025
2.614975
2.735625
2.78005
2.845925
2.86205
2.8659
2.885425
2.920025
2.967525
2.981225
2.9857
3.07775
3.126175
3.35275
3.4315
3.439
3.4793
3.542425
3.57405
3.6222
3.6349
3.651525
3.67585
3.72
3.79635
3.852225
3.903625
3.926375
4.038225
4.06985
4.189
4.32515
4.3296
4.380375
4.396975
4.406275
4.6356
4.6357
4.691425
4.694075
4.699675
4.73715
4.836275
4.86065
4.862275
4.8813
5.06165
5.1205
5.183525
5.30775
5.322875
5.376875
5.407825
5.40965
5.4162
5.43735
5.5971
5.639825
5.658125
5.755375
5.773525
5.911575
5.92485
5.96195
5.971475
6.022
6.1154
6.132425
6.19285
6.20025
6.2017
6.213275
6.269875
6.271075
6.612725
6.63285
6.6806
7.05225
7.1661
7.301025
7.30295
7.586425
7.59635
7.799775
7.812
7.873225
7.991275
8.018875
8.02535
8.126375
8.164275
8.188
8.259475
8.324825
8.36905
8.605825
8.731625
8.80165
8.806125
8.830075
8.9427
8.9667
9.07235
9.0812
9.0997
9.12225
9.1366
9.14945
9.301575
9.307675
9.42255
9.427475
9.438925
9.4696
9.5738
9.733175
209
