0.01245
0.184125
0.50005
0.501125
0.515375
0.54285
0.549125
0.55625
0.6229
0.627975
0.664
0.667625
0.672325
0.70645
0.711825
0.7138
0.725375
0.731875
0.733775
0.735575
0.748275
0.75655
0.7749
0.818325
0.828725
0.861325
0.867525
0.88275
0.912725
0.965675
0.977625
0.9948
1.00345
1.036625
1.0544
1.071525
1.086075
1.09215
1.140925
1.182175
1.23105
1.233925
1.3006
1.302225
1.330825
1.346875
1.352675
1.38235
1.3966
1.396775
1.441825
1.44855
1.45805
1.466875
1.477075
1.47945
1.50645
1.578425
1.594775
1.8216
1.84455
1.92295
1.93555
1.943375
1.985925
2.06725
2.102225
2.10725
2.166725
2.18365
2.2934
2.40795
2.46215
2.51625
2.587875
2.597575
2.622625
2.6869
2.772525
2.844975
2.859475
2.93605
2.952775
3.076025
3.233
3.309375
3.34265
3.496375
3.5011
3.535825
3.576775
3.605325
3.605575
3.643325
3.7395
3.793875
3.808625
3.919175
4.027725
4.076475
4.091575
4.181975
4.220975
4.230275
4.2725
4.342375
4.4958
4.75785
4.7926
4.797275
4.8263
4.944625
5.2252
5.269825
5.475075
5.495475
5.601575
5.726875
5.978825
6.05035
6.055625
6.11985
6.13265
6.22465
6.22615
6.39895
6.464375
6.569175
6.601975
6.94795
6.971375
7.10905
7.1842
7.208475
7.257625
7.260425
7.26395
7.2771
7.394525
7.428775
7.454025
7.509825
7.510125
7.819475
7.96705
8.00965
8.01115
8.043375
8.134975
8.3547
8.519675
8.531525
8.561975
8.898
9.271675
9.3897
9.42505
9.532475
9.6012
9.692925
9.971475
161
