0.0059
0.13195
0.191775
0.218125
0.3185
0.320625
0.350175
0.365125
0.4155
0.504225
0.5093
0.513975
0.533575
0.53625
0.53915
0.553225
0.562025
0.5835
0.610825
0.655725
0.66015
0.66095
0.671025
0.67615
0.676675
0.7114
0.711475
0.712525
0.762725
0.771325
0.810225
0.817175
0.817875
0.826525
0.8368
0.84655
0.884725
0.895175
0.896875
0.9026
0.907575
0.91565
0.918675
0.9194
0.93475
0.950875
0.967775
0.994425
1.019025
1.098325
1.116525
1.129125
1.129475
1.200575
1.20705
1.210125
1.239975
1.24485
1.320975
1.3416
1.34645
1.398975
1.39925
1.428075
1.44495
1.45055
1.45335
1.4578
1.6599
1.6693
1.674875
1.694925
1.79255
1.79745
1.837375
1.84275
1.86055
1.89315
2.0373
2.041
2.04465
2.060675
2.10095
2.115625
2.164725
2.1692
2.186925
2.213225
2.22955
2.280825
2.285975
2.321825
2.449
2.4629
2.464625
2.4922
2.520375
2.586525
2.598025
2.69175
2.74035
2.78855
2.828925
2.911375
2.999775
3.10475
3.160325
3.21825
3.24115
3.303025
3.3091
3.35395
3.452775
3.4907
3.63205
3.6712
3.67575
3.712625
3.729675
3.7363
3.74675
3.769525
3.78015
3.802475
3.8802
3.891825
3.94045
4.00835
4.04215
4.0549
4.18085
4.214075
4.230925
4.282275
4.29925
4.363975
4.427525
4.4822
4.5664
4.573375
4.58655
4.677325
4.691375
4.7188
4.8478
4.9345
4.97895
5.008625
5.117975
5.280675
5.286725
5.357875
5.567575
5.578625
5.794975
5.8477
5.86885
5.926175
5.984325
6.060525
6.089225
6.093025
6.1569
6.16785
6.20475
6.299725
6.3209
6.40255
6.62915
6.649725
6.70255
6.72025
6.863425
6.94035
6.9601
7.131875
7.268025
7.281
7.407825
7.4169
7.5671
7.585725
7.5921
7.609575
7.692175
7.809175
7.820775
7.87195
8.043075
8.052475
8.0579
8.133375
8.200525
8.432375
8.4808
8.575925
8.7812
8.8632
8.898725
8.9291
9.1008
9.126875
9.16385
9.16695
9.2954
9.44275
9.451925
9.641175
9.866125
9.9081
9.9886
211
