0.05535
0.098675
0.106275
0.18565
0.18835
0.25495
0.3133
0.3506
0.359875
0.40225
0.521625
0.526
0.53095
0.542075
0.54965
0.551575
0.5634
0.58865
0.59795
0.60575
0.6081
0.613025
0.641975
0.650925
0.695275
0.731125
0.748425
0.778425
0.78145
0.79005
0.840825
0.872925
0.8748
0.8776
0.8982
0.90925
0.9245
0.9483
0.95995
0.97185
0.999475
1.012725
1.020775
1.053325
1.062425
1.087075
1.104075
1.12895
1.1449
1.23215
1.245
1.2819
1.298375
1.304275
1.343975
1.3523
1.38995
1.390025
1.3986
1.41365
1.41615
1.44145
1.490125
1.512125
1.529775
1.5585
1.607
1.75815
1.818275
1.845075
1.947575
1.99745
2.175325
2.181175
2.2015
2.253275
2.503875
2.55995
2.568175
2.57405
2.58035
2.604875
2.621175
2.670575
2.699375
2.7182
2.7359
2.75195
2.778825
2.81425
2.87405
2.924075
2.946975
3.0335
3.09555
3.118375
3.20985
3.235375
3.399225
3.4444
3.50895
3.532375
3.645175
3.697725
3.74945
3.766675
3.78155
3.801475
3.82405
3.911075
3.91765
4.0667
4.077225
4.083625
4.1132
4.131125
4.3232
4.3685
4.37535
4.4299
4.4778
4.51015
4.514775
4.5878
4.60455
4.630225
4.722375
4.766225
4.78615
4.89535
4.913425
5.02645
5.07405
5.192575
5.2312
5.31525
5.45895
5.587275
5.6565
5.749025
5.88555
5.9056
5.964575
6.009475
6.058175
6.076925
6.113025
6.213425
6.364125
6.367
6.518225
6.523825
6.5372
6.546025
6.607125
7.031275
7.03725
7.065025
7.1196
7.168975
7.21035
7.6372
7.7454
7.817225
7.952975
8.005825
8.046275
8.271625
8.281275
8.331375
8.447175
8.54115
8.6253
8.751625
8.77405
8.88835
9.00785
9.044625
9.0709
9.140375
9.3451
9.42355
9.495525
9.51245
9.558425
9.61765
9.91655
187
