0.113
0.30855
0.331675
0.336875
0.3862
0.478425
0.500875
0.517725
0.52555
0.5377
0.547075
0.559875
0.56295
0.57505
0.58425
0.587875
0.59125
0.60645
0.6128
0.6403
0.64375
0.6575
0.66585
0.6743
0.675625
0.705625
0.751025
0.7743
0.80045
0.8121
0.819875
0.830325
0.842125
0.84235
0.870575
0.892275
0.92465
0.94075
0.94805
0.961175
0.9629
0.998325
1.0045
1.021975
1.02725
1.0843
1.0873
1.09965
1.1054
1.10555
1.16235
1.16445
1.178075
1.17835
1.196475
1.208475
1.210825
1.23245
1.246425
1.26055
1.2968
1.38915
1.40855
1.4147
1.45145
1.5013
1.508975
1.516475
1.53675
1.541275
1.549525
1.55325
1.58545
1.63915
1.639425
1.663125
1.734575
1.75145
1.781375
1.79085
1.808425
1.811175
1.900775
1.912725
1.920775
1.956425
2.01535
2.029025
2.075075
2.1824
2.208175
2.2424
2.251925
2.28245
2.2831
2.326575
2.36405
2.371525
2.485425
2.60575
2.6408
2.79045
2.881375
3.094975
3.11055
3.1182
3.17185
3.253
3.267275
3.3367
3.4124
3.646625
3.6666
3.825675
3.831075
3.86915
3.87075
3.9153
4.1242
4.1351
4.35165
4.37965
4.388025
4.495325
4.5356
4.605225
4.807525
4.824825
4.9231
5.046675
5.0823
5.30245
5.429975
5.4551
5.476225
5.48545
5.538725
5.5445
5.628025
5.658775
5.662
5.68845
5.7002
5.907575
5.95095
6.117725
6.1208
6.12295
6.128875
6.313025
6.36555
6.446325
6.49735
6.617975
6.753025
7.02785
7.194
7.213025
7.2293
7.433675
7.453
7.467225
7.47505
7.49325
7.58455
7.592875
7.70915
7.7545
7.8361
8.101825
8.11745
8.268
8.27375
8.30925
8.337575
8.413
8.4837
8.7197
9.1804
9.2046
9.23275
9.25695
9.354425
9.4634
9.5103
9.541125
9.5617
9.581025
9.6497
9.66035
9.6619
9.69825
9.70375
9.775325
9.78705
9.90945
9.91645
9.983275
198
