0.0158
0.022275
0.04215
0.071475
0.46875
0.513775
0.51875
0.5191
0.52955
0.537825
0.546875
0.5512
0.569425
0.5703
0.5707
0.5794
0.582325
0.6053
0.60675
0.6337
0.6522
0.6539
0.6563
0.669825
0.6845
0.692075
0.6938
0.6943
0.6972
0.710725
0.7231
0.77065
0.844375
0.847
0.855225
0.872125
0.881825
0.890325
0.903325
0.94315
0.967775
0.973125
0.978975
0.97985
0.980825
0.993875
0.99455
1.004
1.03005
1.055575
1.0788
1.084725
1.099825
1.11395
1.16395
1.164375
1.176125
1.182525
1.18945
1.226375
1.258125
1.2754
1.30845
1.318625
1.328975
1.347225
1.38505
1.399525
1.40455
1.420225
1.434725
1.45295
1.473375
1.517825
1.525075
1.52655
1.5377
1.55555
1.62185
1.6229
1.740225
1.748675
1.77025
1.8145
1.85555
1.872725
1.876875
1.9933
2.0048
2.0254
2.086
2.119675
2.196175
2.2097
2.232825
2.2519
2.272375
2.3269
2.332475
2.378525
2.47295
2.490475
2.511175
2.5181
2.550075
2.601875
2.670425
2.7104
2.78255
2.814675
2.824075
2.836
2.935225
2.996
3.019825
3.045775
3.0566
3.083525
3.138125
3.158725
3.179575
3.2416
3.2526
3.293175
3.314925
3.343575
3.363225
3.5546
3.58465
3.642875
3.79525
3.8975
4.07585
4.1538
4.23525
4.250375
4.28805
4.3371
4.390575
4.404875
4.423625
4.4781
4.49215
4.493375
4.54475
4.674375
4.692975
4.7104
4.73035
4.7559
4.82955
4.883
4.949175
5.090875
5.099775
5.110325
5.117875
5.1892
5.201
5.432275
5.559175
5.6494
5.744175
5.800175
5.897725
5.9979
6.14245
6.15325
6.245025
6.27285
6.3468
6.4605
6.63105
6.636975
6.6626
6.701075
6.7063
6.898275
7.08055
7.284225
7.3714
7.8803
7.978325
8.068675
8.129075
8.321725
8.54545
8.811525
8.8201
8.84265
8.853525
8.85625
9.34505
9.3769
9.4019
9.416825
9.430925
9.4636
9.56955
9.58395
9.605975
9.80085
9.83255
203
