0.016675
0.1831
0.366675
0.411425
0.50395
0.540325
0.5462
0.559075
0.5618
0.586525
0.59395
0.6045
0.611625
0.6351
0.6367
0.65125
0.65875
0.6752
0.68035
0.683525
0.6863
0.692725
0.6961
0.719225
0.7211
0.7266
0.732125
0.74145
0.74195
0.7939
0.795675
0.8073
0.8154
0.821625
0.849425
0.851875
0.87075
0.87885
0.888
0.903125
0.911025
0.917575
0.92285
0.923
0.9248
0.927425
0.93475
0.95145
0.968275
0.98175
1.0024
1.011375
1.03075
1.035425
1.0643
1.079825
1.1339
1.143175
1.15365
1.19115
1.210625
1.2305
1.347
1.347825
1.348475
1.3632
1.3854
1.388175
1.39375
1.396325
1.445825
1.46975
1.613575
1.6457
1.662
1.6873
1.699575
1.741175
1.852825
1.868675
1.88505
1.8856
1.9348
1.962075
1.992325
2.0436
2.04765
2.0531
2.054125
2.0779
2.143175
2.159425
2.185225
2.21055
2.217225
2.369775
2.38045
2.435
2.47755
2.512075
2.51605
2.51865
2.57555
2.7233
2.79875
2.833425
2.84215
2.8624
2.8949
2.95385
3.035175
3.058425
3.079
3.173075
3.264075
3.3084
3.359025
3.39145
3.413375
3.46715
3.512875
3.5328
3.582
3.603775
3.618675
3.72975
3.762975
3.768075
3.8328
3.8901
3.9457
3.97335
4.0233
4.075025
4.078275
4.129975
4.14035
4.254325
4.3297
4.380025
4.395825
4.4075
4.515275
4.5739
4.636075
4.65215
4.857125
4.933225
5.130725
5.31095
5.31995
5.464175
5.674275
5.741675
5.77045
5.8294
5.86705
5.877725
5.97605
6.006875
6.04515
6.071725
6.092375
6.097925
6.171125
6.1759
6.221675
6.34605
6.49135
6.593025
6.630275
6.644125
6.680975
6.717875
6.76135
6.79055
6.803475
6.87025
6.870875
6.8987
6.9703
6.99175
6.99925
7.05755
7.112225
7.1216
7.1872
7.219425
7.2726
7.414475
7.724575
7.79135
7.845375
7.9242
7.947275
7.949625
7.95725
8.0496
8.274725
8.376125
8.424825
8.44385
8.484675
8.51025
8.67675
8.706675
8.895025
8.958875
9.06445
9.244325
9.3051
9.343425
9.36715
9.407075
9.61105
9.721375
9.73895
9.787725
9.799025
9.94015
220
