0.053825
0.3353
0.42935
0.438925
0.474525
0.5184
0.522225
0.524425
0.5313
0.541
0.5515
0.554625
0.563525
0.566675
0.59775
0.6075
0.614775
0.616625
0.629625
0.634
0.64625
0.664775
0.66635
0.66835
0.682825
0.6877
0.696825
0.69945
0.72335
0.73305
0.785375
0.7908
0.830425
0.845225
0.850625
0.85155
0.85705
0.8579
0.86045
0.8725
0.887625
0.953
0.96715
0.9915
1.009275
1.011
1.014025
1.015375
1.016175
1.0689
1.073875
1.103325
1.1356
1.142
1.1963
1.21625
1.264775
1.322625
1.362375
1.431225
1.442475
1.4927
1.60395
1.625025
1.6572
1.670475
1.706325
1.711275
1.715925
1.730325
1.740925
1.810225
1.82655
1.837675
1.86725
1.919025
1.9449
1.9588
1.965025
2.164925
2.18815
2.286075
2.368525
2.4239
2.431325
2.49185
2.497325
2.59985
2.657
2.67745
2.700075
2.714925
2.753725
2.790925
2.8645
2.878025
2.900675
2.958925
3.06645
3.106575
3.164875
3.254225
3.256425
3.423675
3.435125
3.435475
3.57095
3.57725
3.614825
3.6354
3.65825
3.7392
3.780275
3.79535
3.80485
4.0228
4.024225
4.032325
4.039875
4.046775
4.073875
4.087725
4.1888
4.206975
4.32285
4.3504
4.490275
4.5354
4.6307
4.698325
4.72705
4.825875
4.8529
4.95305
4.979675
5.07005
5.16165
5.224925
5.3747
5.54825
5.670475
5.69775
5.950825
5.9936
6.2491
6.2863
6.42235
6.569275
6.64485
6.697175
6.724875
6.8569
7.1949
7.228675
7.30915
7.446175
7.45625
7.464975
7.479525
7.5237
7.6628
7.769075
7.90545
7.91115
8.01655
8.08475
8.10745
8.113975
8.124775
8.22835
8.257075
8.308975
8.36215
8.3655
8.384575
8.58975
8.768775
8.8084
8.808575
8.8845
8.913075
9.07495
9.226575
9.3078
9.328575
9.458925
9.65855
9.6744
9.94855
189
