0.010475
0.10015
0.257725
0.26875
0.343425
0.45165
0.4955
0.515725
0.524525
0.554775
0.5638
0.575975
0.59825
0.59865
0.60555
0.610175
0.62775
0.63145
0.653075
0.67725
0.6917
0.70325
0.703825
0.708325
0.710625
0.712725
0.743525
0.7736
0.78815
0.798325
0.8066
0.884175
0.9036
0.9042
0.90985
0.919075
0.93525
0.93615
0.941375
0.979425
0.98315
0.987675
0.990825
1.02445
1.0344
1.0752
1.09085
1.09255
1.093275
1.1081
1.117225
1.12135
1.13265
1.140125
1.14115
1.166325
1.1791
1.179775
1.193375
1.1945
1.204025
1.246625
1.257675
1.30495
1.32765
1.3391
1.356275
1.356575
1.4525
1.5029
1.524425
1.599225
2.005425
2.0391
2.072125
2.07425
2.10805
2.1083
2.161275
2.19575
2.247
2.251875
2.29135
2.355525
2.4026
2.493875
2.510975
2.608
2.63375
2.6581
2.686075
2.7253
2.79265
2.84
2.877225
2.900675
2.909025
2.94985
3.03205
3.096775
3.2056
3.208975
3.249625
3.28725
3.44085
3.525925
3.65905
3.700575
3.7272
3.74325
3.746725
3.774525
3.9815
4.00185
4.1576
4.166575
4.1791
4.274875
4.2799
4.360675
4.4076
4.462675
4.502225
4.52245
4.567575
4.61855
4.7018
4.7697
4.858675
4.97715
4.9953
5.1072
5.153625
5.27265
5.38515
5.4141
5.650875
5.703625
5.758575
5.853275
5.855425
5.8669
5.932425
5.93975
6.19775
6.283025
6.37015
6.50685
6.586
6.597275
6.6421
6.8047
6.8168
6.906575
6.98105
6.983125
7.00755
7.04615
7.0634
7.066575
7.099175
7.12175
7.148225
7.28665
7.455775
7.51035
7.554675
7.555525
7.712675
7.786675
7.86245
7.961425
7.980575
8.070025
8.140475
8.17155
8.253675
8.3111
8.4061
8.612625
8.6422
8.702925
9.046425
9.098775
9.134
9.21625
9.254025
9.3234
9.421825
9.430075
9.55305
9.59235
9.5995
9.607425
9.646625
9.7918
9.81135
9.850175
9.942175
9.958075
200
