0.008375
0.122775
0.310825
0.31305
0.3299
0.503775
0.53065
0.541775
0.541875
0.5448
0.554675
0.615875
0.61925
0.619425
0.65985
0.672425
0.6775
0.6836
0.691725
0.7038
0.710075
0.71135
0.714825
0.726975
0.73985
0.74805
0.75725
0.7598
0.763825
0.7822
0.788675
0.804125
0.842475
0.857875
0.886975
0.9051
0.90565
0.927275
0.931825
0.93215
0.937625
0.9665
0.97895
1.009675
1.037325
1.0445
1.06805
1.096025
1.10335
1.143175
1.18135
1.20025
1.222075
1.245675
1.2787
1.29735
1.360775
1.392475
1.4027
1.4177
1.519275
1.5661
1.596275
1.605775
1.62245
1.7014
1.853275
1.86825
1.875475
1.887625
2.021325
2.0214
2.05715
2.13985
2.18765
2.1993
2.26575
2.268525
2.297275
2.379125
2.391975
2.50515
2.5169
2.588925
2.6372
2.67305
2.7258
2.727475
2.7676
2.856425
2.984725
3.002075
3.0117
3.065625
3.33785
3.338625
3.3847
3.385425
3.3989
3.41315
3.4244
3.444
3.654825
3.66445
3.674725
3.679875
3.724975
3.861975
3.956775
3.997775
4.045
4.047425
4.0498
4.0515
4.069825
4.103975
4.25735
4.3198
4.3265
4.34235
4.48655
4.500325
4.61305
4.638925
4.658775
4.67
4.84015
4.8428
4.84975
4.8758
4.985625
5.057925
5.388375
5.4009
5.4406
5.4763
5.58665
5.61335
5.6156
5.839125
5.8611
5.867125
5.924125
6.059825
6.062125
6.105025
6.12045
6.229075
6.259425
6.322925
6.366025
6.5716
6.58595
6.595125
6.669375
6.764975
6.8794
7.05245
7.12035
7.1359
7.224475
7.26335
7.49945
7.523
7.678175
7.685
7.733025
7.836
7.836675
8.08435
8.184675
8.200475
8.3032
8.3616
8.401425
8.4091
8.504125
8.7362
8.968775
9.044575
9.18805
9.21115
9.219625
9.2257
9.312175
9.679125
9.70925
9.732675
9.79745
9.871975
9.980925
191
