0.03725
0.086325
0.1231
0.164475
0.172875
0.264225
0.26555
0.3568
0.483475
0.500225
0.52255
0.523625
0.53975
0.54425
0.551375
0.57215
0.5771
0.582075
0.617275
0.6272
0.63455
0.6519
0.662025
0.663375
0.673325
0.715825
0.736875
0.75655
0.76725
0.773275
0.79535
0.797
0.80085
0.802125
0.8184
0.836275
0.8495
0.87825
0.91295
0.97465
1.044225
1.072225
1.10155
1.115725
1.20135
1.21625
1.24405
1.245225
1.2542
1.2812
1.384275
1.42125
1.5002
1.5284
1.531725
1.5385
1.5484
1.56505
1.5689
1.676175
1.80535
1.872775
1.8778
1.91745
1.94675
1.96
1.983325
2.119675
2.12425
2.16935
2.177675
2.21975
2.24155
2.2598
2.3038
2.31145
2.354125
2.36355
2.387
2.39065
2.401075
2.42965
2.490325
2.51325
2.54325
2.602775
2.61045
2.71445
2.73895
2.7922
2.8127
2.856625
2.92755
2.9892
3.013825
3.0803
3.0878
3.23295
3.2681
3.328575
3.38835
3.416575
3.4349
3.481725
3.4875
3.50885
3.6304
3.743825
3.7526
3.75865
3.9065
4.017675
4.07445
4.110925
4.12785
4.235875
4.25805
4.315
4.400425
4.441
4.47145
4.54245
4.680625
4.69325
4.695525
4.753825
4.835425
4.850475
4.92045
4.94615
5.117425
5.1285
5.238125
5.257025
5.286975
5.29255
5.305125
5.35165
5.354475
5.35615
5.406575
5.4451
5.48845
5.53545
5.55755
5.66415
5.66585
5.7284
5.911375
5.970075
6.0042
6.100875
6.13455
6.2453
6.36895
6.467525
6.5308
6.725975
6.8146
6.9758
7.20455
7.20755
7.284225
7.364725
7.4312
7.43845
7.461575
7.538475
7.577325
7.5817
7.608175
7.6666
7.680125
7.746125
7.81045
7.8606
7.870325
8.0384
8.05735
8.1232
8.14755
8.171675
8.184525
8.208775
8.280075
8.45215
8.4606
8.618425
8.631575
8.6462
8.6515
8.69975
8.7506
8.791075
8.9848
9.0876
9.183225
9.18805
9.308225
9.430675
9.4406
9.735775
202
