0.0156
0.0432
0.16975
0.207425
0.222175
0.503425
0.503525
0.50575
0.505925
0.5308
0.5553
0.56685
0.584625
0.5852
0.58685
0.60605
0.6129
0.635975
0.6398
0.64415
0.67325
0.696925
0.712975
0.71355
0.72345
0.769925
0.80495
0.80675
0.814075
0.8221
0.832225
0.8512
0.85955
0.860775
0.870525
0.8795
0.885325
0.894775
0.8998
0.917725
0.94255
0.963175
1.0034
1.02525
1.05755
1.118425
1.123075
1.16365
1.166725
1.167025
1.216975
1.231725
1.257825
1.2783
1.289675
1.30035
1.327675
1.330275
1.379725
1.396975
1.438525
1.449325
1.4585
1.460825
1.470525
1.642175
1.6845
1.71045
1.75855
1.759825
1.795225
1.7956
1.836225
2.0305
2.0405
2.138375
2.170375
2.253975
2.26885
2.286
2.319425
2.35655
2.575325
2.646725
2.660875
2.6984
2.7206
2.72595
2.75905
2.7604
2.8136
2.87975
2.94645
3.089
3.0908
3.117275
3.140475
3.219925
3.323225
3.361825
3.36615
3.3728
3.3819
3.39445
3.452325
3.47945
3.630875
3.904125
3.931225
3.949625
3.982475
4.058325
4.0754
4.110725
4.1811
4.25475
4.290925
4.33765
4.5079
4.65255
4.712225
4.733675
4.807425
4.820525
4.86735
4.86825
5.038475
5.066775
5.111375
5.1678
5.334375
5.3372
5.3478
5.46555
5.62845
5.68055
6.094325
6.1065
6.21145
6.212675
6.355575
6.45145
6.495275
6.576525
6.653675
6.69885
6.75925
6.7794
6.896675
7.016225
7.157875
7.222675
7.28865
7.295125
7.31925
7.39935
7.43335
7.485475
7.8223
8.080275
8.118175
8.234925
8.337675
8.35095
8.354875
8.61905
8.70505
8.971625
9.010625
9.468025
9.502625
9.528875
9.53155
9.6993
9.723825
9.726075
9.82165
9.88335
9.95385
179
