0.1518
0.16065
0.203575
0.27615
0.4226
0.507725
0.514925
0.5176
0.520725
0.551
0.572375
0.578325
0.579725
0.5808
0.5952
0.595675
0.600425
0.6024
0.6031
0.610275
0.620475
0.62795
0.628625
0.66345
0.66725
0.675075
0.67875
0.69905
0.7012
0.717975
0.718375
0.7288
0.753575
0.767375
0.79555
0.840575
0.845575
0.854325
0.85615
0.861925
0.864375
0.8668
0.8677
0.89745
0.91245
0.9215
0.934375
0.9491
0.961425
0.9667
0.9743
0.99785
1.011775
1.033725
1.07515
1.10915
1.1699
1.182125
1.2803
1.2972
1.30625
1.34555
1.359425
1.3661
1.428675
1.496075
1.542425
1.561725
1.5725
1.647375
1.666575
1.687825
1.728875
1.7471
1.76745
1.813575
1.909
1.91735
1.9362
1.94145
2.10615
2.149425
2.16075
2.176175
2.367825
2.4316
2.453975
2.507275
2.51445
2.604925
2.624825
2.765925
2.7914
2.810775
2.831825
2.85765
2.86255
2.8825
2.9266
2.94065
2.943775
2.999925
3.089
3.100875
3.185
3.201375
3.21485
3.222075
3.43745
3.48445
3.5946
3.611075
3.62605
3.672425
3.7165
3.8371
3.943175
4.023125
4.1691
4.171575
4.215975
4.2344
4.3053
4.32385
4.388325
4.4152
4.439
4.448525
4.46765
4.600875
4.605125
4.643
4.7376
4.787125
4.796775
4.8532
4.854
4.8784
4.9285
4.963975
5.07515
5.116075
5.146675
5.166325
5.18095
5.188075
5.25485
5.294625
5.367125
5.37825
5.4813
5.501175
5.6571
5.80695
5.839325
5.899475
5.950575
6.02465
6.03055
6.162025
6.163175
6.42655
6.556475
6.845525
6.9716
7.029025
7.038325
7.0861
7.1255
7.42185
7.506975
7.577625
7.6584
7.66465
7.92455
8.110075
8.1979
8.2961
8.342325
9.069225
9.25065
9.28575
9.299475
9.4359
9.5123
9.7839
9.78885
187
