0.087675
0.09115
0.099
0.41875
0.469325
0.502475
0.50395
0.506725
0.5326
0.544275
0.571675
0.579625
0.5884
0.6061
0.618225
0.627625
0.642025
0.6547
0.6591
0.68555
0.691325
0.6936
0.7038
0.734275
0.739375
0.7709
0.773675
0.78245
0.7836
0.81035
0.815075
0.822775
0.835725
0.8488
0.8703
0.8815
0.89835
0.903825
0.92205
0.98575
1.059275
1.0705
1.09265
1.1074
1.10955
1.11565
1.123025
1.13785
1.138925
1.141175
1.171425
1.238575
1.256275
1.27655
1.32785
1.329725
1.347575
1.3622
1.3668
1.383775
1.43925
1.453875
1.461325
1.504075
1.5309
1.543975
1.588275
1.658625
1.6899
1.732775
1.77075
1.990625
1.991575
2.008625
2.15045
2.237975
2.24945
2.2635
2.2723
2.295825
2.33165
2.4719
2.51215
2.75675
2.756825
2.76115
2.808425
2.81115
2.886675
2.9243
2.927325
2.93195
2.954875
2.97445
3.0114
3.05375
3.070475
3.096725
3.14165
3.1536
3.248675
3.2941
3.309675
3.358725
3.3961
3.407075
3.41635
3.475625
3.56845
3.632625
3.6997
3.739075
3.85295
3.875625
3.9383
4.011025
4.0226
4.08095
4.193725
4.2295
4.2516
4.28525
4.601575
4.612575
4.64755
4.710825
4.729475
4.73635
4.7533
5.019825
5.178525
5.304225
5.312875
5.403175
5.460125
5.491925
5.534575
5.5571
5.6731
5.689375
5.697275
5.83585
5.905425
5.93395
6.084975
6.1699
6.21185
6.33185
6.463975
6.472625
6.5203
6.536625
6.581675
6.603475
6.655375
6.709925
6.7304
6.837625
6.910125
7.11045
7.1559
7.224125
7.248225
7.439275
7.521375
7.758475
7.815375
7.879
7.89335
7.930825
7.941525
8.00635
8.11565
8.1963
8.233625
8.3254
8.396725
8.6372
8.7265
8.859325
8.90585
8.998925
9.02755
9.04415
9.107
9.142525
9.25335
9.26465
9.35705
9.4261
9.4855
9.6541
9.657575
9.67105
9.68195
9.731225
9.8133
9.914375
9.98585
199
