0.436575
0.50215
0.503525
0.511125
0.522725
0.546775
0.5552
0.557025
0.56005
0.5629
0.56465
0.56685
0.576875
0.577675
0.601925
0.621675
0.629675
0.644625
0.6531
0.66345
0.671975
0.7048
0.714425
0.7267
0.73365
0.73905
0.787
0.78915
0.8059
0.817825
0.81845
0.839025
0.8825
0.905125
0.92435
0.949025
0.9524
0.977
0.9987
1.0213
1.0663
1.06655
1.112225
1.114325
1.118375
1.149125
1.198875
1.207025
1.244825
1.248175
1.27055
1.286775
1.29015
1.29315
1.3019
1.3281
1.335075
1.373825
1.3854
1.388725
1.39555
1.4036
1.444725
1.4526
1.47105
1.471125
1.4938
1.498325
1.5029
1.54875
1.6226
1.6327
1.64445
1.662075
1.696075
1.733475
1.75215
1.90285
1.904675
1.934025
2.0015
2.0037
2.035025
2.04235
2.139625
2.140625
2.210075
2.23975
2.251075
2.2841
2.2915
2.32755
2.3479
2.351775
2.3889
2.40835
2.5294
2.544175
2.6066
2.610975
2.64715
2.658175
2.665525
2.735075
2.7768
2.796
2.81995
2.851725
2.959225
3.025425
3.08955
3.163625
3.16575
3.1957
3.2339
3.401575
3.418925
3.502
3.524825
3.595325
3.628275
3.64595
3.651225
3.85135
3.917975
4.0073
4.215625
4.2777
4.3135
4.350675
4.402725
4.5049
4.527575
4.728675
4.7684
4.78325
4.809125
4.84945
4.8916
4.90305
4.9148
4.9576
5.0014
5.0436
5.177625
5.1942
5.2081
5.253825
5.3385
5.417275
5.446575
5.452275
5.576525
5.58695
5.6902
5.70195
5.71275
5.8947
5.969525
6.0253
6.05115
6.0653
6.07805
6.103125
6.1223
6.1254
6.131
6.136975
6.141925
6.2875
6.296575
6.34515
6.394525
6.410675
6.464325
6.47305
6.516825
6.536425
6.5814
6.622375
6.657975
6.67835
6.6786
6.7216
6.811725
6.847225
6.905725
6.95345
7.1176
7.32395
7.39375
7.410475
7.474275
7.5311
7.5843
7.621825
7.667825
7.679575
7.703825
7.710725
7.75765
7.826
7.8449
7.94545
7.9615
7.966175
7.984875
8.0366
8.336175
8.624825
8.77615
8.800175
8.866575
8.95235
9.298675
9.298925
9.394675
9.413225
9.52325
9.56695
9.6159
9.728425
9.75515
9.792125
9.8239
9.87845
9.93715
9.965175
228
