0.0486
0.05165
0.143975
0.4141
0.4635
0.48345
0.50265
0.50355
0.5196
0.5232
0.536375
0.53715
0.5486
0.576025
0.58575
0.592275
0.637175
0.6374
0.680925
0.68705
0.693375
0.695225
0.721575
0.74605
0.752575
0.7565
0.756825
0.766275
0.784475
0.796875
0.820225
0.8369
0.853825
0.866775
0.902925
0.9164
0.924925
0.9272
0.944525
0.962925
0.963225
0.97545
0.979825
1.00945
1.0193
1.033625
1.044575
1.0889
1.1015
1.1131
1.13725
1.217375
1.241725
1.317975
1.320325
1.357575
1.36335
1.368075
1.37165
1.481825
1.4972
1.57095
1.582225
1.588425
1.63375
1.668975
1.676725
1.7021
1.703775
1.77435
1.799325
1.8068
1.817825
1.82165
1.840175
1.8865
1.9313
1.93665
1.955825
1.95825
1.96765
1.9844
1.9917
2.0172
2.021025
2.099025
2.1087
2.128925
2.1512
2.163575
2.378125
2.37825
2.380875
2.410775
2.58085
2.62335
2.82025
2.887675
3.0612
3.116775
3.12405
3.129525
3.3808
3.42795
3.460475
3.477875
3.5128
3.515625
3.6069
3.607525
3.64385
3.675025
3.67715
3.7669
3.767675
3.81315
3.9134
3.98515
4.1291
4.17185
4.22365
4.245375
4.255825
4.279825
4.305475
4.312025
4.334525
4.438425
4.610775
4.888775
4.892775
4.931175
4.9586
4.965575
5.007925
5.05255
5.11615
5.119025
5.187625
5.193225
5.19545
5.2049
5.238925
5.2759
5.361725
5.365425
5.45165
5.470675
5.54275
5.588925
5.65085
5.814975
5.840125
5.879775
5.91145
6.018075
6.0238
6.161975
6.25145
6.28455
6.316625
6.427675
6.48765
6.514625
6.6261
6.689175
6.710175
6.757575
6.7885
6.7928
6.835975
6.8839
6.897225
6.9962
7.01555
7.035625
7.045875
7.097425
7.151225
7.2733
7.495725
7.6928
7.86135
7.899575
7.912925
7.94955
8.013675
8.054475
8.06435
8.200075
8.221375
8.34595
8.560425
8.5956
8.9852
9.11485
9.14805
9.229175
9.26705
9.417725
9.418975
9.568725
9.57225
9.833725
9.890225
9.904
206
