0.042275
0.442475
0.50045
0.514625
0.5164
0.51905
0.5245
0.528675
0.545525
0.546075
0.5592
0.56595
0.575625
0.581675
0.59435
0.604175
0.606225
0.608925
0.6223
0.6229
0.62595
0.6411
0.662725
0.66625
0.6834
0.689525
0.707375
0.717825
0.74205
0.757825
0.76235
0.765125
0.772325
0.7763
0.780825
0.838525
0.84265
0.84985
0.867425
0.890775
0.90355
0.915
1.012775
1.018975
1.031075
1.054975
1.06445
1.126675
1.1904
1.215225
1.22955
1.239875
1.28225
1.309625
1.310025
1.311425
1.339025
1.339475
1.399325
1.405525
1.44405
1.4796
1.51335
1.540325
1.5517
1.675225
1.8375
1.901325
1.9136
1.931325
1.950675
1.9645
1.969575
1.98505
2.024125
2.0356
2.0495
2.07045
2.07935
2.118325
2.192675
2.356575
2.427825
2.512775
2.586175
2.65585
2.662725
2.742125
2.865175
2.8887
2.950625
2.970025
2.99925
3.015075
3.10005
3.15465
3.20265
3.213075
3.231275
3.291575
3.313225
3.3655
3.3835
3.520325
3.585025
3.681125
3.76415
3.805125
3.92985
3.94775
4.066625
4.14885
4.1635
4.184975
4.24485
4.386475
4.467625
4.5082
4.593625
4.6168
4.6186
4.68735
4.73425
4.754875
4.758075
4.8719
4.875525
4.9868
5.082
5.1106
5.13325
5.136425
5.166725
5.30235
5.342175
5.37175
5.442225
5.463725
5.495425
5.526525
5.58715
5.6335
5.701625
5.829325
5.892975
5.9439
5.964175
5.980775
6.010575
6.031975
6.07615
6.0794
6.1637
6.18445
6.214625
6.22405
6.304325
6.3588
6.45095
6.484975
6.495475
6.506975
6.53325
6.552675
6.568425
6.6972
6.705375
6.8395
6.853075
7.0248
7.1181
7.13945
7.166775
7.1998
7.272625
7.28805
7.35995
7.54775
7.724075
7.82005
7.82025
7.86225
7.9661
8.125075
8.15975
8.25625
8.45855
8.632525
8.6856
8.694625
8.7035
8.993875
9.00155
9.104325
9.10435
9.25785
9.405975
9.539975
9.76535
9.82065
9.825125
9.95655
9.98745
203
