0.037825
0.0453
0.08395
0.1229
0.176775
0.224375
0.244675
0.2804
0.285025
0.3469
0.50125
0.504175
0.511
0.5239
0.527125
0.527175
0.5302
0.5316
0.547775
0.55745
0.5751
0.593075
0.59955
0.6071
0.61515
0.627525
0.628275
0.638025
0.639125
0.639675
0.642875
0.671
0.685225
0.724475
0.72875
0.753175
0.772675
0.7791
0.7826
0.792575
0.802275
0.82225
0.83855
0.84595
0.8544
0.859275
0.9815
1.0125
1.021325
1.0281
1.03575
1.059025
1.0597
1.06185
1.065375
1.082825
1.087575
1.09495
1.0989
1.109375
1.11345
1.136075
1.136875
1.159925
1.26905
1.316025
1.346775
1.3598
1.397075
1.4011
1.40195
1.408375
1.4518
1.46245
1.50755
1.5086
1.514725
1.5346
1.546125
1.54965
1.554575
1.615475
1.6169
1.746575
1.757425
1.76115
1.78365
1.81495
1.828925
1.903225
1.9511
2.040825
2.088475
2.20255
2.260775
2.2611
2.276625
2.280225
2.311925
2.382925
2.4656
2.4911
2.49955
2.547275
2.57585
2.586375
2.6097
2.679475
2.6878
2.7113
2.71975
2.758875
2.8281
2.849025
2.90845
3.01595
3.124
3.126575
3.127575
3.178175
3.18475
3.1872
3.261775
3.29995
3.365725
3.39505
3.421325
3.439475
3.48715
3.511275
3.5776
3.59475
3.729225
3.739925
3.77715
3.880175
3.88575
3.895225
3.896225
4.065825
4.110675
4.122875
4.1293
4.204675
4.3106
4.317625
4.347075
4.525225
4.531525
4.54045
4.681025
4.7382
4.786075
4.865525
4.879475
5.09115
5.242275
5.2898
5.3565
5.3645
5.3668
5.52775
5.587425
5.633275
5.67125
5.79195
5.858425
5.960375
6.0201
6.071025
6.0761
6.134925
6.473975
6.580075
6.61515
6.63375
6.656225
6.756025
6.851425
6.94335
7.005375
7.009975
7.1329
7.13725
7.1519
7.287775
7.29695
7.401675
7.543625
7.547625
7.55515
7.561925
7.6253
7.8712
7.96125
7.964275
8.05195
8.2354
8.523325
8.656725
8.6756
8.916825
8.984625
9.037725
9.050075
9.106725
9.214175
9.229725
9.24385
9.2779
9.314875
9.329175
9.3527
9.42275
9.4656
9.615175
9.68515
9.797425
9.80195
9.8221
220
