0.007475
0.0108
0.027
0.1919
0.24335
0.25675
0.26345
0.2826
0.494025
0.500825
0.501775
0.508425
0.52965
0.538
0.5453
0.5504
0.55255
0.561875
0.568525
0.58355
0.59755
0.61485
0.615875
0.618825
0.6194
0.621375
0.646325
0.6683
0.66925
0.68115
0.6952
0.701925
0.719875
0.833075
0.845325
0.845725
0.9053
0.94695
0.9506
0.957475
0.968725
0.971525
0.99575
1.053875
1.05555
1.066125
1.0885
1.128975
1.187275
1.194175
1.1992
1.21415
1.22025
1.242825
1.25055
1.269875
1.271125
1.29925
1.309425
1.3236
1.386525
1.38855
1.3976
1.41275
1.41695
1.50235
1.665025
1.71725
1.73405
1.782025
1.837175
1.839425
1.88705
1.93195
1.98585
2.0249
2.07115
2.194475
2.196575
2.19925
2.206575
2.2312
2.271625
2.2776
2.313475
2.422625
2.43195
2.459025
2.501075
2.609875
2.63585
2.666275
2.9402
2.944125
2.966375
2.968875
3.03275
3.05175
3.173325
3.2563
3.29035
3.335075
3.343125
3.360575
3.38655
3.390375
3.64235
3.68125
3.77025
3.81325
3.816325
3.8725
3.92765
3.92985
3.971425
3.9957
4.261775
4.3901
4.401175
4.5901
4.770675
4.793825
4.82275
4.858
4.938675
4.974675
4.977775
4.97965
4.996025
5.054225
5.197175
5.360075
5.499275
5.5352
5.5489
5.7601
6.023225
6.089275
6.225125
6.27725
6.2832
6.321475
6.481375
6.673475
6.72985
6.75305
6.9569
6.9762
7.19465
7.270175
7.32565
7.3809
7.414025
7.509575
7.581825
7.625975
7.649825
7.678325
7.791
7.798375
7.82185
7.907825
8.217
8.237275
8.245075
8.246375
8.264775
8.369575
8.4467
8.5202
8.5618
8.603175
8.724175
8.795
8.897525
8.932075
9.054525
9.093175
9.242
9.275525
9.2796
9.4272
9.429825
9.43415
9.527825
9.5715
9.6722
9.695325
9.73145
9.741425
9.96215
9.99925
192
