0.0139
0.1377
0.24145
0.257475
0.370375
0.47455
0.505775
0.5108
0.519075
0.545825
0.546175
0.5589
0.57655
0.5817
0.596725
0.60705
0.609775
0.613275
0.6517
0.67015
0.672025
0.68575
0.704075
0.70685
0.7093
0.71215
0.72995
0.74825
0.7717
0.781525
0.78965
0.791225
0.79695
0.7979
0.802425
0.824875
0.86885
0.886975
0.932025
0.9495
0.96415
0.967625
1.038875
1.0767
1.121225
1.167475
1.1874
1.2261
1.241425
1.24785
1.255325
1.26925
1.300225
1.30645
1.3066
1.37185
1.419225
1.45305
1.49395
1.509825
1.554475
1.556175
1.59665
1.6193
1.677775
1.6943
1.848825
1.8531
1.856275
1.94195
2.040025
2.14175
2.2276
2.236625
2.243875
2.25315
2.30725
2.314725
2.422675
2.5282
2.532325
2.567375
2.582425
2.6327
2.66205
2.698075
2.74185
2.804775
2.86955
2.916625
2.97695
3.01455
3.0309
3.0593
3.083875
3.116325
3.11895
3.35825
3.61105
3.617175
3.69855
3.75665
3.79305
3.848325
3.8762
3.9599
4.25415
4.256825
4.2715
4.311775
4.339325
4.342425
4.5031
4.551875
4.553
4.59595
4.63645
4.6649
4.67645
5.111125
5.204975
5.252275
5.25395
5.258475
5.302075
5.327
5.3491
5.54055
5.58825
5.716075
5.720225
5.84105
5.928775
5.989525
6.0339
6.042125
6.0657
6.1149
6.20995
6.270175
6.514125
6.5142
6.541875
6.5627
6.989425
7.147225
7.160975
7.21095
7.24995
7.36175
7.390475
7.424375
7.460625
7.58155
7.60845
7.66315
7.796275
7.796475
7.932975
7.973575
8.07945
8.23435
8.302225
8.554075
8.57415
8.582875
8.671325
9.044075
9.045575
9.04815
9.097475
9.111775
9.23985
9.489525
9.645675
9.6608
9.737775
9.937475
9.97575
179
