0.05035
0.061475
0.110625
0.12175
0.19335
0.45325
0.46855
0.51015
0.510175
0.51815
0.519275
0.520575
0.52885
0.537625
0.54675
0.546925
0.547325
0.558275
0.562975
0.57045
0.57145
0.578025
0.58615
0.599775
0.604
0.60835
0.61405
0.614625
0.622975
0.624
0.63055
0.6311
0.63335
0.664625
0.738075
0.741975
0.762975
0.7953
0.8366
0.838125
0.8471
0.865275
0.865325
0.891425
0.923175
0.934075
0.95855
0.9616
0.9776
0.978525
1.035075
1.057675
1.079775
1.109625
1.152275
1.206775
1.2087
1.21545
1.25745
1.2651
1.269925
1.274
1.31115
1.3439
1.345975
1.353775
1.42845
1.45725
1.472375
1.667375
1.732625
1.775425
1.823125
1.882625
1.977375
1.98175
1.99635
1.99945
2.0621
2.11615
2.2319
2.233075
2.268825
2.312575
2.3563
2.392325
2.4107
2.559375
2.613525
2.6589
2.706625
2.72555
2.7955
2.82105
2.88635
2.920575
2.9331
2.977525
2.988125
2.996175
3.001725
3.132825
3.141825
3.144075
3.1517
3.2256
3.27075
3.28875
3.32215
3.3645
3.3813
3.411325
3.44555
3.461325
3.533275
3.583675
3.66695
3.697575
3.7306
3.757675
3.8234
3.83215
3.842875
3.87115
3.910525
4.01055
4.1117
4.13225
4.147625
4.303125
4.338475
4.6328
4.645175
4.660475
4.83905
4.859925
4.89125
4.9309
4.957575
4.9671
5.23225
5.246275
5.376325
5.56275
5.662875
5.671425
5.691625
5.7372
5.81325
5.857275
5.858725
6.08235
6.2773
6.380225
6.389575
6.4029
6.5015
6.564125
6.568425
6.641025
6.6512
6.71105
6.80965
6.8702
6.89625
7.02115
7.110325
7.111325
7.146025
7.363725
7.378275
7.40525
7.463325
7.478
7.699725
7.8104
7.83615
7.9414
7.99025
8.045425
8.109725
8.48605
8.5102
8.59345
8.6687
8.85815
8.950325
8.9931
9.172625
9.186775
9.21865
9.28985
9.3325
9.396025
9.456075
9.4759
9.485225
9.518325
9.5881
9.661775
9.745275
9.75875
9.777575
9.819275
9.88435
9.91995
206
