0.039
0.073175
0.075
0.0903
0.132825
0.167025
0.5146
0.54125
0.565525
0.5741
0.5821
0.5841
0.58465
0.606275
0.6074
0.622475
0.65835
0.694775
0.69485
0.71225
0.734975
0.769925
0.778275
0.782675
0.790075
0.793675
0.807475
0.811975
0.81865
0.852625
0.866075
0.8682
0.8692
0.87285
0.89805
0.9576
0.992225
0.992775
1.02645
1.06925
1.08375
1.161425
1.221575
1.2236
1.226525
1.230125
1.266425
1.3399
1.37565
1.41435
1.42245
1.44955
1.49585
1.519975
1.5579
1.5938
1.6199
1.6269
1.71155
1.817875
1.83095
1.835175
1.88825
1.896275
1.8984
1.9018
1.908
1.918225
1.96455
1.96515
1.97555
2.023425
2.06505
2.0838
2.12295
2.13015
2.1735
2.180875
2.210025
2.21845
2.2202
2.22685
2.245675
2.3324
2.343625
2.401875
2.4409
2.5663
2.6763
2.771225
2.8236
2.86995
2.876075
2.879375
2.934475
2.9384
2.980125
2.994375
3.172625
3.247825
3.305975
3.373125
3.42605
3.48435
3.49085
3.562625
3.592275
3.651
3.654825
3.829175
3.845875
3.866175
3.939325
3.9663
4.011475
4.084425
4.204025
4.204975
4.2147
4.22465
4.276625
4.293575
4.39185
4.527375
4.6117
4.64375
4.725125
4.822325
4.950425
4.99515
5.280075
5.283175
5.4143
5.50605
5.506625
5.5359
5.674
5.89735
5.915825
6.0122
6.017525
6.174575
6.259775
6.3903
6.444975
6.552475
6.676275
6.687775
6.78385
6.829625
6.86135
6.88
7.04775
7.390025
7.400275
7.439725
7.5587
7.86355
8.03385
8.0923
8.276075
8.308125
8.41425
8.4574
8.547525
8.6445
8.75285
8.83745
9.0066
9.0916
9.11595
9.22155
9.2923
9.550475
9.914875
175
