0.010425
0.066075
0.3397
0.42225
0.475575
0.478975
0.502975
0.505275
0.507125
0.508725
0.513625
0.516225
0.585175
0.59685
0.606925
0.613475
0.6169
0.6256
0.62675
0.6345
0.646175
0.669375
0.672225
0.693675
0.7077
0.7169
0.720575
0.7228
0.732375
0.73945
0.7459
0.74755
0.7655
0.770575
0.80325
0.817225
0.836175
0.863525
0.8641
0.9037
0.9229
0.927525
0.936975
0.95995
0.9764
1.02295
1.035125
1.071725
1.09045
1.155475
1.16305
1.169175
1.19355
1.223975
1.23835
1.270975
1.275725
1.280375
1.303775
1.307825
1.319325
1.375925
1.3812
1.38215
1.3857
1.404825
1.4272
1.438
1.46495
1.512825
1.517575
1.53915
1.569375
1.583875
1.629775
1.68065
1.7041
1.70875
1.78455
1.85125
1.8527
1.857525
1.859225
1.89685
1.899525
1.916225
1.959
1.98165
2.0275
2.03615
2.040725
2.05755
2.118675
2.12595
2.140875
2.15705
2.1855
2.211225
2.29805
2.32895
2.380575
2.402375
2.414925
2.4784
2.577
2.591625
2.592425
2.6019
2.729225
2.7381
2.800225
2.88135
2.89875
3.009725
3.1358
3.184675
3.242675
3.24715
3.3223
3.52335
3.548025
3.5991
3.64805
3.68555
3.84535
3.9054
3.908375
3.9434
4.031975
4.051725
4.144825
4.21205
4.26955
4.301175
4.3172
4.3198
4.365025
4.4377
4.658075
4.708975
4.72025
4.76235
4.766475
4.807675
4.892675
4.945225
4.974725
4.994975
5.190175
5.416075
5.441125
5.545
5.627375
5.6405
5.665975
5.6737
5.71185
5.759075
5.795675
5.9687
6.08335
6.116925
6.141075
6.223725
6.23055
6.2545
6.282625
6.291825
6.3191
6.342675
6.485875
6.554425
6.627025
6.652025
6.7412
6.7478
6.779575
6.831475
6.848925
6.927825
6.991025
7.012925
7.067175
7.104675
7.177775
7.2521
7.2735
7.371925
7.4088
7.4933
7.53495
7.6483
7.65525
7.711825
7.79565
7.82095
7.895225
7.951525
8.05755
8.1094
8.178875
8.304375
8.30995
8.3415
8.3418
8.364225
8.376525
8.421125
8.4615
8.609575
8.615375
8.669375
8.77915
8.819425
8.872525
8.9761
9.048825
9.05745
9.205675
9.2511
9.313475
9.427725
9.429925
9.5907
9.6269
9.641975
9.9093
227
