0.04105
0.15385
0.27905
0.306425
0.508925
0.532125
0.533375
0.54415
0.555475
0.556525
0.55855
0.559525
0.56445
0.5849
0.589075
0.619225
0.6322
0.643825
0.658625
0.6589
0.675175
0.68565
0.6866
0.714025
0.745475
0.74735
0.752025
0.755925
0.789375
0.8008
0.808975
0.81665
0.817675
0.8641
0.8665
0.881325
0.910125
0.91355
0.939975
0.940875
0.96315
0.992575
1.050075
1.0925
1.108625
1.12825
1.166175
1.205475
1.23115
1.252275
1.266125
1.329325
1.3395
1.355325
1.3987
1.4602
1.5148
1.524
1.559125
1.570025
1.579275
1.5964
1.627375
1.681625
1.704725
1.72375
1.739325
1.77745
1.8008
1.802175
1.82555
1.844
1.94095
2.003725
2.02865
2.08725
2.08745
2.106625
2.160825
2.186725
2.250325
2.259625
2.311325
2.326325
2.3321
2.40755
2.4535
2.513025
2.581825
2.644925
2.7369
2.875675
2.880675
2.889625
2.952975
3.072975
3.107275
3.11245
3.1583
3.17505
3.193025
3.2153
3.238875
3.265325
3.26955
3.324425
3.48175
3.5691
3.6366
3.648925
3.680325
3.93195
3.945975
3.95515
4.013075
4.041275
4.05975
4.09105
4.114325
4.1145
4.134825
4.238375
4.25335
4.333625
4.360575
4.36155
4.5602
4.598475
4.598925
4.623525
4.68535
4.749775
5.095875
5.1354
5.14135
5.151775
5.282
5.3134
5.31455
5.435225
5.45935
5.46805
5.5103
5.5759
5.58505
5.612875
5.771425
5.7832
5.843075
5.888325
5.902825
5.926025
6.187775
6.50615
6.52
6.555525
6.6999
6.935
6.952525
6.982125
6.99665
7.311825
7.377175
7.399925
7.43515
7.5118
7.556025
7.6192
7.721775
7.805825
7.825875
7.901275
7.911075
7.922325
8.0476
8.137375
8.28245
8.30105
8.546275
8.73685
8.76475
8.77545
8.77805
8.918925
8.9278
9.114825
9.276625
9.282925
9.322025
9.32985
9.3342
9.432625
9.509225
9.541175
9.575025
9.870125
9.998225
197
