0.0305
0.0354
0.147925
0.34725
0.487225
0.50435
0.507025
0.50735
0.5138
0.5247
0.541675
0.544575
0.54725
0.55105
0.561225
0.5649
0.572475
0.5876
0.590575
0.624325
0.62795
0.6299
0.63275
0.66045
0.662125
0.67365
0.720375
0.72815
0.7405
0.76585
0.7927
0.82005
0.823725
0.8239
0.83455
0.84125
0.852775
0.87505
0.900175
0.93205
0.952525
1.004025
1.012325
1.0954
1.1419
1.147975
1.1513
1.187225
1.2249
1.226375
1.23805
1.2663
1.296375
1.2971
1.322775
1.3612
1.3765
1.3814
1.40865
1.441575
1.44615
1.470375
1.491575
1.493825
1.5365
1.568875
1.6264
1.643275
1.6959
1.714475
1.79745
1.81355
2.018225
2.025275
2.032475
2.038425
2.128825
2.1414
2.15615
2.158775
2.163125
2.176825
2.19805
2.209225
2.234275
2.256275
2.263075
2.32645
2.340775
2.423275
2.49905
2.521825
2.68925
2.7389
2.755825
2.771975
2.805225
2.935
2.9644
3.10785
3.19345
3.206925
3.23135
3.262625
3.266125
3.30095
3.3996
3.400625
3.583175
3.603725
3.685825
3.69985
3.73085
3.8065
3.846525
3.9474
4.0284
4.092075
4.09385
4.139875
4.146225
4.216275
4.2469
4.316725
4.47145
4.671025
4.7617
4.7733
4.8652
4.935375
5.034
5.064625
5.125175
5.161775
5.212725
5.25315
5.2944
5.297275
5.31975
5.324275
5.445725
5.5007
5.685525
5.831175
6.052075
6.10255
6.111525
6.3119
6.3283
6.37425
6.416275
6.581075
6.719475
6.75805
6.91315
7.1754
7.24395
7.28445
7.509775
7.5884
7.5898
7.59675
7.73835
7.77065
7.807525
7.874125
7.97275
8.03065
8.0465
8.082275
8.096175
8.424525
8.684625
8.740725
8.757275
8.78045
8.809825
8.81225
8.858275
9.111175
9.1635
9.27065
9.303875
9.368875
9.37855
9.45115
9.470175
9.480875
9.725575
9.874375
9.9047
9.959275
192
