0.043575
0.24135
0.311375
0.3327
0.3493
0.458125
0.4881
0.52185
0.5436
0.554975
0.55705
0.5586
0.56455
0.576075
0.58975
0.5912
0.59845
0.5987
0.64155
0.648825
0.66155
0.6675
0.68725
0.692425
0.70075
0.701675
0.70175
0.705975
0.7306
0.769075
0.773425
0.783425
0.874525
0.88305
0.8943
0.9
0.922725
0.93185
0.949425
0.986225
1.0015
1.00685
1.0264
1.088725
1.098275
1.127075
1.1683
1.208175
1.23515
1.246625
1.257125
1.269475
1.29015
1.292675
1.3693
1.3746
1.467725
1.528025
1.6566
1.692275
1.743775
1.845925
1.88535
1.913775
1.92885
1.973775
2.0115
2.046775
2.06035
2.0698
2.112725
2.1236
2.1245
2.223625
2.315575
2.398575
2.446075
2.5455
2.600375
2.68325
2.69265
2.701575
2.7068
2.709425
2.71155
2.834
2.866375
2.891775
2.964825
3.056675
3.0571
3.129025
3.15235
3.193975
3.261325
3.2903
3.310225
3.3602
3.54795
3.5544
3.597275
3.613425
3.619875
3.697475
3.7064
3.77965
3.8955
3.9687
3.99545
4.1418
4.18745
4.229325
4.32305
4.372225
4.43975
4.471
4.578575
4.6695
4.72325
4.74845
4.754625
4.8303
4.8942
5.01825
5.067
5.1352
5.293475
5.36625
5.3938
5.409925
5.469425
5.52
5.588525
5.7901
5.868725
5.9581
5.969125
5.9968
6.1386
6.210925
6.3924
6.457325
6.563425
6.69695
6.69705
6.826375
6.940875
7.2191
7.304175
7.51205
7.52595
7.562525
7.571925
7.913725
8.075
8.288775
8.495025
8.504775
8.692175
8.717925
8.74195
8.7766
8.866525
8.947
8.993875
9.030275
9.196575
9.364
9.43585
9.555275
9.779725
9.85135
9.867225
9.929175
174
