0.037225
0.190375
0.2268
0.26265
0.4779
0.50035
0.509525
0.515025
0.524725
0.5259
0.539275
0.554075
0.5867
0.5953
0.60875
0.609925
0.6193
0.621675
0.627975
0.63215
0.63845
0.651075
0.6551
0.6705
0.67475
0.6967
0.703675
0.711025
0.714775
0.7177
0.720425
0.72255
0.7732
0.773425
0.7784
0.8067
0.8261
0.88115
0.883225
0.891125
0.89785
0.8984
0.902675
0.919375
0.92525
0.948475
0.97195
0.98705
0.989525
0.9922
0.996525
1.013775
1.028875
1.04475
1.051925
1.0682
1.081175
1.082675
1.139775
1.150975
1.1674
1.24275
1.2695
1.3309
1.340275
1.341
1.3534
1.390125
1.398225
1.4121
1.433275
1.438225
1.46435
1.62435
1.68575
1.729525
1.73715
1.763025
1.764625
1.779975
1.79845
1.8112
1.863975
1.872525
1.923725
1.968475
1.971825
1.9828
1.9968
2.07485
2.098075
2.213525
2.323675
2.336875
2.37015
2.38525
2.401
2.444125
2.50305
2.506375
2.507675
2.626825
2.636025
2.637575
2.670525
2.69165
2.717475
2.938175
2.949725
3.080775
3.136275
3.164575
3.17685
3.1963
3.260975
3.278425
3.378025
3.4229
3.505275
3.772375
3.78345
3.8148
4.092875
4.212525
4.241475
4.32455
4.50355
4.589
4.80525
4.81375
4.845225
5.0563
5.094625
5.1736
5.2649
5.2968
5.36105
5.386425
5.427575
5.5993
5.74295
5.82925
5.941325
5.98025
5.999475
6.14575
6.23165
6.2424
6.253075
6.360175
6.4308
6.462
6.52455
6.626925
6.637575
6.706375
6.981175
6.982625
7.005575
7.0645
7.07655
7.2357
7.3186
7.347425
7.44155
7.516475
7.54785
7.57275
7.59995
7.635425
7.7115
7.73415
7.839575
7.895925
7.98045
8.032
8.09665
8.16705
8.181275
8.20025
8.22305
8.34895
8.37085
8.389875
8.4423
8.50545
8.784175
8.89165
8.94875
8.988325
9.060475
9.09995
9.221875
9.309575
9.522025
9.522525
9.5752
9.625725
9.66825
9.9494
200
