0.030775
0.1306
0.14095
0.46225
0.519325
0.53325
0.53995
0.541575
0.559075
0.56185
0.563375
0.564375
0.5812
0.61245
0.6351
0.654325
0.6607
0.663775
0.678025
0.707525
0.7295
0.765725
0.7666
0.822125
0.833775
0.852725
0.872525
0.87395
0.880425
0.89145
0.900825
0.946725
0.978175
0.997375
1.0005
1.0505
1.13215
1.155275
1.1837
1.2296
1.23625
1.2646
1.26515
1.26675
1.2838
1.344625
1.440875
1.542575
1.590425
1.6807
1.68165
1.70735
1.73475
1.7523
1.754875
1.7619
1.794025
1.858275
1.8909
1.9453
1.9776
2.001975
2.04115
2.048325
2.11975
2.309925
2.312575
2.375075
2.4257
2.523575
2.525975
2.542525
2.5777
2.603125
2.6237
2.636725
2.67325
2.7299
2.7637
2.816925
2.8676
2.86915
2.87475
2.879625
2.929425
2.9623
2.9691
2.971775
3.013675
3.019825
3.19875
3.2125
3.242775
3.243175
3.252475
3.293425
3.338025
3.535675
3.684025
3.80995
3.84585
3.851275
3.882875
3.88755
3.9199
4.009725
4.1405
4.223725
4.23715
4.244175
4.336825
4.382725
4.394675
4.43965
4.495425
4.535125
4.57115
4.6276
4.648775
4.724875
4.73755
4.768875
4.785425
4.8485
4.868975
4.9201
4.96405
5.03555
5.039225
5.053675
5.108925
5.237575
5.240425
5.30525
5.354025
5.386
5.400675
5.51795
5.642075
5.77135
5.786325
5.9666
5.979725
6.008825
6.043625
6.08385
6.356225
6.48375
6.4876
6.5019
6.56065
6.620375
6.724825
6.778075
6.851525
6.89595
6.9253
6.9353
6.9444
6.94755
7.053325
7.202475
7.269375
7.31975
7.350475
7.49715
7.569675
7.61835
7.859525
7.88565
8.186075
8.309225
8.31025
8.592375
8.593725
8.662525
8.70905
8.7282
8.810425
8.918225
8.93705
9.035575
9.157875
9.185475
9.2321
9.31105
9.558425
9.575275
9.669875
9.830875
9.83435
9.9221
9.99645
193
