0.030375
0.047775
0.076825
0.09825
0.154425
0.1778
0.350425
0.418225
0.4652
0.502225
0.520225
0.52265
0.547675
0.549375
0.5651
0.566275
0.581325
0.583075
0.6008
0.616075
0.637425
0.648875
0.668775
0.678025
0.690125
0.704575
0.714975
0.719475
0.782125
0.7941
0.797825
0.818175
0.818925
0.8215
0.846325
0.877125
0.907825
0.907975
0.91205
0.92765
0.935725
0.9436
0.966325
0.97665
0.998175
1.018075
1.038175
1.059425
1.064125
1.0682
1.070625
1.141225
1.143125
1.144
1.15215
1.168025
1.203075
1.2697
1.317975
1.35635
1.41315
1.420625
1.43295
1.441725
1.456625
1.46615
1.488425
1.52585
1.54685
1.5576
1.580575
1.619975
1.648725
1.6799
1.726825
1.7705
1.8321
1.832725
1.885375
1.892625
1.90725
1.920175
1.9305
1.933875
2.01725
2.048575
2.075475
2.085525
2.1888
2.2599
2.275125
2.44695
2.447025
2.502
2.557025
2.77285
2.781625
2.86705
2.87805
2.947575
2.997425
3.071575
3.16795
3.201575
3.265125
3.2833
3.34525
3.39185
3.517175
3.5277
3.588325
3.72
3.874125
3.951575
4.0637
4.064175
4.077175
4.123825
4.205325
4.262675
4.275825
4.3633
4.545775
4.6181
4.9255
4.99085
5.046925
5.05875
5.104225
5.239275
5.308775
5.325825
5.366575
5.44835
5.60945
5.624475
5.7497
5.75165
5.900675
5.982725
5.991225
6.02615
6.12705
6.1666
6.31385
6.425075
6.541425
6.557675
6.674
6.7855
6.82615
6.974025
7.102625
7.104075
7.10675
7.1187
7.134975
7.280425
7.294125
7.3591
7.406375
7.422975
7.603525
7.651025
7.672775
7.709375
7.85625
7.952175
7.984575
8.157125
8.209825
8.428625
8.6655
8.6924
8.851575
9.035525
9.12615
9.13305
9.198
9.24165
9.38515
9.469275
9.485675
9.586975
9.62175
9.855325
9.895025
9.93215
9.9597
189
