0.0747
0.089325
0.465875
0.5132
0.5376
0.53875
0.53915
0.561025
0.578375
0.587775
0.588625
0.594175
0.604725
0.616175
0.61785
0.618725
0.61915
0.61995
0.62155
0.659175
0.6719
0.698375
0.699725
0.701625
0.714675
0.71795
0.718025
0.731525
0.7342
0.7477
0.758625
0.8037
0.84
0.84925
0.854375
0.8877
0.889175
0.9305
0.9355
0.949675
0.96355
0.9827
1.01335
1.0185
1.035825
1.038025
1.09615
1.0972
1.0976
1.11315
1.2696
1.292075
1.299175
1.31855
1.347125
1.3477
1.3693
1.41365
1.443225
1.479275
1.516725
1.63595
1.718625
1.74355
1.804325
1.812575
1.81335
1.834925
1.8636
1.936025
1.9557
2.011125
2.027725
2.100175
2.14925
2.17575
2.210425
2.37015
2.3949
2.431625
2.496575
2.5549
2.561025
2.577425
2.621375
2.635125
2.87315
2.873425
2.9289
2.96465
3.040475
3.04085
3.04215
3.10665
3.3245
3.373325
3.3912
3.486475
3.4942
3.541975
3.649625
3.6825
3.92025
3.95875
3.97175
3.99085
4.071275
4.09925
4.239275
4.2559
4.267225
4.636275
4.80705
4.807775
4.81735
4.93545
4.954
5.13145
5.166825
5.26475
5.29595
5.299725
5.350575
5.422225
5.451925
5.608225
5.613725
5.6214
5.65905
5.72515
5.79065
5.897425
5.940425
5.9664
6.01475
6.03085
6.043
6.050825
6.083025
6.118575
6.13095
6.21615
6.275625
6.3167
6.445225
6.671825
6.696875
6.894525
7.115775
7.180225
7.202425
7.28325
7.332325
7.389375
7.497175
7.50915
7.522975
7.537725
8.176925
8.820175
8.8746
8.90255
9.028575
9.14075
9.14315
9.3067
9.351925
9.3808
9.411825
9.485925
9.518625
9.524325
9.560775
9.56545
9.705725
175
