0.050875
0.120025
0.204975
0.284575
0.3019
0.35715
0.47635
0.49435
0.50695
0.508475
0.52905
0.534725
0.53815
0.546175
0.547675
0.54995
0.55245
0.55835
0.562725
0.56575
0.572525
0.580725
0.586025
0.625825
0.667025
0.668
0.70245
0.7317
0.7615
0.7919
0.8134
0.84115
0.84595
0.864225
0.874125
0.890725
0.895875
0.906175
0.918925
0.92925
0.93625
0.952675
0.95565
0.978125
1.00655
1.035925
1.046825
1.0496
1.0925
1.111675
1.1141
1.147625
1.16905
1.18575
1.2203
1.237675
1.251625
1.28625
1.29505
1.303175
1.31625
1.33805
1.338175
1.401025
1.45965
1.4685
1.4732
1.52935
1.580225
1.6679
1.69225
1.747725
1.75245
1.7836
1.794775
1.8242
1.847075
1.971925
2.0249
2.090125
2.09645
2.1001
2.108525
2.146625
2.1681
2.170025
2.28335
2.3784
2.3797
2.3828
2.55165
2.57395
2.58005
2.594075
2.667075
2.7286
2.921675
2.95885
3.013025
3.0416
3.124725
3.1366
3.2354
3.318425
3.37305
3.4575
3.51765
3.66465
3.7017
3.706675
3.86755
3.878
3.920025
3.929875
4.161975
4.241375
4.242575
4.427875
4.559225
4.5642
4.6533
4.724175
4.834425
4.89815
4.917775
4.94675
4.95745
5.0002
5.11725
5.118125
5.143175
5.23445
5.248475
5.272975
5.341875
5.413975
5.42045
5.52105
5.54615
5.607725
5.639275
5.6416
5.6925
5.767825
5.774825
5.7858
5.88925
5.97685
6.061275
6.06975
6.1241
6.2245
6.35625
6.40085
6.442675
6.453675
6.456325
6.5708
6.6181
6.65755
6.730375
6.746625
6.75465
7.125175
7.191825
7.39755
7.398375
7.555025
7.590325
7.60675
7.672925
7.8454
7.99795
8.042125
8.091
8.1062
8.207175
8.254175
8.36
8.384225
8.460775
8.492475
8.544925
8.5475
8.55075
8.6519
8.6651
9.003475
9.02705
9.075075
9.280725
9.3579
9.42085
9.63845
9.700475
9.798425
196
