0.048475
0.17755
0.32775
0.331275
0.442575
0.507225
0.51525
0.529675
0.532075
0.544725
0.5464
0.548425
0.5509
0.57295
0.5889
0.595475
0.5995
0.61155
0.623625
0.644725
0.65945
0.663075
0.6731
0.712125
0.736425
0.7369
0.73725
0.756475
0.76145
0.764825
0.766925
0.77755
0.782175
0.793575
0.8088
0.829025
0.839575
0.84295
0.84705
0.86465
0.865075
0.887825
0.8938
0.8955
0.908925
0.911275
0.9945
1.04505
1.07075
1.081125
1.09855
1.112725
1.12575
1.14015
1.14095
1.214925
1.231725
1.258275
1.289025
1.303975
1.312475
1.316175
1.32975
1.343125
1.3591
1.36255
1.363325
1.3854
1.409125
1.4097
1.413875
1.41615
1.448625
1.471075
1.4803
1.495525
1.51485
1.558825
1.6183
1.6274
1.64165
1.660875
1.73465
1.750525
1.866275
1.880975
1.9877
2.00125
2.0098
2.026075
2.036125
2.06685
2.070375
2.107725
2.110775
2.124725
2.133225
2.16605
2.23865
2.244825
2.35055
2.354575
2.431875
2.45185
2.47085
2.561175
2.59675
2.704575
2.7748
2.7854
2.838925
2.850975
2.9286
3.0252
3.031075
3.04275
3.062875
3.175275
3.2672
3.467425
3.4708
3.4748
3.574625
3.593375
3.76035
3.865375
3.937725
4.11975
4.1836
4.3471
4.420125
4.5313
4.62775
4.73775
4.7669
4.817825
4.88455
4.96335
4.987475
5.064275
5.097575
5.212375
5.29305
5.304675
5.354075
5.37695
5.4026
5.692075
5.858675
5.939575
5.978125
5.9892
6.08235
6.128375
6.1327
6.17425
6.195925
6.222275
6.240375
6.241425
6.343475
6.361325
6.3718
6.40365
6.486275
6.5627
6.584075
6.605575
6.77695
6.78345
7.042375
7.085325
7.095825
7.33945
7.4722
7.524275
7.54245
7.573175
7.68655
7.7362
7.900375
7.90675
7.913025
7.928875
7.935525
7.96435
8.066075
8.10605
8.147175
8.22675
8.241
8.2451
8.303275
8.378275
8.4445
8.4475
8.569975
8.71235
8.7798
8.7822
8.8354
8.8544
8.89725
9.3173
9.4206
9.650325
9.6635
9.754275
9.757625
9.90905
9.940525
9.96995
9.989475
213
