0.1355
0.198875
0.24775
0.329525
0.369125
0.402225
0.506425
0.508875
0.51815
0.523325
0.5274
0.534575
0.538475
0.54185
0.55885
0.56255
0.58255
0.58935
0.5907
0.591
0.59155
0.624225
0.6299
0.633225
0.635925
0.638625
0.645525
0.671
0.673925
0.698075
0.699575
0.70355
0.712625
0.719025
0.7475
0.750075
0.755325
0.76435
0.774825
0.839675
0.858525
0.86675
0.886025
0.936475
0.9402
0.94055
0.941525
0.948825
0.991725
1.0136
1.016525
1.0266
1.040325
1.05015
1.0653
1.068525
1.075125
1.112525
1.126875
1.1316
1.1393
1.14325
1.1449
1.147625
1.148075
1.15075
1.152
1.1532
1.1659
1.186475
1.2659
1.278975
1.283925
1.32345
1.3274
1.33535
1.373125
1.378125
1.457425
1.494375
1.505525
1.542075
1.552175
1.55375
1.60685
1.613125
1.621075
1.6288
1.6513
1.74165
1.75605
1.766
1.799275
1.80815
1.82915
1.847625
1.9308
1.9585
1.993125
2.005775
2.034575
2.072525
2.218375
2.315775
2.3273
2.401475
2.475325
2.50625
2.541625
2.621925
2.63175
2.650725
2.71345
2.738875
2.796125
2.823075
2.834675
2.846575
3.066775
3.077275
3.085775
3.19895
3.20135
3.20315
3.2732
3.424525
3.497775
3.53415
3.602125
3.619475
3.638725
3.732325
3.756425
3.772125
3.8996
4.108425
4.11855
4.171025
4.32945
4.389925
4.501175
4.538475
4.5433
4.5507
4.552775
4.604275
4.6064
4.6894
4.70095
4.704875
4.794725
4.893375
4.9113
4.971825
5.0523
5.2485
5.258675
5.274775
5.27735
5.42545
5.727125
5.7916
5.8629
5.91195
6.05395
6.099875
6.1164
6.164125
6.289425
6.30755
6.36855
6.379275
6.682
6.697825
7.256125
7.263575
7.27885
7.346175
7.35025
7.4501
7.596775
7.6853
7.722675
7.7579
7.988525
8.038475
8.10765
8.234425
8.2579
8.361175
8.4039
8.421375
8.459525
8.656975
8.73275
8.733025
8.7493
8.967575
9.076925
9.398425
9.414
9.6868
9.909325
203
