0.025
0.238125
0.310825
0.49375
0.509725
0.51185
0.53425
0.53915
0.554375
0.554825
0.5609
0.564575
0.5659
0.566475
0.5722
0.59915
0.60475
0.613525
0.614675
0.61745
0.617475
0.618325
0.6237
0.624525
0.6421
0.64295
0.645475
0.6535
0.660775
0.663725
0.67245
0.6837
0.69465
0.7052
0.70955
0.711
0.716825
0.7385
0.76035
0.7664
0.7777
0.778875
0.79515
0.799675
0.8204
0.824425
0.8515
0.857325
0.872675
0.90245
0.938875
0.9996
1.02215
1.0242
1.046575
1.1071
1.12185
1.1383
1.1485
1.1634
1.210425
1.22
1.26785
1.321
1.3573
1.388775
1.445
1.54685
1.650725
1.652375
1.667275
1.674575
1.716775
1.77685
1.7951
1.805875
1.820375
1.837825
1.849575
1.940575
1.979875
2.011325
2.01325
2.042825
2.094625
2.1331
2.235225
2.269
2.271275
2.298275
2.3031
2.316825
2.384425
2.385725
2.3985
2.403425
2.455775
2.506125
2.529875
2.531325
2.5445
2.6383
2.64255
2.678625
2.7132
2.7316
2.7644
2.8066
2.923425
2.92975
2.96155
3.027125
3.084375
3.094025
3.1362
3.19955
3.21625
3.266375
3.30795
3.317925
3.422475
3.500375
3.69345
3.72425
3.758825
3.8979
3.901225
3.92805
3.961375
4.088075
4.105525
4.134575
4.161025
4.162775
4.19515
4.42235
4.474025
4.562425
4.583125
4.660075
4.706925
4.708875
4.8262
4.853175
4.868975
4.903825
4.930025
5.137825
5.164575
5.340275
5.443225
5.48365
5.5549
5.602575
5.63725
5.644675
5.717075
5.867125
5.939075
6.031675
6.0363
6.049925
6.25485
6.56695
6.59745
6.606825
6.705325
6.7921
7.389125
7.416775
7.420775
7.427875
7.5376
7.537775
7.626525
7.667275
7.79755
7.906075
8.07605
8.07765
8.316675
8.328025
8.346825
8.48945
8.522
8.67425
8.789025
8.801625
8.923975
8.9246
8.9808
9.0404
9.111975
9.115175
9.13755
9.230425
9.4225
9.423
9.6613
9.70275
9.715925
9.79355
9.87195
9.98385
204
