0.207825
0.283625
0.32675
0.3324
0.427375
0.509125
0.5179
0.520825
0.533625
0.534125
0.554675
0.560425
0.56655
0.5669
0.5717
0.575975
0.577175
0.58455
0.592175
0.59225
0.595575
0.61585
0.62055
0.63405
0.649625
0.67375
0.69085
0.69385
0.6974
0.73395
0.750575
0.754075
0.7656
0.76785
0.770975
0.77335
0.792975
0.7987
0.80135
0.8109
0.817075
0.829575
0.8583
0.8803
0.8838
0.88785
0.925075
0.9723
0.992875
0.995575
1.041775
1.0419
1.0453
1.087575
1.149775
1.151325
1.1686
1.192875
1.257425
1.2602
1.2635
1.441275
1.52495
1.580725
1.5981
1.627625
1.633625
1.701725
1.80185
1.851725
1.863775
1.9007
1.9295
2.07995
2.1496
2.202925
2.224975
2.246625
2.288975
2.2942
2.352325
2.4594
2.542925
2.7402
2.756825
2.7773
2.80205
2.82075
2.867825
2.880225
3.094875
3.0994
3.125275
3.1657
3.18655
3.2135
3.2236
3.369525
3.3928
3.496775
3.556575
3.566075
3.63035
3.65075
3.6998
3.7108
3.79725
3.882275
3.8958
4.09545
4.24195
4.304275
4.35895
4.495025
4.49795
4.53165
4.53225
4.541775
4.70655
4.82545
4.84115
5.047475
5.07405
5.121425
5.176475
5.251925
5.2558
5.30935
5.388375
5.456675
5.576125
5.599975
5.671725
5.678625
5.707975
5.84385
5.90625
5.995775
6.0324
6.045225
6.12795
6.204325
6.256325
6.337025
6.3675
6.3881
6.390325
6.41805
6.5016
6.5716
6.79275
6.8416
6.932475
6.979625
7.0916
7.1174
7.2224
7.3094
7.382975
7.3896
7.64675
7.860225
7.922875
8.00135
8.03215
8.19505
8.212375
8.335775
8.3647
8.4096
8.410875
8.413975
8.663825
8.666375
8.67925
8.781375
8.8899
8.99815
9.11725
9.232275
9.3175
9.4145
9.439775
9.5647
9.632875
9.715075
9.823275
9.829425
9.843325
9.86195
190
