0.0141
0.037125
0.119
0.182975
0.34855
0.441875
0.490925
0.509325
0.5123
0.513075
0.5172
0.5272
0.537
0.5385
0.54105
0.561875
0.573875
0.5774
0.597925
0.606275
0.61265
0.62775
0.6305
0.6314
0.65185
0.655475
0.6587
0.65885
0.665675
0.669575
0.67455
0.692325
0.6972
0.711975
0.737325
0.74875
0.7815
0.804875
0.81315
0.824
0.87905
0.91085
0.910975
0.923475
0.949575
0.960925
0.997075
1.021525
1.02305
1.03025
1.0394
1.09425
1.10045
1.10415
1.130825
1.179125
1.194225
1.2041
1.233175
1.241725
1.260575
1.293525
1.32115
1.338675
1.365425
1.374775
1.380375
1.452025
1.46685
1.498375
1.522875
1.52705
1.5472
1.553925
1.67895
1.686625
1.6979
1.71355
1.753425
1.761025
1.826775
1.853425
1.967275
1.99485
2.0216
2.15665
2.16855
2.256425
2.25815
2.2982
2.325925
2.3271
2.39585
2.456625
2.5292
2.56545
2.7162
2.79925
2.81395
2.816875
2.83985
2.8409
2.849775
2.9971
3.0393
3.051475
3.073525
3.148675
3.1548
3.1658
3.2468
3.261175
3.272925
3.278425
3.334925
3.372925
3.4279
3.428175
3.4581
3.595575
3.6069
3.6455
3.736
3.76275
3.83465
3.8815
3.949675
4.06835
4.076125
4.0962
4.250775
4.280525
4.30015
4.32045
4.4376
4.475775
4.5338
4.599225
4.672025
4.741375
4.748725
5.0125
5.061975
5.083925
5.244925
5.318925
5.32615
5.475325
5.507775
5.553125
5.65835
5.685
5.7496
5.817925
5.953575
6.019575
6.143975
6.16255
6.314425
6.323725
6.36045
6.376675
6.3972
6.415125
6.45855
6.488675
6.5198
6.6262
6.70965
6.8155
6.8383
6.842675
6.85685
7.17835
7.27005
7.317975
7.349175
7.4406
7.47535
7.59365
7.60745
7.688625
7.921975
7.960475
8.000525
8.009425
8.036825
8.099525
8.23755
8.258775
8.3452
8.466775
8.562375
8.5836
8.6884
8.857225
8.970775
9.01575
9.137825
9.1566
9.16345
9.374175
9.600475
9.6831
9.72865
9.7703
9.778775
9.915925
208
