0.1283
0.134325
0.168875
0.206625
0.2085
0.2156
0.509475
0.516775
0.525025
0.5437
0.545925
0.579
0.57935
0.582025
0.584725
0.6222
0.628425
0.639575
0.644625
0.687975
0.693175
0.6968
0.7097
0.711
0.7155
0.73935
0.7408
0.75395
0.764525
0.7648
0.838775
0.86095
0.884425
0.90065
0.90235
0.92055
0.925175
0.9282
0.931225
0.931825
0.99755
0.998875
1.006325
1.018925
1.031475
1.033275
1.037775
1.041525
1.06595
1.0745
1.076625
1.1061
1.107625
1.128
1.164925
1.16555
1.209975
1.25125
1.29605
1.3011
1.306175
1.307625
1.330375
1.335425
1.3758
1.38905
1.40445
1.440325
1.47005
1.59905
1.618825
1.659975
1.7104
1.746925
1.762825
1.774875
1.801025
1.8519
1.94525
1.992875
2.0286
2.0874
2.09935
2.126675
2.1613
2.166675
2.2746
2.274975
2.300125
2.515775
2.636625
2.673925
2.729375
2.742075
2.8157
2.854625
2.883525
2.897125
2.942425
2.993175
2.997475
3.164775
3.165825
3.179525
3.34815
3.37675
3.38985
3.503275
3.580375
3.59705
3.6079
3.6417
3.657625
3.6657
3.7089
3.7102
3.76345
3.76395
3.832275
3.902575
3.92765
4.121225
4.125325
4.173425
4.176025
4.303875
4.397575
4.400175
4.419325
4.467775
4.491825
4.588375
4.655675
4.683925
4.739675
4.7773
4.820325
4.8808
4.884
4.8957
4.91095
4.937875
4.938175
5.05325
5.0539
5.2102
5.2325
5.2492
5.29295
5.30735
5.3233
5.42885
5.449
5.61785
5.668325
5.7382
5.824975
5.842925
5.859475
5.8642
5.8883
6.142575
6.150175
6.285575
6.33575
6.357475
6.481
6.688725
6.805075
6.926525
7.058475
7.0603
7.107825
7.26195
7.4879
7.531225
7.559
7.6367
7.78345
7.961125
7.97675
7.985
8.055175
8.1071
8.2393
8.270525
8.3008
8.350575
8.3608
8.3868
8.44185
8.6442
8.683825
9.118625
9.11905
9.22725
9.62015
9.641675
9.671775
199
