0.347975
0.3783
0.4557
0.5131
0.514525
0.52185
0.524825
0.52485
0.532125
0.540325
0.57015
0.576975
0.579525
0.5911
0.59735
0.632725
0.640325
0.65635
0.656375
0.6709
0.695975
0.718925
0.74715
0.7574
0.7575
0.76405
0.77105
0.8014
0.82255
0.857325
0.8589
0.88125
0.882825
0.88385
0.9006
0.903
0.9103
0.9537
1.00625
1.0409
1.044075
1.12355
1.165425
1.1798
1.18
1.19735
1.2024
1.215775
1.219075
1.2201
1.30275
1.3141
1.316225
1.358525
1.402475
1.44285
1.48615
1.500175
1.5135
1.54425
1.63235
1.64345
1.719625
1.8014
1.8361
1.8468
1.87315
1.9018
1.960825
2.027175
2.0839
2.156075
2.2187
2.2189
2.2592
2.44375
2.46145
2.500675
2.515625
2.6074
2.60745
2.622325
2.812375
2.963175
2.9715
3.001775
3.053
3.1034
3.23645
3.277975
3.30795
3.328225
3.446675
3.58325
3.7013
3.7044
3.720775
3.807075
3.823225
3.8534
3.911775
3.927275
3.979975
3.99255
4.012625
4.0186
4.107975
4.143
4.17575
4.35065
4.382225
4.385875
4.38795
4.3971
4.442325
4.459875
4.703325
4.78495
4.813525
4.836175
4.841625
4.93725
5.02335
5.12325
5.169075
5.215
5.2766
5.2959
5.33055
5.355675
5.3946
5.589925
5.75215
5.76085
5.8686
6.04085
6.0708
6.071125
6.0997
6.21745
6.2567
6.27505
6.319575
6.39695
6.56925
6.8206
6.865625
6.948
6.969975
6.9926
7.04635
7.08745
7.09575
7.1626
7.18765
7.374975
7.46885
7.4982
7.5496
7.5862
7.622525
7.62815
7.82125
7.850175
7.8891
8.3469
8.5114
8.7412
8.772425
8.8533
8.874075
8.905
8.9541
9.029925
9.137975
9.29065
9.3093
9.50455
9.5197
9.612125
9.7532
9.773825
9.9036
183
