0.04765
0.123125
0.138925
0.161825
0.210025
0.315475
0.48745
0.506975
0.530975
0.543675
0.54905
0.553075
0.563975
0.5688
0.570475
0.572325
0.578925
0.58355
0.58995
0.604125
0.60915
0.6132
0.615125
0.618725
0.6214
0.624975
0.6364
0.636575
0.653475
0.6674
0.69075
0.696825
0.70725
0.710475
0.71655
0.72715
0.74615
0.774075
0.775825
0.779425
0.793275
0.80215
0.8185
0.875075
0.93685
0.9444
0.96195
1.0452
1.056475
1.1038
1.12345
1.218125
1.225075
1.31445
1.323075
1.4036
1.444775
1.460775
1.462325
1.46815
1.479375
1.49715
1.6479
1.6621
1.809825
1.814125
1.817675
1.88795
1.973925
2.07285
2.074675
2.272175
2.28495
2.35715
2.441075
2.461175
2.53905
2.607675
2.62625
2.698575
2.700025
2.71655
2.7662
3.0306
3.116075
3.174675
3.37745
3.3925
3.425175
3.46875
3.52695
3.554525
3.5748
3.602325
3.6127
3.64105
3.688025
3.745025
3.823225
4.023075
4.214825
4.386225
4.4779
4.5261
4.6159
4.77955
4.944775
4.968525
5.0891
5.164075
5.259575
5.264875
5.31595
5.442325
5.458225
5.5365
5.6282
5.8585
6.01005
6.146325
6.21355
6.24105
6.3063
6.51555
6.66345
6.830625
6.844875
6.845325
6.8669
7.13125
7.1884
7.2987
7.3482
7.4563
7.48135
7.6156
7.90875
7.920075
8.076375
8.25675
8.27585
8.32075
8.6153
8.66245
8.726675
8.796425
8.80895
9.097
9.131275
9.143425
9.40695
9.471275
9.59505
9.6107
9.66735
9.751725
9.82705
9.840325
9.89975
159
