0.1656
0.256475
0.31945
0.3993
0.42085
0.468425
0.5128
0.51365
0.538525
0.545425
0.552475
0.5724
0.579825
0.5875
0.595975
0.605425
0.612675
0.620775
0.63435
0.6476
0.648125
0.652625
0.661875
0.70145
0.709875
0.721375
0.7292
0.733975
0.7518
0.758675
0.759525
0.797775
0.79805
0.798875
0.808425
0.809925
0.8502
0.8505
0.90005
0.905025
0.915475
0.9188
0.918825
0.92405
0.9388
0.941525
0.9567
0.960875
1.0352
1.055725
1.081675
1.12255
1.133625
1.138875
1.18415
1.2467
1.27975
1.2942
1.300975
1.3362
1.38405
1.39285
1.4191
1.45045
1.52775
1.54185
1.58735
1.605525
1.6674
1.839875
1.913075
1.934725
2.022025
2.064975
2.0963
2.1068
2.169025
2.1725
2.20625
2.293125
2.302925
2.31275
2.3177
2.32345
2.3308
2.3621
2.468925
2.500825
2.51575
2.543275
2.59785
2.66995
2.682325
2.7359
2.76695
2.813225
2.87115
3.0522
3.093875
3.107325
3.153925
3.19015
3.3176
3.400575
3.47225
3.506325
3.509825
3.577075
3.6533
3.6752
3.693725
3.76345
3.80775
3.865175
3.91485
3.92145
4.00715
4.084975
4.094825
4.115475
4.189475
4.205525
4.251325
4.314625
4.3501
4.508
4.540775
4.55875
4.613275
4.723975
4.724375
4.735575
4.758375
4.814875
4.888475
4.910875
4.983925
5.00555
5.14005
5.250675
5.3163
5.32395
5.4373
5.4398
5.496875
5.53895
5.608325
5.679475
5.704775
5.780175
5.7856
5.9119
5.940325
6.094275
6.16655
6.17875
6.387775
6.39975
6.4236
6.49045
6.533625
6.6832
6.747425
6.87465
6.948025
7.01445
7.03125
7.372075
7.390025
7.411175
7.516875
7.5938
7.6702
7.798875
7.79955
7.9526
8.0763
8.300225
8.32875
8.359975
8.406125
8.421925
8.4995
8.731175
9.065075
9.113175
9.114125
9.32895
9.38795
9.4433
9.4478
9.464275
9.46925
9.538625
9.674825
9.737825
9.837375
9.96355
9.97445
199
