0.0832
0.1076
0.29225
0.389825
0.458475
0.4875
0.5083
0.510475
0.527275
0.533625
0.551975
0.554125
0.560025
0.561125
0.5683
0.5998
0.602025
0.607175
0.6138
0.6323
0.639975
0.66555
0.66985
0.6814
0.685325
0.689175
0.735725
0.739075
0.74845
0.758275
0.776425
0.811375
0.813325
0.82045
0.84415
0.8456
0.84915
0.857575
0.869825
0.878475
0.88715
0.921925
0.9575
0.970125
0.9762
0.985525
0.991475
1.0346
1.077125
1.0874
1.092575
1.0938
1.12525
1.15315
1.182475
1.186825
1.244725
1.255325
1.2653
1.303475
1.349175
1.42195
1.422475
1.443375
1.4667
1.4676
1.48275
1.49395
1.5095
1.5872
1.589025
1.607125
1.627075
1.649125
1.66755
1.682225
1.7033
1.718075
1.749
1.804225
1.804875
1.817075
1.884275
1.900675
1.953525
1.956025
2.029925
2.0477
2.05105
2.055525
2.17445
2.18685
2.208075
2.2249
2.296275
2.311375
2.32105
2.321375
2.3863
2.4511
2.483275
2.591225
2.738675
2.774775
2.84235
2.8523
2.896075
2.91605
2.918575
2.921325
2.93795
2.9737
2.982825
3.062775
3.15595
3.246575
3.2766
3.2785
3.304475
3.33325
3.4064
3.446125
3.4667
3.4701
3.494175
3.5736
3.629875
3.6498
3.655925
3.66445
3.68685
3.771175
3.882925
3.912625
4.143775
4.148025
4.201775
4.2242
4.3077
4.337975
4.345025
4.40395
4.4564
4.552425
4.75285
4.764825
4.793625
4.9224
5.010975
5.087575
5.226775
5.2575
5.305575
5.403525
5.4624
5.531375
5.595625
5.686175
5.71975
5.76995
5.8771
5.9965
6.0316
6.05835
6.1842
6.256625
6.332
6.35055
6.4251
6.478875
6.590625
6.637075
6.706625
6.838825
6.865725
7.02635
7.107025
7.211325
7.40995
7.478975
7.5191
7.547025
7.581325
7.590075
7.610775
7.621525
7.73365
7.755475
7.897275
7.937825
7.994025
8.0745
8.0867
8.105275
8.1989
8.242
8.349075
8.370725
8.587375
8.6365
8.641425
8.669
8.6977
8.7018
8.80085
8.89135
8.9482
9.096775
9.362425
9.505175
9.678625
9.9215
9.9309
9.940425
9.957925
215
