0.0385
0.0591
0.1732
0.23865
0.2437
0.381775
0.48645
0.519175
0.527325
0.53455
0.534625
0.54655
0.547625
0.551075
0.5548
0.557925
0.575625
0.58245
0.58445
0.619325
0.6738
0.7037
0.7059
0.711875
0.7177
0.722475
0.742725
0.7557
0.761425
0.7812
0.786775
0.78945
0.7997
0.814675
0.83525
0.843375
0.846175
0.879825
0.924
0.930575
0.9395
0.956325
0.9618
0.969125
0.989975
0.991025
1.03115
1.03915
1.071
1.09025
1.0905
1.103625
1.104925
1.122875
1.1432
1.14625
1.180875
1.282325
1.295825
1.317725
1.33345
1.347375
1.3519
1.42195
1.4433
1.46135
1.4687
1.541125
1.54595
1.6381
1.66015
1.663375
1.706125
1.778475
1.82325
1.873225
1.885575
1.90765
1.95925
1.977925
2.082625
2.159075
2.197475
2.2031
2.282725
2.299825
2.3485
2.36055
2.36485
2.38925
2.464
2.486825
2.4911
2.49395
2.523975
2.53505
2.55565
2.661775
2.718975
2.913825
2.92385
2.9779
2.986375
2.999175
3.0564
3.09995
3.111075
3.126975
3.12735
3.192575
3.407025
3.6057
3.679175
3.8625
3.877575
3.967025
3.96795
4.00225
4.007275
4.033275
4.03885
4.06125
4.10435
4.11115
4.1386
4.17955
4.243125
4.2809
4.316725
4.321325
4.36325
4.4294
4.485
4.5627
4.58415
4.5999
4.68015
4.72065
4.74075
4.7717
4.8965
4.90775
5.122675
5.193925
5.25165
5.293225
5.351525
5.4371
5.614775
5.70565
5.72855
5.755075
6.071225
6.0779
6.233025
6.31615
6.341125
6.530175
6.54415
6.5704
6.600075
6.706
6.7295
6.73705
6.760725
7.0111
7.051275
7.07835
7.08265
7.0845
7.471575
7.569425
7.68415
7.847825
7.9887
8.049725
8.1384
8.1563
8.200925
8.249275
8.308225
8.42275
8.425275
8.53245
8.7393
8.75785
8.7595
8.902725
9.18595
9.2579
9.38875
9.42065
9.5203
9.594575
9.6573
9.66455
9.679975
9.81445
9.84505
199
