0.0617
0.136075
0.203625
0.231825
0.23965
0.415125
0.510325
0.510875
0.522075
0.53495
0.5438
0.5465
0.55555
0.582075
0.610625
0.618625
0.623875
0.62625
0.63865
0.65855
0.66495
0.668525
0.67485
0.67765
0.68065
0.694125
0.695975
0.711925
0.719725
0.721025
0.721425
0.726575
0.751125
0.7593
0.761175
0.776725
0.785075
0.8091
0.8164
0.825525
0.8441
0.84505
0.8711
0.882175
0.9062
0.97405
0.992625
1.0104
1.0114
1.02195
1.026
1.0302
1.0539
1.05645
1.153425
1.20375
1.2224
1.231325
1.271025
1.28935
1.3127
1.323675
1.376225
1.3772
1.417825
1.433775
1.46045
1.50105
1.521375
1.531075
1.5372
1.540225
1.697425
1.72135
1.746075
1.787875
1.823325
1.85335
1.86705
1.88265
1.904775
1.909225
1.9217
1.944325
1.9919
2.021525
2.02835
2.041675
2.065725
2.120225
2.129975
2.2213
2.221825
2.23085
2.267375
2.26925
2.2931
2.30125
2.32335
2.3305
2.335875
2.3739
2.37565
2.395
2.55075
2.609125
2.610025
2.749125
2.767775
2.77065
2.779075
2.90955
3.092975
3.124075
3.158225
3.1921
3.23905
3.249675
3.254225
3.28215
3.2987
3.323275
3.456475
3.51675
3.545025
3.5882
3.6068
3.607675
3.662
3.689875
3.711925
3.742
3.9346
3.9453
4.01085
4.2358
4.300025
4.310775
4.321575
4.39455
4.451425
4.51825
4.5334
4.568775
4.579575
4.594525
4.6053
4.701075
4.7225
4.754425
4.8074
4.8652
4.869825
4.8917
4.931275
4.944925
5.0031
5.07815
5.293725
5.398925
5.4318
5.75245
5.901425
6.181925
6.182425
6.255975
6.388525
6.5557
6.5916
6.615725
6.708725
6.76115
6.810275
6.916825
6.924725
7.017975
7.129575
7.137775
7.155075
7.202425
7.21485
7.363625
7.573925
8.070625
8.1495
8.14955
8.2453
8.367475
8.422475
8.455775
8.517
8.53355
8.8835
9.012875
9.05875
9.092125
9.098375
9.13735
9.174325
9.4035
9.416425
9.622675
9.873725
203
