0.161975
0.500775
0.5166
0.52845
0.534575
0.53885
0.5477
0.5674
0.5675
0.568275
0.580025
0.58345
0.59915
0.609825
0.623975
0.6286
0.631625
0.6399
0.6436
0.65615
0.65975
0.6642
0.681125
0.69105
0.71315
0.7592
0.7633
0.764925
0.769775
0.78545
0.78555
0.796375
0.836375
0.8425
0.8556
0.872875
0.905025
0.9138
0.933675
0.935425
0.954875
0.95705
0.9591
0.959625
0.971425
0.972225
0.97425
0.9838
0.992325
1.00925
1.012475
1.0429
1.080975
1.08425
1.100275
1.173675
1.20175
1.255325
1.274975
1.3343
1.364
1.373025
1.3776
1.3891
1.400375
1.457425
1.45825
1.458275
1.5278
1.6021
1.627375
1.64745
1.711925
1.7627
1.81635
1.83395
1.865275
1.90805
1.909875
1.957275
1.97445
1.99645
1.99765
2.08935
2.1031
2.18105
2.187175
2.29095
2.301375
2.3395
2.42625
2.4988
2.518925
2.53285
2.537325
2.5524
2.554675
2.592575
2.623025
2.641675
2.658125
2.671125
2.680775
2.72695
3.087625
3.108875
3.17455
3.1917
3.389625
3.444075
3.449225
3.452375
3.46035
3.586625
3.733575
3.8625
3.8708
3.8779
3.885525
3.965875
4.037625
4.055125
4.09
4.096
4.14125
4.34315
4.441575
4.48975
4.492525
4.513925
4.515025
4.57945
4.800675
4.82865
4.902225
5.0525
5.08705
5.12695
5.21185
5.317475
5.326725
5.5664
5.819175
5.85705
6.06985
6.07
6.153325
6.273125
6.450775
6.553875
6.584575
6.867075
6.94425
7.111425
7.47575
7.49705
7.498025
7.5508
7.552675
7.627425
7.783875
7.940625
7.9544
8.0085
8.012
8.1655
8.3507
8.53875
8.7085
8.876325
8.9062
8.928025
9.04155
9.06785
9.07685
9.150725
9.162325
9.2118
9.280575
9.3753
9.591875
9.599725
9.60255
9.603225
9.641625
9.642675
9.827925
9.842825
9.8435
9.92865
190
