0.1538
0.224525
0.387575
0.437475
0.4393
0.48325
0.513425
0.52755
0.5389
0.559625
0.559875
0.576775
0.611325
0.6201
0.6238
0.628875
0.63065
0.6413
0.667875
0.674125
0.682875
0.698925
0.706225
0.7376
0.743575
0.748475
0.760525
0.771425
0.815175
0.839375
0.85675
0.868075
0.8798
0.88195
0.88975
0.907975
0.908525
0.9108
0.923475
0.945775
0.948025
0.949275
1.0078
1.023025
1.0295
1.040025
1.062475
1.09305
1.127225
1.1674
1.177725
1.178725
1.2728
1.39015
1.4031
1.4065
1.412775
1.41895
1.428825
1.447375
1.4699
1.470025
1.4733
1.502625
1.626075
1.634325
1.736025
1.738175
1.7797
1.825225
1.849925
1.86185
1.881375
1.888
1.902975
1.9327
1.9474
1.9843
2.118425
2.139125
2.1564
2.203875
2.21295
2.247375
2.249175
2.2693
2.319825
2.3209
2.342075
2.34415
2.34615
2.350425
2.382975
2.3964
2.407625
2.42645
2.439875
2.452825
2.4581
2.492125
2.513475
2.5477
2.62345
2.65
2.684925
2.833575
2.83895
2.90725
2.94435
2.9678
2.970075
3.001625
3.015275
3.0382
3.20485
3.263525
3.316075
3.330075
3.418675
3.433125
3.506975
3.589475
3.5998
3.8736
3.90895
3.91115
3.91325
4.04985
4.12885
4.179875
4.365575
4.409375
4.48415
4.552725
4.62165
4.665175
4.76355
4.78255
4.8493
4.878925
4.9888
5.032475
5.12605
5.1549
5.220725
5.241275
5.259175
5.2833
5.338675
5.481225
5.513725
5.6331
5.662775
5.7055
5.713725
5.821425
5.869925
6.01745
6.038225
6.096125
6.14035
6.191475
6.276575
6.295175
6.3415
6.37695
6.469625
6.566275
6.6109
6.618175
6.635975
6.801175
6.869825
6.893775
6.932375
7.00815
7.043375
7.11365
7.16005
7.184475
7.26075
7.27305
7.29285
7.3339
7.41235
7.54795
7.644675
7.6554
7.920325
8.0204
8.0631
8.17015
8.178875
8.179325
8.189025
8.208925
8.218375
8.221425
8.22325
8.45365
8.47435
8.555275
8.601725
8.85865
8.9051
9.08125
9.12795
9.23035
9.379375
9.4801
9.4822
9.580775
9.703875
9.737925
9.808475
215
