0.174775
0.1876
0.198875
0.464325
0.502625
0.50475
0.5106
0.52485
0.5309
0.5453
0.548575
0.60855
0.61105
0.627775
0.6345
0.643875
0.648675
0.64935
0.6494
0.65235
0.66605
0.673425
0.698075
0.7061
0.708425
0.71215
0.7262
0.7778
0.780325
0.782525
0.785775
0.7891
0.794875
0.815825
0.8205
0.821425
0.824225
0.8755
0.87955
0.882775
0.901425
0.922875
0.942675
0.98825
0.989725
0.99695
1.009
1.011525
1.0441
1.0593
1.071775
1.088675
1.12345
1.182175
1.236
1.256
1.265425
1.339425
1.3439
1.355375
1.3561
1.380825
1.4003
1.405675
1.436325
1.45005
1.4982
1.55665
1.64805
1.671175
1.689275
1.693025
1.6954
1.830325
1.90125
2.119875
2.14685
2.2611
2.290225
2.35525
2.468925
2.561125
2.56885
2.606275
2.63545
2.678075
2.692175
2.8911
2.8932
2.900975
2.936525
2.952525
3.0058
3.010425
3.01945
3.030575
3.1906
3.30865
3.316975
3.3647
3.391875
3.405325
3.619675
3.6208
3.630775
3.6812
3.74515
3.861125
3.878625
4.059475
4.060975
4.061625
4.079525
4.1061
4.2588
4.280075
4.2952
4.318875
4.3808
4.4627
4.6512
4.6742
4.740025
4.928875
5.1391
5.155425
5.166225
5.368475
5.49775
5.504375
5.530725
5.572175
5.66
5.6806
5.778025
5.824075
5.932675
5.957275
5.969675
6.12695
6.198825
6.342675
6.43975
6.491175
6.518625
6.5238
6.756325
6.7909
6.812225
6.8646
6.893475
7.061725
7.09535
7.100025
7.129075
7.2211
7.265375
7.3257
7.374675
7.402075
7.62255
7.624225
7.705125
7.746575
7.7586
7.925225
8.026725
8.028475
8.030675
8.153125
8.161325
8.1861
8.1902
8.295825
8.309375
8.31345
8.341875
8.390525
8.3976
8.431975
8.46455
8.472625
8.72285
8.83495
9.02385
9.064725
9.239825
9.2704
9.27525
9.29565
9.301275
9.335375
9.422825
9.494325
9.594825
9.74125
9.77835
9.940775
9.9885
199
