0.118775
0.143225
0.186775
0.21245
0.320325
0.449525
0.4911
0.49245
0.518075
0.5198
0.530975
0.53495
0.56295
0.585175
0.59065
0.6101
0.633725
0.642175
0.6476
0.661375
0.664325
0.667375
0.676375
0.687925
0.69275
0.7117
0.72275
0.73885
0.74085
0.748225
0.773275
0.8415
0.8421
0.869825
0.880175
0.9087
0.920525
0.97695
1.041375
1.061475
1.0655
1.08105
1.089525
1.118625
1.1271
1.16
1.163925
1.181275
1.1868
1.201525
1.2258
1.226275
1.26425
1.281575
1.326
1.3283
1.339375
1.3446
1.35215
1.358475
1.373225
1.389775
1.412375
1.4264
1.46115
1.469175
1.500775
1.525725
1.5638
1.6298
1.648075
1.656325
1.866125
1.889825
1.995775
2.0217
2.02425
2.129025
2.141825
2.299175
2.3168
2.322325
2.423325
2.54955
2.5647
2.575475
2.5866
2.588725
2.622525
2.8776
2.946625
2.977275
3.007975
3.04035
3.0633
3.229175
3.2335
3.262675
3.318775
3.475725
3.500875
3.590825
3.665225
3.731725
3.822225
3.8598
3.8741
3.935825
3.95305
3.969225
4.039875
4.0768
4.114275
4.16295
4.2432
4.365575
4.416875
4.472525
4.8297
4.862325
4.907175
4.908575
4.91185
4.9122
5.056425
5.12935
5.16
5.182075
5.276375
5.30795
5.36725
5.3969
5.42445
5.457375
5.491725
5.498475
5.562
5.6614
5.678175
5.71045
5.728775
5.787625
5.829575
6.097725
6.1819
6.200925
6.223
6.2405
6.269925
6.34985
6.374775
6.4827
6.50705
6.531675
6.5373
6.664525
6.7395
6.7497
6.7987
6.823625
6.995325
7.11165
7.256525
7.526625
7.54675
7.5577
7.717975
7.757675
7.789125
7.921975
7.93245
8.076525
8.0797
8.2718
8.302925
8.408625
8.422325
8.4438
8.44825
8.602075
8.635375
8.78685
8.8199
8.9884
9.01705
9.21055
9.23775
9.412375
9.4162
9.506025
9.69055
9.8554
9.8623
9.887075
194
