0.0057
0.0337
0.0971
0.1899
0.24105
0.251775
0.28275
0.2956
0.33605
0.360325
0.367175
0.371225
0.495975
0.505425
0.515725
0.531775
0.5443
0.562025
0.5711
0.58195
0.60405
0.613675
0.617275
0.623625
0.63645
0.64875
0.6492
0.6595
0.664475
0.669075
0.671725
0.676525
0.6821
0.684825
0.695125
0.69585
0.7173
0.7285
0.72875
0.730025
0.750475
0.752975
0.7586
0.762875
0.76925
0.7716
0.8018
0.81045
0.81835
0.821225
0.828575
0.8312
0.83125
0.845
0.847425
0.853075
0.865425
0.880325
0.89795
0.913875
0.92615
0.932375
0.9337
0.9493
0.96285
0.973275
0.977475
1.020325
1.067775
1.069275
1.103825
1.14105
1.193
1.19865
1.231175
1.30475
1.3531
1.361175
1.42315
1.458
1.5211
1.5215
1.533225
1.54295
1.5517
1.55695
1.66225
1.670375
1.7601
1.76495
1.768275
1.9106
1.928375
1.93585
1.941
1.98525
2.0769
2.119025
2.125975
2.138875
2.16875
2.189575
2.21015
2.262475
2.28045
2.288725
2.4134
2.45025
2.45965
2.48895
2.52615
2.5985
2.6348
2.657925
2.6677
2.696725
2.725475
2.769425
2.7944
2.806975
2.856025
2.87965
2.8835
2.977125
3.041125
3.055575
3.113275
3.121325
3.1644
3.287275
3.290575
3.304425
3.3781
3.391575
3.394075
3.466075
3.5231
3.65315
3.86395
3.942925
4.07525
4.12185
4.14925
4.1699
4.424125
4.429375
4.491725
4.495275
4.5071
4.561075
4.584625
4.99965
5.0188
5.04145
5.1123
5.172875
5.194575
5.223975
5.393125
5.406625
5.487725
5.538875
5.5479
5.6761
5.684825
5.714875
5.778775
5.8136
5.983475
6.097525
6.10835
6.137675
6.143125
6.2178
6.24795
6.278125
6.294225
6.298475
6.3003
6.323725
6.3362
6.426
6.50745
6.517425
6.53845
6.61385
6.67135
6.696775
6.722375
6.73205
6.748025
6.7699
6.928575
7.0451
7.0634
7.10125
7.347325
7.3714
7.418875
7.504475
7.5227
7.624375
7.6406
7.649725
7.67415
7.8556
7.893
8.043725
8.2934
8.5311
8.780775
8.859675
8.9714
9.00165
9.171575
9.20545
9.25765
9.342425
9.673275
9.77385
9.826525
9.886525
9.91715
9.936175
224
