0.06995
0.106525
0.287625
0.440075
0.50415
0.521325
0.525925
0.526575
0.528825
0.53945
0.54585
0.55115
0.55385
0.559275
0.562475
0.576675
0.58755
0.6073
0.661725
0.666475
0.7287
0.733375
0.736375
0.737775
0.74245
0.759925
0.78225
0.798875
0.8291
0.846725
0.85205
0.854125
0.857975
0.86125
0.86425
0.865525
0.88445
0.897375
0.906125
0.97295
0.979325
0.99625
1.01305
1.0554
1.0634
1.06825
1.0889
1.09025
1.12875
1.133675
1.157
1.16375
1.179925
1.2211
1.225525
1.22785
1.2402
1.275775
1.294775
1.30495
1.379625
1.42455
1.430375
1.43655
1.4556
1.469625
1.470075
1.547475
1.5746
1.5911
1.61905
1.694625
1.7597
1.768325
1.7841
1.811975
1.830025
1.85405
1.90095
1.949
2.032525
2.0488
2.07305
2.0951
2.108225
2.10845
2.130425
2.145
2.150375
2.224925
2.240275
2.245125
2.32535
2.339225
2.588775
2.6263
2.786125
2.852325
2.921425
3.021075
3.05395
3.05745
3.2051
3.3719
3.38175
3.4165
3.458825
3.652475
3.663175
3.7122
3.782425
3.859225
3.87315
3.92905
3.97945
4.0291
4.229675
4.36135
4.448625
4.48005
4.536925
4.60155
4.617775
4.77825
4.8955
4.942225
4.957025
5.0972
5.106675
5.124175
5.162625
5.174075
5.218875
5.5384
5.751925
5.781425
5.817475
5.8324
5.865075
5.88345
5.89945
5.927725
5.99225
5.994525
6.092
6.1634
6.183425
6.28735
6.306
6.423
6.61385
6.681725
6.6962
6.7568
6.9022
7.0421
7.117075
7.1364
7.2591
7.288975
7.40985
7.60415
7.61145
7.664375
7.741825
7.810825
7.915475
7.923325
7.9696
7.980775
8.0142
8.07895
8.1166
8.30685
8.488875
8.49495
8.666425
8.737525
8.77605
8.780275
8.8065
8.90865
9.089625
9.1819
9.2066
9.32225
9.3288
9.403325
9.417575
9.579225
9.60105
9.604475
9.948525
193
