0.0032
0.156475
0.254425
0.312775
0.505575
0.5065
0.513075
0.514825
0.515475
0.523875
0.526625
0.531025
0.538225
0.54775
0.55205
0.552975
0.567625
0.579275
0.584625
0.599075
0.5999
0.628525
0.64315
0.65935
0.736875
0.7419
0.76805
0.77205
0.77605
0.83025
0.861475
0.867
0.873225
0.8993
0.9123
0.912625
0.926325
0.9441
0.954975
0.973125
1.0127
1.03265
1.057625
1.136725
1.141475
1.172575
1.21195
1.215725
1.25
1.255425
1.30555
1.308225
1.32515
1.398325
1.4409
1.454
1.4583
1.466825
1.636725
1.643725
1.678575
1.771475
1.847275
1.86045
1.899775
1.934775
1.942625
1.958575
2.108725
2.111875
2.121875
2.165475
2.18675
2.285825
2.29875
2.310075
2.310325
2.439825
2.4617
2.48715
2.67535
2.7508
2.763425
2.81475
2.82175
2.83615
2.979625
3.0525
3.218825
3.226825
3.302525
3.489775
3.515975
3.5316
3.676675
3.705175
3.753925
3.833475
3.950975
3.99185
4.03545
4.16745
4.287175
4.34515
4.505825
4.574975
4.66985
4.702525
4.704275
4.765075
4.909175
4.9312
4.987575
5.01065
5.03005
5.0599
5.160475
5.201625
5.450725
5.477625
5.5458
5.555875
5.558825
5.733325
5.759925
5.88415
5.94635
6.000025
6.020325
6.101475
6.1152
6.122425
6.13775
6.182625
6.228175
6.3933
6.400175
6.476825
6.49205
6.557125
6.728275
6.8853
6.958525
7.076625
7.08675
7.09325
7.3117
7.340075
7.36815
7.4349
7.647625
7.671
7.7061
7.740425
7.755075
7.8223
7.855025
7.914675
7.95475
8.04005
8.186425
8.2656
8.348625
8.368675
8.41085
8.558325
8.645325
8.704775
8.790675
8.79915
8.819725
8.826275
8.892325
8.91545
8.949925
8.95635
9.019625
9.0913
9.278025
9.545425
9.602025
9.7614
9.8703
9.888975
9.986325
185
