0.020625
0.040025
0.074025
0.137025
0.154925
0.209225
0.38015
0.452825
0.5207
0.52465
0.529825
0.542025
0.5449
0.555375
0.55895
0.574175
0.584075
0.6723
0.6855
0.686375
0.6936
0.705475
0.712225
0.715625
0.746975
0.752925
0.761025
0.76215
0.782775
0.7917
0.80045
0.815125
0.820175
0.829625
0.833825
0.886075
0.94855
0.9625
0.966775
0.998
0.99965
1.06835
1.08815
1.092475
1.106225
1.1067
1.186325
1.186525
1.253325
1.265225
1.286375
1.3304
1.395975
1.4012
1.441725
1.571575
1.58765
1.64835
1.7376
1.7547
1.8361
1.845775
1.953825
1.972975
2.1394
2.219025
2.3392
2.351975
2.461425
2.5086
2.629075
2.63615
2.648625
2.651525
2.6783
2.7099
2.806975
2.821375
2.88855
2.925775
2.965325
3.027025
3.087175
3.139925
3.282625
3.296675
3.4889
3.5475
3.692425
3.753275
3.83475
3.8677
3.86785
3.934125
3.93565
3.965475
4.04905
4.0597
4.083225
4.257225
4.372375
4.388475
4.4598
4.484375
4.4953
4.5123
4.51865
4.656675
4.70485
4.752775
4.76915
4.82735
4.917725
5.023025
5.169775
5.1858
5.230175
5.255275
5.292275
5.350775
5.37625
5.421675
5.4877
5.51795
5.554875
5.723125
5.752875
5.783525
5.902975
6.01095
6.0284
6.273075
6.314675
6.407075
6.44185
6.443625
6.573425
6.66905
6.7107
6.811925
6.971475
6.99085
7.001775
7.1279
7.138775
7.1465
7.171675
7.2135
7.250875
7.4435
7.515975
7.719
7.79605
7.8844
7.90855
7.9453
7.9532
7.9839
8.1163
8.1545
8.2645
8.312775
8.359175
8.4221
8.479175
8.632425
8.650525
8.7218
8.787475
8.80705
8.930125
8.93195
8.975575
8.9955
9.1379
9.23275
9.4123
9.42035
9.424425
9.4411
9.448925
9.640475
9.649375
9.780125
9.804475
9.9572
186
