0.003175
0.257525
0.284675
0.365825
0.419575
0.442975
0.477325
0.4918
0.503125
0.505475
0.506725
0.519625
0.527375
0.53035
0.531225
0.53385
0.584
0.598675
0.602775
0.62845
0.63435
0.6345
0.657975
0.678975
0.683975
0.688225
0.69285
0.70895
0.735425
0.785
0.805425
0.82635
0.8556
0.862025
0.8693
0.87285
0.89985
0.90905
0.93835
0.940475
0.96755
0.978525
0.995125
1.0054
1.01815
1.05005
1.08545
1.1941
1.203075
1.22815
1.249125
1.255475
1.287875
1.2892
1.311625
1.4086
1.457575
1.464525
1.4905
1.5352
1.566875
1.6547
1.655475
1.667775
1.71
1.762125
1.774375
1.81785
1.873025
1.881525
1.888075
1.9196
1.92675
2.00275
2.0675
2.230425
2.390475
2.422675
2.44065
2.45995
2.50435
2.50765
2.544025
2.644875
2.649975
2.73675
2.901025
2.947275
3.04545
3.051375
3.084375
3.191875
3.278475
3.3043
3.341875
3.496125
3.585675
3.598175
3.813575
3.8496
4.045075
4.15085
4.214425
4.234975
4.2528
4.26105
4.363075
4.5438
4.686275
4.738425
4.82755
4.901325
4.931225
4.936275
4.9914
5.06485
5.230625
5.28065
5.31895
5.399725
5.4341
5.434925
5.64015
5.68655
5.743175
6.030775
6.13155
6.24565
6.322075
6.576575
6.6181
6.651525
6.755475
6.756025
6.819525
6.859225
6.957625
6.9833
7.224725
7.243675
7.262275
7.278925
7.65865
7.67445
7.9261
8.12355
8.2253
8.36015
8.419325
8.42075
8.517075
8.54025
8.916375
8.924675
8.9374
8.973075
9.062025
9.244175
9.342475
9.4069
9.5278
9.55175
9.65025
9.7464
9.912425
9.9267
9.99675
167
