0.202825
0.276125
0.289325
0.347
0.372775
0.41945
0.487475
0.4975
0.507825
0.509425
0.510825
0.540675
0.54455
0.560875
0.5736
0.5772
0.606925
0.60835
0.60935
0.6176
0.632225
0.653175
0.666975
0.667575
0.677075
0.6825
0.685
0.70115
0.712025
0.713875
0.7163
0.720875
0.75495
0.759875
0.78045
0.807225
0.810375
0.821675
0.82865
0.833725
0.835875
0.848625
0.85105
0.851475
0.867575
0.918625
0.9571
0.98145
1.003625
1.067525
1.076275
1.0849
1.095675
1.101625
1.13845
1.162725
1.203875
1.228575
1.244075
1.2555
1.27455
1.303875
1.311975
1.343775
1.34475
1.39105
1.39545
1.418275
1.448525
1.49385
1.55205
1.628025
1.740425
1.75435
1.813075
1.84305
1.89595
1.9156
2.050275
2.069375
2.125675
2.175175
2.186925
2.191525
2.21865
2.32275
2.324325
2.363675
2.37705
2.401675
2.480675
2.515675
2.569825
2.7472
2.82395
2.8581
2.905
2.919425
2.9745
2.999625
3.11795
3.13365
3.162775
3.278325
3.349025
3.762325
3.768875
3.82405
3.8251
3.8894
3.923125
3.937125
4.000975
4.144225
4.1851
4.21205
4.2294
4.25725
4.259725
4.273875
4.361575
4.4011
4.4329
4.45765
4.477275
4.57895
4.60185
4.74075
4.841175
4.884675
4.915
4.91505
4.94345
5.1973
5.257975
5.302825
5.332525
5.51625
5.54785
5.5887
5.6073
5.663725
5.702975
5.7874
5.8256
5.9345
6.068625
6.1393
6.3789
6.388975
6.3981
6.45185
6.472275
6.4865
6.5977
6.606925
6.61105
6.65915
6.7835
6.866025
6.958925
7.125925
7.275975
7.286725
7.29205
7.2954
7.546825
7.5786
7.612425
7.676
7.839225
7.88355
8.0089
8.12825
8.161175
8.294475
8.301525
8.368925
8.422575
8.607725
8.63515
8.667675
8.7152
8.8656
9.256875
9.29245
9.5566
9.63145
9.83045
9.86485
9.912225
9.9486
9.95275
9.980225
194
