0.36795
0.378825
0.3919
0.3989
0.4131
0.43385
0.5032
0.518775
0.531925
0.54785
0.597025
0.60805
0.617475
0.6583
0.67945
0.71945
0.7354
0.737675
0.758825
0.7614
0.77625
0.7788
0.8037
0.806525
0.81535
0.8294
0.884575
0.923525
0.92755
0.948525
0.9669
1.001375
1.008175
1.018275
1.0271
1.055125
1.10055
1.106625
1.1532
1.165125
1.182025
1.193325
1.19705
1.22295
1.236325
1.2425
1.2436
1.247625
1.292575
1.296625
1.301025
1.326525
1.34555
1.3569
1.4533
1.4726
1.483775
1.511475
1.567975
1.62275
1.623
1.650225
1.656925
1.68635
1.688675
1.70985
1.7258
1.733075
1.76225
1.80645
1.83055
1.8393
1.841875
1.922075
1.936825
1.95525
1.96735
2.0663
2.088475
2.2066
2.3096
2.35475
2.361825
2.38445
2.416175
2.449875
2.48665
2.517525
2.5649
2.5999
2.618325
2.6241
2.661825
2.744925
2.746875
2.7926
2.840925
2.8805
3.0902
3.0952
3.139775
3.19335
3.2909
3.430025
3.52775
3.59
3.5988
3.675575
3.68635
3.734525
3.7887
3.799625
3.8033
3.859025
3.877375
3.934925
3.942475
3.9676
4.088475
4.1401
4.17285
4.222325
4.276825
4.297075
4.3833
4.47305
4.476425
4.481275
4.533425
4.559325
4.5945
4.62835
4.63675
4.667375
4.691525
4.71875
4.753475
4.7897
4.962125
5.025275
5.029725
5.036575
5.056525
5.0804
5.14985
5.1935
5.2126
5.30395
5.304325
5.307925
5.6013
5.636125
5.773975
5.81125
5.839175
5.891425
5.993
6.188575
6.207275
6.32645
6.35045
6.421275
6.608475
6.641075
6.650375
6.710175
6.717175
6.817525
6.8961
6.9158
6.94925
6.9607
6.98815
6.989825
7.047975
7.09695
7.10585
7.12675
7.22655
7.4001
7.432575
7.47135
7.4895
7.57235
7.5811
7.649625
7.6643
7.77725
7.88945
8.035325
8.060275
8.105675
8.21155
8.3422
8.442025
8.481175
8.506725
8.513175
8.580825
8.618075
8.6307
8.813425
8.81455
8.9045
8.96355
9.0337
9.43425
9.480775
9.577325
9.703125
9.7055
9.756475
9.904675
9.9115
214
