0.129325
0.2139
0.3201
0.3472
0.347225
0.508025
0.515775
0.526175
0.5313
0.532575
0.5392
0.544325
0.5689
0.6051
0.615
0.621875
0.624625
0.626825
0.6674
0.6704
0.67825
0.69165
0.699125
0.70025
0.70795
0.73195
0.740325
0.7883
0.788875
0.795125
0.8117
0.824075
0.8337
0.837225
0.844375
0.875575
0.8784
0.88335
0.88425
0.92535
0.936225
0.940325
0.957075
0.957175
0.958675
0.985875
0.993
1.0092
1.017725
1.0269
1.032075
1.04285
1.09495
1.125975
1.211075
1.25205
1.253
1.27355
1.28995
1.36615
1.38155
1.43845
1.515225
1.533375
1.542325
1.581675
1.63305
1.674025
1.804725
1.84285
1.845225
1.9018
1.933
1.95565
2.0192
2.1274
2.16875
2.197325
2.30045
2.352825
2.399775
2.428
2.43165
2.525625
2.596425
2.604575
2.622775
2.7197
2.75445
2.76285
2.821175
2.8632
2.890475
2.910025
2.93475
2.9586
3.02505
3.06965
3.076625
3.206075
3.334775
3.521325
3.529925
3.563075
3.591825
3.625
3.63645
3.655175
3.6833
3.752125
3.800675
3.8152
3.831975
3.838325
3.960775
4.01685
4.01915
4.030675
4.095275
4.095925
4.135725
4.24385
4.25215
4.2783
4.304725
4.307725
4.3639
4.377275
4.39045
4.460125
4.4768
4.509225
4.516825
4.530375
4.5552
4.7575
4.7976
4.8223
4.911
4.9206
4.9914
5.128475
5.181625
5.249225
5.632475
5.716325
5.839375
5.868575
5.944975
6.022125
6.094375
6.098075
6.106625
6.295375
6.372275
6.423975
6.56245
6.593325
6.6077
6.856925
6.867075
6.8714
6.920975
6.950225
7.138875
7.16885
7.1727
7.292975
7.5023
7.55015
7.622
7.787525
7.860625
7.886775
7.925325
7.98365
8.108525
8.200775
8.278625
8.542
8.5759
8.6206
8.675275
8.7201
8.93445
9.07555
9.076125
9.125125
9.1522
9.2385
9.2851
9.4458
9.602425
9.63815
9.6647
9.722675
9.7827
9.7933
198
