0.001825
0.11465
0.206225
0.476725
0.500675
0.50765
0.537325
0.5403
0.542825
0.544625
0.557525
0.55955
0.57855
0.5954
0.615075
0.62425
0.628325
0.636925
0.63865
0.64645
0.65865
0.6848
0.6999
0.71
0.734075
0.7422
0.7873
0.79395
0.82515
0.831225
0.836675
0.839025
0.856975
0.8611
0.862025
0.863675
0.884775
0.903525
0.91115
0.921625
0.93665
0.9769
1.000875
1.0273
1.04225
1.077025
1.0889
1.118575
1.12385
1.13595
1.13915
1.15255
1.159675
1.1702
1.2241
1.231175
1.259
1.2677
1.2946
1.31335
1.350475
1.368275
1.43705
1.445925
1.464525
1.46885
1.50545
1.515225
1.5943
1.610475
1.62285
1.638525
1.71145
1.79605
1.81855
1.930575
1.980025
2.05565
2.124225
2.1394
2.230525
2.275225
2.322875
2.35725
2.4203
2.48295
2.508
2.510575
2.5988
2.6243
2.62745
2.656675
2.726675
2.733075
2.780375
2.7956
2.822675
2.87145
2.884675
2.933175
2.942275
3.0494
3.05985
3.074225
3.0897
3.118425
3.244725
3.293125
3.480775
3.62135
3.6247
3.679725
3.99985
4.013875
4.022975
4.130375
4.15085
4.173425
4.22365
4.40905
4.443425
4.447275
4.5012
4.58745
4.590475
4.6384
4.644
4.751
4.772675
4.7834
4.8171
4.87025
5.022075
5.1965
5.2722
5.27535
5.35175
5.412325
5.441175
5.4534
5.455925
5.52525
5.672175
5.7142
6.01085
6.105325
6.140775
6.141675
6.14605
6.202425
6.453325
6.464625
6.50555
6.62855
6.638125
6.67435
6.80945
6.830125
6.831975
6.989225
7.34655
7.4036
7.453
7.6494
7.7936
7.8111
7.8716
8.1313
8.262525
8.3271
8.380125
8.426825
8.551325
8.570075
8.57775
8.62535
8.631175
8.6389
8.667825
8.80495
8.872425
8.915325
8.96585
9.071925
9.141675
9.147025
9.17105
9.18695
9.243475
9.446425
9.463325
9.470825
9.5764
9.684975
9.78065
9.8034
9.8101
9.85615
198
