0.274375
0.35125
0.3725
0.50485
0.54855
0.549075
0.552275
0.558575
0.584975
0.58935
0.591775
0.600075
0.60455
0.604675
0.626825
0.6419
0.647275
0.6523
0.656525
0.6575
0.66555
0.672775
0.69525
0.724525
0.7321
0.761775
0.7954
0.828925
0.846125
0.86095
0.88745
0.91215
0.940725
0.952425
0.962475
1.01585
1.02675
1.0358
1.051975
1.067175
1.071225
1.0879
1.089275
1.090725
1.0973
1.225325
1.274825
1.27745
1.29515
1.2968
1.303325
1.34865
1.3492
1.36165
1.3617
1.391325
1.3963
1.404625
1.4403
1.483775
1.48465
1.50935
1.518175
1.540475
1.580425
1.58115
1.654125
1.670425
1.687875
1.72135
1.74135
1.765375
1.78235
1.789275
1.8115
1.848375
1.859775
1.862675
1.886775
1.89315
1.901725
1.993525
2.01095
2.06785
2.168725
2.212475
2.254425
2.265175
2.270575
2.28525
2.3036
2.3882
2.415675
2.428475
2.4416
2.4953
2.5428
2.5674
2.617175
2.617375
2.6267
2.677475
2.6918
2.708275
2.76955
2.78845
2.81275
2.82055
2.89105
2.9018
2.904875
2.9192
2.966625
3.015975
3.1311
3.253625
3.436225
3.45185
3.49135
3.5108
3.566625
3.787925
3.804675
3.845475
3.91685
3.93155
4.01855
4.095075
4.11145
4.1667
4.232075
4.273975
4.27635
4.333925
4.34045
4.371125
4.524375
4.542675
4.6428
4.65325
4.68055
4.78425
4.790975
4.825425
4.847925
4.977375
4.979075
5.011875
5.0778
5.51
5.557225
5.7641
5.867575
5.9105
5.96615
6.01385
6.107275
6.120425
6.16495
6.1882
6.384075
6.407825
6.424625
6.51475
6.59255
6.88005
6.985375
7.021125
7.05115
7.077375
7.208025
7.22705
7.592
7.716575
7.798475
7.815375
7.936875
7.953
8.273125
8.309175
8.447925
8.535275
8.62215
8.6774
8.7057
8.72425
8.74625
8.82425
8.837325
8.9413
8.9979
9.31815
9.417675
9.450475
9.5931
9.66395
9.707925
9.7231
9.7513
199
