0.003375
0.07995
0.16475
0.17925
0.244325
0.341475
0.395275
0.50535
0.5058
0.518625
0.545025
0.565725
0.5979
0.608375
0.60945
0.619
0.632025
0.634375
0.639725
0.648125
0.654075
0.66345
0.664275
0.67355
0.6808
0.6888
0.700675
0.726525
0.730075
0.766425
0.7691
0.774925
0.776725
0.78195
0.786275
0.819875
0.824525
0.83735
0.84585
0.8525
0.858575
0.864
0.867
0.8802
0.882025
0.9246
0.9293
0.963275
1.030075
1.0506
1.0697
1.106725
1.1075
1.1439
1.180425
1.185375
1.2161
1.233425
1.2413
1.242025
1.2885
1.302775
1.321325
1.3291
1.367475
1.45085
1.46065
1.5635
1.5787
1.651075
1.66
1.7015
1.741925
1.7605
1.80235
1.826075
2.059075
2.162675
2.172375
2.21635
2.252625
2.310375
2.354675
2.3842
2.39025
2.401375
2.4127
2.431325
2.444825
2.4776
2.482575
2.530625
2.661775
2.7007
2.7165
2.7442
2.7794
2.8207
2.9051
2.93295
3.306725
3.3434
3.416825
3.636475
3.8072
3.923625
3.9471
3.954575
4.001825
4.301925
4.3044
4.38035
4.4784
4.5842
4.69805
4.835525
4.9009
4.917
5.139025
5.19975
5.270925
5.453025
5.466525
5.528175
5.553725
5.617225
5.69345
5.739575
5.788625
5.7927
5.796575
5.81995
5.899225
6.010625
6.141825
6.4416
6.557675
6.6308
6.64245
6.71895
6.994225
7.278625
7.302025
7.385
7.51085
7.5474
7.61675
7.634275
8.046875
8.15715
8.409175
8.5921
8.5988
8.69585
8.782425
8.78315
8.989425
9.062625
9.31155
9.4851
9.55955
9.6706
9.678975
9.762075
9.82055
165
