0.0531
0.0557
0.176725
0.253125
0.325025
0.39135
0.50165
0.519325
0.522825
0.52355
0.5246
0.530825
0.557175
0.5648
0.569425
0.5832
0.6801
0.700275
0.7021
0.723925
0.760275
0.792125
0.794475
0.799425
0.80175
0.840425
0.8651
0.8776
0.878375
0.886325
0.9046
0.905125
0.93185
0.936425
0.9369
0.96125
0.9628
0.9891
0.990775
1.01315
1.01455
1.025275
1.032975
1.04235
1.082525
1.0846
1.09755
1.132525
1.150775
1.20215
1.22955
1.246625
1.263525
1.267375
1.277575
1.287425
1.309
1.31065
1.360525
1.363975
1.371825
1.381925
1.384825
1.434725
1.438775
1.46655
1.5063
1.539975
1.5586
1.58975
1.616775
1.68395
1.756025
1.81335
1.835575
1.892125
2.04545
2.148325
2.163825
2.206925
2.30085
2.3759
2.380925
2.3878
2.571425
2.591075
2.592525
2.641225
2.672675
2.7518
2.78815
2.816925
2.834025
2.87785
2.904925
3.046775
3.150475
3.18205
3.225675
3.266975
3.284525
3.308475
3.330825
3.387925
3.404225
3.41515
3.4323
3.443
3.643025
3.674525
3.69435
3.83095
3.831225
3.834575
3.8755
3.88685
3.912525
3.946225
4.050225
4.13425
4.20495
4.2087
4.238125
4.275375
4.33945
4.403975
4.44175
4.638875
4.653775
4.65695
4.6762
4.6979
4.7323
4.755575
4.791275
4.923925
4.9706
4.97775
5.15815
5.203425
5.217825
5.251825
5.27925
5.2842
5.28445
5.334625
5.35625
5.4004
5.445625
5.46325
5.596675
5.626175
5.656825
5.712475
5.892475
5.91715
5.963625
6.179225
6.41715
6.42555
6.425925
6.527475
6.647825
6.687675
6.81805
7.20125
7.2485
7.4706
7.57
7.597975
7.722225
7.7481
7.796175
7.806675
8.030025
8.07425
8.090025
8.090225
8.1166
8.145525
8.1838
8.203975
8.213325
8.29085
8.318425
8.361875
8.424375
8.431475
8.479225
8.66975
8.828175
9.02765
9.25425
9.341725
9.375625
9.381075
9.524425
9.5868
9.63015
9.720625
9.768825
9.774275
9.915125
9.976725
204
