0.19455
0.24535
0.361375
0.44775
0.5018
0.5108
0.57895
0.588475
0.605125
0.612075
0.61925
0.636225
0.6727
0.686425
0.702975
0.7108
0.728075
0.74915
0.75105
0.759125
0.76415
0.76535
0.7821
0.797425
0.80055
0.849525
0.8696
0.87885
0.88645
0.88995
0.89885
0.902675
0.904475
0.90615
0.9121
0.9392
1.007825
1.01585
1.0208
1.032975
1.037
1.0695
1.072225
1.086675
1.093975
1.103275
1.12095
1.158425
1.16575
1.214
1.214775
1.235725
1.253625
1.297325
1.312625
1.3293
1.351325
1.380025
1.384575
1.399375
1.487525
1.492075
1.51205
1.546375
1.555525
1.58545
1.6844
1.721025
1.725825
1.746725
1.7525
1.77165
1.7761
1.77745
1.8622
1.92155
1.931425
1.956575
1.9746
1.98555
2.02485
2.05235
2.08835
2.195225
2.2153
2.21835
2.26435
2.291025
2.447325
2.53445
2.5536
2.6513
2.6913
2.7563
2.8629
2.92255
3.04595
3.154775
3.2021
3.2337
3.269925
3.278475
3.30345
3.576425
3.584975
3.670375
3.781575
3.933975
3.960875
4.005825
4.008975
4.05155
4.201925
4.280175
4.54335
4.56145
4.561475
4.62055
4.707425
4.729825
4.82835
4.9492
5.039225
5.062
5.092225
5.122775
5.146125
5.2664
5.26905
5.320825
5.3943
5.45485
5.4939
5.5163
5.5559
5.6275
5.634725
5.6425
5.664075
5.6741
5.812075
5.813875
5.9969
6.030225
6.10915
6.1935
6.2533
6.318375
6.3227
6.33015
6.37875
6.72405
6.789275
6.7925
6.838875
6.923825
6.9831
7.101475
7.168975
7.328675
7.374675
7.491875
7.617125
7.791825
7.912975
7.95825
8.02405
8.13945
8.195025
8.2401
8.25295
8.265325
8.365275
8.376825
8.5706
8.69125
8.84255
8.9058
9.118975
9.276825
9.309575
9.3706
9.482975
9.484225
9.506525
9.50915
9.531475
9.673025
9.686375
9.8109
9.8214
9.823925
9.837025
9.97315
194
