0.006125
0.040675
0.119725
0.3087
0.4481
0.483475
0.50695
0.5273
0.544075
0.557525
0.5597
0.571
0.59185
0.597725
0.612575
0.63055
0.634125
0.66315
0.66895
0.672
0.6912
0.716775
0.74585
0.76595
0.772125
0.793425
0.829775
0.89325
0.896875
0.92235
0.9421
0.94835
0.963575
1.0189
1.05415
1.0726
1.100475
1.113875
1.12255
1.122875
1.12365
1.165875
1.170325
1.229025
1.263175
1.28335
1.289325
1.29465
1.310625
1.315475
1.32335
1.3771
1.382675
1.38875
1.569
1.571525
1.604725
1.606025
1.63725
1.697425
1.7411
1.80315
1.921775
1.9787
2.006875
2.035475
2.09465
2.10035
2.146125
2.15885
2.18465
2.239675
2.25865
2.27065
2.431125
2.49105
2.49605
2.620925
2.66055
2.686575
2.74035
2.83785
2.90565
2.926975
3.058025
3.117825
3.24305
3.307275
3.3176
3.38235
3.414375
3.427825
3.428075
3.43665
3.44305
3.539825
3.564425
3.6177
3.63025
3.680475
3.718875
3.77435
3.842325
3.92515
3.938325
3.95145
4.02585
4.171675
4.172475
4.193125
4.198775
4.4474
4.533625
4.6077
4.7185
4.752575
4.780975
4.7886
4.7907
4.801675
4.914675
5.1693
5.1704
5.295325
5.3819
5.4144
5.4615
5.517975
5.65355
5.713075
5.7605
5.9079
6.00005
6.0312
6.052775
6.09425
6.160625
6.236775
6.3228
6.323025
6.366225
6.3715
6.46985
6.610775
6.621
6.67855
6.697725
6.844675
6.901075
6.919375
7.292975
7.38665
7.4089
7.512825
7.524975
7.649675
7.67375
8.288525
8.325
8.326725
8.353075
8.4826
8.817175
8.844825
8.96615
9.005
9.007225
9.0152
9.07665
9.083775
9.2144
9.228
9.25065
9.32255
9.355275
9.358375
9.372375
9.44535
9.502625
9.550175
9.62985
9.63185
9.63575
9.762675
9.825175
9.854025
9.893475
9.92585
188
