0.25245
0.28235
0.395125
0.517325
0.52135
0.522375
0.52715
0.5351
0.536075
0.54925
0.55145
0.554675
0.569075
0.5999
0.604025
0.626325
0.6562
0.657875
0.661425
0.668475
0.670925
0.674875
0.68405
0.696725
0.709675
0.725625
0.728025
0.73245
0.75905
0.78205
0.833825
0.834125
0.84615
0.85065
0.869925
0.87345
0.882225
0.887875
0.8988
0.921375
0.9421
0.94875
0.956625
0.9665
0.969425
0.99685
0.998625
0.99895
1.000225
1.021025
1.06355
1.067875
1.093975
1.102325
1.143
1.144975
1.151525
1.182775
1.2536
1.309875
1.343025
1.4136
1.455725
1.538875
1.901575
1.9824
2.006275
2.017625
2.05775
2.06355
2.179175
2.179725
2.223
2.2361
2.261575
2.2735
2.300925
2.310675
2.31885
2.323675
2.333475
2.356475
2.37695
2.38435
2.423675
2.51415
2.559175
2.6489
2.6501
2.6618
2.6685
2.6768
2.701725
2.70625
2.7964
2.826575
2.8291
2.85995
2.93025
2.93115
2.9343
2.955325
2.9798
3.071375
3.119
3.200425
3.212775
3.251125
3.325325
3.46455
3.483475
3.648275
3.66245
3.7497
3.776925
3.92005
4.051525
4.084825
4.1495
4.155875
4.163675
4.214375
4.246475
4.2743
4.286925
4.493925
4.53855
4.550025
4.56415
4.80635
4.806875
4.8656
4.87995
4.91875
4.97485
4.9802
5.02405
5.10865
5.130475
5.158425
5.15875
5.40105
5.42485
5.529925
5.53865
5.6032
5.881675
5.929275
5.9755
6.1859
6.235
6.238425
6.27285
6.283025
6.333775
6.3406
6.45885
6.472175
6.556375
6.618625
6.757425
6.776225
6.896925
6.95295
7.013525
7.1279
7.271625
7.358275
7.560425
7.5778
7.673675
7.750975
7.7531
7.980125
8.03365
8.05885
8.089975
8.149175
8.215125
8.31805
8.50865
8.62095
8.751975
8.902925
9.010575
9.2681
9.3634
9.516
9.556175
9.558
9.7174
9.8255
9.96455
193
