0.07275
0.0747
0.4194
0.44695
0.50075
0.5268
0.53005
0.5452
0.5491
0.555175
0.55985
0.584875
0.588625
0.594325
0.599975
0.600975
0.6147
0.622775
0.624275
0.6403
0.678825
0.704425
0.70655
0.714525
0.71705
0.73425
0.77165
0.77215
0.7753
0.779025
0.779375
0.79045
0.800775
0.85305
0.8602
0.880975
0.9112
0.9151
0.9456
0.963325
0.972775
0.978575
0.98025
0.9877
1.007075
1.0692
1.069525
1.0774
1.09295
1.108075
1.117475
1.1499
1.1549
1.155
1.1662
1.197575
1.2238
1.2335
1.24295
1.262225
1.26275
1.337525
1.349225
1.374525
1.4366
1.448675
1.47765
1.477675
1.4927
1.57145
1.6024
1.60905
1.6719
1.749325
1.758525
1.851775
1.86475
1.894075
1.899375
1.916475
1.94315
1.9568
1.958575
1.9641
2.033225
2.068475
2.18585
2.267025
2.290975
2.30855
2.326725
2.379675
2.3933
2.406625
2.4656
2.468625
2.495275
2.545975
2.570175
2.5725
2.582425
2.613825
2.617475
2.640325
2.77635
2.7861
2.78705
2.843775
2.8459
2.8611
2.92995
2.9777
3.148275
3.154925
3.194175
3.242025
3.3313
3.404325
3.49615
3.581525
3.634725
3.63795
3.6734
3.6941
3.703575
3.71075
3.77665
3.7844
3.794225
3.82655
3.851725
3.859975
4.015
4.04985
4.07825
4.129275
4.152175
4.153425
4.214025
4.318925
4.350075
4.3658
4.36775
4.45005
4.461725
4.50695
4.559975
4.61705
4.666
4.73065
4.789375
4.798525
4.974225
5.11635
5.1248
5.142525
5.1433
5.229725
5.256775
5.330825
5.517075
5.530025
5.546825
5.5774
5.65105
5.693275
5.69675
5.81035
6.014
6.024325
6.155625
6.16475
6.211475
6.2239
6.300325
6.40975
6.5336
6.557825
6.618925
6.61995
6.656575
6.7573
6.79415
6.8503
6.98175
7.1085
7.128425
7.1307
7.381925
7.490375
7.5397
7.650375
7.7005
7.92275
7.980275
8.01675
8.104275
8.123575
8.12695
8.154825
8.386425
8.391025
8.511825
8.517825
8.5732
8.576025
8.759
8.954675
8.974825
9.063425
9.116925
9.132325
9.22645
9.46295
9.4752
9.6057
9.63805
9.91265
9.970525
9.99875
220
