0.262475
0.29575
0.49115
0.50125
0.505975
0.513375
0.517275
0.51775
0.518625
0.5321
0.53665
0.559925
0.569975
0.582725
0.5837
0.583975
0.594625
0.611525
0.620375
0.624675
0.626225
0.642875
0.648325
0.654825
0.679325
0.6906
0.703575
0.709325
0.723425
0.7283
0.732175
0.7584
0.7608
0.76295
0.809125
0.834775
0.844575
0.86345
0.873725
0.88
0.8981
0.898175
0.965575
0.9725
0.98335
0.9921
0.995525
1.0118
1.0133
1.03515
1.063125
1.069625
1.09055
1.112125
1.156875
1.2003
1.257275
1.2907
1.29455
1.306675
1.31335
1.31625
1.31755
1.3603
1.364025
1.3738
1.40555
1.40775
1.4179
1.4341
1.465075
1.465125
1.46855
1.487925
1.515925
1.526575
1.5698
1.591075
1.662225
1.760075
1.857575
1.87915
1.88635
1.932775
1.965075
1.989125
2.0263
2.090575
2.09585
2.1195
2.153875
2.210725
2.221475
2.239925
2.33275
2.44265
2.612
2.62435
2.646
2.708875
2.876625
2.938175
3.041
3.0414
3.05965
3.082525
3.122775
3.161
3.167775
3.235975
3.299725
3.4388
3.563075
3.5958
3.6195
3.7092
3.71875
3.7859
3.796075
3.8885
3.990125
4.03175
4.035725
4.069825
4.078125
4.15485
4.289775
4.4111
4.420625
4.438075
4.465825
4.574975
4.62645
4.658625
4.670975
4.742525
4.7996
4.87295
4.93135
4.9485
5.0427
5.09145
5.204675
5.2465
5.262675
5.293125
5.3186
5.397075
5.418425
5.4911
5.7093
5.772625
5.778775
5.788325
5.797525
5.837875
5.87605
6.074675
6.35325
6.418275
6.578375
6.614
6.7039
6.715375
6.716775
6.7187
6.719975
6.76035
6.772875
6.802925
6.8374
6.903975
7.0423
7.057375
7.097825
7.1118
7.12475
7.1473
7.21005
7.2413
7.345625
7.37225
7.411475
7.567075
7.603925
7.685675
7.70625
7.7506
7.793775
7.91805
7.929875
7.96025
8.0273
8.029925
8.13345
8.187
8.2616
8.3856
8.45475
8.549525
8.717475
8.77055
8.806025
8.945625
9.01445
9.029575
9.098825
9.1984
9.2192
9.2277
9.230575
9.276975
9.366075
9.56405
9.73785
9.747825
9.7867
9.813975
9.909175
219
