0.039875
0.10925
0.43335
0.495325
0.502025
0.5064
0.5081
0.5086
0.515075
0.521525
0.55055
0.565925
0.576625
0.581275
0.5885
0.606475
0.6124
0.627025
0.628625
0.641025
0.6568
0.66205
0.6628
0.684375
0.6922
0.70765
0.7144
0.718225
0.7399
0.74305
0.7892
0.800325
0.80605
0.82195
0.8366
0.83895
0.8418
0.856225
0.872975
0.91985
0.95425
0.96725
0.98065
1.01345
1.031875
1.04435
1.0556
1.082925
1.0888
1.126425
1.135075
1.13585
1.159
1.18525
1.185425
1.197975
1.198875
1.2066
1.22105
1.238575
1.278875
1.31415
1.321375
1.327125
1.382
1.4295
1.46605
1.4747
1.475475
1.48635
1.5027
1.5028
1.503275
1.552225
1.55295
1.704625
1.7155
1.794375
1.795525
1.808
1.83575
1.859625
1.86005
1.991775
2.04405
2.1678
2.2172
2.25
2.263875
2.2854
2.303475
2.3871
2.41765
2.443475
2.47495
2.48675
2.521625
2.563725
2.594825
2.62135
2.693625
2.711525
2.806275
2.8804
2.883575
2.91945
2.95365
3.028875
3.05435
3.207125
3.21215
3.21585
3.392925
3.416025
3.50215
3.5505
3.749425
3.76745
3.769125
3.885575
4.019425
4.1126
4.167625
4.176525
4.371475
4.428875
4.458475
4.540125
4.5623
4.5675
4.626825
4.7726
4.786325
4.82245
4.9196
4.931475
4.934775
5.04195
5.0486
5.083675
5.129775
5.169725
5.244125
5.260675
5.3942
5.4399
5.558175
5.58545
5.64235
5.79335
5.873
5.9037
5.925675
5.99715
6.00485
6.01745
6.07925
6.12825
6.28965
6.295925
6.29805
6.302275
6.3475
6.447525
6.526275
6.54875
6.632875
6.652375
6.82055
6.874275
6.88895
6.896025
6.936525
7.035425
7.080025
7.189225
7.2705
7.3322
7.34855
7.483475
7.59615
7.620925
7.635725
7.67835
7.809925
7.8925
7.9361
7.98975
8.255175
8.287825
8.432325
8.450125
8.574275
8.6603
8.72815
8.7455
8.76705
8.807
8.852975
8.88465
8.943775
8.9939
9.001
9.013075
9.039975
9.17175
9.179125
9.368125
9.4916
9.570825
9.5932
9.6618
9.740475
9.756525
9.78375
215
