0.269325
0.394775
0.407575
0.508175
0.509525
0.514125
0.51785
0.519175
0.524525
0.5248
0.52805
0.5352
0.5355
0.539075
0.553025
0.56035
0.5851
0.5957
0.604575
0.605225
0.61345
0.615075
0.632875
0.637425
0.6555
0.67715
0.67865
0.68845
0.68975
0.701125
0.705075
0.720525
0.739375
0.742925
0.7453
0.75595
0.7661
0.774475
0.78315
0.798275
0.80645
0.868725
0.905425
0.9342
0.949325
0.9545
0.9635
1.00465
1.037125
1.04185
1.091175
1.11385
1.16625
1.22165
1.248
1.276875
1.278
1.35365
1.35675
1.39925
1.438875
1.48725
1.5516
1.58945
1.6253
1.668
1.730575
1.78535
1.814725
2.107
2.19545
2.1977
2.2308
2.317875
2.335675
2.372275
2.3803
2.39725
2.460675
2.486075
2.515475
2.5203
2.5781
2.61125
2.68265
2.692275
2.6972
2.717225
2.87695
2.96545
2.977925
2.98755
3.073025
3.08825
3.154275
3.1768
3.204975
3.305875
3.331425
3.33945
3.348275
3.365525
3.388925
3.3979
3.418475
3.52195
3.5444
3.56795
3.706475
3.71725
3.719125
3.788925
3.8447
3.993025
4.01245
4.065725
4.0705
4.1011
4.5061
4.53905
4.5392
4.644625
4.80245
4.9084
4.910375
4.9214
5.241275
5.241825
5.3905
5.41295
5.539075
5.5689
5.655375
5.702
5.7455
5.7719
5.782325
5.9292
6.177675
6.180025
6.1962
6.284825
6.346925
6.399875
6.424
6.466525
6.481625
6.50485
6.53505
6.5696
6.59505
6.59735
6.70415
6.749925
6.7679
6.8156
6.8257
7.044825
7.0982
7.11105
7.3081
7.420775
7.4532
7.50015
7.56355
7.599225
7.7911
7.847625
7.9056
8.0879
8.2954
8.368875
8.44925
8.5388
8.62785
8.73435
8.90785
9.197325
9.2489
9.2877
9.29745
9.347325
9.38865
9.729725
9.9659
185
