0.047
0.0657
0.0851
0.240875
0.25565
0.3069
0.495425
0.507025
0.51225
0.533
0.545275
0.555425
0.5591
0.573975
0.57475
0.619075
0.62865
0.631
0.655675
0.658625
0.6628
0.66285
0.665575
0.6742
0.6756
0.678625
0.68755
0.68775
0.7323
0.7781
0.78235
0.785725
0.7945
0.7978
0.811175
0.82175
0.823725
0.8575
0.867975
0.86855
0.870325
0.88905
0.897025
0.929675
1.008125
1.0843
1.11015
1.1292
1.1322
1.136325
1.17605
1.206025
1.235525
1.259075
1.302175
1.302375
1.3689
1.388125
1.3966
1.4167
1.420125
1.476675
1.483775
1.493225
1.52805
1.53045
1.847925
1.867675
1.875425
1.91235
1.915025
1.9166
1.939775
1.943075
1.94975
1.9856
2.02425
2.046175
2.0848
2.12225
2.130925
2.1814
2.23905
2.245325
2.285475
2.31625
2.386725
2.41715
2.43985
2.556225
2.5622
2.56895
2.591775
2.7848
3.006225
3.047125
3.0673
3.0909
3.2137
3.292075
3.385025
3.42275
3.5132
3.550875
3.593325
3.76305
3.808625
3.839
3.8952
3.896225
3.902825
3.907875
3.99145
4.078325
4.088125
4.136725
4.228075
4.3308
4.354675
4.424725
4.4766
4.4942
4.514525
4.515225
4.72025
4.7387
5.027775
5.042825
5.0602
5.27085
5.283425
5.56465
5.60425
5.674125
5.81185
5.831925
5.843875
5.9172
5.952925
6.124075
6.445525
6.47745
6.55075
6.574725
6.762275
6.7732
6.7795
6.800475
6.8705
6.879225
6.894175
7.014275
7.0666
7.112425
7.337575
7.34885
7.373675
7.3781
7.454675
7.507575
7.5878
7.6609
7.683175
7.69605
7.7302
7.75775
7.757875
7.79235
7.8455
7.906125
7.94315
7.95375
8.118475
8.330075
8.4016
8.447125
8.660175
8.748575
8.7564
8.8789
8.986375
9.0522
9.087125
9.18635
9.344875
9.345425
9.520425
9.544075
9.724825
9.76755
9.804575
9.8526
9.93325
193
