0.041525
0.4431
0.497125
0.504625
0.518825
0.54005
0.5501
0.552025
0.55275
0.55845
0.5759
0.5783
0.600275
0.606175
0.608775
0.621675
0.669
0.692725
0.702825
0.71035
0.7131
0.74445
0.799075
0.82515
0.8435
0.85435
0.869025
0.8759
0.8864
0.8963
0.898775
0.920975
0.928675
0.9635
0.97425
1.00185
1.00355
1.01255
1.109325
1.112575
1.11395
1.1164
1.12085
1.133275
1.143775
1.160525
1.163725
1.167175
1.182725
1.18555
1.231675
1.264175
1.29195
1.383625
1.411725
1.4295
1.458275
1.467775
1.492825
1.561125
1.596325
1.647475
1.661275
1.68565
1.72345
1.73025
1.78495
1.869375
1.9058
1.915525
2.01115
2.0591
2.111975
2.13005
2.15525
2.2232
2.2331
2.2883
2.3013
2.31345
2.342575
2.40515
2.415175
2.716425
2.7225
2.7314
2.835775
2.83595
2.910575
2.925625
2.984525
3.01765
3.0869
3.10565
3.2627
3.3295
3.424025
3.503375
3.579025
3.58545
3.678525
3.7751
3.829725
3.9229
3.95945
3.986425
4.081275
4.1173
4.123075
4.180425
4.1859
4.2135
4.252875
4.349425
4.369025
4.369625
4.38175
4.61465
4.740475
4.809625
4.81325
4.850475
5.207775
5.234925
5.4913
5.53125
5.5512
5.57335
5.684525
5.812875
5.87365
5.92375
5.9412
5.962675
5.963125
6.025675
6.04725
6.1252
6.16545
6.26
6.283175
6.2994
6.343825
6.469425
6.516875
6.518825
6.646975
6.748225
6.768925
6.926875
6.962275
7.060725
7.1529
7.1686
7.375275
7.389625
7.57835
7.65215
7.66685
7.66965
8.0494
8.10155
8.165325
8.267025
8.270575
8.295075
8.37905
8.7752
8.8171
8.9799
8.980725
9.0257
9.53785
9.593475
9.62465
9.76365
9.907
9.977325
178
