0.01
0.123925
0.5086
0.5119
0.5198
0.535475
0.54305
0.546075
0.549775
0.554625
0.559925
0.578
0.581375
0.603775
0.60445
0.608575
0.615725
0.617175
0.655975
0.685475
0.714325
0.720925
0.7905
0.806125
0.81465
0.840125
0.85175
0.852325
0.86445
0.88495
0.8903
0.896075
0.909375
0.992275
0.995075
1.0085
1.011475
1.036025
1.03785
1.043375
1.065825
1.078375
1.1
1.10515
1.110925
1.112
1.1243
1.133
1.162225
1.170175
1.181675
1.215075
1.21965
1.22355
1.238225
1.2448
1.270775
1.290825
1.338225
1.411825
1.457075
1.4703
1.5166
1.57295
1.66845
1.677075
1.70825
1.7221
1.739575
1.747775
1.774625
1.896075
1.92075
2.05575
2.063575
2.067575
2.169
2.178
2.223
2.290275
2.2926
2.29775
2.4081
2.419825
2.4609
2.507225
2.56385
2.57345
2.59195
2.606475
2.630825
2.69615
2.735925
2.7569
2.78845
3.018325
3.039025
3.048575
3.1083
3.120225
3.1945
3.23835
3.259475
3.348275
3.4292
3.44735
3.449125
3.4628
3.528825
3.58765
3.6042
3.616675
3.63755
3.665425
3.701825
3.87285
3.8956
3.948525
4.14245
4.17145
4.331175
4.343525
4.346
4.356425
4.412875
4.418775
4.43545
4.4392
4.465575
4.48165
4.484875
4.538375
4.5616
4.590025
4.610475
4.625725
4.6912
4.7067
4.7729
4.9059
4.91955
4.947075
5.01675
5.100825
5.24725
5.46355
5.61235
5.98195
6.01925
6.05435
6.117175
6.123025
6.13065
6.203075
6.398875
6.400425
6.5971
6.688325
6.78995
6.7949
6.804725
6.931875
6.94905
7.08535
7.112
7.124925
7.266475
7.41685
7.4462
7.485475
7.498
7.5714
7.628675
7.629125
7.77665
7.7898
8.008975
8.0998
8.155475
8.23075
8.23355
8.338625
8.3485
8.3494
8.43275
8.52315
8.5976
8.6161
8.66135
8.6628
8.667675
8.764375
8.793975
8.847775
8.873475
8.921
8.97635
8.993675
9.0376
9.182675
9.1868
9.218875
9.25455
9.2891
9.3325
9.437875
9.4436
9.47255
9.47935
9.533325
9.6302
9.785625
9.914675
213
