0.00585
0.1028
0.1494
0.177575
0.200675
0.2068
0.215175
0.229225
0.231475
0.26505
0.284025
0.307425
0.38515
0.43265
0.473475
0.534225
0.548575
0.549875
0.57035
0.58045
0.594425
0.60185
0.605075
0.605225
0.633475
0.645825
0.6487
0.66705
0.69185
0.698775
0.74175
0.75175
0.770025
0.779125
0.84235
0.864275
0.87295
0.905975
0.91845
0.970625
1.022425
1.110375
1.126275
1.1492
1.15335
1.163
1.1683
1.1815
1.20045
1.205675
1.229
1.2471
1.28415
1.35465
1.461625
1.489925
1.49035
1.50365
1.5064
1.5185
1.53255
1.534925
1.54575
1.57825
1.638125
1.664725
1.714175
1.742
1.83575
1.869875
1.885925
1.886
1.907175
1.9441
2.000975
2.0242
2.049325
2.07495
2.147325
2.176025
2.193075
2.198475
2.23725
2.310525
2.328725
2.391925
2.399575
2.40545
2.4237
2.493375
2.49405
2.495
2.533725
2.5454
2.56245
2.859425
2.897075
2.90705
2.909925
2.96365
3.047
3.075575
3.185075
3.27685
3.289125
3.310425
3.35115
3.587225
3.618575
3.860975
3.868325
3.912825
3.95315
4.005775
4.214125
4.342175
4.3423
4.357575
4.409575
4.487725
4.5052
4.514825
4.5838
4.715825
4.789875
4.811825
4.8688
4.97205
5.075075
5.2739
5.40025
5.41515
5.55035
5.624075
5.640425
5.6497
5.688775
5.693925
5.739
5.744875
5.764825
5.7754
5.936325
5.9543
6.1905
6.23795
6.385825
6.387825
6.4895
6.551075
6.6594
6.6607
6.7559
6.92385
7.0457
7.086125
7.358175
7.4476
7.5115
7.523925
7.542525
7.61535
7.76995
7.9838
8.0432
8.055875
8.1851
8.1881
8.188575
8.26675
8.30465
8.313375
8.428475
8.481825
8.518
8.71145
8.7677
8.872725
8.89575
8.9489
9.105025
9.304875
9.572875
9.605475
9.7083
9.71565
9.8797
9.882125
9.88615
9.978225
190
