0.12115
0.338975
0.48245
0.508175
0.5101
0.5116
0.525425
0.6096
0.635725
0.63745
0.6447
0.648775
0.651275
0.6519
0.6685
0.670475
0.674675
0.694325
0.698225
0.71335
0.74345
0.75265
0.754725
0.760725
0.762825
0.79545
0.797675
0.7987
0.829525
0.8462
0.861875
0.86955
0.90165
0.91145
0.91605
0.94185
0.959675
0.971775
0.9753
1.032775
1.040225
1.04135
1.0863
1.097
1.1365
1.184225
1.208075
1.219975
1.253475
1.259625
1.266325
1.32035
1.332225
1.338425
1.354075
1.354125
1.4144
1.4159
1.4395
1.4495
1.4726
1.4916
1.537625
1.547225
1.6544
1.86995
1.903025
1.95235
1.99285
2.00555
2.0445
2.08665
2.1353
2.247375
2.248
2.29325
2.32385
2.3798
2.385825
2.43745
2.449075
2.527225
2.653225
2.764525
2.769325
2.7718
2.8837
2.905925
2.924175
2.952425
2.991825
3.049575
3.17655
3.1963
3.266425
3.3834
3.39175
3.471675
3.524975
3.58265
3.59175
3.601625
3.616275
3.691925
3.697325
3.879975
3.91845
3.936375
3.98665
3.9982
4.0009
4.006075
4.037275
4.18185
4.228925
4.2717
4.314175
4.367425
4.4344
4.579625
4.65105
4.686
4.894725
4.931325
4.960625
5.01735
5.096775
5.1567
5.286175
5.545775
5.571625
5.68035
5.69115
5.75285
5.86755
5.90575
6.17
6.237225
6.40105
6.507375
6.513375
6.52545
6.526375
6.591125
6.63315
6.7415
6.803425
6.81765
6.836875
6.8792
6.912075
6.912525
6.939975
6.960825
6.973275
7.05975
7.0789
7.161
7.183325
7.27915
7.44435
7.6362
7.849375
7.9261
7.997225
8.193625
8.46705
8.4786
8.495425
8.5399
8.54415
8.670975
8.771925
8.8345
8.850075
8.886025
8.9368
8.994275
8.99675
9.2136
9.213875
9.421875
9.4666
9.6036
9.652075
9.873625
9.9069
187
