0.0009
0.172925
0.221075
0.30145
0.342675
0.451225
0.50055
0.508825
0.5182
0.526575
0.529725
0.53125
0.533975
0.5578
0.565075
0.578125
0.601925
0.63105
0.657375
0.667925
0.670025
0.692025
0.6969
0.69985
0.70285
0.70465
0.7166
0.728675
0.7333
0.74915
0.758175
0.761025
0.808675
0.816175
0.8514
0.863175
0.865625
0.889375
0.9162
0.940475
0.94865
1.04115
1.111975
1.1212
1.132525
1.1864
1.189975
1.199925
1.231175
1.233275
1.25225
1.26675
1.2782
1.374175
1.443175
1.475475
1.560025
1.5846
1.597025
1.66705
1.702525
1.7941
1.79485
1.799675
1.832475
1.849175
1.9496
1.970775
2.0305
2.088125
2.167625
2.223525
2.2292
2.247675
2.263125
2.40105
2.405125
2.457675
2.491
2.526775
2.63565
2.63825
2.762025
2.9118
3.008075
3.008625
3.0749
3.083275
3.09985
3.14845
3.421125
3.5431
3.671775
3.6901
3.817675
3.9252
4.027425
4.17395
4.27915
4.314475
4.333675
4.392425
4.4289
4.49715
4.62455
4.686375
4.704
4.730375
4.93625
4.9768
5.172825
5.258375
5.40595
5.458225
5.472175
5.5413
5.5992
5.610925
5.6284
5.705925
5.730725
5.816675
6.009925
6.154275
6.222775
6.281925
6.35695
6.39615
6.403275
6.445625
6.50465
6.517925
6.55115
6.713825
6.9231
6.995475
7.151475
7.205225
7.231675
7.308775
7.758775
7.821325
8.025425
8.049225
8.2261
8.3402
8.433475
8.447225
8.547
8.71445
8.7146
8.742275
8.83815
8.897525
8.926575
8.943725
8.968525
8.973
9.012425
9.16595
9.182525
9.39765
9.50655
9.6321
9.75645
9.90945
166
