0.016525
0.036475
0.164325
0.319025
0.3803
0.4534
0.45615
0.50535
0.515025
0.52595
0.546325
0.5554
0.55725
0.583775
0.59585
0.6075
0.62085
0.65385
0.659225
0.660075
0.6822
0.691175
0.713275
0.73675
0.77875
0.78765
0.8029
0.831375
0.843
0.855625
0.86225
0.870275
0.8796
0.888025
0.8963
0.90865
0.90955
0.926175
0.930725
0.935475
0.95035
0.957575
0.978
1.014725
1.067075
1.070825
1.119675
1.20005
1.216125
1.2332
1.2668
1.309475
1.37115
1.4158
1.45865
1.547425
1.64075
1.669875
1.855075
1.957125
2.0169
2.043225
2.061825
2.07445
2.081625
2.089475
2.095325
2.127375
2.143425
2.143875
2.148175
2.2122
2.2651
2.338225
2.3648
2.420075
2.4427
2.474225
2.47995
2.56785
2.625375
2.779175
2.832025
2.9189
2.989
3.02415
3.056325
3.08135
3.0826
3.102725
3.223175
3.25285
3.399075
3.4421
3.449625
3.609575
3.6371
3.65395
3.7722
3.853425
3.863075
3.95
3.962425
4.03215
4.055375
4.0965
4.1353
4.149125
4.199375
4.246725
4.24885
4.279525
4.307125
4.337825
4.68
4.699225
4.712725
4.7214
4.789075
4.83035
4.84565
4.864125
4.890725
4.898175
4.921425
4.933375
5.005975
5.145225
5.30115
5.30165
5.3377
5.421575
5.443775
5.519525
5.564575
5.642475
5.654475
5.6675
5.693375
5.797225
5.841075
5.992675
6.07525
6.13335
6.187025
6.288025
6.5347
6.569
6.632475
6.702375
6.742475
6.8196
6.84415
7.089025
7.0939
7.210825
7.259475
7.280325
7.35245
7.67245
7.7141
7.908625
7.924525
8.00695
8.197325
8.368475
9.060175
9.12195
9.234425
9.28165
9.29285
9.309
9.3603
9.36715
9.395575
9.4618
9.494875
9.668025
9.72565
9.751925
9.983475
9.999325
182
