0.17075
0.176375
0.212475
0.48625
0.50025
0.51465
0.52295
0.5307
0.54345
0.552075
0.56235
0.5689
0.5768
0.5834
0.608975
0.623025
0.625975
0.63685
0.642225
0.669975
0.6834
0.699
0.72115
0.73505
0.748625
0.7774
0.780125
0.787025
0.78875
0.792325
0.7941
0.79685
0.8105
0.812875
0.830475
0.8379
0.8403
0.846875
0.85315
0.879775
0.8808
0.939675
0.952625
0.955325
0.977675
0.98465
0.989225
1.01845
1.0387
1.047925
1.0595
1.0611
1.07885
1.08695
1.0872
1.09175
1.09555
1.1456
1.192575
1.1982
1.248975
1.268525
1.291225
1.31565
1.316
1.33635
1.351975
1.3584
1.3874
1.42625
1.451475
1.46995
1.626425
1.7063
1.804
1.849625
1.8548
1.86815
1.9144
1.92705
1.944
1.9631
1.96585
1.973275
2.031875
2.038125
2.10485
2.2023
2.3402
2.348025
2.44595
2.4573
2.464875
2.5093
2.509925
2.55115
2.62755
2.62845
2.631625
2.63815
2.654375
2.70615
2.824375
2.830075
2.9314
2.9478
2.9991
3.0216
3.04675
3.082825
3.1158
3.204075
3.23035
3.278
3.323425
3.358875
3.391325
3.473025
3.654325
3.724525
3.743775
3.79775
3.8112
3.81155
3.82
3.840675
3.8671
3.87045
3.901475
4.1191
4.16405
4.165325
4.18125
4.2122
4.269875
4.366675
4.4358
4.44345
4.764925
4.863375
5.016825
5.1119
5.14515
5.234075
5.311125
5.39785
5.525625
5.632825
5.66755
5.6943
5.84295
5.873825
5.887275
5.910025
5.953
6.04005
6.0462
6.0637
6.097725
6.0997
6.150975
6.2092
6.240625
6.3467
6.385425
6.3887
6.6488
6.736
6.8438
6.96445
7.037875
7.05075
7.081725
7.089025
7.30345
7.418325
7.564475
7.56605
7.60255
7.607225
7.6326
7.66
7.787725
7.79475
7.886525
7.90455
8.1106
8.147975
8.159075
8.216025
8.26055
8.292075
8.304225
8.47685
8.5345
8.574225
8.608025
8.70235
8.79905
8.857025
8.914325
8.953325
9.019525
9.162075
9.190825
9.288775
9.292975
9.353325
9.384375
9.514675
9.5289
9.5918
9.66165
9.694075
9.75045
9.9875
216
