0.0145
0.14955
0.47855
0.5017
0.510425
0.519025
0.5218
0.53675
0.53905
0.5452
0.545975
0.5539
0.563975
0.583325
0.59285
0.593
0.59815
0.60215
0.606775
0.642525
0.653125
0.662425
0.669775
0.671325
0.68435
0.685675
0.694325
0.6997
0.702275
0.702325
0.70305
0.70795
0.72815
0.730775
0.73125
0.73605
0.755375
0.7635
0.768825
0.775175
0.77855
0.79685
0.81325
0.837475
0.868125
0.868475
0.917175
0.9233
0.92695
0.938425
0.946925
0.972025
0.97315
0.986925
0.989025
1.0067
1.077375
1.09825
1.108725
1.11045
1.128125
1.153875
1.1543
1.18715
1.1932
1.231675
1.287675
1.288325
1.291875
1.2945
1.315775
1.3274
1.3639
1.396575
1.413525
1.41435
1.52485
1.56
1.5632
1.58795
1.645475
1.6523
1.78435
1.875
1.9077
1.91115
1.9243
1.951175
1.987225
2.042875
2.050375
2.18785
2.2015
2.293475
2.298625
2.4595
2.483875
2.726825
2.94955
2.963525
2.99875
3.041
3.051575
3.13815
3.138375
3.147575
3.2141
3.27535
3.295775
3.314025
3.320625
3.3646
3.4351
3.469525
3.477375
3.53735
3.578225
3.643125
3.7102
3.875575
3.887675
3.905775
3.9134
3.9624
3.97665
4.004875
4.040475
4.11235
4.216675
4.29575
4.365225
4.492
4.577725
4.581225
4.58445
4.69685
4.705725
4.7694
4.93945
4.94245
4.9938
5.0219
5.08225
5.09525
5.095675
5.12215
5.219475
5.4001
5.44945
5.5069
5.544325
5.65625
5.92775
5.968525
6.1502
6.300225
6.342675
6.366425
6.36995
6.60535
6.608225
6.6086
6.62625
6.7171
6.725125
6.81285
6.839925
6.892775
7.174375
7.180175
7.267575
7.604225
7.703675
7.784475
7.844975
7.9364
7.966
7.988875
8.118475
8.19495
8.410775
8.6364
8.760325
8.776075
8.954725
9.007125
9.123475
9.170825
9.205825
9.278775
9.4285
9.534375
9.61385
9.61675
9.6439
9.6838
9.7429
9.782225
9.887375
9.8927
200
