0.041225
0.07465
0.147075
0.1847
0.41215
0.440375
0.44385
0.508625
0.51295
0.523975
0.554225
0.5553
0.5595
0.567925
0.56895
0.579425
0.61445
0.617125
0.61855
0.622425
0.625775
0.6398
0.640675
0.669975
0.679025
0.68735
0.6922
0.6987
0.6997
0.709925
0.723825
0.7543
0.78715
0.798125
0.80055
0.817225
0.82025
0.835775
0.867475
0.879675
0.889275
0.91435
0.950575
1.0088
1.04395
1.058475
1.09175
1.104475
1.1071
1.16525
1.167075
1.18665
1.22585
1.246475
1.2512
1.25165
1.268475
1.297875
1.3293
1.36965
1.379625
1.40685
1.44845
1.48635
1.51125
1.513175
1.53945
1.625975
1.782075
1.982225
1.9923
1.99565
2.012575
2.030625
2.073725
2.084525
2.11405
2.117575
2.14185
2.2051
2.236925
2.2437
2.2633
2.40435
2.40655
2.441625
2.47205
2.49885
2.5101
2.530975
2.613925
2.6321
2.6382
2.647625
2.662875
2.70285
2.715375
2.763575
2.81835
2.92265
2.9455
3.06215
3.06725
3.239075
3.38415
3.400125
3.525475
3.539425
3.574125
3.640425
3.654525
3.703425
3.731175
3.916825
3.9608
3.97695
3.9779
4.01035
4.015075
4.022975
4.0391
4.099825
4.1161
4.22695
4.294775
4.300725
4.51935
4.63145
4.7493
4.834925
4.9349
4.9875
4.99235
4.9942
5.06465
5.0811
5.109675
5.1547
5.182475
5.203875
5.220125
5.2922
5.3188
5.345125
5.405725
5.4322
5.43615
5.45275
5.549575
5.629225
5.677825
5.7013
5.734025
5.752875
5.800525
5.806
5.825025
5.852825
5.898675
5.9256
5.946775
5.97575
5.9785
6.07365
6.080525
6.1054
6.1721
6.1907
6.212675
6.53915
6.554825
6.770725
6.788025
6.86
7.0244
7.1382
7.158125
7.218225
7.3912
7.405225
7.412325
7.457825
7.510025
7.594275
7.674925
7.78595
7.875125
8.153475
8.156375
8.16635
8.1981
8.206625
8.353325
8.36805
8.411275
8.412725
8.537925
8.618975
8.699975
8.755025
8.77465
8.81575
8.830175
8.971325
8.997425
9.000475
9.13285
9.148225
9.224525
9.63225
9.7112
9.832025
9.87485
9.928925
9.945925
9.980375
216
