0.10495
0.1889
0.192725
0.260625
0.2724
0.2751
0.326425
0.50535
0.51695
0.534575
0.576475
0.5927
0.594575
0.605675
0.606625
0.607625
0.610675
0.616275
0.63195
0.64215
0.649
0.658275
0.6586
0.659675
0.681075
0.688025
0.73075
0.7486
0.765175
0.7677
0.789025
0.798625
0.798725
0.80795
0.813625
0.815375
0.824625
0.83935
0.894925
0.89805
0.90105
0.90885
0.9337
0.936375
0.9535
0.9564
0.964625
0.97975
0.999475
1.02245
1.126025
1.137025
1.143825
1.1519
1.162475
1.208775
1.2281
1.22995
1.2643
1.415375
1.436675
1.60835
1.620675
1.633875
1.71575
1.7512
1.783925
1.864075
1.946225
2.04615
2.05505
2.06825
2.07855
2.1388
2.34095
2.35145
2.445375
2.451725
2.49175
2.55365
2.601375
2.61095
2.640125
2.65285
2.65625
2.65735
2.694725
2.728125
2.816275
2.84295
2.9464
3.05495
3.0654
3.114075
3.18285
3.1948
3.223775
3.2715
3.335925
3.3445
3.349125
3.3621
3.368825
3.466075
3.58045
3.679225
3.761625
3.80345
3.819975
3.849225
4.00545
4.1271
4.1353
4.20155
4.444875
4.44765
4.492375
4.496575
4.511575
4.5396
4.54425
4.675125
4.68785
4.8203
4.87625
4.964875
5.0002
5.0665
5.0737
5.110575
5.1942
5.2663
5.35205
5.3644
5.3685
5.39115
5.391225
5.469725
5.518
5.639375
5.74185
5.8733
5.931925
5.951125
5.96025
6.0975
6.300625
6.312825
6.34
6.3452
6.52415
6.594275
6.76905
6.9195
6.97205
7.00145
7.1026
7.103675
7.1285
7.22425
7.23035
7.373025
7.38515
7.4045
7.448625
7.531425
7.67115
7.781775
7.86085
7.902375
7.9762
7.997575
8.0561
8.236125
8.248675
8.2705
8.355625
8.7064
8.837225
8.862175
9.099325
9.11745
9.146175
9.164425
9.5923
9.6916
9.728
9.8204
9.968825
189
