0.026725
0.1577
0.338625
0.350425
0.49155
0.50035
0.5079
0.509475
0.5239
0.542275
0.544325
0.547175
0.54775
0.548025
0.557475
0.5743
0.58685
0.5956
0.6225
0.632275
0.6364
0.6422
0.6424
0.649575
0.67975
0.7022
0.71245
0.72595
0.727925
0.7364
0.737325
0.73785
0.752425
0.75305
0.7567
0.776475
0.78065
0.783325
0.7989
0.833675
0.83685
0.846675
0.859075
0.87945
0.882025
0.990975
1.006525
1.040975
1.0755
1.078175
1.10585
1.1256
1.16975
1.184025
1.19
1.191375
1.22525
1.24735
1.2886
1.2895
1.333375
1.344475
1.356225
1.35635
1.39055
1.3914
1.395075
1.40395
1.40945
1.43825
1.473225
1.4858
1.52335
1.5937
1.6116
1.644375
1.7055
1.755775
1.788625
1.8313
1.83585
1.99145
2.01245
2.091375
2.2588
2.2819
2.2849
2.3242
2.3367
2.3396
2.433625
2.456575
2.492425
2.52005
2.560525
2.563825
2.5641
2.59135
2.59545
2.758425
2.791575
2.8065
2.876275
2.994925
2.998075
3.035975
3.040775
3.042475
3.05115
3.192075
3.227775
3.2623
3.28625
3.40995
3.427425
3.558575
3.59275
3.6042
3.64205
3.73745
3.879225
3.88275
3.966175
3.9754
3.9774
4.0263
4.0435
4.052225
4.1291
4.176425
4.26095
4.274825
4.42795
4.444425
4.535575
4.8825
4.883425
5.0013
5.001475
5.036875
5.1893
5.190875
5.191175
5.3571
5.388325
5.4251
5.436475
5.697175
5.8477
5.895
5.896825
5.946575
6.02855
6.031275
6.117975
6.1711
6.176375
6.211325
6.224275
6.311775
6.446925
6.4701
6.5796
6.719825
6.73675
6.75775
6.788125
6.9791
7.1372
7.2709
7.30645
7.551525
7.69465
7.854175
7.8923
7.9619
8.027375
8.343575
8.3771
8.578175
8.6276
8.82865
8.88645
8.939625
8.9886
9.042575
9.163125
9.2575
9.3084
9.342125
9.4048
9.471525
9.514175
9.5993
9.657925
9.73
9.997625
197
