0.00045
0.245775
0.250875
0.369325
0.38885
0.500525
0.502425
0.51575
0.5236
0.532075
0.5426
0.5615
0.580725
0.589625
0.598925
0.6177
0.619125
0.619225
0.637175
0.6374
0.639525
0.64695
0.690125
0.701125
0.70135
0.70205
0.73235
0.774175
0.7745
0.806375
0.81905
0.82365
0.83795
0.838775
0.87185
0.880775
0.89725
0.9144
0.923175
0.935475
0.94325
0.954375
0.97195
0.978875
1.001325
1.0051
1.033775
1.043825
1.048175
1.0505
1.117375
1.14895
1.21825
1.27215
1.285625
1.300275
1.3242
1.333775
1.35815
1.453225
1.45885
1.559175
1.6201
1.6601
1.684775
1.841575
1.8422
1.86025
1.910425
1.976175
1.99355
2.023675
2.103725
2.1166
2.126375
2.141575
2.153325
2.162425
2.16705
2.182175
2.2065
2.22215
2.275825
2.29095
2.408875
2.47735
2.52005
2.5296
2.606775
2.674325
2.709675
2.732325
2.910825
2.938875
2.957775
2.9787
3.0274
3.123125
3.18115
3.185925
3.235725
3.250475
3.2867
3.4011
3.45525
3.56895
3.716525
3.754975
3.796875
3.8004
3.92335
3.9502
3.99815
4.16065
4.454525
4.4726
4.484875
4.488075
4.529925
4.535325
4.633125
4.69955
4.728675
4.8544
4.90115
4.98685
5.077275
5.107775
5.2959
5.32195
5.3475
5.703775
5.770725
5.828325
5.84445
5.893425
5.995825
6.043175
6.0642
6.310075
6.33005
6.8644
6.9715
7.2634
7.395125
7.444375
7.4875
7.5137
7.5302
7.5536
7.697725
7.701725
7.82515
7.93105
7.964175
8.092175
8.112575
8.52065
8.61725
8.651575
8.6936
8.80675
8.844075
8.9892
9.018125
9.169075
9.1874
9.2128
9.290375
9.558425
9.559125
9.72915
9.730375
9.848625
9.90765
9.922825
176
