0.1216
0.50985
0.5333
0.56685
0.567325
0.573125
0.5795
0.59385
0.618475
0.676175
0.696275
0.703025
0.704375
0.7074
0.716825
0.760725
0.8139
0.8287
0.881275
0.89285
0.894775
0.91295
0.94025
0.980925
1.01015
1.01465
1.03425
1.049225
1.06865
1.088125
1.1176
1.13775
1.255875
1.388375
1.41545
1.422375
1.433875
1.439425
1.455075
1.484725
1.4877
1.534875
1.56985
1.60925
1.63655
1.66715
1.862
1.943875
1.945525
1.97635
1.98845
1.9983
1.9995
2.00295
2.05585
2.07245
2.1305
2.180625
2.231325
2.25235
2.2905
2.316
2.3244
2.357075
2.3704
2.422
2.466925
2.494125
2.555025
2.683825
3.123225
3.135575
3.406
3.410025
3.4115
3.4226
3.4408
3.4447
3.6498
3.651025
3.65205
3.66245
3.7286
3.9024
3.909625
4.0174
4.0521
4.05625
4.093475
4.167375
4.192775
4.2301
4.275875
4.37405
4.43955
4.5097
4.5753
4.586075
4.6053
4.622975
4.725425
4.72965
4.889475
4.973275
5.104925
5.2698
5.329925
5.344
5.6332
5.6718
5.7257
5.783825
5.846775
5.855625
5.88645
5.981525
6.111975
6.252725
6.256075
6.3488
6.525875
6.555375
6.825375
6.853775
6.88135
6.90985
6.961875
7.0256
7.052775
7.06815
7.2503
7.47945
7.485475
7.5856
7.6054
7.89505
7.973875
8.1272
8.142375
8.147725
8.17225
8.309825
8.382025
8.5058
8.58885
8.622875
8.745175
8.745625
8.8669
8.9662
8.993575
9.00765
9.090525
9.170775
9.178325
9.455875
9.69085
9.757325
9.762425
9.7827
9.832
9.94365
162
