0.3754
0.476075
0.4832
0.5086
0.51195
0.5314
0.534425
0.5397
0.547325
0.552375
0.5675
0.59865
0.6469
0.654875
0.662225
0.67345
0.679225
0.67975
0.6829
0.687325
0.7107
0.724
0.739925
0.74195
0.7464
0.751725
0.7572
0.76405
0.8059
0.8083
0.8223
0.84315
0.85765
0.872825
0.8757
0.89435
0.908075
0.9218
1.018375
1.028575
1.02905
1.04225
1.043075
1.052575
1.081525
1.08585
1.1046
1.107775
1.14475
1.150775
1.153475
1.165525
1.198175
1.204825
1.20845
1.215075
1.220375
1.23565
1.26175
1.27695
1.2925
1.306075
1.313075
1.327125
1.3386
1.381125
1.415475
1.4232
1.4583
1.523275
1.54595
1.65365
1.697925
1.710375
1.74815
1.8312
1.90065
1.961275
1.963625
1.967875
1.9768
2.033825
2.0396
2.183025
2.256725
2.31385
2.3634
2.393575
2.413475
2.582025
2.620525
2.696425
2.79945
2.90105
2.927
3.052075
3.06325
3.073425
3.077075
3.10755
3.1578
3.2216
3.23985
3.2563
3.275
3.311975
3.34285
3.382425
3.4032
3.4768
3.494025
3.56655
3.630725
3.651925
3.6817
3.82555
3.872675
3.9238
3.939875
3.964575
3.9818
4.0777
4.102425
4.176975
4.199025
4.371475
4.416925
4.455375
4.4597
4.49605
4.54265
4.55165
4.64625
4.745475
4.86325
4.943625
5.052775
5.083975
5.096675
5.2737
5.277475
5.34885
5.37575
5.378275
5.484925
5.625075
5.65285
5.73515
5.74305
5.8548
5.9668
6.0312
6.069775
6.170275
6.1921
6.258675
6.348775
6.49385
6.5783
6.597875
6.6578
6.82385
6.87825
6.9558
7.10925
7.16515
7.29745
7.55515
7.6601
7.6759
7.72205
7.988825
8.0214
8.05895
8.0633
8.61875
8.63235
8.6438
8.7364
8.8987
8.931175
9.005125
9.12165
9.15545
9.186075
9.38345
9.46775
9.544475
9.648575
9.663025
9.7155
9.719825
9.75405
9.91295
9.91485
9.97285
196
