0.09135
0.122275
0.26645
0.455175
0.5178
0.53145
0.539525
0.56795
0.572425
0.5761
0.602925
0.6066
0.616675
0.640325
0.643925
0.65175
0.668075
0.675875
0.69555
0.6965
0.70415
0.71105
0.726825
0.732525
0.764975
0.777575
0.784
0.787175
0.793425
0.7956
0.81685
0.8327
0.836175
0.848675
0.8625
0.882525
0.883225
0.8884
0.913075
0.924375
0.948375
0.961525
0.97495
0.978375
0.997475
1.008775
1.057775
1.07635
1.1452
1.169025
1.179325
1.250925
1.277175
1.277475
1.278125
1.2988
1.3287
1.34735
1.378425
1.38675
1.4233
1.43065
1.466275
1.48875
1.5188
1.554325
1.5785
1.6042
1.6246
1.6511
1.67265
1.702925
1.7638
1.823525
1.84495
1.8791
1.8801
1.89095
1.9757
2.037575
2.096025
2.182225
2.184275
2.2219
2.22465
2.258475
2.398825
2.408225
2.469375
2.519775
2.53635
2.68745
2.7054
2.746925
2.7574
2.769575
2.80485
2.92385
2.934725
2.960775
2.965675
2.997875
3.001375
3.00325
3.01975
3.04095
3.047625
3.1011
3.180825
3.196825
3.245425
3.382
3.405475
3.4231
3.429625
3.4496
3.45435
3.476875
3.80975
3.8538
3.9437
3.95295
3.957275
4.174225
4.222775
4.26175
4.2758
4.315575
4.31745
4.347275
4.365325
4.4516
4.457575
4.485125
4.5118
4.622125
4.754075
4.852325
4.928775
4.948575
4.95185
4.983675
4.995425
5.0488
5.124075
5.1281
5.234125
5.2965
5.30325
5.371325
5.397725
5.543225
5.5852
5.60535
5.75135
5.763325
5.780425
5.81505
5.9079
6.040675
6.04165
6.3667
6.40545
6.561925
6.7506
6.825425
6.842825
6.9125
6.9684
7.429375
7.5566
7.680075
7.70025
7.709575
7.816525
7.829
7.843275
7.865175
7.92945
8.057725
8.062175
8.07975
8.17185
8.175525
8.2257
8.2599
8.3377
8.367725
8.4221
8.44475
8.560325
8.6095
8.7584
8.807275
8.84995
8.923925
8.979525
9.00665
9.020825
9.032075
9.056475
9.0566
9.376125
9.389375
9.4015
9.554175
9.5972
9.8967
9.91055
9.9463
210
