0.1484
0.175425
0.35415
0.4143
0.4287
0.507525
0.5204
0.522225
0.537775
0.537975
0.539325
0.584475
0.60265
0.6067
0.627225
0.630275
0.6497
0.70415
0.7194
0.723625
0.726875
0.733175
0.765475
0.771375
0.77695
0.79125
0.819425
0.834275
0.846375
0.8549
0.888225
0.924075
0.945375
0.953375
0.954625
0.95745
0.98125
0.9842
1.006775
1.045525
1.05765
1.062025
1.0664
1.069025
1.090575
1.104425
1.111475
1.13195
1.136425
1.16595
1.193975
1.19725
1.221525
1.25515
1.2672
1.2731
1.288825
1.29715
1.31265
1.320825
1.332325
1.37835
1.397675
1.4395
1.491575
1.58735
1.59015
1.638925
1.69235
1.7245
1.761175
1.823725
1.862825
1.910475
1.982075
2.04625
2.050725
2.054975
2.075225
2.07625
2.0892
2.1021
2.127575
2.1567
2.18425
2.197125
2.204175
2.219075
2.243975
2.275175
2.275225
2.32415
2.35625
2.398675
2.4067
2.427425
2.516725
2.54345
2.5619
2.566275
2.578075
2.578625
2.597225
2.612525
2.7526
2.81
2.84
2.904525
3.026175
3.0705
3.0742
3.09485
3.1144
3.114575
3.34055
3.4364
3.567325
3.707
3.709975
3.811725
3.8263
3.91545
3.9436
4.006075
4.0431
4.056925
4.065625
4.077625
4.087
4.15675
4.19095
4.283025
4.336025
4.361075
4.39455
4.507675
4.521375
4.609075
4.641825
4.8755
4.891525
5.0062
5.054125
5.16325
5.19075
5.21435
5.232425
5.332875
5.375925
5.393875
5.649225
5.73735
5.87185
5.891325
5.95075
6.194475
6.28635
6.52255
6.599575
6.649575
6.687375
6.69355
6.728
6.828425
6.847175
6.849675
6.907725
6.985625
7.0276
7.0447
7.36865
7.745625
7.892225
7.91215
8.26475
8.40315
8.41605
8.598075
8.618125
8.636125
8.682575
8.694075
8.81175
8.886175
9.011225
9.066975
9.130125
9.134125
9.350875
9.4069
9.46505
9.568475
9.6664
9.693925
9.77965
9.79465
9.830425
9.940125
9.98195
9.9874
200
