0.067825
0.124825
0.41995
0.43235
0.511275
0.5441
0.564275
0.57055
0.5952
0.615525
0.61555
0.688475
0.691425
0.7
0.7077
0.72255
0.7306
0.7383
0.738875
0.7616
0.8048
0.809775
0.8179
0.828675
0.844325
0.8975
0.94025
0.977475
0.98925
0.992875
0.993775
0.99825
1.043525
1.071725
1.07185
1.085025
1.126525
1.15795
1.162375
1.163425
1.17845
1.21355
1.21955
1.22885
1.25775
1.267025
1.27095
1.304275
1.30945
1.31275
1.338425
1.35895
1.376225
1.3767
1.399875
1.43065
1.4502
1.46605
1.55005
1.6014
1.602125
1.643675
1.666825
1.676325
1.70445
1.730175
1.7345
1.78415
1.811425
1.822275
1.852775
1.855125
1.87435
1.90045
1.970125
2.027525
2.061275
2.069875
2.073
2.186175
2.236275
2.266775
2.281475
2.3182
2.3329
2.341125
2.3583
2.4351
2.559875
2.57275
2.65565
2.7185
2.761
2.7871
2.7938
2.8104
3.06165
3.061675
3.064075
3.111475
3.14975
3.188
3.22755
3.235175
3.265725
3.29675
3.3065
3.32085
3.3607
3.37405
3.41965
3.4454
3.460675
3.522825
3.562525
3.568075
3.644175
3.6475
3.796675
3.803075
3.837525
3.8612
3.8625
3.933425
4.029
4.054125
4.06565
4.0892
4.12965
4.3311
4.356475
4.364625
4.379925
4.49135
4.59995
4.6035
4.7857
4.812925
4.87245
5.28645
5.3246
5.5112
5.5218
5.69855
5.822
5.9657
6.164
6.16595
6.198225
6.219575
6.450125
6.490225
6.625725
6.64635
6.654075
6.65815
6.67585
6.6779
6.73
6.81025
6.9313
7.054775
7.27055
7.295675
7.322425
7.34925
7.411375
7.4585
7.680075
7.890625
8.12305
8.173775
8.338625
8.468975
8.555
8.576875
8.63975
8.7094
8.795225
8.89465
8.929375
8.9636
8.9854
9.029025
9.15415
9.189525
9.239125
9.2615
9.481275
9.4827
9.496025
9.684
9.692225
9.731975
9.786275
9.7949
9.907375
197
