0.014675
0.13165
0.17745
0.252275
0.470075
0.50065
0.50585
0.514225
0.51745
0.531425
0.537325
0.537625
0.545275
0.5573
0.563075
0.5693
0.57575
0.57945
0.596925
0.598725
0.60055
0.60085
0.646225
0.659775
0.6696
0.6709
0.67845
0.68015
0.684025
0.6994
0.706975
0.72085
0.72285
0.72515
0.726575
0.7411
0.7429
0.746525
0.75055
0.7615
0.7805
0.8119
0.8124
0.84945
0.873525
0.895325
0.94355
0.9705
0.98125
0.983525
0.999075
1.0038
1.020475
1.075775
1.0814
1.1117
1.116
1.124075
1.1954
1.19675
1.213425
1.2648
1.300975
1.3123
1.318
1.365675
1.435175
1.4502
1.457925
1.48245
1.509175
1.52025
1.613725
1.61455
1.640025
1.650575
1.725925
1.733525
1.773325
1.774
1.804175
1.80705
1.822875
1.87945
1.8908
1.939
2.0789
2.091475
2.117825
2.205525
2.271325
2.2878
2.3526
2.391
2.4427
2.54235
2.62155
2.6487
2.655975
2.672425
2.698025
2.7338
2.7384
2.756275
2.79185
2.79675
2.798825
2.82035
2.966275
3.0059
3.0457
3.06475
3.067525
3.085375
3.0958
3.1564
3.1577
3.3021
3.302625
3.333175
3.4319
3.5824
3.613125
3.740725
3.81495
3.937475
3.974625
4.05815
4.067425
4.178675
4.191075
4.271225
4.35725
4.363675
4.365175
4.454575
4.500575
4.60895
4.74165
4.7571
4.79785
4.839775
4.94915
4.9506
4.9689
5.0217
5.0495
5.185825
5.265725
5.506325
5.591025
5.62075
5.73835
5.9631
6.023375
6.024875
6.189725
6.194975
6.203525
6.2485
6.2876
6.339075
6.357025
6.3885
6.4613
6.461425
6.50425
6.56665
6.8565
6.918725
6.95335
7.142925
7.294375
7.384125
7.4038
7.4226
7.547225
7.63565
7.687075
7.82885
8.0032
8.029675
8.0301
8.0543
8.125075
8.341975
8.365625
8.457175
8.580875
8.611225
8.7221
8.727775
8.963975
9.060125
9.0903
9.223125
9.441525
9.500475
9.50955
199
