0.1477
0.237275
0.472925
0.5219
0.532
0.5484
0.555225
0.586975
0.59305
0.604075
0.624075
0.625475
0.647275
0.65125
0.659025
0.66655
0.67075
0.714325
0.71975
0.7315
0.7462
0.74995
0.754425
0.756875
0.760025
0.7713
0.775375
0.81745
0.82065
0.823725
0.84835
0.85725
0.862575
0.8861
0.920175
0.94325
0.956525
0.9828
1.008725
1.00915
1.032275
1.039875
1.0416
1.057675
1.108225
1.1922
1.23025
1.25515
1.266375
1.2689
1.272
1.286025
1.287275
1.293875
1.306125
1.31055
1.32545
1.36855
1.36945
1.39815
1.44005
1.493475
1.559375
1.60785
1.608275
1.610175
1.6254
1.6541
1.672375
1.682225
1.778575
1.787825
1.804025
1.830825
1.8739
1.87825
1.9009
1.932225
1.9456
1.954675
1.97625
2.03325
2.050875
2.0903
2.149025
2.1785
2.188975
2.24895
2.341225
2.39295
2.402725
2.521
2.57295
2.596625
2.62535
2.6485
2.65025
2.680975
2.7206
2.729875
2.8062
2.85865
2.887175
2.895625
2.9251
3.039925
3.0736
3.09
3.1034
3.1447
3.2588
3.281775
3.288275
3.302725
3.321075
3.331425
3.338125
3.36815
3.373075
3.38295
3.53915
3.551375
3.5843
3.615875
3.70655
3.816975
3.87395
3.90655
3.91125
3.9156
3.917275
3.917925
3.9361
3.980775
4.013725
4.042225
4.12225
4.1892
4.201675
4.39665
4.5169
4.61505
4.619675
4.639425
4.6457
4.658525
4.700025
4.75605
4.81055
4.847675
4.9075
4.932475
4.9442
4.978925
5.02925
5.233525
5.293675
5.348175
5.37455
5.432375
5.556675
5.605425
5.621275
5.7503
5.889525
5.937125
6.15735
6.168025
6.3197
6.4069
6.6589
6.7015
6.862125
6.96825
7.04645
7.0472
7.10485
7.106825
7.143675
7.151425
7.238275
7.3431
7.458525
7.4796
7.5743
7.603925
7.66685
7.717325
7.793525
7.810275
7.83975
7.86625
7.9694
8.072975
8.222775
8.29535
8.314875
8.444825
8.469875
8.502025
8.587725
8.6368
8.80325
8.833525
8.83915
8.93665
9.05175
9.12495
9.197625
9.2045
9.2319
9.330725
9.382175
9.4118
9.53335
9.55765
9.99255
217
