0.244025
0.36445
0.404025
0.408425
0.429525
0.51065
0.5141
0.523875
0.527825
0.534375
0.540125
0.55765
0.572375
0.57325
0.581
0.58385
0.586925
0.590575
0.592625
0.6038
0.62105
0.6303
0.631425
0.651325
0.6531
0.657125
0.6587
0.672825
0.688125
0.688275
0.75025
0.75275
0.768175
0.769525
0.775775
0.8083
0.824225
0.825475
0.85695
0.882675
0.90115
0.9057
0.907925
0.90845
0.921925
0.944175
0.94475
0.955375
0.9562
0.965725
0.9843
0.990025
0.991825
1.0402
1.09875
1.12315
1.1432
1.170075
1.18885
1.212575
1.23415
1.25065
1.269225
1.3043
1.3046
1.306325
1.333925
1.341475
1.342025
1.347675
1.364475
1.3731
1.380075
1.41435
1.41695
1.427
1.443025
1.444275
1.4885
1.502325
1.512175
1.658575
1.67075
1.67695
1.68805
1.725525
1.789375
1.792075
1.7994
1.816175
1.9266
1.956125
2.010775
2.041
2.194125
2.2316
2.2949
2.323775
2.350825
2.36675
2.3767
2.451525
2.476925
2.51555
2.571825
2.5734
2.60755
2.692
2.730875
2.869875
2.961025
2.96765
2.96925
3.032075
3.0462
3.08695
3.093875
3.21625
3.273825
3.27735
3.312
3.3422
3.424725
3.468375
3.4701
3.544875
3.624525
3.6776
3.70785
3.766625
3.84225
3.8828
3.996275
4.09505
4.1015
4.155725
4.17255
4.3667
4.43685
4.480175
4.4851
4.552225
4.5945
4.623775
4.627325
4.652075
4.683125
4.686175
4.69275
4.878325
4.879775
4.9357
4.9684
4.99185
5.052875
5.1694
5.383
5.466675
5.502175
5.52195
5.57725
5.60715
5.67245
5.673425
5.714075
5.799575
5.83425
5.836475
5.918425
6.028875
6.3159
6.4864
6.568925
6.591375
6.621925
6.6551
6.925675
7.0898
7.09315
7.200725
7.23225
7.339125
7.395575
7.40645
7.496525
7.5384
7.544075
7.638575
7.757225
8.061925
8.1626
8.2029
8.2054
8.218925
8.266725
8.282325
8.3491
8.38335
8.4043
8.433
8.59805
8.775825
8.80735
8.905025
8.939975
8.994675
9.107325
9.225975
9.333425
9.39335
9.442075
9.46675
9.47525
9.49815
9.502475
9.531425
9.658175
9.66045
9.677475
9.79325
9.951075
221
