0.062475
0.06865
0.134075
0.22155
0.33185
0.42555
0.497275
0.5276
0.528925
0.52935
0.5405
0.541025
0.55935
0.563725
0.566225
0.583375
0.5892
0.606475
0.6167
0.62415
0.62585
0.64185
0.644925
0.647175
0.650125
0.6624
0.6806
0.6906
0.7028
0.753125
0.772325
0.8063
0.811225
0.813975
0.82115
0.856025
0.8691
0.8821
0.9024
0.916775
0.936025
0.95215
0.952625
0.9741
0.977675
0.98415
0.986275
1.014075
1.0253
1.045175
1.05145
1.07405
1.08435
1.093675
1.100275
1.10885
1.150375
1.152425
1.18645
1.196375
1.214075
1.2218
1.240025
1.24645
1.2566
1.273125
1.2902
1.3025
1.3043
1.366675
1.462075
1.49445
1.55995
1.573325
1.5772
1.587325
1.605375
1.618625
1.672025
1.676325
1.72255
1.7238
1.731125
1.750375
1.781725
1.8078
1.83575
1.94385
2.008475
2.02275
2.095625
2.142725
2.1691
2.19215
2.1971
2.23295
2.245125
2.36935
2.37495
2.4629
2.607025
2.712675
2.72305
2.76955
2.77315
2.78155
2.8229
2.9456
2.981475
3.008175
3.0101
3.157575
3.293025
3.3865
3.421875
3.43725
3.4406
3.480775
3.652375
3.671725
3.688825
3.74415
3.8341
3.873225
3.918875
3.930525
3.9486
3.9686
4.125075
4.210525
4.2208
4.334225
4.33615
4.435025
4.438225
4.475575
4.571825
4.613
4.651775
4.85095
4.959075
4.987225
4.9895
5.028925
5.037125
5.115925
5.181875
5.231175
5.23345
5.330025
5.341575
5.42135
5.474175
5.51425
5.527825
5.62775
5.66045
5.929825
5.957825
6.149025
6.182125
6.189225
6.238375
6.25735
6.287775
6.30795
6.369775
6.41025
6.42
6.599725
6.62165
6.7487
6.87045
6.919325
7.110825
7.13295
7.33315
7.341025
7.352575
7.410275
7.554925
7.592325
7.611625
7.660925
7.66495
7.66775
7.75045
7.754375
7.9026
7.912625
7.964725
8.185075
8.226025
8.32205
8.336825
8.385025
8.4018
8.448525
8.6261
8.72155
8.7244
9.16055
9.19965
9.372825
9.406275
9.40745
9.433875
9.46415
9.5966
9.6002
9.624075
9.6755
9.691825
9.903625
9.9318
9.967875
9.9849
9.99655
218
