0.034125
0.09295
0.266575
0.303225
0.303725
0.331925
0.437875
0.451525
0.47575
0.5051
0.522475
0.527825
0.52815
0.54145
0.5446
0.5607
0.562475
0.5634
0.563425
0.564625
0.57005
0.572325
0.57805
0.597325
0.609525
0.610575
0.61735
0.64125
0.6503
0.675025
0.676625
0.695175
0.699625
0.71125
0.715375
0.732375
0.752425
0.758475
0.7644
0.766375
0.784875
0.787825
0.809575
0.81215
0.82835
0.83035
0.834
0.837325
0.84225
0.84985
0.8521
0.86535
0.883425
0.886875
0.8923
0.91765
0.9281
0.94095
0.976675
0.977175
0.980525
1.01925
1.0389
1.078225
1.081725
1.099525
1.1028
1.1136
1.11365
1.11895
1.136575
1.20345
1.2179
1.219575
1.249975
1.280925
1.334775
1.4084
1.457025
1.497425
1.52
1.56725
1.5912
1.599275
1.60935
1.6581
1.7188
1.72345
1.74725
1.751175
1.751875
1.75905
1.925
1.936725
1.95245
1.9605
2.054725
2.093275
2.1018
2.14775
2.14945
2.167575
2.22915
2.247825
2.4915
2.4924
2.5088
2.513125
2.5745
2.5916
2.6411
2.666975
2.717775
2.73155
2.754675
2.83905
2.94285
3.045075
3.15145
3.18315
3.22
3.3248
3.33895
3.377275
3.4536
3.462375
3.470075
3.592025
3.6711
3.820875
3.862675
3.880875
3.920025
3.931725
3.932425
3.93765
4.020425
4.1178
4.12725
4.16165
4.1953
4.2065
4.224425
4.225175
4.39845
4.714475
4.754425
4.810675
4.83445
4.9294
4.9296
5.09365
5.161075
5.170825
5.28485
5.3079
5.5508
5.638725
5.939525
5.95545
5.960925
5.972025
5.992025
6.1278
6.66595
7.082875
7.20165
7.244475
7.285975
7.2903
7.3199
7.42065
7.45915
7.5205
7.7076
7.76995
8.185975
8.405225
8.41255
8.4645
8.480475
8.60265
8.64835
8.74485
8.819425
8.9403
8.945225
9.123025
9.132925
9.179275
9.2808
9.29395
9.3201
9.472325
9.590675
9.71715
9.772475
9.8208
9.84005
9.845375
9.98445
201
