0.179125
0.23595
0.3566
0.379325
0.388525
0.449425
0.507925
0.511725
0.513425
0.5144
0.51585
0.52155
0.521925
0.532125
0.549525
0.5515
0.555175
0.55885
0.56625
0.5733
0.59095
0.623725
0.633025
0.63425
0.652375
0.6565
0.6691
0.70705
0.712575
0.71845
0.76235
0.769425
0.778075
0.810225
0.819075
0.8363
0.8802
0.89325
0.911275
0.93605
0.941175
0.944525
0.950725
0.95085
0.975825
0.995575
1.030725
1.03235
1.036075
1.04455
1.05295
1.087275
1.1136
1.11475
1.149075
1.19385
1.199575
1.200825
1.287425
1.289075
1.294725
1.305675
1.33105
1.371525
1.387525
1.438625
1.736975
1.769675
1.8137
1.840125
1.843325
1.969925
2.0243
2.035875
2.102125
2.144725
2.20985
2.2459
2.24815
2.3035
2.361325
2.47185
2.5392
2.583225
2.613775
2.628025
2.67575
2.6804
2.782625
2.856225
2.864675
2.896
3.00155
3.0578
3.0956
3.19885
3.211125
3.222025
3.2444
3.2507
3.25615
3.281175
3.404425
3.42815
3.44935
3.478825
3.50285
3.5506
3.68075
3.71375
3.742025
3.83945
3.90105
4.0295
4.03445
4.209125
4.295525
4.312275
4.475125
4.486475
4.514475
4.539425
4.6008
4.624225
4.625975
4.6276
4.657775
4.7207
4.72885
4.73085
4.75715
4.77635
4.8605
4.906175
4.927375
5.234875
5.250175
5.2697
5.27525
5.3874
5.42155
5.4714
5.4884
5.635725
5.685425
5.702475
5.726875
5.87855
5.907425
5.932525
6.0163
6.066775
6.108575
6.117775
6.219925
6.2672
6.384725
6.419875
6.5122
6.739275
6.760575
6.78135
6.879125
6.8879
6.970275
7.1464
7.238775
7.25515
7.2909
7.39015
7.490925
7.637325
7.707175
7.8712
7.87945
8.033725
8.061625
8.077475
8.1011
8.4735
8.489425
8.515075
8.661075
8.6992
8.90545
8.926625
8.9645
9.1327
9.170825
9.21905
9.223325
9.36345
9.3945
9.537525
9.654675
9.6675
9.723125
9.812625
9.814075
9.9462
200
