0.033175
0.19145
0.205675
0.295125
0.310975
0.318
0.45285
0.503375
0.51675
0.51885
0.5201
0.54325
0.551
0.5598
0.5731
0.574625
0.57675
0.586925
0.5893
0.5901
0.59355
0.6374
0.643425
0.6463
0.658575
0.674975
0.6832
0.730775
0.75445
0.7717
0.779525
0.788375
0.803125
0.811475
0.8302
0.83115
0.877425
0.89885
0.921375
0.92395
0.95865
0.966525
0.988125
1.024925
1.044825
1.07585
1.080975
1.103075
1.153425
1.1717
1.19245
1.20455
1.210675
1.2646
1.2939
1.298425
1.3346
1.36895
1.39295
1.4035
1.479075
1.485775
1.488625
1.568925
1.57605
1.5955
1.600025
1.61415
1.641
1.655275
1.65665
1.69665
1.69765
1.83085
1.8326
1.8664
1.935325
2.0016
2.023375
2.054825
2.108475
2.171525
2.17265
2.191925
2.255925
2.2643
2.27055
2.28935
2.293975
2.329375
2.343775
2.423675
2.516
2.569125
2.580775
2.58425
2.6759
2.71655
2.770425
2.777125
2.780975
2.903475
2.949075
3.0106
3.051375
3.078825
3.083825
3.096875
3.103125
3.132775
3.216525
3.40705
3.451475
3.581525
3.644275
3.676
3.9054
3.98165
4.071375
4.1609
4.419775
4.46005
4.48815
4.598525
4.809925
4.83665
4.838825
4.877
4.897875
5.039525
5.092475
5.093525
5.09475
5.10725
5.119925
5.1309
5.174175
5.196225
5.228575
5.298575
5.349575
5.44295
5.648725
5.771325
5.796825
5.802725
5.824075
5.860775
5.98075
6.252725
6.3527
6.41135
6.4373
6.50095
6.550525
6.60385
6.604325
6.6363
6.683075
6.723775
6.891975
7.168125
7.182675
7.18625
7.1925
7.32385
7.786375
7.8875
7.984375
8.010025
8.135725
8.256275
8.325075
8.35535
8.435275
8.51595
8.53055
8.811525
8.846775
8.93015
8.97535
9.013975
9.201275
9.236025
9.261275
9.446675
9.776675
9.8953
9.984575
189
