0.0092
0.295125
0.361575
0.361825
0.5201
0.53495
0.549575
0.5528
0.55335
0.555625
0.557175
0.55955
0.574525
0.5884
0.603075
0.6034
0.603475
0.60905
0.6229
0.6328
0.64575
0.65375
0.6629
0.694325
0.699925
0.703825
0.70995
0.717925
0.724275
0.7387
0.741
0.741225
0.75125
0.75995
0.762825
0.78285
0.793525
0.822725
0.856025
0.9154
0.94445
0.957825
0.985875
1.015725
1.020925
1.026575
1.04175
1.058125
1.077375
1.08265
1.0849
1.10085
1.105725
1.1315
1.162175
1.172925
1.1768
1.17965
1.204
1.230325
1.241675
1.250575
1.2575
1.29935
1.337
1.374125
1.38625
1.462275
1.676725
1.70145
1.706425
1.717725
1.72595
1.751625
1.77905
1.789275
1.805325
1.8513
1.908075
1.932625
1.943575
2.04915
2.079325
2.09865
2.10105
2.202225
2.23355
2.234825
2.3904
2.42325
2.4504
2.4565
2.5603
2.57355
2.7206
2.7641
2.804125
2.83415
2.874825
2.900725
2.9571
3.065275
3.06545
3.12195
3.423375
3.42875
3.4482
3.5604
3.691975
3.751
3.9129
3.95755
4.118925
4.1261
4.138975
4.14215
4.293525
4.295675
4.35815
4.3699
4.4591
4.564625
4.611675
4.72305
5.14275
5.19085
5.221075
5.22655
5.278725
5.307225
5.36215
5.64765
5.717425
5.799125
5.8086
5.925125
6.016925
6.089525
6.17025
6.17985
6.1988
6.288725
6.369275
6.427775
6.446175
6.462375
6.4949
6.613525
6.643775
6.644925
6.7086
6.875525
7.098525
7.182075
7.26415
7.287325
7.2926
7.300725
7.3255
7.39315
7.47435
7.53735
7.551475
7.592925
7.9073
7.969125
8.072575
8.079425
8.154625
8.171825
8.206525
8.21875
8.27865
8.361975
8.373775
8.382125
9.03445
9.089275
9.249825
9.254275
9.312025
9.38365
9.3891
9.505575
9.59255
9.59505
9.63985
9.6448
9.657025
9.810225
9.912925
191
