0.028125
0.111725
0.521825
0.5225
0.56635
0.582025
0.5925
0.60075
0.60435
0.61905
0.621075
0.62615
0.628875
0.6413
0.6529
0.657325
0.668675
0.6738
0.7034
0.7177
0.7277
0.74565
0.74645
0.7511
0.762525
0.777775
0.808725
0.8095
0.834
0.834075
0.863025
0.88435
0.890225
0.895575
0.903075
0.926325
0.928875
0.9544
0.9701
0.970525
0.977325
0.98135
1.0043
1.0089
1.0141
1.027175
1.05445
1.064925
1.091175
1.1066
1.1099
1.114875
1.117225
1.158225
1.167675
1.189175
1.230225
1.252625
1.25565
1.308625
1.331075
1.344675
1.394225
1.423875
1.453175
1.457875
1.46925
1.471825
1.483025
1.50425
1.561075
1.585325
1.752225
1.935
1.9862
1.988425
2.07645
2.103725
2.125575
2.133725
2.147025
2.191025
2.20925
2.224525
2.2911
2.31
2.36225
2.36635
2.378825
2.440225
2.4477
2.4546
2.46945
2.506325
2.5345
2.544425
2.607025
2.655975
2.781825
2.8006
2.8023
2.81565
2.92665
3.0683
3.0904
3.1762
3.35625
3.4396
3.504925
3.528975
3.53695
3.5472
3.549275
3.6099
3.709075
3.733775
3.738525
3.821825
4.00695
4.013375
4.0261
4.038075
4.039225
4.16015
4.1801
4.2081
4.215725
4.284575
4.534225
4.6204
4.789125
4.933725
4.968025
4.986825
5.0174
5.027025
5.122175
5.172125
5.183575
5.23435
5.278275
5.3575
5.61655
5.635
5.69525
5.7411
5.7915
5.79445
5.9442
5.962825
6.151475
6.429775
6.559625
6.597575
6.601175
6.6154
6.632825
6.7168
6.759475
6.763025
6.8155
6.92525
6.98845
7.00365
7.055125
7.161625
7.250375
7.3256
7.44395
7.600925
7.612175
7.661225
7.673625
7.855925
7.928225
7.9742
7.986525
7.996125
8.0921
8.31775
8.3275
8.4315
8.47245
8.552725
8.5728
8.593275
8.6168
8.708425
8.893875
8.942625
8.9891
9.02275
9.10135
9.11335
9.120825
9.19595
9.416125
9.42765
9.513675
9.554375
9.656125
9.667675
9.6701
9.825475
9.87925
205
