0.067425
0.169275
0.18555
0.33765
0.4009
0.505475
0.541375
0.54345
0.5516
0.553175
0.56015
0.564875
0.593575
0.610025
0.6119
0.6178
0.63185
0.6326
0.669
0.67015
0.673
0.6736
0.67565
0.684025
0.697925
0.713975
0.714875
0.722925
0.72425
0.78585
0.8042
0.8123
0.83535
0.8362
0.842575
0.851775
0.8574
0.859675
0.863175
0.926675
0.957125
0.97515
0.989425
0.99365
1.018375
1.039925
1.128475
1.1318
1.1555
1.160125
1.164425
1.165525
1.217675
1.262625
1.3211
1.341775
1.355175
1.445325
1.48275
1.51205
1.5323
1.53925
1.546075
1.572475
1.588925
1.629275
1.63975
1.721775
1.792625
1.8228
1.834325
1.890775
1.909025
1.9442
1.9461
2.018
2.049125
2.1378
2.1507
2.158225
2.183075
2.207525
2.2095
2.232525
2.24575
2.2462
2.27885
2.313775
2.3756
2.513225
2.62505
2.64925
2.89275
2.916125
2.9549
2.98375
2.998975
3.06965
3.121075
3.1485
3.204975
3.242325
3.2808
3.28555
3.28665
3.435625
3.58145
3.593825
3.604175
3.61285
3.6759
3.676775
3.704525
3.722825
3.747375
3.772225
3.806825
3.8186
4.1136
4.226075
4.250075
4.288275
4.29425
4.311475
4.343825
4.380375
4.420025
4.499725
4.51555
4.577825
4.587025
4.598175
4.608625
4.6457
4.710475
4.77035
4.795075
4.79545
4.83395
4.83945
4.880225
4.88505
4.8983
5.1809
5.260975
5.269425
5.319475
5.391775
5.400775
5.40785
5.432775
5.43465
5.50665
5.516575
5.703025
5.847825
6.0105
6.2095
6.242675
6.3761
6.67455
6.68995
6.88765
6.927375
6.953875
7.0027
7.018775
7.138825
7.1809
7.25
7.374925
7.3758
7.4043
7.450025
7.459425
7.5082
7.683175
7.689925
7.7777
7.838825
7.8961
7.959425
7.961875
8.165375
8.268325
8.328375
8.479725
8.547825
8.578975
8.606475
8.66545
8.748075
8.85855
8.8738
8.88775
8.898825
8.946
9.095975
9.200425
9.303425
9.3212
9.52435
9.548275
9.588125
9.59215
9.686225
9.688675
9.71505
208
