0.179625
0.2653
0.475975
0.510725
0.5141
0.522175
0.52885
0.55455
0.556075
0.557925
0.570575
0.572975
0.57355
0.5834
0.5954
0.60185
0.6039
0.614375
0.62025
0.620325
0.64865
0.66145
0.691975
0.702225
0.72055
0.7588
0.762325
0.76845
0.785375
0.795275
0.80245
0.82115
0.825325
0.865225
0.92575
0.930825
0.986525
1.020325
1.02745
1.04405
1.052325
1.077775
1.107475
1.12455
1.13995
1.1713
1.2098
1.21405
1.215325
1.225925
1.2588
1.2778
1.340825
1.355125
1.3792
1.418675
1.642275
1.692375
1.780575
1.785175
1.78615
1.817975
1.8242
1.8585
1.938425
1.94905
1.95835
1.98
1.9854
2.071175
2.072375
2.1147
2.169775
2.2149
2.259475
2.2732
2.288325
2.3205
2.347575
2.432575
2.463475
2.49245
2.551975
2.58535
2.58855
2.596975
2.6155
2.64235
2.72365
2.75615
2.78485
2.8226
2.8345
2.8849
2.951125
2.978325
2.982375
3.0439
3.0543
3.215375
3.250375
3.3439
3.433175
3.6184
3.791925
3.81965
3.9311
3.945725
3.9754
4.0767
4.120175
4.296775
4.348725
4.348975
4.408175
4.41625
4.44885
4.796925
4.962925
5.12415
5.138075
5.14795
5.244425
5.35555
5.36075
5.3903
5.4176
5.432075
5.49185
5.53875
5.547525
5.549225
5.5543
5.668925
5.727275
5.759725
5.849925
5.855075
5.8974
5.903575
6.2798
6.322775
6.40835
6.506325
6.581325
6.669925
6.77145
6.772075
6.863375
6.8937
6.91835
6.989
7.08145
7.21
7.21735
7.2322
7.274925
7.543825
7.5557
7.70175
7.8153
7.835525
7.9002
8.170025
8.2169
8.28675
8.4016
8.635425
8.857675
8.926725
9.043225
9.07975
9.120075
9.2217
9.275475
9.29975
9.412325
9.4437
9.54575
9.558775
9.69095
9.71995
9.72775
9.74945
9.8575
9.8636
9.9555
187
