0.13975
0.151825
0.340975
0.38845
0.4154
0.5037
0.5173
0.5408
0.541375
0.5445
0.54785
0.55165
0.5563
0.571075
0.574475
0.574875
0.6169
0.619025
0.62095
0.626575
0.6404
0.6441
0.664025
0.6781
0.7056
0.7198
0.72575
0.728575
0.73035
0.7414
0.746925
0.76735
0.782675
0.796075
0.8327
0.855425
0.8638
0.888125
0.900275
0.90335
0.93515
0.953325
0.9542
0.982325
0.993475
0.9969
1.013225
1.05855
1.05865
1.063525
1.09
1.09215
1.124225
1.1342
1.1394
1.1695
1.2822
1.285925
1.31395
1.3301
1.377825
1.451525
1.45685
1.588775
1.68735
1.688775
1.7676
1.80005
1.876525
1.918475
1.933875
2.115625
2.1435
2.1487
2.153075
2.153925
2.1778
2.336575
2.349425
2.364425
2.382725
2.430725
2.472775
2.53565
2.62745
2.6284
2.655875
2.66705
2.6902
2.7091
2.832725
2.87865
2.8891
2.980825
3.40975
3.5146
3.5206
3.531175
3.5572
3.7294
3.805425
3.834725
3.840525
3.874075
4.0555
4.124975
4.139075
4.148925
4.15635
4.34305
4.436075
4.476625
4.484025
4.530825
4.610775
4.780675
4.784525
5.051125
5.23565
5.3031
5.36595
5.436425
5.5126
5.5544
5.6327
5.932275
5.9682
6.083
6.41085
6.4519
6.506375
6.6355
6.828425
6.860925
6.989175
7.277875
7.33905
7.40765
7.41495
7.41635
7.4963
7.539625
7.5737
7.629275
7.66165
7.77905
7.878175
7.95685
8.044775
8.136925
8.18855
8.269075
8.28785
8.397825
8.43895
8.485275
8.6531
8.731
8.796775
8.834375
8.862325
8.870925
8.932425
9.014825
9.2851
9.3009
9.4158
9.455375
9.72185
9.98785
170
