0.078875
0.1909
0.37725
0.46075
0.5059
0.602925
0.609225
0.625925
0.6357
0.644575
0.64795
0.6691
0.678775
0.6809
0.702825
0.7055
0.707775
0.727775
0.74095
0.7463
0.7552
0.756325
0.788
0.822775
0.830975
0.8441
0.870275
0.960625
0.961675
0.96705
0.976175
0.99085
1.0298
1.039625
1.04185
1.069775
1.088075
1.0882
1.121
1.2959
1.298975
1.31365
1.421425
1.432475
1.5175
1.524075
1.53685
1.6077
1.60895
1.646875
1.665375
1.684825
1.6922
1.697525
1.704675
1.73225
1.7398
1.7674
1.795625
1.818125
1.84385
1.86805
1.87465
1.907125
1.94395
2.01415
2.071275
2.121525
2.184
2.254475
2.256
2.32425
2.3274
2.362625
2.415575
2.450025
2.485725
2.505125
2.517875
2.522525
2.6035
2.691725
2.72445
2.76905
2.776175
2.898425
3.05805
3.06325
3.12395
3.12585
3.17515
3.1788
3.206575
3.2475
3.28295
3.41995
3.483125
3.667475
3.6737
3.709325
3.73155
3.752675
3.80625
3.900175
3.904775
4.028875
4.12135
4.1219
4.150475
4.197525
4.31905
4.42985
4.43485
4.444875
4.610575
4.614725
4.66515
4.676975
4.686
4.694425
4.71205
4.76325
4.929275
5.0663
5.067475
5.1654
5.26985
5.40085
5.4699
5.49385
5.617775
5.7685
5.798375
5.918125
5.995025
6.0342
6.0542
6.055175
6.1289
6.555775
6.56
6.698275
6.700625
6.764475
6.7978
6.8114
7.019625
7.05385
7.0677
7.149825
7.218025
7.278125
7.5863
7.6105
7.75775
7.864925
8.162075
8.163375
8.231975
8.2429
8.25125
8.28295
8.40085
8.401075
8.421525
8.621325
8.72775
8.758525
8.80875
8.841925
8.976175
9.045425
9.07045
9.104175
9.22025
9.275
9.663025
9.740175
9.844475
9.987025
180
