0.0639
0.064725
0.065475
0.146475
0.17475
0.2811
0.3007
0.376475
0.45395
0.504475
0.505
0.505125
0.50855
0.5125
0.5265
0.529275
0.5299
0.5324
0.54265
0.549625
0.56085
0.5641
0.564525
0.571575
0.59765
0.6086
0.618975
0.62135
0.6303
0.639575
0.648625
0.650425
0.6545
0.711225
0.712775
0.7282
0.7483
0.7966
0.798325
0.802975
0.81545
0.815975
0.82075
0.826675
0.832225
0.834975
0.8615
0.896275
0.896725
0.906175
0.9155
0.950875
1.021575
1.02315
1.045125
1.045175
1.067325
1.072375
1.084825
1.11095
1.11135
1.123275
1.2025
1.2253
1.227375
1.231325
1.2344
1.248225
1.285125
1.286
1.309825
1.463125
1.5066
1.531625
1.577425
1.579775
1.624275
1.62955
1.65615
1.750825
1.800325
1.803725
1.8168
1.884425
1.892925
1.902875
1.909375
1.91075
1.95045
2.00525
2.063
2.151725
2.20465
2.219675
2.234325
2.267825
2.386225
2.418875
2.551875
2.557425
2.56275
2.61505
2.6984
2.783775
2.835075
2.92535
2.942975
3.004225
3.06285
3.135925
3.1446
3.21695
3.2276
3.269225
3.3359
3.33965
3.36065
3.448225
3.459025
3.53665
3.630625
3.72155
3.7389
3.829975
3.84115
3.86215
3.89535
3.89665
4.00045
4.009575
4.135225
4.1508
4.240175
4.440675
4.5125
4.59345
4.6222
4.7332
4.7961
4.9999
5.0162
5.05515
5.065075
5.137925
5.2014
5.229975
5.299825
5.396625
5.421625
5.443175
5.460825
5.46645
5.51065
5.51695
5.546975
5.567925
5.602525
5.6362
5.661475
5.751225
5.787025
5.8188
6.03365
6.121325
6.1312
6.3918
6.643125
6.7956
6.809975
6.8505
7.044675
7.061325
7.08815
7.143975
7.422375
7.4529
7.488175
7.7186
8.050825
8.1646
8.248125
8.4626
8.50505
8.531725
8.5463
8.64015
8.745525
8.80825
8.933725
8.967075
9.119925
9.30465
9.369425
9.39325
9.599625
9.653725
9.674375
9.799175
9.927
9.93995
200
