0.01155
0.103325
0.398775
0.4648
0.50605
0.5199
0.546
0.5504
0.57725
0.5882
0.6129
0.61475
0.616725
0.63075
0.643775
0.647425
0.658425
0.66555
0.67095
0.674225
0.6779
0.706175
0.71145
0.755075
0.792325
0.805625
0.91585
0.94255
0.95875
1.001675
1.00645
1.0126
1.01295
1.021225
1.0569
1.119325
1.133275
1.149175
1.1492
1.18185
1.190775
1.193075
1.214975
1.222275
1.2966
1.360875
1.388825
1.4007
1.45655
1.553175
1.561125
1.578975
1.640975
1.654975
1.66585
1.678725
1.683525
1.774925
1.93995
1.96995
1.982875
1.988975
2.025575
2.101275
2.15125
2.16545
2.238275
2.262775
2.3657
2.36845
2.420925
2.462725
2.5765
2.63285
2.638125
2.736825
2.77705
2.79215
2.856525
2.862875
2.897825
2.9207
2.95185
2.97615
3.00515
3.016925
3.031525
3.10975
3.13415
3.19065
3.1999
3.209525
3.30205
3.32145
3.3516
3.38715
3.43025
3.4908
3.63235
3.64165
3.8299
3.884875
3.9003
3.90745
3.946575
3.98485
3.99555
4.0139
4.115475
4.1699
4.173875
4.254725
4.263625
4.263775
4.2641
4.27845
4.27875
4.333325
4.42305
4.531225
4.605525
4.608725
4.695575
4.80765
4.8328
4.8423
4.89705
4.900975
4.920925
4.96525
4.99255
5.167675
5.2544
5.2823
5.30025
5.358925
5.39555
5.42205
5.42845
5.445175
5.753625
5.84315
5.903125
5.9217
5.927425
5.961
5.9612
6.0032
6.157125
6.253175
6.316325
6.435175
6.477125
6.545025
6.7116
6.75925
6.8004
6.830775
6.84635
7.001375
7.095825
7.096025
7.099075
7.19815
7.407475
7.535725
7.537875
7.7278
8.11325
8.232325
8.280175
8.6409
8.6989
9.112525
9.116875
9.163
9.17435
9.272825
9.3277
9.396175
9.5048
9.764575
9.83145
9.83175
9.8815
9.911675
186
