0.04165
0.0631
0.207725
0.25405
0.2557
0.3201
0.334525
0.357675
0.4182
0.5056
0.50625
0.5154
0.5181
0.540725
0.55365
0.56395
0.58695
0.6058
0.6069
0.610675
0.622525
0.627675
0.630525
0.637475
0.679125
0.69185
0.710125
0.750325
0.760775
0.787575
0.7884
0.79405
0.7967
0.810425
0.812275
0.829175
0.85435
0.94855
0.95175
0.9534
0.966775
0.99685
1.04885
1.0497
1.061375
1.06645
1.084775
1.09505
1.09525
1.097725
1.10485
1.148975
1.1536
1.184925
1.227025
1.2375
1.282075
1.33525
1.3436
1.344775
1.3601
1.372425
1.3958
1.43535
1.481325
1.533575
1.6842
1.79315
1.840025
1.861375
1.866975
1.91225
1.920575
1.966825
2.044475
2.0789
2.11805
2.129725
2.153175
2.167725
2.2392
2.3047
2.308575
2.3703
2.37375
2.39335
2.4351
2.486725
2.4903
2.4958
2.52515
2.53775
2.598625
2.599725
2.649075
2.7035
2.810975
2.834525
3.0543
3.119175
3.121425
3.1664
3.1666
3.2249
3.232975
3.287825
3.335625
3.337475
3.346825
3.363175
3.4532
3.544375
3.5772
3.60435
3.87095
3.899275
3.90325
3.93765
4.0701
4.132075
4.235275
4.251825
4.273575
4.321775
4.33045
4.397875
4.49705
4.538125
4.589025
4.59145
4.61485
4.810475
4.83645
4.869025
4.9411
5.02015
5.11
5.19665
5.214425
5.3222
5.37455
5.669175
5.690225
5.699325
5.879525
6.005325
6.086475
6.10105
6.151375
6.16425
6.172075
6.20845
6.24275
6.2616
6.2872
6.39045
6.457925
6.500125
6.524925
6.6128
6.688075
6.730475
6.8134
6.9866
7.0095
7.053975
7.288325
7.31365
7.3203
7.507225
7.562925
7.563225
7.6131
7.831225
7.8369
7.877775
7.973325
7.98335
8.01115
8.083325
8.0878
8.116875
8.176475
8.312975
8.597025
8.7806
8.8456
8.90455
9.208275
9.221325
9.276775
9.3064
9.5784
9.740325
9.74705
9.7986
9.9721
197
