0.015575
0.429
0.4352
0.5079
0.5082
0.5087
0.53275
0.536075
0.53655
0.544975
0.551
0.558125
0.560175
0.587275
0.588725
0.607675
0.61135
0.6352
0.646525
0.6864
0.697575
0.7146
0.72175
0.726125
0.7327
0.734025
0.7435
0.762725
0.78435
0.785175
0.786175
0.815325
0.8528
0.853225
0.856875
0.860125
0.867975
0.930975
0.93765
0.955625
0.97815
1.02865
1.03735
1.06275
1.085925
1.088275
1.1126
1.149075
1.200475
1.2592
1.2608
1.387325
1.43615
1.448425
1.483925
1.529075
1.5306
1.6033
1.6195
1.672475
1.6922
1.6983
1.700875
1.740225
1.787975
1.80045
1.8395
1.8403
1.86515
1.910925
1.9127
1.976925
1.994425
2.025925
2.0479
2.183475
2.184325
2.36905
2.370125
2.384875
2.402175
2.41285
2.47195
2.5124
2.518975
2.533425
2.55445
2.559475
2.564
2.572225
2.5727
2.7963
2.82745
2.85405
2.8668
2.991925
3.031425
3.068625
3.107375
3.1665
3.19165
3.25735
3.3787
3.452075
3.466325
3.511475
3.545225
3.564125
3.5671
3.623
3.69515
3.701375
3.7408
3.779325
3.9053
3.956525
4.082425
4.1028
4.11435
4.13285
4.26965
4.360475
4.386675
4.681075
4.8368
4.9138
4.926575
4.96885
5.009425
5.120775
5.2416
5.31255
5.418625
5.5178
5.5397
5.649025
5.725475
5.7728
5.8197
5.8576
5.99005
5.99465
6.0212
6.320025
6.367025
6.405875
6.5652
6.578525
6.67935
6.949
7.0432
7.487325
7.64415
7.677225
7.78775
7.857675
7.9022
8.039525
8.04285
8.063475
8.074775
8.145075
8.158275
8.208225
8.25065
8.42785
8.4321
8.437425
8.70865
8.8209
8.9586
9.022
9.204825
9.307875
9.3375
9.389525
9.393725
9.4495
9.4511
9.588975
9.6134
9.67575
9.7839
9.7895
9.789575
9.80555
186
