0.011125
0.06905
0.149825
0.181875
0.3688
0.4328
0.4999
0.509325
0.5108
0.511275
0.522925
0.53645
0.538475
0.548925
0.556225
0.581175
0.607425
0.61955
0.634
0.635575
0.6433
0.64975
0.6526
0.657975
0.674425
0.68365
0.69475
0.701425
0.72035
0.72685
0.7484
0.7504
0.77645
0.80455
0.865725
0.87385
0.8849
0.889575
0.9115
0.912675
0.914075
0.9143
0.917525
0.925975
0.9806
0.999625
1.01395
1.0152
1.030675
1.035775
1.0489
1.071025
1.0987
1.12
1.125775
1.126725
1.1975
1.208
1.218425
1.239475
1.244975
1.251875
1.257475
1.263225
1.27865
1.2826
1.28415
1.286475
1.29645
1.297075
1.299825
1.307625
1.32805
1.3574
1.409925
1.410925
1.4676
1.468175
1.48125
1.513625
1.5351
1.536425
1.61285
1.642225
1.647475
1.673375
1.692675
1.721325
1.737225
1.766575
1.81905
1.8333
1.905675
1.9165
1.955675
1.97045
2.036325
2.086075
2.11965
2.214425
2.2341
2.25585
2.269325
2.278575
2.41925
2.4729
2.519025
2.521025
2.7519
2.793675
2.919375
2.9507
2.974725
2.984575
3.0281
3.060625
3.10575
3.18735
3.189875
3.215675
3.263725
3.3372
3.380025
3.38055
3.391425
3.425025
3.473975
3.48825
3.56745
3.620975
3.671675
3.876425
3.88765
3.91515
3.97375
4.0598
4.116325
4.413
4.43005
4.43215
4.547175
4.566425
4.641975
4.701525
4.74175
4.76655
4.8134
4.8219
4.989225
4.996
5.00145
5.0215
5.120325
5.179325
5.192925
5.25395
5.418925
5.47
5.47015
5.47085
5.5137
5.56855
5.57185
5.5983
5.73125
5.767525
5.789525
5.8214
5.864775
5.91265
5.99785
6.13945
6.17025
6.17335
6.191525
6.209425
6.457975
6.483975
6.53405
6.6041
6.755175
6.78305
6.78975
6.80395
6.86115
6.971575
6.9827
7.0417
7.04985
7.36475
7.41045
7.438675
7.45255
7.55615
7.556775
7.687725
7.731825
7.763925
7.7662
8.293425
8.347625
8.388575
8.740425
8.797525
8.799475
8.85085
9.047075
9.129675
9.179825
9.2351
9.329025
9.57915
9.6027
9.6336
9.7228
9.833975
216
