0.09415
0.2656
0.316675
0.388125
0.398125
0.4042
0.5113
0.515925
0.526425
0.53985
0.562575
0.5628
0.563425
0.581925
0.607225
0.622375
0.623575
0.6393
0.641125
0.6429
0.66845
0.7074
0.745
0.75015
0.7705
0.778975
0.779675
0.784925
0.7884
0.80505
0.833
0.848425
0.87625
0.878625
0.9006
0.921
0.94075
0.957525
0.96435
0.9734
0.984325
1.0003
1.0102
1.048625
1.0547
1.056125
1.056425
1.0565
1.06105
1.07495
1.11935
1.15775
1.16795
1.179325
1.28545
1.286325
1.2917
1.291875
1.295325
1.326125
1.389425
1.399875
1.483975
1.501375
1.52105
1.59325
1.6036
1.623275
1.652625
1.661475
1.668425
1.7343
1.763025
1.770975
1.863925
1.875425
1.8847
1.913425
1.931
2.0429
2.043275
2.04675
2.127925
2.13605
2.137175
2.181
2.2394
2.289725
2.386125
2.4485
2.4747
2.51815
2.53295
2.5419
2.55215
2.645525
2.684825
2.71
2.712775
2.718925
2.7816
2.795325
2.859025
2.863525
2.904375
3.108025
3.1272
3.139825
3.166225
3.231775
3.431325
3.435225
3.467225
3.59625
3.608125
3.723825
3.759225
3.765875
3.97955
4.039825
4.12405
4.2023
4.30615
4.343775
4.3464
4.359575
4.367225
4.436075
4.5107
4.68115
4.69265
4.703225
4.7109
4.725675
4.862325
4.966575
5.040975
5.05
5.196825
5.5246
5.648325
5.7062
5.987725
6.080975
6.216075
6.234475
6.2907
6.292675
6.2947
6.34785
6.35735
6.3835
6.501
6.560625
6.6009
6.788675
6.889725
6.9036
7.0343
7.056525
7.086325
7.157425
7.2945
7.342075
7.461725
7.51675
7.857025
7.85945
7.893525
7.893775
8.04565
8.0751
8.100875
8.1658
8.18845
8.2966
8.350275
8.3957
8.47125
8.493
8.513175
8.907175
9.031525
9.052625
9.19455
9.312175
9.564325
9.58515
9.754625
9.75975
9.778875
9.8284
192
