0.068775
0.099525
0.237875
0.33725
0.5073
0.5334
0.5403
0.57585
0.577825
0.5934
0.601575
0.611525
0.625325
0.635925
0.642675
0.669375
0.68375
0.691425
0.6968
0.7523
0.7527
0.7577
0.762675
0.7628
0.763075
0.76575
0.7694
0.77235
0.7765
0.783575
0.7992
0.80135
0.809275
0.814175
0.8371
0.861925
0.872375
0.87705
0.890625
0.904
0.939575
0.977275
0.984675
1.041375
1.0475
1.06825
1.069975
1.0779
1.1182
1.1882
1.1904
1.2557
1.28555
1.314325
1.319825
1.337375
1.353025
1.357925
1.3773
1.427025
1.439025
1.468
1.482225
1.507525
1.517525
1.520525
1.5822
1.586825
1.587225
1.6643
1.687225
1.69735
1.70545
1.710525
1.768575
1.8444
1.84855
1.858675
1.8749
1.88495
1.896125
1.9498
1.966
2.062175
2.0648
2.1393
2.1692
2.252925
2.333825
2.408825
2.49315
2.4964
2.52835
2.707025
2.81085
2.8572
2.866825
3.0406
3.058325
3.08475
3.18825
3.314475
3.3906
3.444875
3.631075
3.690125
3.704625
3.75725
3.78525
3.798675
3.8431
3.99925
4.073025
4.114725
4.1156
4.153275
4.164825
4.358725
4.5197
4.565525
4.569875
4.61395
4.88125
4.972025
5.0021
5.0325
5.089975
5.092625
5.2788
5.322825
5.507775
5.61235
5.644725
5.6875
5.733675
5.7375
5.798375
5.803875
5.8558
5.8599
5.927
6.056875
6.283025
6.302825
6.3554
6.6634
6.6724
6.674725
6.714125
6.8092
6.838525
6.839975
6.908675
6.914575
6.97095
6.98665
6.9899
7.1771
7.417575
7.4497
7.46305
7.494
7.671875
7.672925
7.683
7.759075
7.7621
7.808825
8.0139
8.12405
8.180225
8.22115
8.30145
8.331925
8.381175
8.3858
8.398525
8.65985
8.795975
8.80265
8.814875
8.8278
9.191
9.2638
9.310475
9.39855
9.61665
9.63375
9.88145
189
