0.0069
0.10085
0.136325
0.138375
0.14745
0.180025
0.222375
0.226325
0.228425
0.335775
0.3802
0.505775
0.520275
0.52095
0.536625
0.541525
0.543275
0.55
0.55795
0.5588
0.559225
0.56115
0.565025
0.56845
0.579
0.580425
0.5811
0.588125
0.591375
0.5925
0.600575
0.612975
0.622725
0.6284
0.682475
0.68555
0.6918
0.69895
0.717275
0.72705
0.7437
0.74575
0.758525
0.7699
0.780625
0.781
0.79975
0.810125
0.819775
0.883775
0.8844
0.90065
0.9478
0.951575
0.9547
1.007725
1.0115
1.0481
1.0566
1.081725
1.108475
1.140025
1.14165
1.1586
1.16835
1.172675
1.202975
1.231725
1.249525
1.374725
1.40845
1.447225
1.459175
1.479
1.4955
1.51035
1.557625
1.595125
1.710275
1.717175
1.73115
1.78165
1.86065
1.86255
1.9266
1.991725
2.0853
2.124725
2.142375
2.15595
2.202575
2.255975
2.2984
2.3052
2.3205
2.34245
2.524125
2.55555
2.556225
2.59605
2.6094
2.6535
2.6601
2.760675
2.8423
2.9927
3.00005
3.075825
3.111675
3.114975
3.1418
3.181275
3.22825
3.33475
3.337
3.368775
3.388475
3.402725
3.520225
3.5623
3.60885
3.62685
3.673825
3.674825
3.68285
3.8207
3.90365
3.90445
3.974875
4.003725
4.2991
4.380975
4.409975
4.435375
4.47305
4.610925
4.73505
4.98355
5.20045
5.392825
5.39405
5.41805
5.44735
5.4729
5.6392
5.72595
5.78855
5.917675
5.98245
6.105325
6.13405
6.317075
6.363175
6.422
6.47305
6.488125
6.690025
6.724
6.84535
6.915625
7.01075
7.029275
7.114125
7.130175
7.1416
7.144725
7.24625
7.2968
7.328025
7.459375
7.484175
7.58285
7.67565
7.7408
7.8114
7.93365
7.9394
8.02525
8.35795
8.46005
8.733175
8.8498
9.129075
9.1986
9.2015
9.604725
9.70315
9.842675
9.90835
9.932975
9.976025
191
