0.053525
0.05465
0.101075
0.162525
0.352175
0.514575
0.542
0.5466
0.552275
0.569075
0.581825
0.5908
0.6264
0.65855
0.695075
0.703375
0.72295
0.747775
0.754225
0.796025
0.802175
0.811375
0.817525
0.81855
0.833725
0.83625
0.8516
0.880325
0.89935
0.90105
0.90125
0.905075
0.954925
0.961775
0.968175
0.983875
0.9873
1.0131
1.0661
1.088375
1.10535
1.17575
1.176775
1.17875
1.19235
1.2011
1.2307
1.233475
1.25075
1.274675
1.2795
1.40605
1.42985
1.48045
1.495225
1.516525
1.5372
1.5593
1.621575
1.6581
1.68825
1.700475
1.79165
1.806025
1.819925
1.969225
1.979975
2.048775
2.0575
2.064575
2.13015
2.135425
2.1467
2.188575
2.198775
2.20485
2.260525
2.272725
2.2945
2.341925
2.345525
2.398375
2.441375
2.449125
2.553275
2.624125
2.668925
2.674575
2.720425
2.73285
2.77645
2.796475
2.801275
2.939025
2.968725
3.048
3.049325
3.146125
3.151825
3.18205
3.2457
3.247825
3.265725
3.272925
3.306175
3.339875
3.371025
3.3736
3.41835
3.45135
3.465825
3.474525
3.531025
3.55275
3.55575
3.680125
3.695125
3.7127
3.721225
3.732775
3.772875
3.78035
3.971075
4.01425
4.0211
4.02295
4.033275
4.07915
4.084
4.1743
4.197
4.282425
4.365125
4.372325
4.4822
4.591575
4.6178
4.621275
4.62295
4.718425
4.81285
4.85415
4.896025
4.9123
4.975775
5.055575
5.115725
5.12035
5.1325
5.2446
5.523525
5.561075
5.660275
5.7271
5.771825
5.775725
5.968075
6.235275
6.272925
6.3145
6.393975
6.58895
6.63635
6.724075
6.802275
6.841775
6.87415
6.90165
7.0211
7.05405
7.087575
7.11815
7.1288
7.213475
7.258
7.278575
7.297325
7.31025
7.520825
7.565525
7.6537
7.7267
7.763575
7.87125
7.932925
8.1231
8.17385
8.217875
8.3631
8.370525
8.403275
8.594275
8.93805
8.983575
9.01695
9.297625
9.39155
9.761925
9.95555
199
