0.109775
0.112825
0.140175
0.46385
0.501
0.514875
0.54265
0.54465
0.556225
0.561925
0.562725
0.5767
0.587325
0.597
0.6009
0.60825
0.608275
0.615625
0.6174
0.623025
0.6269
0.633625
0.638775
0.639275
0.650325
0.651575
0.656375
0.750675
0.752425
0.772675
0.779525
0.79215
0.7925
0.834425
0.8418
0.848825
0.856125
0.8623
0.866525
0.89605
0.91865
0.9694
0.985975
1.00845
1.048925
1.0539
1.062775
1.06525
1.0668
1.098225
1.12225
1.14005
1.146225
1.154125
1.16105
1.16625
1.177525
1.184025
1.206375
1.206625
1.208275
1.2956
1.33455
1.344425
1.3527
1.4191
1.460825
1.46685
1.469525
1.4947
1.501
1.513375
1.5696
1.57485
1.5807
1.63745
1.6689
1.6791
1.7024
1.751325
1.763225
1.779375
1.783
1.8994
1.993925
2.0389
2.0453
2.06695
2.172275
2.175225
2.23825
2.256275
2.293875
2.297975
2.3
2.393925
2.4515
2.47785
2.492
2.600425
2.6425
2.6988
2.7056
2.71315
2.75095
2.7629
2.8527
3.007675
3.0206
3.166675
3.173625
3.43885
3.439375
3.514475
3.763325
3.7736
3.942325
3.972475
3.998175
4.000775
4.0161
4.06285
4.21605
4.32935
4.48415
4.629575
4.666875
4.81175
4.845875
4.928175
4.928775
5.06005
5.1657
5.3634
5.538925
5.71175
5.962125
5.967575
6.0075
6.06705
6.0798
6.11525
6.1172
6.14355
6.1489
6.1595
6.16425
6.258625
6.31175
6.31385
6.3411
6.549375
6.583725
6.608075
6.6358
6.692275
6.775175
6.794975
6.83215
6.945325
7.02735
7.1337
7.154875
7.21425
7.24675
7.2974
7.309025
7.31495
7.4033
7.424525
7.427075
7.716175
7.766
7.790625
7.8679
7.927125
7.943775
8.03935
8.30785
8.348375
8.4735
8.49465
8.691625
8.84295
9.000875
9.006175
9.02755
9.13245
9.201875
9.32745
9.3294
9.4344
9.455575
9.6569
9.73205
9.763775
9.807975
9.937775
198
