0.08205
0.184825
0.284925
0.46655
0.474775
0.50685
0.506925
0.513525
0.522975
0.5418
0.54205
0.57055
0.574
0.577675
0.58345
0.602925
0.6281
0.636225
0.66665
0.696975
0.70125
0.7206
0.72535
0.731025
0.75485
0.784825
0.784925
0.7996
0.803925
0.815825
0.840625
0.8407
0.8465
0.864
0.87485
0.87675
0.89995
0.900275
0.9691
0.969225
0.975675
1.01835
1.02625
1.032375
1.033625
1.045775
1.089825
1.1166
1.152475
1.154875
1.17265
1.178375
1.19825
1.218825
1.227575
1.24095
1.247025
1.288425
1.315925
1.4239
1.4953
1.503375
1.531475
1.537175
1.556175
1.635975
1.7887
1.81575
1.846375
1.887575
1.90485
1.944175
1.945575
1.96865
1.993325
1.999575
2.0267
2.13275
2.14425
2.1558
2.260925
2.282
2.283875
2.31565
2.325375
2.360075
2.3717
2.434225
2.56395
2.589075
2.59455
2.597725
2.602
2.64285
2.717625
2.72625
2.7638
2.79335
2.806575
2.87655
2.93295
2.933
2.94335
2.992675
3.000275
3.0089
3.0282
3.055175
3.104875
3.12325
3.144475
3.230575
3.237975
3.27105
3.27795
3.3086
3.3709
3.432525
3.455
3.501225
3.558975
3.6575
3.689875
3.720375
3.797375
3.82115
3.86605
3.8694
3.907075
4.0149
4.048625
4.202825
4.30465
4.36795
4.3942
4.440775
4.453675
4.519
4.6433
4.744075
4.875325
5.05005
5.177675
5.2272
5.227625
5.250925
5.260525
5.34765
5.3963
5.469
5.503675
5.544275
5.5642
5.643075
5.7634
5.801325
5.8015
5.871725
6.2395
6.2461
6.457525
6.7195
6.73525
6.7993
6.818725
6.9521
7.052225
7.193275
7.234525
7.26905
7.321625
7.438775
7.543725
7.57015
7.61135
7.62015
7.655375
7.685325
7.869775
8.056375
8.148725
8.2166
9.029425
9.049525
9.113375
9.1568
9.2519
9.3147
9.33035
9.370275
9.456125
9.459
9.555225
9.65395
9.822775
9.838675
196
