0.073075
0.102175
0.219
0.333275
0.5041
0.528975
0.52945
0.5362
0.564675
0.580925
0.5823
0.59065
0.59795
0.6252
0.636925
0.644925
0.647775
0.650875
0.652875
0.657775
0.67765
0.6798
0.680075
0.697625
0.70005
0.702125
0.710175
0.71645
0.73995
0.78775
0.78875
0.795575
0.80285
0.808075
0.82105
0.82775
0.83835
0.883425
0.8974
0.95045
0.9872
0.988975
0.992025
0.9987
1.00405
1.0077
1.036175
1.0458
1.05315
1.06365
1.104875
1.122275
1.17655
1.180075
1.186625
1.18705
1.19195
1.205875
1.23175
1.242675
1.3017
1.357225
1.368275
1.372475
1.389525
1.41385
1.418825
1.476025
1.651975
1.66365
1.668125
1.804925
1.806575
1.8621
1.874925
1.986675
2.01045
2.021775
2.20465
2.234825
2.3069
2.3484
2.35565
2.360325
2.370775
2.374375
2.39565
2.4038
2.4457
2.52665
2.627075
2.73075
2.802075
2.99995
3.0048
3.016875
3.034625
3.075525
3.0769
3.1149
3.1364
3.22565
3.255525
3.258375
3.26175
3.27125
3.358525
3.399375
3.430475
3.432775
3.45395
3.479575
3.4935
3.59615
3.656125
3.720725
3.726375
3.735
3.7816
3.960375
3.9776
4.02345
4.092175
4.1037
4.12515
4.37575
4.4067
4.518325
4.534025
4.9362
4.988
5.130525
5.17805
5.201125
5.2036
5.311825
5.33335
5.454875
5.547275
5.757725
5.845425
6.027725
6.056675
6.1376
6.528275
6.694875
6.752625
6.8091
6.8368
6.839475
6.935775
6.9855
7.145325
7.21225
7.21985
7.23215
7.37145
7.409825
7.47955
7.532675
7.551825
7.63875
7.674875
7.746925
7.765
7.7878
7.941575
7.9704
7.995725
8.08625
8.1668
8.227125
8.248725
8.39945
8.454825
8.482825
8.600175
8.62915
8.707575
8.733075
8.767275
8.77845
8.987225
9.06005
9.54805
9.603725
9.7054
9.72935
9.8006
9.94855
9.9802
9.982425
9.99535
193
