0.07995
0.249925
0.4503
0.511475
0.518
0.527925
0.5333
0.55535
0.556275
0.5612
0.5716
0.5765
0.58095
0.58735
0.5997
0.60815
0.641825
0.6456
0.6551
0.66235
0.670075
0.6742
0.6921
0.756275
0.759625
0.769125
0.773825
0.77655
0.8022
0.82055
0.822225
0.8245
0.825925
0.8373
0.85605
0.864325
0.875625
0.8773
0.887525
0.897775
0.914875
0.9464
0.9885
0.993975
0.99445
1.025225
1.058025
1.059875
1.068125
1.086475
1.0896
1.106475
1.123125
1.140075
1.167925
1.1808
1.2028
1.20875
1.2157
1.23855
1.2716
1.28695
1.391925
1.395825
1.4192
1.431825
1.469475
1.5001
1.581125
1.5827
1.5967
1.601225
1.603625
1.6147
1.6376
1.669075
1.70885
1.76625
1.7992
1.803625
1.8807
1.925075
2.13595
2.17075
2.279025
2.306925
2.32855
2.443875
2.48835
2.525225
2.5365
2.58655
2.615525
2.679975
2.729375
2.76455
2.771075
2.853575
2.97545
3.03165
3.087525
3.106875
3.13855
3.18615
3.201
3.344625
3.41155
3.420475
3.463
3.46905
3.490025
3.547925
3.6032
3.618325
3.670975
3.763425
3.8256
4.046
4.066375
4.0703
4.0942
4.200275
4.204875
4.3324
4.461325
4.5269
4.565925
4.93795
5.007
5.050275
5.086875
5.09205
5.222575
5.24795
5.300375
5.36055
5.434175
5.454225
5.48445
5.5641
5.6077
5.64735
5.745375
5.820925
5.8436
5.918875
5.939625
6.13805
6.28935
6.30095
6.389225
6.401725
6.414125
6.592375
6.809925
7.017025
7.019675
7.07915
7.289675
7.42445
7.45185
7.6451
7.67225
7.6965
7.7177
7.9579
8.07515
8.07735
8.115625
8.118325
8.1405
8.215225
8.244825
8.26345
8.263625
8.55995
8.79965
8.906625
8.9215
9.019725
9.0233
9.073775
9.119375
9.1944
9.569375
9.636575
9.752825
9.75775
9.798075
9.8652
9.90415
9.983375
192
