0.0191
0.257925
0.50175
0.517275
0.52095
0.52555
0.54515
0.545325
0.5479
0.551675
0.553425
0.553525
0.566725
0.580625
0.585025
0.585325
0.59175
0.603925
0.608775
0.617
0.624475
0.6262
0.6273
0.63075
0.635525
0.6472
0.6493
0.6619
0.688575
0.689675
0.726
0.759175
0.785225
0.78795
0.7979
0.836825
0.843725
0.858
0.893825
0.896525
0.900975
0.954275
0.98255
1.00705
1.007325
1.014975
1.017225
1.01735
1.02065
1.05065
1.0511
1.05135
1.1336
1.17105
1.201175
1.217425
1.229375
1.250275
1.250975
1.2541
1.28805
1.30485
1.321325
1.3437
1.344475
1.348725
1.375175
1.393175
1.4254
1.477975
1.497275
1.576525
1.600875
1.623425
1.7049
1.724325
1.7266
1.7543
1.7656
1.79325
1.854975
1.861625
1.92345
1.941425
2.0475
2.058025
2.11605
2.148825
2.156875
2.2096
2.3343
2.4142
2.4343
2.44745
2.518175
2.605025
2.639525
2.659125
2.69485
2.77485
2.7881
2.82285
2.829875
2.8578
2.871275
2.8727
2.935825
2.973
2.98125
3.116725
3.138575
3.17895
3.2012
3.21185
3.293625
3.347625
3.362675
3.369425
3.455275
3.4649
3.524825
3.53365
3.542575
3.6298
3.6549
3.73255
3.87555
3.9718
4.217325
4.356175
4.3666
4.3848
4.392775
4.4784
4.594975
4.72165
4.751375
4.75375
4.7736
4.809325
4.872575
5.019025
5.09275
5.166175
5.295325
5.29825
5.332475
5.4156
5.49605
5.555925
5.57735
5.7253
6.042175
6.08025
6.1624
6.18725
6.283275
6.3128
6.3462
6.440875
6.6005
6.629675
6.654325
6.7543
6.769975
6.785475
6.804925
6.9153
6.9737
7.01835
7.108225
7.5119
7.531225
7.54435
7.705
8.03325
8.0955
8.129375
8.156775
8.257575
8.287225
8.47635
8.505025
8.649375
8.65835
8.947325
8.951825
8.959125
9.026875
9.088875
9.108225
9.16865
9.374125
9.43085
9.4765
9.52115
9.535075
9.54995
9.55745
9.6949
9.7299
9.830075
9.857025
9.868375
9.8919
9.8986
9.91455
207
