0.035675
0.081225
0.15945
0.163175
0.4881
0.500525
0.500975
0.50205
0.526225
0.53575
0.536825
0.53695
0.548425
0.564
0.597975
0.604825
0.61325
0.660375
0.665925
0.666375
0.725975
0.7281
0.731925
0.7439
0.754525
0.75705
0.764625
0.77325
0.786425
0.78765
0.7935
0.8102
0.81655
0.848425
0.858675
0.873525
0.880875
0.890425
0.892175
0.922575
0.95295
0.9753
0.97875
0.980625
0.997325
1.024975
1.068925
1.0704
1.07985
1.10105
1.149275
1.1796
1.18095
1.18305
1.2205
1.246975
1.25035
1.269575
1.27095
1.2903
1.304
1.318675
1.34025
1.38305
1.41195
1.482775
1.5559
1.608575
1.726025
1.7892
1.837125
1.843175
1.87885
1.927075
2.0268
2.040225
2.1624
2.182975
2.22385
2.227275
2.2865
2.29055
2.3205
2.442825
2.5089
2.584525
2.6731
2.756
2.801675
2.83605
2.853025
2.968225
3.07255
3.090375
3.305475
3.32735
3.331375
3.365875
3.3742
3.4078
3.43195
3.45685
3.5795
3.61
3.69835
3.7217
3.898
3.922375
3.947125
3.9494
4.206575
4.274725
4.430725
4.45085
4.5344
4.569325
4.648925
4.821275
4.911925
4.947525
4.9706
4.98825
5.0494
5.32935
5.4187
5.510175
5.517625
5.628325
5.6428
5.659025
5.69785
5.8866
6.136525
6.167625
6.210125
6.220925
6.247
6.312275
6.349075
6.36595
6.3967
6.50945
6.5148
6.526425
6.5656
6.802925
6.84655
6.9222
6.96825
6.98185
7.13815
7.17875
7.332575
7.366025
7.38975
7.4783
7.613925
7.68285
7.8368
7.905125
7.94395
8.042525
8.085575
8.10045
8.15755
8.436775
8.45745
8.47875
8.480725
8.485125
8.6104
8.728125
8.7864
8.815975
8.872525
8.95415
9.049425
9.5791
9.59325
9.71035
9.988175
181
