0.0385
0.040425
0.058075
0.1178
0.156225
0.2225
0.494625
0.508025
0.5162
0.518175
0.520925
0.521725
0.53845
0.5423
0.558725
0.564675
0.5649
0.5836
0.58765
0.590425
0.60305
0.608275
0.60915
0.61835
0.633025
0.635775
0.637825
0.6389
0.6403
0.6598
0.66175
0.6895
0.695075
0.712225
0.7207
0.7222
0.73705
0.759225
0.76015
0.795325
0.820675
0.827375
0.837025
0.83885
0.85095
0.8546
0.866525
0.875825
0.885475
0.88755
0.9199
0.922025
0.9359
0.951275
0.961375
0.97915
0.9792
0.985275
1.026225
1.033875
1.034325
1.044275
1.0586
1.0652
1.0806
1.110925
1.1385
1.163725
1.185575
1.198975
1.232975
1.24
1.329625
1.360825
1.365
1.502725
1.51715
1.51885
1.55495
1.576575
1.605225
1.6256
1.65265
1.684775
1.704775
1.7148
1.770375
1.77245
1.818675
1.821725
1.82455
1.82995
1.879725
1.97245
2.00995
2.016575
2.01695
2.0446
2.096725
2.123175
2.15815
2.19975
2.284275
2.306175
2.387825
2.452925
2.48185
2.48685
2.500075
2.51815
2.522025
2.542325
2.61125
2.616475
2.64485
2.655625
2.689175
2.712075
2.815975
2.93775
2.9725
2.996175
3.053875
3.068375
3.09905
3.0992
3.10425
3.15705
3.2008
3.318175
3.333475
3.337225
3.4537
3.543475
3.620325
3.730375
3.73645
3.743125
3.84135
4.039225
4.04225
4.0536
4.057
4.070275
4.26475
4.271075
4.280925
4.3105
4.379125
4.4326
4.461375
4.469675
4.582125
4.595225
4.63635
4.64035
4.749175
4.7837
4.8076
4.850975
4.8535
4.8861
4.9764
5.10135
5.266575
5.281075
5.341625
5.3741
5.51995
5.526075
5.54515
5.564875
5.686075
5.7522
5.83135
5.88515
5.936125
5.949875
5.987475
6.006175
6.106125
6.190575
6.229625
6.2876
6.288575
6.3731
6.393125
6.411075
6.46505
6.6225
6.9828
7.0333
7.17955
7.24095
7.80925
7.858625
7.8624
7.864075
7.941725
8.11535
8.182825
8.182925
8.214775
8.288625
8.3186
8.41055
8.464025
8.644625
8.811125
8.864125
9.00485
9.063025
9.136775
9.457725
9.498975
9.57665
9.6272
9.663075
9.675525
9.71505
9.77895
9.79985
9.942975
9.97965
9.98315
225
