0.016225
0.218625
0.2563
0.32045
0.503775
0.506375
0.508125
0.50865
0.5183
0.527375
0.5382
0.541675
0.553725
0.567
0.571775
0.61345
0.639475
0.646575
0.64665
0.65405
0.670275
0.6731
0.68165
0.682475
0.6991
0.711025
0.74435
0.7511
0.796025
0.8194
0.8238
0.8407
0.864275
0.870075
0.9005
0.921275
0.961025
1.03045
1.037725
1.064325
1.067175
1.070625
1.116225
1.152425
1.15475
1.15865
1.1751
1.1817
1.1828
1.2011
1.226625
1.233225
1.24225
1.2705
1.2735
1.3001
1.383
1.38975
1.397175
1.40595
1.525575
1.562975
1.5732
1.59725
1.806275
1.84985
1.99225
1.997325
2.091475
2.15905
2.16925
2.21715
2.240075
2.290725
2.300125
2.370875
2.41765
2.423175
2.435875
2.437225
2.48215
2.5171
2.5443
2.551
2.580225
2.5818
2.74135
2.748125
2.748325
2.78165
2.7828
2.809725
2.91375
2.940475
3.0249
3.1429
3.170425
3.193225
3.220125
3.301575
3.359475
3.3718
3.438725
3.609825
3.8555
3.879925
3.9408
3.9553
3.960075
3.987575
4.1423
4.145225
4.163525
4.19705
4.248875
4.499925
4.578625
4.6368
4.822775
4.8386
4.899375
5.022175
5.02915
5.206175
5.222875
5.294325
5.336725
5.374825
5.485575
5.5587
5.57445
5.613725
5.66735
5.67265
5.6874
5.795925
5.929825
6.03785
6.16955
6.190275
6.198025
6.22355
6.22885
6.339625
6.3505
6.386425
6.421975
6.446775
6.55385
6.556275
6.57675
6.992025
7.05295
7.06755
7.070075
7.110775
7.13435
7.15015
7.181425
7.232975
7.2776
7.371075
7.381975
7.431425
7.4597
7.923325
8.02695
8.103125
8.199125
8.2519
8.654225
8.694225
8.7244
8.914725
8.93395
9.0329
9.3348
9.38885
9.41425
9.49
9.797225
9.883025
9.941925
9.98385
184
