0.145775
0.248
0.30355
0.318725
0.3364
0.48525
0.501625
0.504275
0.504875
0.5083
0.51625
0.523075
0.52475
0.54205
0.544475
0.565825
0.5724
0.57925
0.584925
0.591275
0.613975
0.61975
0.649375
0.650075
0.65695
0.688475
0.692425
0.700875
0.70525
0.7176
0.723775
0.782125
0.799075
0.807775
0.82455
0.8617
0.8643
0.8688
0.8695
0.907425
1.02165
1.0594
1.063125
1.06665
1.1073
1.11175
1.15325
1.15825
1.1678
1.17335
1.2433
1.379225
1.381775
1.398375
1.45685
1.5926
1.5993
1.6076
1.611025
1.621325
1.6283
1.6745
1.7326
1.74665
1.8387
1.8652
1.892575
1.89585
1.9754
2.03205
2.074825
2.0757
2.16615
2.18945
2.233825
2.274575
2.336275
2.39175
2.432775
2.616625
2.68935
2.70245
2.7183
2.741875
2.80785
2.914325
2.959825
2.9698
3.107225
3.139825
3.14865
3.20345
3.265275
3.34005
3.3563
3.37625
3.38515
3.7011
3.7058
3.744775
3.7831
3.786425
3.831175
3.9248
4.05945
4.1125
4.1207
4.147125
4.20875
4.4101
4.415875
4.564125
4.575
4.598325
4.6072
4.615025
4.616475
4.64645
4.68815
4.73835
4.8421
4.847275
4.922825
4.943975
4.947425
5.007225
5.051
5.08035
5.083475
5.114575
5.18475
5.19215
5.195225
5.216225
5.3203
5.3282
5.371925
5.377775
5.440925
5.485425
5.4947
5.531225
5.56095
5.8495
5.927025
6.1025
6.16005
6.1618
6.72635
6.818475
7.133775
7.136375
7.229325
7.2331
7.340125
7.586275
7.760225
7.799975
7.831925
7.988725
8.088625
8.09655
8.121225
8.15515
8.16
8.171575
8.2177
8.3144
8.350925
8.538875
8.610425
8.63275
8.6623
8.750775
8.809125
8.814275
8.83605
8.9701
8.9825
9.040125
9.142975
9.203725
9.36455
9.476425
9.486525
9.576775
9.594825
9.621125
9.631225
9.74985
9.892525
9.916525
192
