0.009525
0.19915
0.404275
0.469225
0.501225
0.50175
0.51285
0.514325
0.521925
0.527875
0.548575
0.550475
0.55105
0.552175
0.581175
0.5893
0.592725
0.60735
0.616325
0.66475
0.665525
0.6689
0.6858
0.6869
0.6877
0.705375
0.728375
0.735475
0.745225
0.7917
0.8012
0.810725
0.83925
0.8415
0.8601
0.911175
0.918325
0.9413
0.9475
0.9625
0.972075
0.993325
1.0434
1.049075
1.062225
1.07265
1.079625
1.09465
1.165725
1.1668
1.20725
1.299875
1.306875
1.30735
1.340025
1.361425
1.40565
1.420025
1.4471
1.469825
1.516225
1.543525
1.546775
1.58255
1.7722
1.782275
1.805025
1.86745
1.8739
1.875175
1.87985
1.8909
1.9088
1.9757
1.99415
2.08775
2.18745
2.200075
2.213425
2.21355
2.225025
2.22825
2.315675
2.319
2.331125
2.334475
2.363075
2.4573
2.484875
2.50485
2.607025
2.74085
2.7449
2.7605
2.80905
2.81375
2.8243
2.87055
2.914
2.932075
2.952275
3.007225
3.008125
3.042
3.06705
3.103025
3.19465
3.214425
3.224875
3.2317
3.28
3.3129
3.35465
3.38915
3.5504
3.73985
3.75875
3.76395
3.779625
3.793075
3.85815
3.972225
3.988075
4.0086
4.047275
4.141475
4.302725
4.36405
4.372025
4.407225
4.429525
4.475725
4.4802
4.505725
4.542625
4.578575
4.58845
4.6237
4.6447
4.652375
4.655775
4.9108
4.9313
5.08065
5.382525
5.46935
5.47645
5.4884
5.49265
5.5084
5.511875
5.55195
5.601075
5.6133
5.815275
5.887675
5.96795
5.96925
5.985375
6.0481
6.051025
6.0746
6.097775
6.25495
6.310575
6.42625
6.54375
6.552025
6.591575
6.605775
6.61215
6.614975
6.65085
6.7808
6.826075
6.83055
6.956475
7.00485
7.007525
7.415725
7.435
7.546875
7.584025
7.711325
7.795625
7.823825
7.8541
7.878925
8.113575
8.1853
8.3587
8.4306
8.434175
8.46975
8.49085
8.623225
8.623725
8.630475
8.674
8.68635
8.70155
8.7269
8.7303
8.7547
8.773225
8.796825
8.7984
8.808075
8.809175
9.021625
9.154275
9.310925
9.5651
9.582575
9.63605
9.736225
9.7591
9.856175
9.888925
9.923325
9.9297
221
