0.0876
0.089425
0.500675
0.50745
0.50835
0.51255
0.516825
0.518425
0.5245
0.52695
0.548825
0.54895
0.5632
0.570325
0.5876
0.60695
0.612
0.632475
0.642325
0.6573
0.6574
0.68855
0.694825
0.72895
0.735525
0.766225
0.774425
0.786175
0.80495
0.817
0.855125
0.8638
0.87775
0.91085
0.916525
0.9268
0.946025
0.976725
1.0069
1.020325
1.02065
1.034
1.037925
1.0517
1.070525
1.07575
1.08875
1.118275
1.138525
1.163
1.217675
1.223325
1.242725
1.27215
1.2754
1.278875
1.286975
1.307825
1.31405
1.3252
1.3688
1.395225
1.53215
1.616975
1.675425
1.710525
1.833425
1.8963
1.99725
2.010925
2.1636
2.3125
2.4599
2.4694
2.474125
2.5506
2.624375
2.6479
2.763475
2.99505
2.999
3.01005
3.0916
3.1005
3.141075
3.1645
3.27635
3.4056
3.40995
3.4189
3.455425
3.502825
3.515875
3.6288
3.8755
3.89795
3.98345
3.996175
4.067525
4.09295
4.1724
4.25205
4.29625
4.3111
4.42425
4.56955
4.665725
4.714825
4.7576
4.8355
4.9361
4.999375
5.01925
5.085975
5.11045
5.1135
5.116375
5.18565
5.275175
5.419775
5.475825
5.733875
5.760675
5.78345
5.820975
5.8309
5.85665
5.8588
5.940225
5.961325
5.987075
6.158025
6.320675
6.401375
6.459825
6.609225
6.637675
6.758225
6.813875
6.85705
6.924125
7.07445
7.076875
7.102725
7.1735
7.218525
7.33685
7.50925
7.7333
7.75685
7.81355
7.837675
7.8864
8.044875
8.109725
8.334725
8.479075
8.554
8.9451
9.0972
9.1486
9.283425
9.3175
9.349675
9.403725
9.40905
9.4835
9.6873
9.728625
9.8801
170
