0.02945
0.0324
0.181075
0.20575
0.22315
0.2639
0.293975
0.4423
0.5062
0.526375
0.535875
0.536875
0.5438
0.5508
0.5513
0.564925
0.570275
0.582525
0.5855
0.6081
0.62765
0.637125
0.6513
0.6612
0.661325
0.7063
0.7154
0.727325
0.729875
0.74405
0.7531
0.753125
0.7633
0.765525
0.77395
0.7757
0.793325
0.819025
0.823225
0.84605
0.848425
0.860575
0.868275
0.885375
0.886275
0.934425
0.95485
0.957125
0.9665
0.99795
1.070975
1.091125
1.102875
1.164125
1.19575
1.243625
1.25115
1.253625
1.26095
1.278975
1.316
1.321025
1.37035
1.45005
1.477875
1.599175
1.681625
1.73185
1.755325
1.758175
1.953925
1.961675
2.0089
2.025325
2.034375
2.05725
2.13305
2.209525
2.24545
2.249825
2.42235
2.42305
2.47455
2.506925
2.756975
2.7767
2.78115
2.9854
3.06155
3.07345
3.1721
3.321875
3.494675
3.561225
3.576175
3.5876
3.71185
3.821625
3.888425
3.911075
3.9565
4.010975
4.04645
4.047425
4.058575
4.06505
4.10425
4.1062
4.195175
4.22875
4.25055
4.286875
4.3149
4.366
4.508425
4.510725
4.539925
4.586
4.630325
4.656425
4.7027
4.743425
4.797025
4.951075
5.000225
5.005275
5.1372
5.403975
5.425225
5.528175
5.7133
5.87855
5.8893
6.047575
6.0744
6.143675
6.1656
6.192025
6.322875
6.338325
6.385175
6.406
6.529125
6.577
6.787425
7.02425
7.045575
7.182225
7.38685
7.4112
7.47545
7.651825
7.69965
7.8418
7.85535
7.885125
7.89755
7.941825
8.010725
8.07485
8.1521
8.20045
8.25465
8.419275
8.424025
8.530425
8.590475
8.728325
8.745125
8.842675
8.851825
8.913225
9.156475
9.264
9.31985
9.3802
9.4762
9.533375
9.852275
9.8989
9.996675
181
