0.012975
0.0882
0.0971
0.120125
0.439875
0.464025
0.502225
0.51355
0.532325
0.536875
0.54075
0.545125
0.5502
0.5513
0.5798
0.587675
0.587975
0.58935
0.5931
0.6175
0.62085
0.63095
0.63705
0.63715
0.6406
0.651975
0.664025
0.6643
0.669225
0.679825
0.6812
0.725575
0.726725
0.75955
0.768175
0.769675
0.7733
0.7782
0.83275
0.841325
0.84185
0.862875
0.869125
0.87515
0.89395
0.8943
0.895775
0.902
0.91245
0.92225
0.92365
0.9884
0.994125
1.037625
1.139
1.152575
1.160175
1.193
1.22005
1.279175
1.284125
1.29055
1.334575
1.342175
1.366025
1.410125
1.4979
1.512675
1.5246
1.535925
1.5365
1.564025
1.604625
1.617975
1.62175
1.654625
1.656175
1.92105
2.048725
2.073425
2.159775
2.1789
2.186
2.230275
2.36695
2.38595
2.45155
2.47965
2.563675
2.57575
2.59595
2.676025
2.683475
2.759925
2.800925
2.8139
2.8252
2.919025
2.9358
3.0607
3.0642
3.158375
3.163075
3.16325
3.1813
3.203175
3.228125
3.3186
3.43955
3.496725
3.56235
3.59075
3.775175
3.865825
3.89985
3.99435
4.043125
4.065325
4.06705
4.219525
4.22015
4.24845
4.261425
4.273425
4.32285
4.3427
4.410225
4.45865
4.4744
4.504125
4.5196
4.530725
4.573
4.6622
4.737375
4.7581
4.93765
4.9559
4.98965
5.077325
5.1353
5.220225
5.321525
5.45645
5.516575
5.53255
5.683225
5.683375
5.80555
5.8976
5.915375
5.93705
6.15005
6.154925
6.183175
6.236425
6.380325
6.388125
6.407025
6.416225
6.483025
6.51235
6.695675
6.8691
6.874425
6.9114
7.12685
7.1985
7.21905
7.337075
7.431625
7.468225
7.488475
7.681025
7.8276
7.984175
8.021225
8.0424
8.055825
8.179125
8.288175
8.332625
8.375
8.48205
8.49475
9.010375
9.08915
9.1373
9.219675
9.344
9.3882
9.468
9.4793
9.61335
9.97685
195
