0.0732
0.111225
0.1368
0.22525
0.313625
0.314425
0.315775
0.348625
0.382125
0.50495
0.505
0.52075
0.522125
0.53155
0.5397
0.54785
0.549525
0.553875
0.5558
0.57725
0.609525
0.624575
0.655975
0.6721
0.6927
0.713825
0.722625
0.74225
0.743625
0.7688
0.769275
0.787325
0.80845
0.81885
0.890125
0.9198
0.921325
0.93025
0.945075
0.954525
0.9604
0.9673
0.96745
0.970975
0.987375
1.01505
1.040375
1.049775
1.0732
1.095875
1.111025
1.1482
1.1504
1.157925
1.18425
1.185075
1.19955
1.202275
1.225625
1.260875
1.26685
1.2858
1.2911
1.303525
1.324725
1.347875
1.360925
1.417725
1.492325
1.51285
1.565225
1.6223
1.66295
1.794525
1.82075
1.891775
1.90715
1.91305
1.928575
1.9752
1.995225
2.001675
2.007175
2.044625
2.089125
2.1222
2.14815
2.154775
2.1723
2.175775
2.24125
2.24405
2.25345
2.282575
2.30645
2.34795
2.413025
2.46215
2.4791
2.49505
2.52585
2.540225
2.558675
2.652525
2.65975
2.6789
2.696
2.7283
2.814925
2.844075
2.86595
2.9007
2.993375
3.04545
3.073575
3.093675
3.105275
3.2036
3.20625
3.258525
3.431025
3.436225
3.449625
3.572375
3.631725
3.752975
3.835775
3.9111
4.002375
4.009975
4.013725
4.07345
4.158225
4.22725
4.289625
4.32905
4.336025
4.4117
4.4488
4.5799
4.8001
4.809825
4.8187
4.885575
4.90765
4.9373
5.0619
5.1032
5.220975
5.26555
5.470125
5.47805
5.5447
5.6069
5.68475
5.7623
5.804325
5.8876
5.90795
5.93585
5.990125
6.11245
6.14705
6.20085
6.274175
6.29945
6.3549
6.5065
6.67935
6.7275
6.7737
6.78045
6.95035
7.006775
7.185
7.304925
7.371775
7.412875
7.415175
7.581425
7.66675
7.799975
7.9372
8.1377
8.177125
8.2
8.204725
8.26655
8.279175
8.371675
8.386525
8.44565
8.46595
8.692575
8.743525
8.76195
8.8262
8.85625
9.094075
9.099525
9.14585
9.182775
9.266875
9.287725
9.290275
9.411075
9.6003
9.61755
9.914425
9.98715
210
