0.132525
0.225525
0.31855
0.4062
0.5036
0.510975
0.526225
0.529625
0.5403
0.548125
0.5652
0.570425
0.5752
0.60005
0.600175
0.604125
0.61945
0.62585
0.683625
0.710875
0.7793
0.8136
0.815525
0.815975
0.820625
0.822825
0.85645
0.859825
0.865725
0.891825
0.8982
0.9287
0.929425
0.941925
0.993125
1.015875
1.022975
1.04835
1.0594
1.085325
1.09975
1.111375
1.1247
1.1375
1.190475
1.226925
1.252075
1.255625
1.262275
1.286875
1.3216
1.336475
1.350925
1.352225
1.355475
1.368825
1.406475
1.42065
1.512425
1.5666
1.6891
1.7099
1.8002
1.802575
1.812125
1.8132
1.9069
1.923875
1.94975
2.008325
2.13415
2.162275
2.163575
2.179975
2.257
2.339725
2.39795
2.400575
2.42405
2.4382
2.457925
2.4651
2.624575
2.6576
2.678925
2.726625
2.729875
2.87775
2.908475
2.92155
2.92255
3.011
3.024575
3.129375
3.152225
3.1947
3.226375
3.246425
3.2748
3.29615
3.448025
3.448575
3.4571
3.458
3.4766
3.4986
3.5564
3.557225
3.55945
3.58415
3.651325
3.661825
3.735625
3.74675
3.767775
3.85895
3.929175
4.088725
4.103
4.1384
4.221625
4.3887
4.41555
4.4616
4.465625
4.66125
4.746825
4.76395
4.8136
4.820325
5.11095
5.12295
5.133525
5.2523
5.35315
5.394175
5.4642
5.469125
5.516175
5.693475
5.7523
5.752825
5.92885
5.933075
6.013375
6.0213
6.056625
6.09645
6.159125
6.192875
6.289925
6.343925
6.472875
6.4864
6.535075
6.9567
6.9898
6.9951
7.1576
7.28875
7.304975
7.402025
7.402875
7.43795
7.445375
7.5253
7.546775
7.62195
7.675175
7.8653
7.98905
8.258475
8.31425
8.361925
8.365625
8.388425
8.3996
8.4743
8.7186
8.83475
9.036475
9.143525
9.37705
9.45835
9.61025
9.68915
9.7272
9.791725
188
