0.000825
0.18325
0.192375
0.2024
0.251275
0.5127
0.5133
0.5158
0.521925
0.534325
0.545825
0.551625
0.5789
0.591825
0.59245
0.612725
0.6221
0.642325
0.6528
0.652975
0.67365
0.67385
0.674425
0.675525
0.7081
0.715175
0.731125
0.73455
0.7502
0.759175
0.760025
0.761125
0.76475
0.786975
0.791875
0.795275
0.803875
0.8055
0.847975
0.848225
0.8513
0.862475
0.864075
0.871275
0.871475
0.8785
0.8813
0.89425
0.901775
0.928275
0.9441
0.952425
0.967775
0.97875
0.989175
1.0035
1.057425
1.058
1.061475
1.0699
1.096875
1.1122
1.116175
1.133675
1.22225
1.2847
1.307925
1.35735
1.373
1.418975
1.4218
1.42285
1.435175
1.44055
1.450475
1.460375
1.496475
1.498075
1.545625
1.64135
1.65525
1.81865
1.87865
1.885725
1.894675
1.897825
1.899825
1.9218
1.92935
1.949
1.9583
1.98745
1.991025
2.039425
2.0568
2.1103
2.133575
2.167925
2.23595
2.24745
2.29425
2.29675
2.308875
2.4797
2.592125
2.7437
2.82855
2.8376
2.894675
2.902475
2.913925
2.939025
2.9827
3.1433
3.380025
3.38655
3.4705
3.491925
3.522425
3.56885
3.600275
3.650625
3.6568
3.660725
3.90955
4.052825
4.101575
4.2576
4.284
4.332025
4.364375
4.376425
4.444275
4.47505
4.622025
4.730125
4.81435
4.830175
4.902625
4.915375
4.9857
4.990375
5.06585
5.124875
5.15435
5.19475
5.269575
5.30555
5.451
5.45425
5.506925
5.565525
5.627
5.667825
5.72345
5.791125
5.805025
5.8836
5.8976
5.933875
5.963025
6.08465
6.092925
6.1025
6.184825
6.271225
6.2758
6.29505
6.34205
6.396875
6.476575
6.57275
6.597825
6.618375
6.7323
6.781625
6.824875
6.969825
6.989575
7.04255
7.06275
7.092425
7.093375
7.119275
7.1447
7.177175
7.2327
7.2466
7.304825
7.30585
7.337575
7.573525
7.62265
7.682175
7.7403
7.758625
7.78485
8.0155
8.12765
8.155275
8.16195
8.21795
8.453175
8.5811
8.607775
8.76315
8.916725
8.9336
9.05005
9.19385
9.431625
9.461
9.6132
9.659
9.678475
9.7667
9.7769
9.862425
9.921625
9.927125
220
