0.1726
0.428525
0.44005
0.511575
0.512125
0.51885
0.52395
0.535275
0.550275
0.5719
0.587025
0.6025
0.622775
0.626175
0.6401
0.65585
0.664575
0.665175
0.667975
0.673425
0.6835
0.727075
0.80365
0.8093
0.818525
0.832025
0.838725
0.8629
0.8749
0.886175
0.898575
0.911775
0.927625
0.928575
0.960525
0.970775
0.97925
0.9923
1.073575
1.09285
1.118425
1.12795
1.184025
1.19035
1.197025
1.197775
1.1995
1.205225
1.210325
1.21105
1.223025
1.24375
1.296675
1.30815
1.409325
1.415475
1.43025
1.47705
1.5223
1.58805
1.686925
1.68885
1.698225
1.71805
1.835
1.851775
1.860225
1.90575
1.906025
1.918575
2.01505
2.043925
2.054425
2.1639
2.183
2.190575
2.203225
2.3249
2.421425
2.488925
2.52155
2.5402
2.6236
2.635075
2.707025
2.812025
2.953275
2.95755
3.12915
3.129675
3.143375
3.2579
3.2598
3.329475
3.435075
3.504425
3.52185
3.603225
3.603825
3.74
3.80755
3.854825
3.8971
3.928925
3.949525
4.039075
4.21
4.385075
4.42705
4.4613
4.506725
4.514175
4.5507
4.625525
4.632525
4.677275
4.7803
4.866875
4.8713
4.93415
5.095975
5.141775
5.162075
5.198325
5.306525
5.3571
5.4462
5.5943
5.690125
5.747325
5.7807
5.944175
5.977525
6.113225
6.122025
6.189525
6.264
6.401275
6.4312
6.45365
6.48885
6.51175
6.542
6.58185
6.59625
6.636925
6.695275
6.74785
6.750625
6.788475
6.8946
6.95725
6.9883
7.023425
7.09135
7.096675
7.23475
7.256975
7.276075
7.294825
7.38595
7.4564
7.463675
7.466125
7.519025
7.6413
7.8191
7.83345
7.861625
7.882775
7.8969
7.98225
8.040875
8.205275
8.249125
8.55595
8.633025
8.84505
8.92295
9.018025
9.06465
9.108425
9.319425
9.5607
9.783475
9.967425
186
