0.017475
0.177075
0.3572
0.392175
0.481875
0.521325
0.548175
0.55065
0.558175
0.564925
0.57265
0.577075
0.578675
0.5804
0.589
0.602675
0.60325
0.60855
0.608925
0.623275
0.63345
0.6624
0.6697
0.70355
0.70725
0.7074
0.71975
0.72165
0.73045
0.739025
0.7493
0.753425
0.789225
0.79505
0.79715
0.81325
0.8208
0.84285
0.8544
0.85505
0.8645
0.8672
0.872825
0.873675
0.874675
0.87545
0.90255
0.91085
0.91555
0.95805
0.958075
0.96625
0.97095
0.97695
0.9964
1.008425
1.044275
1.0529
1.138925
1.1455
1.23015
1.240425
1.2465
1.30055
1.339675
1.351625
1.359125
1.42055
1.436
1.550275
1.580525
1.603975
1.63185
1.6656
1.6766
1.7214
1.752525
1.83515
1.8455
1.88385
2.0365
2.14435
2.173475
2.17755
2.20515
2.2188
2.232825
2.26965
2.327475
2.35665
2.357725
2.39035
2.415725
2.45945
2.525525
2.538975
2.59415
2.6183
2.73715
2.7728
2.772925
2.785725
2.835875
2.8444
2.8934
2.994525
3.0931
3.12435
3.1354
3.19265
3.4013
3.441125
3.5004
3.504525
3.53
3.60575
3.607025
3.713175
3.7356
3.73985
3.757675
3.7994
3.813275
3.878875
3.97975
4.0452
4.0528
4.120175
4.13645
4.15605
4.19085
4.22215
4.25115
4.32655
4.35115
4.52775
4.541025
4.556525
4.58255
4.5845
4.594625
4.65505
4.6759
4.6781
4.7818
4.896975
4.9379
4.950025
5.184925
5.209225
5.252925
5.288325
5.4826
5.499175
5.705575
5.726725
5.749025
5.836325
5.9042
5.923075
5.9252
5.93715
5.95845
6.127775
6.2941
6.5039
6.514875
6.561025
6.602125
6.62975
6.751525
6.773075
6.783825
6.865475
6.9382
7.08615
7.10865
7.188675
7.211
7.33
7.73665
8.085
8.0999
8.245475
8.426925
8.48595
8.541875
8.574
8.692775
8.802
8.804725
8.942675
8.998175
9.071825
9.1103
9.2312
9.24085
9.3001
9.35905
9.422325
9.596675
9.649275
9.653075
9.8907
204
