0.18675
0.296775
0.347425
0.45805
0.503125
0.509475
0.511175
0.5187
0.5375
0.542475
0.546975
0.551425
0.569825
0.576275
0.614125
0.615475
0.6172
0.6199
0.64555
0.649775
0.6643
0.6677
0.6928
0.715175
0.7386
0.782675
0.7958
0.816325
0.836475
0.89265
0.923475
0.937175
0.9599
1.033925
1.089925
1.0957
1.095925
1.11965
1.126325
1.1506
1.15665
1.232525
1.28435
1.294
1.391975
1.403175
1.423675
1.4451
1.4467
1.45545
1.465075
1.5169
1.56245
1.593425
1.59365
1.598575
1.6276
1.684125
1.703175
1.705875
1.80445
1.811225
1.914175
1.945625
1.960025
1.979325
2.04525
2.106575
2.1623
2.20305
2.378375
2.45705
2.5512
2.61075
2.619325
2.7217
2.80305
2.959975
2.9908
3.0158
3.032475
3.03815
3.08665
3.1509
3.169175
3.20345
3.259125
3.275425
3.35345
3.38815
3.441375
3.532425
3.563175
3.676975
3.79455
3.837075
4.00425
4.0118
4.035575
4.185025
4.3387
4.346025
4.36845
4.37515
4.40435
4.615075
4.668725
4.68025
4.7606
4.76755
4.794925
4.8018
4.924525
4.926875
4.9646
4.982675
4.9955
5.11365
5.162925
5.1948
5.213025
5.338775
5.3657
5.368675
5.410475
5.4287
5.5452
5.5459
5.580025
5.70845
5.711
5.855425
5.970725
5.980975
6.015125
6.0534
6.0781
6.103
6.148725
6.1575
6.1675
6.2717
6.27875
6.3034
6.33185
6.336225
6.405775
6.57795
6.627275
6.722525
6.800075
6.810025
6.886125
6.976475
7.1272
7.159075
7.183775
7.199
7.2475
7.2727
7.3561
7.390375
7.41055
7.76375
7.82925
7.8475
7.9211
7.926075
7.9601
8.1111
8.205325
8.310675
8.3129
8.354525
8.383525
8.40525
8.455225
8.620275
8.711875
8.713975
8.925525
8.945575
9.023825
9.072625
9.094675
9.158575
9.2649
9.272025
9.3239
9.3558
9.417225
9.43635
9.505525
9.5475
9.55175
9.709125
9.714525
9.77355
9.798875
9.80685
200
