0.074925
0.093275
0.18505
0.2461
0.39225
0.50435
0.50865
0.509175
0.513925
0.518075
0.519025
0.523725
0.546925
0.5572
0.59035
0.600725
0.637775
0.63985
0.648525
0.668375
0.677975
0.690575
0.703725
0.71605
0.742
0.775025
0.808025
0.8309
0.843975
0.850025
0.856425
0.868525
0.8693
0.899525
0.900525
0.901025
0.9602
0.9769
0.995075
1.0963
1.0966
1.111225
1.133925
1.1377
1.1867
1.226875
1.238025
1.274275
1.289275
1.31015
1.315975
1.3322
1.360075
1.366025
1.375425
1.386325
1.417925
1.471525
1.4944
1.51235
1.51275
1.55465
1.593125
1.618
1.6276
1.6774
1.72365
1.798375
1.829125
1.840225
1.874625
1.8784
1.9349
2.022175
2.02675
2.07955
2.0933
2.11165
2.172375
2.199825
2.349125
2.452075
2.469175
2.476075
2.52015
2.532175
2.674375
2.718275
2.78865
2.816675
2.901325
2.958375
2.97995
2.989325
3.015175
3.022325
3.066575
3.07085
3.129575
3.164025
3.172825
3.191675
3.198
3.2152
3.228975
3.2547
3.29375
3.29715
3.30975
3.330175
3.386225
3.411425
3.50325
3.5457
3.6142
3.65215
3.692275
3.864525
3.95555
3.98635
4.0267
4.103325
4.12475
4.199
4.204025
4.2736
4.3147
4.414525
4.5378
4.552925
4.75
4.754125
4.77775
4.7926
4.875475
4.887825
4.969575
5.192725
5.193525
5.28285
5.39685
5.41185
5.4163
5.4929
5.556125
5.556675
5.6333
5.743925
5.79355
5.892175
6.006875
6.086425
6.271325
6.43935
6.48475
6.48745
6.55105
6.719625
6.80375
6.9382
7.20215
7.28585
7.303925
7.48665
7.8807
7.965425
8.102
8.10285
8.132875
8.153025
8.228275
8.352825
8.39195
8.447825
8.464175
8.54285
8.70295
8.725225
8.7447
8.7947
8.95575
9.011675
9.114825
9.475725
9.79415
9.8206
9.902625
9.911825
9.970075
189
