0.06315
0.372375
0.41135
0.486225
0.488825
0.504925
0.5091
0.50925
0.517625
0.528875
0.530275
0.54835
0.5845
0.5877
0.598575
0.616225
0.633825
0.6584
0.67675
0.68555
0.69605
0.70655
0.71615
0.723475
0.7329
0.733575
0.741825
0.76485
0.7715
0.77625
0.785225
0.848025
0.85285
0.865375
0.869025
0.87635
0.92185
0.9421
0.947125
0.9608
0.969975
0.9731
0.99815
1.0191
1.030175
1.091925
1.106075
1.114575
1.139525
1.153175
1.205925
1.2096
1.238875
1.251075
1.254425
1.259125
1.26945
1.27035
1.2722
1.2845
1.2869
1.309425
1.3566
1.4047
1.410475
1.430825
1.43975
1.467125
1.48885
1.5032
1.63205
1.63485
1.64905
1.660725
1.6643
1.6711
1.695475
1.732475
1.7553
1.7615
1.77855
1.837325
1.8593
1.88475
1.890975
1.9
1.9781
2.296
2.391825
2.407725
2.477075
2.552525
2.55505
2.565275
2.64575
2.679825
2.688025
2.6919
2.798225
2.801125
2.8295
2.897825
3.083225
3.182525
3.25445
3.445475
3.4738
3.582675
3.73225
3.741925
4.170225
4.21705
4.25135
4.281125
4.333025
4.4354
4.437325
4.45295
4.58145
4.6431
4.648625
4.738075
4.8107
5.12655
5.212975
5.284725
5.2891
5.296375
5.379325
5.449275
5.47995
5.51765
5.558225
5.5962
5.608575
5.630825
5.7582
5.818075
5.831825
5.874175
5.965575
5.979725
6.0208
6.267675
6.3835
6.441325
6.461025
6.543275
6.677575
6.68815
6.9882
7.109275
7.145975
7.239075
7.2396
7.265525
7.268725
7.364475
7.471875
7.49225
7.619275
7.630225
7.837325
7.8395
7.87995
7.88195
7.935725
8.1015
8.10745
8.148875
8.1636
8.1812
8.3269
8.381575
8.4696
8.511825
8.596125
8.674725
8.691425
8.79985
8.938125
8.968625
9.0863
9.1004
9.130525
9.133375
9.2964
9.3773
9.530875
9.695675
9.85025
9.944425
9.972
193
