0.165775
0.241075
0.2976
0.386475
0.3981
0.508525
0.512925
0.515175
0.51525
0.51595
0.5169
0.51925
0.519375
0.53405
0.55895
0.564
0.576675
0.5778
0.5885
0.6064
0.61755
0.6206
0.622
0.626925
0.636
0.6412
0.6464
0.65125
0.65685
0.669925
0.6824
0.689275
0.70565
0.724425
0.7403
0.7927
0.8238
0.831375
0.84945
0.854225
0.87955
0.896725
0.8973
0.913525
1.03245
1.039725
1.09195
1.1099
1.122475
1.13675
1.139975
1.15785
1.1774
1.178775
1.17945
1.188325
1.189675
1.21185
1.24355
1.254725
1.271975
1.2761
1.287375
1.312925
1.31395
1.323225
1.349175
1.358525
1.471525
1.4825
1.527275
1.544675
1.5572
1.703125
1.727675
1.781
1.809125
1.927175
1.9461
1.959925
2.053525
2.07575
2.089125
2.147225
2.185575
2.32365
2.419525
2.514575
2.524
2.526375
2.596375
2.598375
2.61175
2.631875
2.6377
2.692475
2.7114
2.723975
2.7418
2.747725
2.7655
2.818925
2.88615
2.93645
3.015975
3.0384
3.047075
3.133875
3.334125
3.4044
3.500825
3.510725
3.584275
3.591125
3.614775
3.676275
3.67755
3.685175
3.765175
3.772275
3.80655
3.8482
3.92105
4.069675
4.08115
4.109025
4.138525
4.204825
4.3497
4.4037
4.53925
4.579975
4.6237
4.646525
4.79265
4.8566
5.175175
5.1919
5.20765
5.229375
5.27375
5.29705
5.401725
5.43345
5.47915
5.51735
5.551175
5.59295
5.594625
5.9106
5.996475
6.063575
6.0876
6.102675
6.1064
6.147675
6.209225
6.282125
6.328575
6.3379
6.473325
6.5627
6.599675
6.679825
6.71605
6.728275
6.881525
7.0474
7.200575
7.2151
7.3564
7.403475
7.455575
7.467225
7.480975
7.6755
7.74135
7.829
7.997475
8.010775
8.108425
8.238875
8.360725
8.3614
8.393525
8.415225
8.580725
8.598075
8.919775
9.119625
9.1688
9.27085
9.285875
9.28865
9.3212
9.3951
9.42255
9.57895
9.858075
9.894175
9.895875
9.97575
9.98255
203
