0.055025
0.069925
0.082625
0.175075
0.298375
0.329025
0.387175
0.4348
0.502275
0.50295
0.506725
0.5122
0.52275
0.52385
0.5302
0.5419
0.573425
0.58365
0.584575
0.585225
0.5907
0.603075
0.627625
0.629325
0.633675
0.63595
0.637725
0.644625
0.64665
0.646775
0.66075
0.6617
0.668475
0.691325
0.706775
0.71115
0.764825
0.797725
0.80565
0.830475
0.8447
0.8464
0.855925
0.85775
0.882175
0.887
0.89405
0.89775
0.92785
0.95185
0.9577
0.961425
0.9634
0.965
0.9665
0.98925
0.9958
0.9992
1.00955
1.0256
1.053775
1.0943
1.125775
1.16265
1.188675
1.1962
1.210925
1.2329
1.28865
1.3098
1.3492
1.361975
1.42905
1.4468
1.4651
1.479725
1.568525
1.613175
1.6465
1.647525
1.66165
1.716375
1.802675
1.82195
1.9867
2.045025
2.091925
2.127475
2.132875
2.178325
2.183875
2.186275
2.19285
2.265125
2.33725
2.4018
2.423575
2.4919
2.6742
2.688025
2.768925
2.783525
2.789175
2.8092
2.863625
2.906275
2.91495
2.934025
3.010725
3.031125
3.06255
3.1268
3.141375
3.272725
3.276475
3.301225
3.3334
3.389975
3.414125
3.506175
3.512575
3.51265
3.541725
3.54475
3.559325
3.73575
3.783425
3.84485
3.867275
3.931125
4.0387
4.170425
4.262325
4.270325
4.307325
4.32415
4.374075
4.409525
4.424275
4.5872
4.603375
4.6236
4.678
4.7061
4.720075
4.743375
4.773925
5.1143
5.1197
5.239825
5.321175
5.380425
5.428225
5.4353
5.5134
5.6243
5.67675
5.6814
5.79875
5.877525
5.8863
6.00195
6.006125
6.077475
6.10105
6.11265
6.145
6.370025
6.392925
6.449175
6.538025
6.5973
6.625075
6.658325
6.685725
6.7573
6.794325
6.8003
6.894475
6.9085
7.018325
7.0895
7.231125
7.324525
7.4763
7.50665
7.646525
7.6538
7.656975
7.69125
8.01325
8.111075
8.14745
8.166925
8.2146
8.288475
8.37365
8.4188
8.49145
8.5986
8.715325
8.859675
8.868
9.103
9.125675
9.38775
9.435025
9.603675
9.60565
9.6244
9.6726
9.75105
9.829675
9.8334
9.875125
9.99455
216
