0.029775
0.050325
0.081025
0.512975
0.520375
0.5207
0.5211
0.539475
0.555675
0.5583
0.563725
0.572725
0.6093
0.615825
0.635325
0.63955
0.6463
0.654475
0.6605
0.66615
0.6667
0.66685
0.671975
0.687675
0.694925
0.715875
0.7321
0.74805
0.753525
0.773025
0.78555
0.81075
0.8181
0.83315
0.8474
0.85945
0.8625
0.882175
0.883675
0.909875
0.914375
1.04675
1.0977
1.12015
1.14445
1.1551
1.1882
1.207925
1.2758
1.287175
1.315475
1.3178
1.413175
1.413625
1.449025
1.45055
1.531975
1.58525
1.585625
1.58765
1.5888
1.701675
1.7638
1.8101
1.815675
1.82225
1.825875
1.85175
1.928575
1.94085
1.964775
1.99015
2.19145
2.194075
2.27215
2.3583
2.418225
2.480425
2.49575
2.546325
2.652525
2.706825
2.724625
2.77
2.808925
2.95805
2.96565
2.968075
2.9687
3.02345
3.175475
3.181025
3.1982
3.281075
3.368925
3.371225
3.39165
3.516925
3.53215
3.569175
3.58575
3.65425
3.6905
3.750475
3.827875
3.892925
3.9029
3.92195
3.999825
4.0474
4.26645
4.3557
4.360375
4.403475
4.539625
4.566725
4.5842
4.591
4.621325
4.807725
4.85025
4.9279
5.017875
5.317
5.3767
5.420025
5.44145
5.46415
5.479275
5.49635
5.55545
5.560825
5.6029
5.6037
5.61225
5.736825
5.890675
5.89205
5.904075
5.90755
5.97455
5.9987
6.078725
6.1358
6.261075
6.536725
6.677925
6.7164
7.11235
7.325025
7.419825
7.4913
7.64355
7.66635
7.78415
7.8362
7.870325
8.063125
8.114275
8.24355
8.4814
8.5377
8.684375
8.783
9.09575
9.105625
9.20635
9.43735
9.596425
9.6655
9.8708
9.96415
172
