0.0055
0.281625
0.375
0.507675
0.508925
0.511325
0.51525
0.52545
0.527525
0.52885
0.530475
0.563375
0.566675
0.57995
0.5834
0.591375
0.5939
0.609225
0.619525
0.6408
0.6579
0.668675
0.680425
0.6931
0.6937
0.707125
0.7114
0.711425
0.71875
0.721875
0.722375
0.726175
0.779425
0.78175
0.789625
0.806525
0.82835
0.836975
0.874725
0.884
0.895425
0.9044
0.933425
0.93445
0.971025
1.041775
1.04295
1.06005
1.061975
1.08575
1.123175
1.187325
1.23035
1.241875
1.286725
1.367475
1.439525
1.4668
1.4737
1.50305
1.519075
1.534725
1.59525
1.606475
1.60755
1.62045
1.649025
1.8012
1.84705
1.97945
2.049725
2.07105
2.072
2.2573
2.279575
2.293525
2.315
2.4226
2.43815
2.489375
2.49335
2.576075
2.577375
2.584675
2.585325
2.622375
2.733325
2.77655
2.9321
3.0585
3.1915
3.21045
3.307725
3.32635
3.347025
3.390475
3.4531
3.46855
3.597475
3.630425
3.662375
3.6846
4.05235
4.079475
4.135875
4.26885
4.3073
4.3909
4.51475
4.63845
4.676275
4.683425
4.7036
4.731625
4.765625
4.900225
4.9126
5.153675
5.214175
5.349975
5.430225
5.451925
5.481625
5.497075
5.612025
5.726375
5.774
5.932675
6.0464
6.070275
6.0706
6.128825
6.167025
6.362275
6.384175
6.826175
6.893525
7.07565
7.17075
7.185225
7.291275
7.30865
7.338775
7.375275
7.3905
7.40055
7.48235
7.56395
7.566025
7.592375
7.601075
7.65505
7.733775
7.7371
7.91195
7.9142
8.1255
8.2471
8.3291
8.54085
8.623
8.6625
8.79195
8.983125
9.1729
9.17785
9.178125
9.2068
9.26085
9.376725
9.46705
9.5008
9.515825
9.584075
9.6068
9.6131
9.61625
9.76685
9.90375
9.93965
9.982275
181
