0.128375
0.26255
0.50125
0.503875
0.50405
0.5345
0.56715
0.569275
0.582425
0.5944
0.594675
0.6059
0.610575
0.615625
0.6187
0.6249
0.637925
0.661175
0.667375
0.675475
0.67815
0.682375
0.693575
0.723075
0.730325
0.74275
0.747775
0.762275
0.775375
0.77595
0.78005
0.795525
0.800225
0.820275
0.84015
0.85765
0.8936
0.9614
1.004575
1.04935
1.108975
1.11715
1.122475
1.14325
1.147525
1.18285
1.182925
1.1884
1.21595
1.22195
1.2247
1.226525
1.25895
1.27
1.36655
1.372525
1.3866
1.43125
1.4326
1.46655
1.488875
1.49395
1.547025
1.601875
1.61965
1.736975
1.741225
1.823
1.8495
1.865975
1.8676
1.8861
1.96295
1.96825
1.99305
2.05095
2.075525
2.092075
2.153525
2.1894
2.32535
2.3276
2.3629
2.378825
2.41365
2.5736
2.62325
2.7403
2.749625
2.830725
2.88285
2.954325
2.956025
2.979525
2.992125
3.017975
3.0522
3.158
3.20825
3.22705
3.25885
3.27405
3.286875
3.331925
3.367
3.406875
3.422
3.512075
3.523325
3.55835
3.5614
3.562125
3.881175
3.8994
4.05255
4.127225
4.1785
4.19565
4.20025
4.2435
4.394775
4.51555
4.5235
4.54885
4.589475
4.593875
4.796275
4.84825
4.856125
4.920575
5.011675
5.085625
5.086975
5.14345
5.213125
5.38085
5.391225
5.44125
5.52825
5.541175
5.642725
5.656725
5.792075
5.826325
5.83635
5.867625
5.93875
6.103575
6.145225
6.247
6.376125
6.39505
6.39975
6.4182
6.4541
6.48005
6.5329
6.5532
6.589525
6.6281
6.76275
6.781525
6.886
7.06035
7.11935
7.1624
7.1872
7.249
7.252675
7.37095
7.40425
7.5287
7.5353
7.60905
7.6349
7.674825
7.6778
7.884475
7.9056
7.9468
7.962725
8.03155
8.041
8.056
8.167525
8.18065
8.36455
8.499175
8.5128
8.618675
8.79065
8.813425
8.816775
8.8406
9.024925
9.07245
9.115125
9.241875
9.2939
9.612425
200
