0.024125
0.479375
0.510525
0.519
0.520075
0.5453
0.5619
0.57015
0.57545
0.61115
0.6457
0.64965
0.65425
0.659775
0.665475
0.68845
0.71775
0.718075
0.7215
0.72355
0.727625
0.729125
0.7394
0.746
0.759625
0.76205
0.7635
0.7699
0.772825
0.776075
0.79995
0.80205
0.805725
0.8176
0.82575
0.843975
0.8497
0.855225
0.8713
0.880325
0.88855
0.89415
0.931675
0.941075
0.94495
0.9533
0.965375
0.997425
1.022025
1.0345
1.045775
1.080575
1.100425
1.104
1.1563
1.18945
1.213575
1.220325
1.2225
1.225625
1.2637
1.274625
1.3081
1.370325
1.379225
1.432225
1.47115
1.476175
1.488875
1.5
1.500175
1.502525
1.556925
1.57915
1.583025
1.6014
1.75215
1.7828
1.803725
1.810825
1.8414
1.869925
1.925175
1.963475
2.025975
2.026725
2.034275
2.065175
2.06865
2.1591
2.16625
2.1993
2.210725
2.243125
2.304375
2.33315
2.386075
2.4158
2.41675
2.56305
2.672825
2.717475
2.746275
2.757825
3.06625
3.0726
3.26555
3.338525
3.38785
3.448575
3.474175
3.51565
3.525
3.52945
3.567175
3.5873
3.602425
3.618125
3.658725
3.66825
3.76215
3.776125
3.8696
3.88025
3.950675
3.95605
4.08885
4.201425
4.24095
4.3571
4.3611
4.467475
4.4917
4.610675
4.666725
4.788125
4.8044
4.819975
4.82765
4.8355
4.8729
4.883225
5.08215
5.23445
5.38515
5.39505
5.53915
5.539725
5.56915
5.6396
5.64375
5.684975
5.7347
5.7689
5.8379
5.9916
6.04185
6.19725
6.208175
6.24985
6.463325
6.659525
6.66185
6.669625
6.67235
6.6759
6.693625
6.72815
6.73885
6.756275
7.000675
7.05835
7.070025
7.221475
7.27215
7.3503
7.448525
7.491975
7.601775
7.616575
7.61775
7.65765
7.903425
7.919
8.05865
8.242675
8.262775
8.279575
8.35165
8.35805
8.429625
8.440375
8.5325
8.55165
8.582925
8.633
8.675525
8.682525
8.79305
8.859875
8.89565
9.205575
9.23285
9.23375
9.319175
9.566175
9.586775
9.61725
9.6523
9.6825
9.6988
9.711275
9.88485
213
