0.01235
0.028075
0.1758
0.26225
0.3023
0.326675
0.410875
0.4248
0.47675
0.5027
0.511
0.522375
0.522625
0.52465
0.538925
0.555175
0.5694
0.58885
0.59775
0.626325
0.634525
0.656375
0.66225
0.66465
0.6716
0.676575
0.6795
0.70855
0.73035
0.750375
0.757175
0.775075
0.7849
0.791075
0.793275
0.812975
0.823
0.8235
0.825525
0.834675
0.8707
0.8885
0.89255
0.8956
0.945375
0.953125
0.96915
1.023775
1.02725
1.029475
1.073175
1.123275
1.126775
1.1365
1.156375
1.18815
1.231
1.268325
1.284175
1.311275
1.32395
1.3447
1.3899
1.40345
1.414775
1.443125
1.481125
1.4836
1.4882
1.517775
1.53545
1.545225
1.561975
1.5815
1.6329
1.664925
1.71295
1.719425
1.737775
1.7741
1.781625
1.831875
1.877325
1.91515
1.921275
1.9226
1.9284
1.9292
1.97765
1.978275
2.059075
2.159525
2.162675
2.17275
2.369125
2.40525
2.555775
2.6296
2.666325
2.72455
2.7571
2.8728
2.909325
3.100325
3.113825
3.1144
3.1384
3.1711
3.180475
3.273525
3.340025
3.4183
3.4844
3.5898
3.60125
3.846625
3.9196
4.00075
4.019825
4.0363
4.04805
4.15975
4.214825
4.275925
4.5395
4.736575
4.831625
4.83455
5.082725
5.0925
5.232525
5.24515
5.343875
5.49485
5.49975
5.566975
5.595025
5.97325
6.055425
6.0664
6.205475
6.2306
6.2358
6.4088
6.49805
6.512575
6.539025
6.58505
6.615825
6.751925
6.7944
6.864625
6.921125
6.92565
7.12765
7.188325
7.3662
7.4312
7.43655
7.615825
7.687825
7.69305
7.715275
7.72025
7.74095
7.848025
7.895375
7.91365
7.94995
8.097975
8.111075
8.1886
8.264675
8.339875
8.44755
8.547275
8.687075
8.815675
8.88265
9.02025
9.046725
9.08005
9.1166
9.169425
9.34755
9.442375
9.497225
9.5627
9.57515
9.65115
9.84665
9.854675
9.856775
9.976
9.97745
195
