0.3889
0.466475
0.5159
0.52895
0.536225
0.5423
0.55555
0.5648
0.573675
0.5818
0.622775
0.643925
0.674925
0.68715
0.69295
0.6964
0.726575
0.727125
0.751025
0.7512
0.761125
0.76165
0.767425
0.8113
0.820725
0.82885
0.834025
0.844075
0.846675
0.849675
0.85245
0.883
0.891775
0.89285
0.9014
0.92855
0.97865
0.9965
1.003875
1.004625
1.0052
1.00955
1.01115
1.0199
1.037125
1.059825
1.079
1.1085
1.11525
1.14
1.284575
1.3338
1.363225
1.381925
1.4253
1.4649
1.513975
1.536025
1.54805
1.572675
1.5938
1.626725
1.685625
1.72955
1.7518
1.79165
1.832025
1.959925
2.076025
2.22285
2.260675
2.385525
2.39545
2.45865
2.520975
2.54935
2.553275
2.6444
2.675575
2.692975
2.755525
2.831475
2.83795
2.867
2.869175
3.022625
3.024775
3.044075
3.119225
3.1535
3.23095
3.265375
3.345075
3.3661
3.476125
3.514375
3.598775
3.662075
3.720875
3.751175
3.767125
3.769275
3.887475
3.9993
4.00675
4.088225
4.300275
4.31475
4.369625
4.581925
4.626725
4.739525
4.740925
4.78615
4.8244
4.861825
4.869225
5.02405
5.111825
5.13365
5.1337
5.194025
5.2557
5.337275
5.382925
5.41195
5.4752
5.545975
5.556175
5.56895
5.6062
5.628125
5.647
5.79065
5.7913
5.854175
5.939825
5.94145
5.945175
6.26785
6.38015
6.388
6.4192
6.528
6.751225
6.800325
6.83575
6.83845
6.92785
6.97915
6.9879
7.06475
7.10425
7.195375
7.381075
7.540925
7.599625
7.633775
7.71815
7.763825
7.768375
8.120475
8.18345
8.291625
8.3126
8.669875
8.679475
8.7667
8.7746
8.943225
9.008425
9.04315
9.047375
9.0741
9.18935
9.252125
9.33565
9.3374
9.504775
9.508175
9.5307
9.766625
9.8801
9.94185
184
