0.06685
0.073675
0.079825
0.157875
0.326925
0.5182
0.520475
0.5323
0.5349
0.5477
0.5495
0.551925
0.55415
0.55535
0.5619
0.5893
0.591475
0.6049
0.624475
0.639625
0.64335
0.646
0.648
0.668975
0.682675
0.684925
0.706975
0.711425
0.71585
0.7273
0.74075
0.753025
0.775625
0.7857
0.8116
0.8152
0.854875
0.879175
0.898625
0.8993
0.92505
0.93395
0.93895
0.945525
0.958525
0.95865
0.9862
0.9904
1.0624
1.076525
1.092575
1.099775
1.1393
1.170125
1.1705
1.173425
1.20615
1.22585
1.2436
1.246975
1.26995
1.30225
1.314225
1.317325
1.31925
1.392025
1.40405
1.427325
1.44075
1.45635
1.5331
1.555625
1.58225
1.633375
1.689925
1.70625
1.712725
1.8049
1.829625
1.8514
1.888575
1.9374
1.9454
1.947825
1.9566
1.971275
1.9887
1.991425
2.05095
2.069625
2.091225
2.105975
2.22095
2.267
2.2897
2.3045
2.400225
2.404275
2.430325
2.459075
2.461325
2.489275
2.501125
2.59275
2.599425
2.6069
2.612225
2.6247
2.692725
2.78205
2.80965
2.8294
2.9533
2.96515
3.0013
3.0244
3.025075
3.027925
3.119025
3.173025
3.22365
3.281975
3.299425
3.3181
3.37735
3.45755
3.467025
3.472225
3.4962
3.57115
3.58845
3.65795
3.78125
3.839675
3.908425
3.955925
4.09605
4.155825
4.1565
4.221925
4.426575
4.465125
4.520775
4.530525
4.67885
4.7628
4.840625
4.8778
4.934775
5.0358
5.075275
5.0872
5.094425
5.159175
5.20625
5.234025
5.25605
5.275425
5.2954
5.319175
5.514275
5.530675
5.56505
5.661225
5.956325
6.0372
6.1701
6.232925
6.350225
6.400275
6.531325
6.576075
6.583
6.62115
6.713975
6.89385
6.899225
7.0392
7.087975
7.139875
7.3358
7.47075
7.497775
7.5162
7.655925
7.664025
7.936325
7.941625
8.068975
8.154
8.19375
8.245125
8.5774
8.606075
8.772425
8.94355
8.96895
9.188275
9.53785
9.725425
9.73015
9.8
9.894775
203
