0.16205
0.2847
0.302775
0.50225
0.50315
0.512275
0.51485
0.521375
0.52865
0.542625
0.54345
0.567325
0.570175
0.5835
0.59895
0.609225
0.626
0.62675
0.638575
0.6406
0.648525
0.660125
0.676575
0.6799
0.696325
0.69915
0.734
0.78155
0.786725
0.852
0.860075
0.863025
0.87095
0.8733
0.8789
0.894825
0.9357
0.939075
0.9496
0.956025
0.96025
0.99505
1.025175
1.0505
1.058525
1.1006
1.1237
1.1733
1.21655
1.2311
1.23405
1.248225
1.2649
1.275525
1.293525
1.304375
1.3427
1.465075
1.483575
1.519825
1.52885
1.537525
1.6134
1.652975
1.7223
1.728425
1.796875
1.826825
1.837325
1.88465
1.92015
1.9216
1.994675
2.027325
2.0324
2.14445
2.157675
2.201925
2.2305
2.2531
2.357925
2.364325
2.37355
2.375075
2.387
2.505425
2.55795
2.633125
2.68855
2.71645
2.73185
2.765475
2.891775
2.92155
2.97195
2.9819
3.005525
3.007375
3.0359
3.1288
3.133275
3.22535
3.25595
3.316625
3.44755
3.494775
3.559225
3.668275
3.731025
3.73605
3.767475
3.7908
3.80335
3.8236
3.941225
4.09325
4.1458
4.149225
4.193675
4.203625
4.2279
4.239425
4.25015
4.29925
4.30435
4.467475
4.597625
4.6091
4.677625
4.7456
4.8554
4.88915
4.91905
4.9385
4.9422
4.966225
5.19375
5.344325
5.549825
5.580125
5.681325
5.859925
6.097625
6.162775
6.2354
6.24615
6.280675
6.328725
6.38
6.453275
6.53505
6.592275
6.608875
6.920875
6.97925
7.09665
7.1349
7.26245
7.3205
7.33165
7.33385
7.361675
7.41545
7.507625
7.662575
7.711575
7.766775
7.772825
7.85065
7.908875
8.107425
8.115425
8.144075
8.148975
8.1508
8.17805
8.253575
8.3992
8.56535
8.659975
8.737275
8.77285
8.80005
8.833925
8.8794
9.282925
9.37445
9.453475
9.464625
9.555175
9.5662
9.5961
9.610375
9.67475
9.724425
9.7253
9.7623
9.817575
9.83825
199
