0.1546
0.17375
0.202575
0.207075
0.4396
0.5015
0.508575
0.537175
0.552275
0.552475
0.5555
0.558125
0.574625
0.5803
0.6366
0.656975
0.658925
0.6862
0.694175
0.72735
0.7445
0.755875
0.759725
0.760325
0.760375
0.789125
0.797225
0.805075
0.810625
0.816575
0.85615
0.878425
0.884925
0.908525
0.936625
0.960325
0.960925
0.986325
0.99035
1.040575
1.043125
1.09895
1.163425
1.16635
1.200675
1.22755
1.256525
1.2589
1.265775
1.306375
1.325325
1.343075
1.347425
1.3616
1.367
1.3737
1.389825
1.3987
1.416275
1.4294
1.450975
1.451875
1.47395
1.535125
1.5449
1.5564
1.60935
1.657925
1.684125
1.763425
1.77395
1.815425
1.889425
1.92105
1.960325
2.074025
2.109
2.199575
2.211925
2.241925
2.28905
2.30735
2.385275
2.388775
2.411775
2.43875
2.4732
2.59045
2.616525
2.656725
2.713625
2.7216
2.844125
2.864675
2.9667
3.045675
3.07985
3.11975
3.1595
3.172525
3.17455
3.281825
3.351025
3.363575
3.47935
3.483825
3.635125
3.7231
3.9393
4.06875
4.07265
4.12995
4.24495
4.252175
4.252975
4.311675
4.350175
4.37905
4.429875
4.492725
4.508975
4.605825
4.606
4.616025
4.630875
4.869125
4.9238
5.04215
5.20865
5.2397
5.3904
5.40275
5.468975
5.494975
5.51745
5.5196
5.538925
5.560525
5.626225
5.65095
5.655525
5.67865
5.78755
5.842475
5.85085
5.906375
6.01905
6.019275
6.028725
6.17465
6.213275
6.2148
6.229675
6.24655
6.2761
6.417675
6.4235
6.579775
6.678325
6.730025
6.795175
7.02895
7.098375
7.3288
7.434175
7.5217
7.67815
7.7239
7.772325
7.803775
7.912825
7.92085
7.988025
8.0917
8.092675
8.110225
8.1838
8.24795
8.438225
8.5319
8.6028
8.62055
8.885325
8.952125
8.963475
9.044125
9.051675
9.076875
9.10385
9.104525
9.132075
9.1917
9.192525
9.43125
9.43145
9.442375
9.70895
9.9383
198
