0.3271
0.343725
0.440875
0.502675
0.511525
0.514625
0.517925
0.5207
0.52155
0.536925
0.53955
0.541275
0.55355
0.556725
0.572625
0.57335
0.58485
0.59
0.60475
0.611975
0.62245
0.630325
0.6313
0.6331
0.646625
0.6635
0.668
0.678475
0.721425
0.743275
0.744725
0.746275
0.754775
0.7932
0.801375
0.80295
0.803775
0.811175
0.846375
0.858375
0.885275
0.905425
0.934725
0.95755
0.998125
1.07145
1.087875
1.118075
1.130375
1.15625
1.190025
1.2021
1.2393
1.249875
1.276825
1.2995
1.304375
1.314975
1.334175
1.350925
1.45705
1.506075
1.52045
1.52765
1.54115
1.6017
1.63715
1.654725
1.6982
1.7824
1.78315
1.7861
1.8498
1.865725
1.90535
1.946725
1.9767
2.0352
2.091975
2.120925
2.18175
2.271025
2.276175
2.2881
2.309975
2.3529
2.364375
2.4209
2.4366
2.44995
2.453325
2.46445
2.582025
2.62565
2.655075
2.693725
2.74495
2.767525
2.86155
2.869725
2.92775
3.0111
3.0509
3.1212
3.133325
3.260975
3.2637
3.292625
3.32435
3.329175
3.365475
3.444675
3.506725
3.55225
3.5877
3.613975
3.6576
3.6653
3.69045
3.72875
3.9423
3.978625
3.991175
4.01235
4.02675
4.03785
4.142425
4.1894
4.25555
4.453725
4.478875
4.662775
4.768675
5.10115
5.168725
5.181975
5.1919
5.221625
5.225875
5.230625
5.380775
5.406475
5.41
5.410425
5.48475
5.497825
5.508125
5.60655
5.6207
5.72325
5.844725
5.917375
5.9864
6.0207
6.097275
6.132275
6.1673
6.433825
6.482
6.561925
6.59725
6.65435
6.8399
6.913525
6.94085
7.065675
7.069425
7.086325
7.0959
7.197675
7.2023
7.22665
7.2709
7.296225
7.305525
7.34145
7.34655
7.651125
7.65465
7.7777
7.856825
7.8613
8.070775
8.1514
8.329725
8.6018
8.6434
8.653475
8.92985
8.956625
8.996775
9.05285
9.057075
9.1611
9.20665
9.239425
9.298425
9.336425
9.368725
9.383625
9.4379
9.453275
9.568075
9.60325
9.625575
9.8012
9.957525
207
