0.02655
0.435975
0.507475
0.514725
0.517225
0.52485
0.5301
0.5325
0.53505
0.53885
0.542975
0.560225
0.5617
0.612625
0.645175
0.65325
0.6585
0.672075
0.6788
0.67995
0.68235
0.6827
0.683325
0.693425
0.6973
0.7107
0.731325
0.737275
0.75055
0.75135
0.7525
0.771975
0.773525
0.774775
0.797225
0.81495
0.821875
0.83905
0.848125
0.881575
0.8988
0.90775
0.953625
0.971425
1.0114
1.03815
1.0406
1.042825
1.065
1.13015
1.130325
1.13295
1.206175
1.220525
1.2264
1.2549
1.268925
1.2719
1.278125
1.294125
1.3142
1.3254
1.326
1.383075
1.3891
1.4221
1.5649
1.612925
1.661975
1.6621
1.702525
1.755325
1.81665
1.88535
1.90435
1.931725
1.94495
1.9696
1.974425
2.053925
2.1159
2.1599
2.161825
2.21735
2.232875
2.40365
2.579225
2.63575
2.661325
2.665975
2.82215
2.8504
2.8727
2.9599
3.043675
3.047125
3.11615
3.15605
3.256025
3.3105
3.4203
3.44785
3.700125
3.8619
3.877675
3.8809
3.90945
3.967625
4.095375
4.102025
4.15565
4.306475
4.3399
4.38445
4.402825
4.447225
4.64395
5.0734
5.081175
5.105125
5.115725
5.164725
5.17595
5.291325
5.426925
5.42855
5.6134
5.619075
5.6448
5.716475
5.776525
5.835625
5.934825
5.95355
5.983875
6.126025
6.165375
6.2292
6.269475
6.293575
6.299375
6.3549
6.405775
6.4882
6.559975
6.645375
6.769
6.8446
6.84605
7.034625
7.1715
7.2653
7.34075
7.346825
7.3779
7.507
7.520425
7.617475
7.655425
7.72755
7.782
7.82675
7.879125
7.88055
7.926625
7.96605
7.969675
7.988625
8.021275
8.054825
8.05585
8.194675
8.196125
8.330425
8.49715
8.5061
8.53715
8.61475
8.7196
8.822575
8.888625
9.2948
9.304825
9.386875
9.445075
9.510825
9.539425
9.627375
9.711275
9.8108
9.8456
9.8693
9.901225
9.9577
194
