0.018175
0.02285
0.116675
0.133525
0.339625
0.354525
0.47005
0.51365
0.535425
0.546975
0.592
0.6058
0.61805
0.633775
0.6497
0.650175
0.660825
0.667975
0.68855
0.698625
0.706925
0.709325
0.736325
0.754025
0.77815
0.8018
0.815575
0.843775
0.858575
0.8694
0.926575
0.947725
1.001
1.0154
1.0752
1.077825
1.244125
1.3685
1.369
1.3918
1.40775
1.41035
1.44485
1.483525
1.5146
1.55855
1.576125
1.58155
1.61145
1.72605
1.8363
1.886575
1.89415
1.895775
2.01485
2.038375
2.044575
2.052975
2.080025
2.09055
2.224825
2.234
2.279325
2.296225
2.372875
2.429375
2.42995
2.52275
2.588625
2.614375
2.747775
2.76415
2.943375
3.018625
3.02775
3.084425
3.0854
3.108175
3.195275
3.286575
3.359375
3.402525
3.4745
3.501025
3.52155
3.594175
3.65505
3.65915
3.671925
3.6929
3.699025
3.704225
3.80895
3.8215
3.915975
3.97635
4.086575
4.1308
4.172725
4.369075
4.400575
4.4705
4.719575
4.760775
4.7755
4.8267
4.887075
4.904375
4.97385
5.02615
5.074775
5.082525
5.090775
5.124975
5.135875
5.18265
5.232325
5.25615
5.358925
5.36885
5.54
5.583175
5.61965
5.671475
5.783925
5.866975
6.16165
6.167125
6.195825
6.417675
6.47885
6.53865
6.53925
6.65425
6.6545
6.718075
6.85925
6.874
6.9245
6.948175
7.189625
7.20815
7.224575
7.25575
7.3856
7.467825
7.4884
7.5974
7.70705
7.773225
7.773875
7.833475
7.96465
8.18445
8.269925
8.4409
8.46595
8.511025
8.670225
8.728725
8.990825
9.6512
9.710625
9.7311
164
