0.09515
0.173225
0.197725
0.21695
0.307425
0.36625
0.4528
0.50045
0.503475
0.513975
0.537675
0.54095
0.541575
0.54605
0.58245
0.586175
0.59335
0.6093
0.63745
0.64695
0.66085
0.693275
0.702175
0.703575
0.773
0.79665
0.80835
0.8374
0.8473
0.851525
0.877925
0.887
0.91575
0.92195
0.953525
0.958925
0.980325
1.01
1.098975
1.1167
1.131
1.144875
1.1452
1.155075
1.1938
1.2248
1.2289
1.2353
1.2385
1.2939
1.31435
1.328825
1.342725
1.347325
1.37445
1.4311
1.439775
1.4791
1.53015
1.6465
1.772
1.77805
1.780375
1.787975
1.798225
1.808925
1.9057
1.962975
2.02165
2.02935
2.076775
2.07795
2.101725
2.1301
2.13195
2.2591
2.2865
2.376625
2.425875
2.443025
2.460225
2.478925
2.564675
2.57195
2.627825
2.750925
2.7704
2.801625
2.818625
2.88765
3.040125
3.093575
3.27285
3.27615
3.49035
3.50755
3.570025
3.651975
3.702775
3.7586
4.08495
4.117075
4.139975
4.218875
4.234075
4.354875
4.386225
4.50345
4.518
4.55495
4.617625
4.8361
4.848425
4.9868
5.0018
5.038075
5.1423
5.180575
5.202425
5.27825
5.40395
5.476875
5.4895
5.535475
5.64535
5.757275
5.75875
5.876875
5.880475
5.932775
5.977325
6.025425
6.12955
6.199775
6.356175
6.433575
6.621725
6.662875
6.66435
6.7712
6.853125
6.939025
6.969575
7.0478
7.0619
7.11065
7.259625
7.320825
7.765725
7.8083
7.865775
7.93025
7.939225
8.008375
8.084025
8.442775
8.4561
8.540025
8.555875
8.60625
8.68495
8.718575
8.7821
8.8296
9.213625
9.3434
9.942575
167
