0.112475
0.112725
0.338775
0.489275
0.505775
0.507125
0.5174
0.53255
0.576625
0.589275
0.5988
0.632225
0.653275
0.6591
0.66095
0.663475
0.691875
0.70555
0.71585
0.72095
0.72295
0.739175
0.7401
0.7441
0.765175
0.8099
0.8275
0.8415
0.84165
0.84535
0.86805
0.891775
0.8947
0.89925
0.959475
0.974325
0.992625
1.025325
1.038575
1.06155
1.073875
1.083875
1.1033
1.106525
1.1269
1.15475
1.2062
1.24235
1.29565
1.391675
1.392475
1.41255
1.428375
1.478075
1.505825
1.533225
1.562425
1.579825
1.727725
1.73145
1.755075
1.75865
1.789925
1.791275
1.80825
1.894525
1.89935
1.901525
1.9251
1.93105
1.9342
1.945975
1.946325
2.008625
2.111725
2.125775
2.2298
2.31805
2.3321
2.424025
2.44165
2.441675
2.4856
2.552325
2.60105
2.6044
2.63655
2.68245
2.7434
2.749025
2.853375
2.87025
2.881475
2.883875
2.9541
3.035875
3.103275
3.1298
3.1832
3.301025
3.365475
3.382375
3.4185
3.4352
3.47515
3.5333
3.581775
3.679925
3.84405
3.880675
3.898925
3.93285
4.12605
4.133025
4.2302
4.28205
4.333575
4.469575
4.4874
4.5009
4.52125
4.6817
4.8193
5.010575
5.115575
5.347725
5.442475
5.446225
5.5123
5.623
5.674175
5.691025
6.078375
6.2068
6.250725
6.30005
6.307575
6.3513
6.41275
6.458325
6.535625
6.686425
6.751125
6.774475
7.024525
7.2528
7.553525
7.60095
7.667125
7.6932
7.83715
7.9609
8.005475
8.0927
8.166475
8.185
8.46075
8.610125
8.79895
8.8554
8.90095
8.91245
9.017275
9.02395
9.120925
9.26495
9.26805
9.3156
9.3201
9.32455
9.41385
9.455075
9.478225
9.83935
9.92705
9.986625
176
