0.0275
0.10605
0.222675
0.242375
0.24865
0.328025
0.3435
0.380525
0.510725
0.537625
0.567575
0.568475
0.569975
0.57115
0.5958
0.6091
0.62765
0.636125
0.643275
0.646825
0.66035
0.6891
0.696475
0.6968
0.71585
0.72815
0.75095
0.760175
0.76455
0.766875
0.776025
0.78145
0.80185
0.8026
0.834425
0.8469
0.8613
0.864175
0.894275
0.919425
0.9253
0.9745
0.979925
0.982975
0.989125
0.99505
1.026
1.033225
1.05365
1.0747
1.080825
1.12955
1.1431
1.204
1.225975
1.229375
1.23185
1.29915
1.3058
1.32845
1.34475
1.38605
1.402675
1.40585
1.4107
1.413175
1.496025
1.5023
1.50795
1.5927
1.623075
1.63215
1.7128
1.7166
1.72815
1.817275
1.8448
1.85015
1.899575
1.9267
1.9389
1.951275
1.9549
1.9622
2.049375
2.122725
2.148525
2.188
2.2937
2.35635
2.3691
2.3904
2.394875
2.4215
2.43925
2.5235
2.548075
2.57155
2.600375
2.653525
2.66535
2.6677
2.670775
2.67355
2.6773
2.7177
2.7652
2.79835
2.8732
2.949675
2.95425
3.14855
3.30365
3.333
3.495325
3.514025
3.56615
3.621725
3.684475
3.87245
3.9524
4.01555
4.1191
4.1754
4.264775
4.282875
4.2969
4.332275
4.33525
4.379025
4.3897
4.47855
4.5236
4.551725
4.585675
4.5997
4.7575
4.776575
4.851975
4.872975
4.92225
4.943625
5.009125
5.16715
5.17225
5.304175
5.319325
5.424325
5.442375
5.46475
5.6328
5.6459
5.776775
5.814975
5.831425
5.944025
5.94725
5.994375
6.160425
6.190975
6.28365
6.30175
6.340775
6.362975
6.431225
6.46275
6.55795
6.59135
6.75475
6.79095
6.791875
7.06415
7.3491
7.382225
7.5546
7.61325
7.74765
7.82895
8.009525
8.1235
8.20335
8.259875
8.33875
8.352625
8.418875
8.4472
8.583475
8.59425
8.6849
8.78705
8.851525
8.870375
8.899425
8.925725
9.0514
9.06725
9.1083
9.15365
9.214575
9.3015
9.545175
9.5843
9.75795
9.76905
9.79445
9.821275
9.9511
207
