0.09195
0.383175
0.5044
0.5071
0.523225
0.529925
0.5521
0.55625
0.58
0.588275
0.5926
0.594625
0.601125
0.61965
0.63795
0.64245
0.6473
0.65565
0.6565
0.657525
0.694525
0.696575
0.723475
0.72815
0.74255
0.75355
0.75425
0.7729
0.784125
0.8028
0.8048
0.80835
0.80875
0.8104
0.817
0.82385
0.82475
0.831375
0.852675
0.85535
0.8896
0.89005
0.895025
0.896875
0.932525
0.9468
1.011875
1.027325
1.0363
1.129075
1.155925
1.16775
1.177
1.184125
1.216625
1.2847
1.292
1.31275
1.319725
1.342025
1.349525
1.3584
1.3783
1.384
1.438125
1.448825
1.482425
1.4847
1.484725
1.625725
1.74485
1.807525
1.8376
1.840375
1.87045
1.8834
1.891
1.927675
1.93285
1.986975
2.08165
2.10215
2.103025
2.1118
2.1589
2.228275
2.243475
2.27855
2.33575
2.3553
2.3773
2.3856
2.42965
2.498025
2.519925
2.5864
2.60065
2.6022
2.60245
2.667775
2.685975
2.752975
2.815575
2.875875
2.89965
2.9664
3.00595
3.030075
3.04515
3.111425
3.1363
3.19355
3.28635
3.31945
3.359425
3.365575
3.380725
3.38595
3.403775
3.42145
3.466775
3.46775
3.471525
3.517425
3.525475
3.636575
3.7138
3.718725
3.748875
3.75875
3.790375
3.810925
3.954775
3.981625
4.00365
4.028175
4.04705
4.137225
4.173825
4.252725
4.2991
4.31485
4.5698
4.59535
4.611
4.63065
4.7398
4.85985
4.8679
4.9194
4.95495
4.9552
5.0245
5.03475
5.058025
5.1169
5.1909
5.202325
5.232225
5.2596
5.32105
5.37915
5.38035
5.413125
5.428225
5.480225
5.75425
5.883375
5.94975
6.04825
6.095275
6.2095
6.27815
6.425675
6.4569
6.521975
6.5229
6.678325
6.6957
6.748525
6.875825
6.884075
7.0088
7.166475
7.167825
7.17175
7.289475
7.60135
7.614675
7.73135
7.831825
7.872025
7.888475
8.028775
8.117875
8.259025
8.386475
8.5557
8.571525
8.6506
8.6836
8.748375
8.8937
8.948625
9.096325
9.212225
9.212825
9.3275
9.487575
9.4918
9.68085
9.68215
9.7916
9.83185
9.883675
9.889725
9.92725
9.9278
9.94
9.991075
220
