0.1138
0.420475
0.4819
0.502325
0.50355
0.514875
0.51515
0.5409
0.549975
0.564675
0.57365
0.594575
0.5953
0.6049
0.617075
0.622825
0.625
0.6512
0.658825
0.663125
0.6639
0.6794
0.685375
0.7441
0.749575
0.7499
0.7502
0.754425
0.7618
0.7916
0.8013
0.8179
0.822775
0.824875
0.838975
0.846675
0.854925
0.87205
0.87285
0.87595
0.8901
0.926825
0.956025
0.958125
0.962925
0.9679
0.981475
0.989275
1.00575
1.046875
1.071575
1.07465
1.1175
1.124125
1.1437
1.20165
1.208375
1.212
1.22045
1.226475
1.26155
1.2768
1.298425
1.33315
1.36755
1.410525
1.43555
1.4372
1.481175
1.51375
1.65915
1.683725
1.727425
1.73615
1.756975
1.7597
1.8197
1.848625
1.883175
1.893625
1.962275
2.025225
2.0551
2.056625
2.12495
2.211475
2.255975
2.4008
2.404425
2.4055
2.4136
2.422
2.439225
2.50215
2.554
2.564175
2.576775
2.581725
2.6181
2.6534
2.730875
2.762475
2.7815
2.898725
2.9156
2.924675
2.9617
3.00765
3.0929
3.105075
3.128025
3.164
3.17615
3.243725
3.261875
3.2847
3.301
3.3025
3.3146
3.37495
3.424575
3.502075
3.515525
3.523375
3.56535
3.6791
3.8399
3.879525
3.903
3.9657
4.0169
4.0568
4.085325
4.1081
4.12855
4.2497
4.2596
4.408725
4.442875
4.451025
4.641075
4.710075
4.731175
4.758425
4.793075
4.91425
4.991675
5.00895
5.132825
5.1426
5.194475
5.296175
5.2981
5.309825
5.4373
5.589275
5.709525
5.74895
5.75415
5.7832
5.80445
5.85825
5.95175
6.0721
6.268825
6.340475
6.54135
6.67375
6.717775
6.765075
6.856725
6.960475
7.14485
7.2027
7.227875
7.2926
7.491025
7.598025
7.60495
7.62175
7.621925
7.70215
7.708
7.7528
7.77755
7.80355
7.805775
7.8692
7.8716
8.102925
8.13315
8.1809
8.22305
8.280225
8.3331
8.474
8.677075
8.839775
9.02285
9.10835
9.205125
9.214525
9.316575
9.34425
9.46395
9.589175
9.81785
9.84925
9.872975
9.8862
9.915975
211
