0.1701
0.2617
0.2691
0.3298
0.4114
0.5009
0.502175
0.5074
0.5088
0.509925
0.51165
0.516975
0.52685
0.53465
0.5347
0.562625
0.57075
0.575625
0.579075
0.5803
0.58775
0.59455
0.59835
0.602625
0.6169
0.623925
0.632625
0.64105
0.6466
0.669725
0.677125
0.6805
0.688025
0.696
0.702775
0.72225
0.72315
0.7324
0.762225
0.7665
0.774225
0.81015
0.835475
0.8525
0.85465
0.8614
0.886775
0.897725
0.908175
0.92345
0.96025
0.97025
0.977875
1.0622
1.102575
1.128925
1.12965
1.1369
1.1371
1.152325
1.177825
1.22205
1.232875
1.240125
1.2556
1.34595
1.3647
1.456175
1.506175
1.507925
1.527725
1.54195
1.55935
1.60995
1.7016
1.747675
1.786075
1.9401
1.96155
2.038625
2.115925
2.13915
2.194625
2.20225
2.30425
2.311075
2.331475
2.3333
2.380425
2.41785
2.42115
2.631275
2.66755
2.751025
2.761325
2.80095
2.8067
2.87045
2.936075
2.991775
3.110225
3.187725
3.2807
3.3408
3.345975
3.40615
3.48905
3.51835
3.65295
3.6862
3.7318
3.7711
3.779575
3.8558
3.920725
4.137925
4.235
4.26835
4.2939
4.34105
4.377275
4.397475
4.4482
4.461325
4.46565
4.619975
4.63685
4.735775
4.949275
5.027025
5.171475
5.171775
5.233625
5.290025
5.351225
5.3686
5.37765
5.398825
5.4337
5.512825
5.660775
5.73935
5.763225
5.779275
5.79135
5.98915
5.99675
6.0311
6.11165
6.356075
6.40515
6.4305
6.48715
6.58585
6.79085
6.800175
6.82955
6.84995
6.91585
7.101825
7.1648
7.174775
7.1792
7.323425
7.414375
7.54265
7.634625
7.7448
7.768175
7.8128
7.821925
7.825375
8.278625
8.297525
8.30585
8.485725
8.581025
8.5833
8.737975
8.852375
8.884775
8.903875
8.943275
8.996525
9.185475
9.245625
9.614125
9.6155
9.6936
9.7192
9.85115
9.866625
9.869125
9.9705
194
