0.000375
0.126875
0.143575
0.227125
0.23035
0.33075
0.40545
0.4469
0.455175
0.516875
0.52975
0.5424
0.555625
0.5588
0.5641
0.57015
0.5867
0.59115
0.617
0.6171
0.628225
0.63045
0.633375
0.672475
0.6796
0.710975
0.712425
0.733225
0.740975
0.74135
0.755675
0.770925
0.773375
0.7827
0.800225
0.8107
0.81945
0.83865
0.845675
0.880725
0.924025
0.9421
0.95825
1.0697
1.1048
1.1074
1.166175
1.201175
1.209775
1.23415
1.266525
1.26795
1.277275
1.30445
1.363025
1.38395
1.452775
1.46835
1.479675
1.5339
1.619975
1.738925
1.76305
1.8151
1.828025
1.85605
1.870225
1.8876
1.95795
2.0026
2.051725
2.064875
2.156925
2.210575
2.299825
2.3456
2.40575
2.41835
2.449225
2.450525
2.53165
2.5345
2.55965
2.62605
2.665325
2.7108
2.714675
2.714975
2.824875
2.88085
2.92315
2.944
2.97565
3.114125
3.11505
3.130075
3.1536
3.184025
3.275425
3.282575
3.335925
3.37865
3.439625
3.47295
3.474075
3.56405
3.836075
3.903825
3.91045
3.942175
3.9451
3.979075
4.148775
4.196775
4.20185
4.2316
4.338725
4.4062
4.51555
4.821475
4.8523
4.8944
4.991825
5.08795
5.13995
5.16115
5.20495
5.2646
5.29895
5.302575
5.3903
5.45015
5.454925
5.5444
5.634975
5.6588
5.704475
5.76235
5.883025
6.002375
6.0206
6.030875
6.050825
6.191375
6.272275
6.3279
6.366075
6.432375
6.454425
6.5359
6.65265
6.728275
6.85615
6.873175
6.875225
6.9163
7.042775
7.050075
7.123275
7.15415
7.230975
7.3025
7.3682
7.488025
7.512575
7.53715
7.569175
7.713625
7.782525
7.83845
7.907925
7.9351
7.996575
8.03185
8.03825
8.166725
8.23705
8.316225
8.3638
8.372275
8.37505
8.458825
8.58625
8.607975
8.61545
8.658825
8.6797
8.830075
8.907825
9.02075
9.141425
9.373575
9.432
9.46065
194
