0.05895
0.072925
0.401575
0.4435
0.45615
0.473425
0.503325
0.535975
0.536025
0.550575
0.56825
0.569875
0.58025
0.593625
0.6017
0.607
0.624825
0.63805
0.701125
0.713425
0.717875
0.7239
0.73205
0.741775
0.7446
0.75225
0.766925
0.7801
0.783575
0.807275
0.81835
0.8261
0.85855
0.873925
0.87405
0.894125
0.909275
0.954575
0.976725
1.059775
1.072525
1.074875
1.11245
1.116475
1.12025
1.161125
1.176
1.188
1.2642
1.280575
1.352725
1.366275
1.3695
1.3816
1.38235
1.408725
1.450525
1.48015
1.48865
1.5294
1.549675
1.578125
1.58885
1.6177
1.656575
1.6815
1.699475
1.7126
1.8434
1.856575
1.85955
1.950325
2.084525
2.092575
2.094775
2.1123
2.1169
2.161075
2.20275
2.261075
2.3026
2.46245
2.537175
2.58555
2.621925
2.65805
2.7785
2.874225
2.88025
2.89105
2.897025
2.916025
2.9298
3.02525
3.18595
3.2862
3.3145
3.316625
3.318475
3.322325
3.360225
3.4678
3.53535
3.70515
3.73485
3.8396
3.8674
3.903925
3.904725
3.95655
3.981
4.10845
4.125575
4.304225
4.40235
4.409275
4.44255
4.453975
4.5019
4.52015
4.697225
4.7942
4.817125
4.8807
4.986025
5.26135
5.26415
5.299225
5.332775
5.469725
5.596975
5.644725
5.704725
5.805075
5.80705
5.820425
6.05465
6.0613
6.08985
6.125375
6.48065
6.4953
6.566875
6.808075
6.831075
6.89005
7.0176
7.04385
7.053275
7.08225
7.119775
7.422075
7.48365
7.486575
7.703525
7.75415
7.803075
7.80835
7.81485
7.96805
7.980125
8.054575
8.056975
8.16915
8.17785
8.181575
8.18935
8.207825
8.3456
8.4436
8.61785
8.663025
8.6864
8.7754
8.892875
9.0983
9.223
9.329
9.370475
9.528
9.52945
9.55535
9.758925
9.859725
184
