0.02345
0.50765
0.5102
0.510525
0.512525
0.5154
0.527175
0.52725
0.53285
0.54435
0.54735
0.5531
0.577625
0.587
0.618125
0.65245
0.655075
0.6699
0.67235
0.675975
0.6941
0.714225
0.720075
0.725475
0.7257
0.73055
0.744
0.761875
0.76245
0.76415
0.77645
0.783275
0.789675
0.79125
0.7943
0.801225
0.82495
0.8801
0.88065
0.90655
0.91
0.9113
0.932675
0.955725
1.00285
1.020625
1.026175
1.034275
1.04745
1.0549
1.0688
1.07025
1.088425
1.106125
1.1117
1.1265
1.151275
1.1764
1.21115
1.2244
1.245275
1.250725
1.2659
1.2961
1.312075
1.359975
1.404375
1.41385
1.477875
1.53
1.54035
1.618925
1.6436
1.81975
1.968775
2.0508
2.178175
2.346875
2.407425
2.4116
2.5642
2.566225
2.583475
2.606375
2.6886
2.806525
2.83905
2.84265
2.84595
2.990075
3.00035
3.106975
3.11395
3.156925
3.168
3.189275
3.2713
3.28365
3.44735
3.5023
3.54235
3.549625
3.558975
3.63495
3.72335
3.8299
3.9222
3.93015
3.9962
4.014325
4.0163
4.0465
4.065
4.085975
4.113825
4.169675
4.2306
4.23715
4.24295
4.27765
4.292725
4.326825
4.36025
4.37945
4.540925
4.607375
4.6268
4.62745
4.895075
4.991
4.99515
5.0389
5.0725
5.120175
5.1802
5.183325
5.2551
5.2906
5.300425
5.423
5.479575
5.4995
5.5371
5.5756
5.5803
5.615175
5.628975
5.635725
5.808325
5.8092
5.925825
5.9915
5.9985
6.16615
6.351975
6.396675
6.421325
6.60595
6.664675
6.83405
7.0011
7.1962
7.23925
7.292875
7.473875
7.558025
7.570825
7.575575
7.62145
7.647825
7.696975
7.868575
7.875775
7.99565
8.0741
8.1776
8.4008
8.404725
8.575225
8.584075
8.602825
8.681125
8.747425
8.92725
9.030225
9.093425
9.34925
9.45255
9.546275
9.6033
9.654925
191
