0.40205
0.42345
0.473225
0.498525
0.514075
0.5194
0.527075
0.548
0.554925
0.55745
0.581525
0.6192
0.652075
0.6533
0.66225
0.683525
0.69395
0.71885
0.7496
0.757425
0.7646
0.768425
0.7688
0.77785
0.8242
0.82455
0.824775
0.83865
0.84235
0.8446
0.847725
0.849125
0.87535
0.8767
0.88215
0.889525
0.90255
0.92075
0.92265
0.95325
0.9555
0.9789
1.026325
1.051575
1.055725
1.09675
1.11405
1.136025
1.145675
1.168875
1.184575
1.19855
1.215325
1.21945
1.26035
1.295275
1.299275
1.336875
1.364125
1.393075
1.426625
1.43935
1.4527
1.4552
1.46955
1.481775
1.489
1.55575
1.65745
1.708325
1.736125
1.7485
1.7929
1.83565
1.88985
1.893
1.93
1.954125
1.989475
2.08605
2.092575
2.17635
2.239575
2.25535
2.284725
2.2961
2.3434
2.5085
2.52855
2.5716
2.578775
2.601125
2.6582
2.7055
2.7296
2.741275
2.74895
2.7893
2.8514
2.875925
3.0036
3.01075
3.0427
3.067975
3.091175
3.123075
3.133175
3.221925
3.2716
3.326475
3.352
3.3521
3.47915
3.61255
3.636425
3.710175
3.711075
3.77155
3.80305
3.804675
3.980425
4.0194
4.08195
4.09835
4.159925
4.18475
4.2081
4.326225
4.36275
4.372725
4.384475
4.398225
4.536975
4.581375
4.592275
4.819475
4.84115
4.861725
4.8935
4.91765
4.95675
4.98525
4.98785
5.0564
5.11745
5.130375
5.300125
5.3451
5.400725
5.401575
5.41435
5.4329
5.53175
5.53255
5.5823
5.583425
5.624225
5.691275
5.724725
5.78635
6.0973
6.097975
6.188675
6.2517
6.32635
6.37515
6.464825
6.628825
6.7059
6.760325
6.889175
6.89715
6.897575
6.9534
6.961525
6.9785
7.110975
7.148025
7.2114
7.32875
7.384475
7.49685
7.5292
7.530125
7.5933
7.622675
7.652675
7.801125
7.80335
7.822425
7.905425
8.073175
8.114175
8.3243
8.346125
8.41195
8.41255
8.43155
8.45455
8.481025
8.61605
8.701925
8.99195
9.0403
9.089875
9.1449
9.157575
9.170175
9.177725
9.23835
9.364175
9.389075
9.4208
9.512525
9.519475
9.53625
9.5635
9.6538
9.7151
9.938575
220
