0.105625
0.1659
0.222125
0.4483
0.457675
0.51005
0.512925
0.5228
0.53765
0.541375
0.544675
0.546125
0.564675
0.5862
0.5995
0.6006
0.60085
0.610425
0.6278
0.653675
0.6543
0.66365
0.672725
0.68415
0.692325
0.7189
0.723475
0.7236
0.7481
0.7502
0.763275
0.77945
0.78085
0.79775
0.806775
0.8433
0.860075
0.8646
0.877875
0.8788
0.88645
0.895275
0.91665
0.9394
0.955075
1.03605
1.074125
1.105675
1.13415
1.229475
1.24125
1.2518
1.277575
1.292075
1.313975
1.341225
1.362175
1.38205
1.382575
1.387
1.389525
1.396825
1.406325
1.441575
1.509225
1.5251
1.574675
1.591325
1.779125
1.86625
1.922875
1.9576
2.047075
2.125375
2.1518
2.1693
2.17425
2.2248
2.3222
2.340875
2.44245
2.477825
2.627775
2.696875
2.71215
2.831925
2.8527
2.862775
2.870925
2.88765
2.9635
3.00865
3.070275
3.1355
3.14095
3.177
3.209675
3.215125
3.27025
3.311875
3.370875
3.38055
3.418225
3.4701
3.474125
3.502275
3.626575
3.70865
3.726175
3.885475
3.901725
3.920225
3.9376
3.9979
4.314425
4.38105
4.48315
4.50205
4.513775
4.599775
4.62145
4.806275
4.8515
4.879825
4.9325
4.99335
5.063
5.079925
5.1445
5.155475
5.30095
5.47915
5.532925
5.570175
5.6118
5.71775
5.87355
5.936975
5.9617
6.0219
6.366375
6.447025
6.462725
6.473475
6.515875
6.531475
6.571025
6.62865
6.74115
6.820225
6.91555
7.096375
7.159525
7.160675
7.240325
7.2839
7.344475
7.405325
7.422925
7.5772
7.70725
7.722125
7.7955
7.812825
7.860725
7.8994
7.905425
7.976575
8.0862
8.10435
8.135975
8.29075
8.2963
8.34535
8.564
8.78955
9.038125
9.144025
9.1804
9.23145
9.295375
9.414375
9.510425
9.6671
9.688625
9.75805
9.767725
9.912375
9.95525
189
