0.00305
0.098225
0.1298
0.2864
0.52345
0.53
0.533075
0.533175
0.53555
0.548325
0.5573
0.5599
0.568
0.592475
0.592575
0.621125
0.62915
0.656025
0.658325
0.6614
0.66285
0.6786
0.683775
0.6847
0.6985
0.703775
0.716325
0.7191
0.7288
0.73295
0.76375
0.7855
0.800025
0.825875
0.857225
0.858825
0.893275
0.894175
0.9228
0.94795
0.951825
0.9798
0.982525
0.987775
1.001875
1.006475
1.03595
1.0408
1.047775
1.066525
1.07195
1.0758
1.08535
1.128375
1.136575
1.1435
1.177125
1.192725
1.2107
1.22685
1.2618
1.282375
1.3068
1.3088
1.333825
1.3899
1.397025
1.41735
1.42955
1.438225
1.4433
1.445675
1.456725
1.5074
1.5173
1.54755
1.57315
1.5787
1.651175
1.697575
1.7527
1.884075
1.905925
1.90705
1.937875
1.948475
1.95005
1.97245
1.97985
2.0657
2.133775
2.212775
2.2188
2.22515
2.2595
2.262675
2.3434
2.404725
2.65805
2.68995
2.714925
2.733725
2.738475
2.747175
2.8029
2.95515
3.09575
3.116775
3.141925
3.176675
3.2912
3.330875
3.3332
3.338275
3.390075
3.4569
3.488375
3.5474
3.57005
3.57525
3.7008
3.7476
3.792675
3.793225
3.7967
3.7982
3.80265
3.822075
3.88105
3.96125
3.998675
4.0208
4.047075
4.0541
4.187025
4.2799
4.31505
4.35145
4.44685
4.462875
4.5581
4.77945
4.857275
4.870375
4.9523
5.082925
5.09645
5.12395
5.124525
5.17465
5.201075
5.2236
5.394925
5.482275
5.6033
5.8395
5.841425
5.87955
6.029375
6.260825
6.27385
6.3267
6.4565
6.5404
6.633625
6.69175
6.707225
6.75085
6.93535
6.960475
7.016725
7.02825
7.037475
7.19095
7.249525
7.2725
7.328425
7.368725
7.4554
7.4763
7.51455
7.654025
7.81045
7.8159
7.864025
8.15065
8.1714
8.3765
8.60655
8.734025
8.74535
8.771725
8.782625
8.8048
8.831825
8.9797
9.1008
9.191975
9.2183
9.2478
9.2621
9.37755
9.51265
9.5538
9.677025
9.779625
9.797825
9.832675
208
