0.17315
0.30225
0.467825
0.5109
0.511425
0.5221
0.5227
0.531675
0.53255
0.53795
0.553775
0.5553
0.57265
0.57435
0.593125
0.60425
0.615025
0.64685
0.65935
0.66295
0.6658
0.673675
0.678625
0.68165
0.6833
0.694925
0.70025
0.7206
0.7519
0.75795
0.760825
0.806425
0.820225
0.8247
0.8557
0.865075
0.88705
0.8975
0.899075
0.904725
0.90515
0.90735
0.9212
0.9615
0.980625
0.994175
1.0107
1.051225
1.075675
1.110175
1.146925
1.152075
1.157225
1.1696
1.283975
1.284275
1.296275
1.31495
1.32695
1.343425
1.352675
1.37805
1.39695
1.4023
1.408425
1.42385
1.45425
1.4736
1.473925
1.52885
1.77255
1.774175
2.010325
2.033125
2.04675
2.1181
2.253125
2.339875
2.3399
2.370875
2.383025
2.457175
2.5134
2.517675
2.54525
2.71095
2.82915
2.88025
2.9905
3.02295
3.043975
3.1019
3.1561
3.377325
3.567175
3.6008
3.6751
3.6762
3.748725
3.74945
3.849075
3.954525
4.113025
4.145425
4.17435
4.197725
4.2311
4.29215
4.360025
4.4136
4.4257
4.57265
4.575775
4.634475
4.646225
4.671975
4.891025
5.0005
5.315
5.3313
5.372025
5.380225
5.455275
5.4557
5.457475
5.497675
5.535075
5.543075
5.552425
5.713125
5.9583
6.062775
6.08375
6.175275
6.2963
6.394925
6.408175
6.444625
6.53535
6.601475
6.684475
6.84075
6.888725
7.074375
7.1709
7.280625
7.324175
7.507975
7.5732
7.6651
7.7175
7.718225
7.865525
7.970275
8.007025
8.164475
8.25725
8.28865
8.314475
8.35705
8.3885
8.441525
8.489125
8.4899
8.754
8.7692
8.78825
9.061375
9.228725
9.365475
9.47845
9.55195
9.662
9.66465
9.668475
9.745675
9.754825
9.77605
9.855725
179
