0.00625
0.06935
0.437375
0.526825
0.530575
0.533275
0.54005
0.544075
0.567675
0.57165
0.572725
0.574175
0.578325
0.582125
0.58585
0.596025
0.60395
0.604575
0.610575
0.630675
0.63265
0.6456
0.651525
0.656075
0.67395
0.678325
0.6903
0.71445
0.729375
0.73795
0.7465
0.76545
0.767675
0.853125
0.873225
0.875675
0.893425
0.90315
0.921475
0.92535
0.930175
0.954275
0.995825
1.0041
1.032875
1.044025
1.124375
1.143175
1.1604
1.214675
1.284325
1.2903
1.3349
1.3725
1.38255
1.393675
1.421625
1.432075
1.4352
1.4567
1.463875
1.492125
1.516525
1.618475
1.702925
1.734025
1.7607
1.77615
1.7944
1.7954
1.837325
1.920625
2.046975
2.127325
2.153375
2.161875
2.27705
2.355475
2.386875
2.644375
2.77765
2.779075
2.793925
2.811375
2.81425
2.8368
2.8462
2.8504
2.936075
2.95045
3.1389
3.156875
3.183125
3.229075
3.2416
3.26485
3.299875
3.32525
3.3382
3.390125
3.45535
3.47965
3.54115
3.5862
3.689325
3.749925
3.83935
3.905925
3.91455
3.987675
4.002575
4.0069
4.027025
4.093725
4.3279
4.348475
4.368825
4.446325
4.57315
4.597475
4.6667
4.666725
4.716825
4.733275
4.891475
5.2889
5.290575
5.3715
5.376275
5.49025
5.561175
5.6075
5.6127
5.685225
5.692775
5.84725
5.9196
5.922275
5.96455
6.293975
6.329975
6.333425
6.5111
6.5508
6.728725
6.751525
6.869575
6.9158
6.943575
6.9651
6.9705
7.02555
7.050175
7.122875
7.1244
7.297425
7.333175
7.372
7.3767
7.533825
7.737825
7.7427
7.764375
7.87525
8.045125
8.106675
8.2253
8.3255
8.4048
8.4139
8.453975
8.542775
8.695275
9.0841
9.1013
9.23055
9.239375
9.461525
9.560375
9.57895
9.7255
9.806725
9.945825
183
