0.00745
0.049625
0.217025
0.266425
0.273275
0.305375
0.354275
0.50825
0.511225
0.51595
0.53025
0.5347
0.541675
0.566825
0.57925
0.583525
0.58385
0.58745
0.5942
0.6136
0.618475
0.627375
0.642725
0.6518
0.6554
0.6618
0.687925
0.697475
0.715575
0.71875
0.75755
0.790525
0.828125
0.832975
0.848775
0.867125
0.88825
0.945925
0.950025
0.97125
0.9721
0.97315
0.981075
0.990175
1.09085
1.0916
1.1118
1.198475
1.21785
1.31635
1.32245
1.37475
1.383775
1.414775
1.4255
1.531675
1.55185
1.5708
1.6032
1.68395
1.6864
1.729275
1.7859
1.839975
1.873575
1.89065
1.939
1.953075
1.986325
1.99285
2.05135
2.0586
2.059225
2.0714
2.074525
2.1138
2.121125
2.1233
2.145475
2.14595
2.2592
2.3112
2.3215
2.3336
2.355025
2.449225
2.456125
2.6219
2.73155
2.956675
2.997425
3.1243
3.18085
3.2603
3.2765
3.317975
3.336575
3.38715
3.447975
3.5703
3.66855
3.73535
3.79865
3.896325
3.945775
4.016675
4.04985
4.142975
4.29
4.332675
4.379925
4.4433
4.541125
4.54665
4.6644
4.71195
4.7621
4.7967
4.851775
4.877175
4.889875
4.931
4.9357
4.953625
5.086975
5.3091
5.354
5.383025
5.4158
5.452975
5.468225
5.5604
5.568875
5.583975
5.789875
5.869125
5.92115
5.925625
5.931875
6.06455
6.06565
6.11985
6.214075
6.425175
6.44645
6.6945
6.84645
7.014025
7.058225
7.099475
7.153775
7.27545
7.31535
7.343425
7.428375
7.521275
7.571775
7.647775
7.687575
7.73145
7.837375
7.847675
7.90235
7.949425
8.07855
8.213775
8.2808
8.39775
8.526675
8.565975
8.6497
8.664975
8.835825
8.845725
8.91045
8.987725
9.0775
9.11705
9.267375
9.277875
9.35135
9.7786
9.78005
9.797175
9.80285
9.980425
186
