0.168875
0.182775
0.201
0.2876
0.381725
0.399125
0.50015
0.508125
0.50845
0.5226
0.539925
0.543175
0.56225
0.568275
0.572575
0.576075
0.584325
0.5852
0.587825
0.608175
0.623125
0.644825
0.6455
0.64755
0.66295
0.6777
0.711725
0.740875
0.742375
0.7497
0.75215
0.7866
0.80435
0.810475
0.8427
0.846425
0.863275
0.879175
0.898125
0.90985
0.914
0.9142
0.918175
0.926125
0.987
1.010525
1.01205
1.038875
1.053125
1.0906
1.139075
1.148275
1.1547
1.181125
1.23085
1.2314
1.241275
1.303025
1.31685
1.3533
1.36405
1.39525
1.40885
1.4653
1.5121
1.527775
1.5508
1.63005
1.64205
1.817375
1.850625
1.8705
1.909775
1.917675
1.947625
1.968425
1.99115
2.02835
2.040125
2.0838
2.08465
2.091075
2.187475
2.33985
2.374625
2.383625
2.42175
2.462675
2.4764
2.496625
2.50915
2.6368
2.682325
2.7432
2.757675
2.7797
2.870825
2.9392
3.0092
3.048775
3.08635
3.09645
3.121225
3.182075
3.2833
3.2866
3.291275
3.303975
3.463925
3.485775
3.560525
3.6173
3.7174
3.788275
3.80315
3.87055
3.9455
3.956125
4.012
4.0189
4.154975
4.194075
4.24675
4.2535
4.44095
4.442025
4.49755
4.522925
4.549
4.60715
4.662675
4.683175
4.709375
4.74345
4.83485
4.849175
4.891925
4.89565
4.950975
4.96205
4.98945
5.03715
5.07965
5.262225
5.264525
5.26935
5.513375
5.56455
5.570025
5.5701
5.651175
5.655875
5.818475
5.973875
6.032
6.08345
6.1525
6.235975
6.32805
6.519125
6.609725
6.659425
6.7729
6.800075
6.829525
6.884
6.9151
7.06475
7.082625
7.2649
7.28165
7.355825
7.475025
7.6845
7.76695
7.7705
7.771425
7.800925
7.8709
7.922725
8.3984
8.56155
8.750775
8.755575
8.7661
8.868425
8.90645
8.916475
8.932625
8.941325
9.12975
9.13045
9.344525
9.3522
9.4757
9.5239
9.545675
9.640475
9.6654
9.689475
9.6924
9.699475
9.875925
203
