0.000125
0.074175
0.096475
0.14895
0.196875
0.2079
0.264875
0.2763
0.461025
0.51675
0.519775
0.5334
0.536875
0.53795
0.53945
0.541475
0.5434
0.557475
0.576875
0.58645
0.590725
0.598275
0.600675
0.60165
0.61065
0.627825
0.637625
0.64085
0.6441
0.6448
0.6505
0.655825
0.659
0.672875
0.675825
0.684775
0.686325
0.698125
0.71645
0.7168
0.743675
0.7459
0.7758
0.7997
0.822
0.822625
0.84365
0.857275
0.86985
0.881825
0.891325
0.903025
0.9042
0.9254
0.93755
1.0109
1.038425
1.049225
1.07775
1.116
1.153075
1.184175
1.262625
1.2731
1.3257
1.3359
1.3805
1.3824
1.4525
1.4707
1.484375
1.520375
1.5435
1.616575
1.621525
1.63365
1.654325
1.682675
1.68355
1.689
1.7283
1.7761
1.793025
1.79655
1.82175
1.913725
1.9372
2.0358
2.118725
2.12295
2.18215
2.260325
2.30195
2.31225
2.322775
2.370875
2.408275
2.4186
2.42065
2.491
2.572925
2.589775
2.59635
2.63555
2.690375
2.7067
2.759425
2.810525
2.820075
2.82035
2.840675
2.844875
3.04085
3.0438
3.058975
3.1386
3.145275
3.1471
3.208575
3.26135
3.2814
3.285375
3.29005
3.29665
3.460825
3.505425
3.512725
3.51895
3.5879
3.591175
3.61305
3.6213
3.674775
3.714525
3.72445
3.76985
3.836375
3.968375
3.974125
3.984975
4.01075
4.106025
4.2486
4.2824
4.36015
4.54455
4.55035
4.742725
4.793025
4.8865
4.92335
5.007875
5.0402
5.042275
5.052125
5.29455
5.3577
5.35985
5.42545
5.426375
5.45825
5.49705
5.63755
5.65815
5.6688
5.693525
5.707375
5.80565
6.02395
6.147725
6.177975
6.28575
6.40555
6.556125
6.662325
6.7391
6.8152
7.0023
7.05635
7.157925
7.18545
7.492675
7.563475
7.604275
7.9373
8.02885
8.10365
8.211675
8.277925
8.289125
8.30595
8.382575
8.44525
8.546725
8.59835
8.601025
8.6375
8.68845
8.7017
8.7152
8.722725
8.7339
8.748475
8.796
8.8059
8.843475
8.8558
8.93025
8.979775
8.9822
9.04095
9.11445
9.23355
9.28425
9.32635
9.343775
9.573075
9.6941
9.715025
9.834475
9.9729
221
