0.10405
0.338075
0.490475
0.519925
0.526675
0.5508
0.57
0.5769
0.5899
0.594925
0.603725
0.6332
0.649025
0.6606
0.692775
0.70865
0.715125
0.71625
0.726275
0.739075
0.757275
0.7625
0.7761
0.7767
0.790525
0.80045
0.804625
0.81105
0.850725
0.87325
0.879975
0.881525
0.885725
0.91555
0.9406
0.9407
0.95025
0.9697
0.99085
0.999775
1.059825
1.07615
1.0816
1.090775
1.111875
1.114325
1.181875
1.186425
1.2
1.2301
1.27995
1.288375
1.307725
1.322375
1.35925
1.363875
1.374975
1.3997
1.4076
1.413025
1.456875
1.4613
1.498125
1.519
1.52545
1.5895
1.61175
1.6849
1.7038
1.717725
1.734475
1.783825
1.7858
1.8224
1.9346
1.969725
2.0062
2.0126
2.07855
2.106625
2.198075
2.204575
2.245
2.30715
2.314
2.371675
2.52825
2.5795
2.681775
2.684675
2.709525
2.779525
2.79105
2.81865
2.82255
2.92445
2.947775
3.0586
3.0626
3.10365
3.1663
3.276075
3.340475
3.431025
3.477075
3.486275
3.48755
3.539525
3.706225
3.71585
3.729975
3.7421
3.753175
3.801575
3.842325
3.914925
3.974575
4.176575
4.2419
4.326975
4.4108
4.4162
4.521675
4.554125
4.615575
4.6968
4.6985
4.773675
4.79235
4.814825
4.88635
4.91945
4.932625
4.93885
5.00665
5.0536
5.1715
5.2111
5.23025
5.265675
5.411525
5.711825
5.90925
6.09285
6.09735
6.201175
6.20975
6.366825
6.408375
6.422175
6.4487
6.570325
6.603875
6.752225
6.888425
6.9198
6.922625
7.00345
7.35755
7.513725
7.5638
7.5869
7.639675
7.68395
7.7734
7.78945
8.159575
8.31995
8.4693
8.682075
8.716
8.76435
8.8237
8.85015
9.031775
9.05055
9.06095
9.084275
9.20275
9.23815
9.26955
9.311275
9.433625
9.544575
9.684675
9.7863
9.9573
187
