0.1651
0.16915
0.245225
0.2812
0.346925
0.521925
0.527725
0.5299
0.533075
0.540775
0.54885
0.5524
0.56675
0.573475
0.574325
0.600725
0.601825
0.622225
0.640625
0.6514
0.686725
0.694875
0.700825
0.715725
0.7211
0.7231
0.729725
0.734725
0.74645
0.752875
0.767375
0.768775
0.80335
0.82795
0.835075
0.899775
0.916425
0.9219
0.93285
0.9582
0.9619
0.978375
0.97945
1.0016
1.00705
1.02205
1.0421
1.047
1.0528
1.0931
1.106325
1.11415
1.1293
1.15305
1.156825
1.169225
1.17265
1.192175
1.2019
1.231275
1.23415
1.248175
1.320275
1.339025
1.36
1.37625
1.391075
1.4118
1.42025
1.43925
1.465625
1.5828
1.620525
1.6447
1.6765
1.68815
1.7209
1.7992
1.847225
1.8887
1.96035
1.975225
1.987825
2.029775
2.05185
2.15185
2.24725
2.25245
2.295425
2.3171
2.477525
2.597875
2.6024
2.607475
2.787625
2.815225
2.86085
2.91495
2.946675
2.9808
3.09905
3.123525
3.1848
3.2048
3.232575
3.261175
3.27305
3.2858
3.3103
3.384575
3.4038
3.430675
3.525075
3.590325
3.671775
3.679
3.7553
3.7605
3.923675
3.96465
3.975
4.002325
4.036125
4.086375
4.1125
4.293025
4.347275
4.3743
4.527325
4.553575
4.61255
4.752825
4.834475
4.836525
4.862475
4.871975
4.87765
5.046125
5.08315
5.09145
5.125425
5.3258
5.338775
5.346325
5.466775
5.5079
5.720225
5.816375
5.8221
5.865525
5.896725
5.897425
5.90225
5.969925
5.9849
5.99895
6.14205
6.414325
6.4566
6.47155
6.4725
6.63065
6.67715
6.8029
6.8552
6.90105
6.91305
6.928625
6.98875
7.01285
7.434825
7.783675
8.165425
8.280725
8.5733
8.655325
8.659675
8.700375
8.702375
8.866175
9.042275
9.09865
9.191175
9.44395
9.444475
9.4544
9.589275
9.62035
9.630325
9.76155
9.766275
9.868275
9.892275
193
