0.1319
0.198425
0.259825
0.3102
0.3247
0.507375
0.51875
0.518775
0.52415
0.533
0.533825
0.554475
0.560475
0.56555
0.574075
0.5761
0.58885
0.610725
0.6228
0.63825
0.656075
0.660675
0.6618
0.674925
0.679025
0.696325
0.7033
0.706175
0.7073
0.712525
0.7292
0.74545
0.7459
0.7619
0.76655
0.776325
0.800325
0.821125
0.8219
0.82815
0.83665
0.86105
0.881625
0.89635
0.898125
0.92325
0.936525
0.942075
0.94545
0.973525
0.97455
1.07185
1.103375
1.1324
1.141725
1.1948
1.273475
1.2998
1.301775
1.305425
1.33105
1.34625
1.35265
1.352925
1.364175
1.414725
1.417
1.46835
1.5029
1.517725
1.556775
1.60425
1.613875
1.73785
1.75965
1.760375
1.7787
1.80795
1.8735
1.87435
1.883325
1.9081
2.0041
2.0115
2.01915
2.05655
2.0863
2.110825
2.1202
2.172275
2.211825
2.25975
2.2838
2.301875
2.32205
2.369175
2.39885
2.4034
2.506275
2.59295
2.7227
2.83215
2.839725
2.9133
2.92395
2.929625
3.02745
3.076775
3.129475
3.22845
3.36175
3.362425
3.602025
3.633525
3.709375
3.8546
4.008725
4.01195
4.0824
4.20175
4.23785
4.2394
4.26265
4.2737
4.29365
4.29425
4.3034
4.37265
4.456675
4.587125
4.616975
4.7391
4.7461
4.827225
4.866625
4.8704
4.88515
4.96955
5.058175
5.188825
5.2074
5.312225
5.381025
5.408925
5.422425
5.427075
5.566
5.73165
5.864475
5.8997
5.9737
5.993525
6.082825
6.11205
6.125325
6.127225
6.172175
6.24475
6.377375
6.532725
6.57215
6.5858
6.5943
6.6086
6.671175
6.705775
6.798875
7.0351
7.205375
7.31335
7.4852
7.60045
7.657
7.83785
7.861975
7.86435
7.943225
8.199475
8.249
8.324525
8.4853
8.61565
8.758475
8.915525
9.030675
9.035775
9.0751
9.329725
9.3358
9.34275
9.40215
9.4739
9.5177
9.57335
9.6204
9.6744
9.88625
197
