0.07525
0.09425
0.16525
0.30075
0.3524
0.3915
0.47655
0.518025
0.534375
0.534825
0.538375
0.550325
0.57855
0.606725
0.61205
0.627375
0.63815
0.6422
0.659725
0.662975
0.682
0.68435
0.68495
0.68565
0.693175
0.696175
0.7364
0.7579
0.81915
0.85005
0.860225
0.8787
0.892875
0.896625
0.911175
0.933
0.937125
0.956825
0.960675
0.965975
0.967625
0.977825
0.978525
1.0035
1.012525
1.0663
1.09715
1.1005
1.109525
1.1339
1.142175
1.187275
1.226975
1.2439
1.265925
1.2694
1.314325
1.393675
1.4553
1.50555
1.521975
1.649475
1.65165
1.6761
1.69805
1.7207
1.727325
1.740075
1.77
1.80395
1.843275
1.900675
1.9012
1.926175
2.006225
2.126075
2.26115
2.3072
2.33905
2.492975
2.547375
2.550025
2.603275
2.63765
2.669525
2.6799
2.683275
2.72835
2.7421
2.768325
2.769475
2.796325
2.890925
2.9039
2.980725
3.118375
3.19615
3.23145
3.256125
3.279875
3.333675
3.3559
3.368
3.50225
3.51705
3.554525
3.559325
3.56495
3.6454
3.660325
3.675375
3.676825
3.82975
3.86325
3.870225
3.940775
3.9891
4.01075
4.2848
4.361225
4.404375
4.428975
4.52815
4.541375
4.555775
4.57055
4.63455
4.71165
4.714375
4.833175
4.838975
4.8442
4.85575
4.899825
4.955225
5.053875
5.077925
5.0816
5.261875
5.26375
5.273475
5.279225
5.3142
5.363975
5.489375
5.525325
5.53425
5.5489
5.549175
5.966025
6.019775
6.15885
6.1655
6.171075
6.2824
6.3147
6.3571
6.359525
6.500625
6.55715
6.655775
6.718575
6.7202
6.84825
7.018825
7.14965
7.246375
7.3417
7.478075
7.491975
7.539775
7.582025
7.649875
7.657025
7.6628
7.739325
7.745175
7.80185
7.84005
7.959125
7.975475
8.374825
8.3989
8.46225
8.4631
8.595025
8.595075
8.644275
8.687375
8.90525
8.951325
9.0291
9.048625
9.16125
9.163225
9.269625
9.4008
9.517825
9.523
9.54475
9.56535
9.73625
9.8069
203
