0.0925
0.176225
0.219275
0.34825
0.3969
0.5074
0.5192
0.519625
0.522325
0.523425
0.5242
0.53235
0.556875
0.5675
0.57425
0.579825
0.62705
0.64165
0.648425
0.64895
0.649525
0.650625
0.660575
0.664325
0.6647
0.685275
0.689575
0.69335
0.697775
0.698
0.70535
0.719275
0.73435
0.735225
0.776825
0.7884
0.800225
0.801625
0.8167
0.8351
0.83595
0.84065
0.844375
0.845775
0.8657
0.900625
0.904925
0.90805
0.92145
0.933625
0.942575
0.943225
1.0069
1.027625
1.028375
1.04305
1.062875
1.10315
1.111
1.115825
1.133875
1.15595
1.238475
1.256225
1.2901
1.310525
1.3741
1.5164
1.555025
1.63065
1.69375
1.7118
1.71725
1.73015
1.812975
1.873925
2.02155
2.050975
2.110375
2.12295
2.1596
2.165925
2.203225
2.20365
2.21455
2.241775
2.24885
2.266125
2.4017
2.4442
2.468175
2.54325
2.574275
2.645225
2.750325
2.882425
2.8898
2.985125
3.041175
3.0739
3.211575
3.278425
3.364275
3.398175
3.42205
3.460225
3.467625
3.46895
3.479275
3.508275
3.66465
3.708075
3.74545
3.751175
3.756875
3.797225
3.82355
3.8488
3.9583
3.972475
4.144675
4.1721
4.34675
4.404125
4.45045
4.4521
4.507825
4.554275
4.57205
4.688
4.7245
4.729125
4.741625
5.28625
5.3083
5.40505
5.419675
5.711425
5.72255
5.796375
5.804675
5.989175
6.2456
6.30715
6.532175
6.53285
6.588225
6.60755
6.6779
6.6812
6.69955
6.703525
6.748725
6.853925
6.895125
7.037125
7.113975
7.147425
7.425525
7.664925
7.76005
7.831325
7.868925
7.877525
7.943425
7.99315
8.0055
8.090925
8.16655
8.2945
8.303
8.348875
8.471375
8.51305
8.599825
8.6448
8.871575
8.872325
8.9595
9.0117
9.0641
9.15745
9.2336
9.2784
9.292525
9.4386
9.469975
9.517175
9.59285
9.625575
9.890675
191
