0.1071
0.230525
0.261525
0.3366
0.4733
0.523425
0.5248
0.5291
0.5409
0.547175
0.583575
0.591325
0.614175
0.622975
0.64595
0.649675
0.65665
0.657375
0.6649
0.67645
0.68285
0.6836
0.6878
0.69125
0.703575
0.7409
0.75825
0.7828
0.786575
0.82025
0.85475
0.8587
0.863
0.8645
0.885525
0.8876
0.889075
0.924125
0.928875
0.934425
0.953775
0.95525
0.97415
0.9865
0.987975
1.0182
1.03515
1.058425
1.0687
1.09055
1.107025
1.13135
1.15155
1.183425
1.19435
1.200625
1.206425
1.227625
1.238
1.2591
1.29815
1.3452
1.3493
1.361825
1.40275
1.405575
1.4226
1.4593
1.459425
1.48325
1.488425
1.732525
1.769675
1.8598
1.867375
1.93205
1.933925
2.012375
2.071675
2.084275
2.12445
2.146225
2.152175
2.160675
2.171725
2.258925
2.28825
2.31445
2.328625
2.3572
2.38335
2.38625
2.39325
2.4266
2.4534
2.483825
2.510425
2.608825
2.609025
2.75005
2.769025
3.14505
3.148675
3.223425
3.26935
3.32835
3.330625
3.33305
3.381475
3.43335
3.534775
3.548775
3.558575
3.57955
3.588875
3.654175
3.68775
3.715
3.837
3.843825
3.89495
3.903725
3.9049
3.931875
4.024725
4.039875
4.075175
4.099325
4.32705
4.3404
4.430975
4.577575
4.66895
4.687775
4.70305
4.703575
4.719175
4.746825
4.8022
4.8246
4.856925
4.958925
4.990825
5.00325
5.157175
5.197375
5.21415
5.328775
5.465975
5.589
5.8964
6.031025
6.0922
6.109175
6.155025
6.219725
6.24485
6.320175
6.38225
6.426925
6.537225
6.72425
6.96295
6.973325
7.030675
7.1599
7.40835
7.499325
7.775825
7.776475
7.859425
7.8686
7.87505
7.935675
8.059675
8.181325
8.30655
8.4086
8.427525
8.479125
8.485125
8.5185
8.558375
8.575925
8.65355
8.718475
8.741075
8.860625
8.884175
8.9016
8.9472
9.21005
9.3442
9.37175
9.6199
9.652475
9.670075
9.727825
9.74555
9.75415
9.8433
9.9097
9.917675
9.94185
9.98315
205
