0.299825
0.510275
0.511325
0.51785
0.520075
0.5309
0.551175
0.57515
0.57565
0.583225
0.5864
0.58665
0.592725
0.5991
0.602325
0.63135
0.6361
0.63715
0.6396
0.644325
0.647675
0.65235
0.656425
0.68175
0.6883
0.688375
0.732425
0.741275
0.7463
0.74775
0.7515
0.754475
0.767775
0.773
0.77695
0.7797
0.7948
0.82785
0.832025
0.851325
0.866875
0.8906
0.9186
0.925425
0.927775
0.9398
0.95725
1.0176
1.03385
1.043625
1.06795
1.126575
1.203725
1.204125
1.2596
1.26515
1.31025
1.314325
1.393375
1.453125
1.4898
1.493675
1.5008
1.5316
1.541325
1.5468
1.62165
1.709925
1.766575
1.771475
1.7808
1.8077
1.8347
1.9116
1.9194
1.939375
2.088375
2.088725
2.133275
2.207175
2.328125
2.4269
2.440225
2.470025
2.601175
2.603425
2.6375
2.66555
2.78005
2.8203
2.84695
3.001575
3.06325
3.19585
3.2796
3.45955
3.598725
3.633425
3.665275
3.7243
3.862675
4.064975
4.109125
4.319325
4.345625
4.36735
4.382675
4.47335
4.705
4.756275
4.771
4.79945
4.846475
4.87445
4.9498
5.091175
5.225775
5.235025
5.245575
5.269675
5.28505
5.317725
5.355725
5.4159
5.47255
5.541625
5.578025
5.641
5.658675
5.6641
5.91935
6.000225
6.023025
6.0332
6.159575
6.33295
6.449675
6.545825
6.5936
6.638425
6.6576
6.733375
6.76015
6.80215
6.825675
6.877
6.995975
7.0045
7.0112
7.164175
7.177225
7.290275
7.30615
7.41365
7.426625
7.4685
7.48995
7.539775
7.644575
7.79555
7.806975
7.844025
7.989375
8.1275
8.140325
8.342775
8.38175
8.448375
8.842575
8.979525
9.056375
9.079675
9.094825
9.282325
9.734025
9.9229
176
