0.142075
0.1483
0.404325
0.443025
0.50195
0.523725
0.528475
0.528725
0.528875
0.543875
0.54435
0.54785
0.54805
0.550375
0.5517
0.564175
0.583225
0.5888
0.611025
0.6135
0.61925
0.629
0.631425
0.631875
0.66015
0.667575
0.6769
0.681925
0.68545
0.697375
0.698525
0.72785
0.7734
0.7836
0.78745
0.80315
0.807075
0.828725
0.8442
0.845225
0.872575
0.876525
0.912875
0.9304
0.9439
0.9499
0.989925
1.0039
1.05025
1.108375
1.119125
1.153225
1.1701
1.18155
1.1923
1.193975
1.229525
1.23975
1.241075
1.274625
1.285125
1.296625
1.3159
1.3268
1.344275
1.362125
1.3677
1.439425
1.4553
1.4871
1.544775
1.55005
1.56665
1.583925
1.59245
1.669425
1.701875
1.723875
1.748925
1.77235
1.81335
1.847725
1.854925
1.8966
1.897575
1.9539
2.005425
2.0277
2.1062
2.189
2.209975
2.2116
2.286975
2.28835
2.32755
2.334875
2.35295
2.362075
2.387825
2.522575
2.5417
2.6633
2.7002
2.70545
2.72575
2.82325
2.87555
2.875725
2.910575
2.939275
3.0582
3.116525
3.19235
3.194175
3.27425
3.2883
3.30405
3.441275
3.46695
3.481875
3.639125
3.646175
3.7179
3.75885
3.818175
3.87045
3.907575
3.916
3.981025
4.004525
4.048975
4.132025
4.15225
4.311875
4.3235
4.350525
4.35455
4.485075
4.6174
4.64105
4.72085
4.785925
4.7958
4.805225
4.821225
4.83145
4.88515
4.989825
5.057375
5.088375
5.123975
5.238725
5.38095
5.38655
5.401575
5.46715
5.4771
5.5442
5.778175
5.8263
5.91535
5.9351
5.9631
5.99225
6.023975
6.210075
6.312325
6.349225
6.471025
6.474
6.504375
6.52975
6.6778
6.6882
6.71105
6.7556
6.7667
6.8069
6.85
6.864375
7.034725
7.066975
7.08715
7.261475
7.29195
7.47895
7.583125
7.618275
7.6266
7.64845
7.654275
7.703025
7.76615
7.943675
7.961975
8.132275
8.206
8.248125
8.251
8.360725
8.470725
8.762575
8.83745
8.8995
9.0733
9.2882
9.318375
9.39495
9.44795
9.45595
9.484625
9.65195
9.73365
9.810825
9.819875
9.880425
9.8948
9.9014
9.97285
219
