0.11735
0.13245
0.332725
0.393675
0.488775
0.499525
0.5122
0.513825
0.518475
0.5223
0.52925
0.5308
0.5365
0.559075
0.60125
0.603725
0.6149
0.616275
0.618475
0.6223
0.638375
0.6421
0.650025
0.6512
0.662925
0.6646
0.685825
0.6896
0.695125
0.6976
0.7055
0.714075
0.714375
0.731875
0.738625
0.7506
0.8322
0.834675
0.86285
0.8883
0.900375
0.941475
0.9464
0.950975
1.00295
1.0131
1.021075
1.054425
1.06735
1.0887
1.091625
1.11525
1.131575
1.1388
1.18645
1.260625
1.264875
1.27995
1.303425
1.31405
1.316375
1.32755
1.3738
1.375275
1.388025
1.47695
1.4798
1.513725
1.530825
1.595275
1.61065
1.641225
1.65065
1.6714
1.73275
1.781775
1.7839
1.787525
1.940125
2.01235
2.093875
2.261025
2.273625
2.278925
2.282775
2.41435
2.42035
2.468575
2.487175
2.5117
2.52675
2.587375
2.5988
2.634325
2.66325
2.674225
2.684125
2.7417
2.74935
2.757075
2.76765
2.778625
2.80135
2.841075
2.881875
2.942675
2.970025
3.02145
3.03075
3.133325
3.193525
3.284625
3.32375
3.3302
3.359475
3.36675
3.405425
3.507625
3.528575
3.588375
3.63775
3.64445
3.71935
3.80125
3.8231
3.869275
3.873725
3.88255
3.93945
3.969775
3.971025
3.982525
4.035625
4.094875
4.101375
4.11245
4.12145
4.123425
4.23745
4.254875
4.2648
4.279575
4.282075
4.4275
4.664375
4.68625
4.7133
4.936325
4.937075
4.941875
4.993725
5.000975
5.03515
5.0632
5.2556
5.3975
5.4808
5.494425
5.67385
5.823975
5.881825
5.916975
5.93555
5.9599
6.0262
6.077575
6.15805
6.162025
6.2309
6.232975
6.370675
6.37525
6.44585
6.58125
6.6993
6.736075
6.7361
6.7839
7.00485
7.013225
7.1002
7.237025
7.375175
7.490375
7.559525
7.68335
7.706525
7.774925
8.028175
8.046075
8.070925
8.085875
8.087875
8.282875
8.330125
8.418825
8.472
8.712425
8.81225
8.94735
9.040475
9.265375
9.333675
9.419075
9.4907
9.52725
9.563525
9.6095
9.719625
9.945775
210
