0.07705
0.1074
0.1815
0.2017
0.254025
0.337375
0.5003
0.500675
0.5202
0.52855
0.54
0.542975
0.552825
0.556375
0.557675
0.55975
0.562725
0.563175
0.5651
0.578675
0.5875
0.591975
0.6049
0.61285
0.623425
0.644325
0.67945
0.681875
0.69515
0.697
0.700425
0.707175
0.70915
0.718225
0.749575
0.750525
0.7601
0.76415
0.776625
0.78955
0.794275
0.80275
0.819175
0.856075
0.863575
0.906925
0.914175
0.92195
0.93375
0.939375
0.94895
0.966925
0.9929
1.0093
1.015125
1.0236
1.02565
1.0308
1.0848
1.13545
1.236475
1.24595
1.246
1.28055
1.289225
1.308
1.32855
1.335475
1.3558
1.41465
1.487275
1.496825
1.558
1.5651
1.565725
1.658475
1.746825
1.81135
1.84945
1.913525
2.006825
2.106425
2.1627
2.1737
2.1753
2.187975
2.2016
2.281975
2.338725
2.3735
2.473925
2.537725
2.55635
2.557775
2.602825
2.6493
2.71175
2.767475
2.832
2.832175
2.839225
2.841925
2.85405
2.931875
3.013
3.269675
3.272575
3.276225
3.3921
3.4081
3.45995
3.47115
3.543
3.61565
3.659875
3.76325
3.786425
3.935225
4.012775
4.126675
4.2091
4.215275
4.267625
4.3558
4.3715
4.37495
4.388775
4.39855
4.54945
4.599875
4.64505
4.844025
4.9218
5.01385
5.087875
5.09735
5.12315
5.1672
5.2052
5.227075
5.23345
5.24235
5.261275
5.321775
5.3705
5.4796
5.5006
5.64545
5.670525
5.8463
5.882675
6.04805
6.148425
6.149225
6.242025
6.30805
6.750625
6.83105
6.847775
7.0392
7.132025
7.255325
7.25845
7.4188
7.447625
7.48705
8.021425
8.300475
8.32575
8.35765
8.380825
8.4567
8.471775
8.481925
8.48725
8.49655
8.5029
8.72265
9.069
9.22875
9.2657
9.543575
9.556025
9.667625
9.71265
9.73325
9.778125
9.78135
9.968275
189
