0.028025
0.0581
0.1532
0.1826
0.1951
0.472375
0.51405
0.52275
0.539575
0.549325
0.55685
0.56325
0.58245
0.6038
0.630675
0.634225
0.6621
0.6823
0.6935
0.725825
0.736475
0.7474
0.757825
0.759875
0.7654
0.768925
0.7836
0.79465
0.85795
0.8644
0.884625
0.916
0.92715
0.93105
0.932
0.93285
0.93585
0.9375
0.9897
1.003975
1.0042
1.06275
1.0697
1.081925
1.110525
1.269475
1.280475
1.284125
1.28625
1.30985
1.317725
1.32765
1.3345
1.3773
1.38
1.404325
1.42265
1.42735
1.4498
1.4529
1.492575
1.50205
1.5038
1.6135
1.6667
1.712475
1.7363
1.807625
1.83475
1.876075
1.914925
1.9501
2.0069
2.082125
2.08685
2.124525
2.131175
2.190225
2.204
2.248
2.283325
2.294575
2.322625
2.4917
2.52825
2.557575
2.650825
2.676775
2.7084
2.85395
2.866875
3.006625
3.228925
3.276125
3.290125
3.2939
3.31865
3.41425
3.426575
3.43785
3.446775
3.474625
3.5003
3.572375
3.598775
3.618925
3.69935
3.756975
3.838675
3.8817
3.89395
3.9156
3.94115
4.04025
4.04255
4.054575
4.146425
4.3029
4.32845
4.339075
4.38225
4.6068
4.9079
4.93245
4.982725
4.988425
5.024475
5.1817
5.276675
5.3048
5.3279
5.3625
5.4193
5.439125
5.538125
5.554325
5.8884
6.039025
6.156125
6.15835
6.2332
6.367775
6.581125
6.634375
6.665175
6.718975
6.754425
6.86265
6.865675
6.91965
6.92285
7.131525
7.240675
7.249
7.272225
7.35035
7.3733
7.468
7.469475
7.601
7.69045
7.69575
7.699475
7.710875
7.773225
7.86555
7.8821
7.928325
7.93155
7.9413
8.112
8.114025
8.1694
8.20095
8.214825
8.278725
8.36245
8.39505
8.531125
8.662775
8.688075
8.71085
8.7743
8.851325
8.9276
8.986325
9.012125
9.025625
9.03065
9.2474
9.57205
9.5722
9.643575
9.674275
9.728725
9.77855
9.911
9.939175
9.966875
9.992775
200
