0.0736
0.2802
0.323075
0.3508
0.351975
0.4597
0.5011
0.5226
0.5281
0.53085
0.533575
0.536425
0.5414
0.546725
0.5575
0.571475
0.577125
0.585125
0.592725
0.5942
0.594275
0.604875
0.607975
0.612075
0.623325
0.64875
0.656725
0.675475
0.678525
0.680175
0.70155
0.707325
0.740675
0.75515
0.75615
0.819575
0.8327
0.881925
0.89635
0.899725
0.910125
0.9251
0.925225
0.93805
0.9969
1.005575
1.0184
1.039175
1.088175
1.1002
1.133
1.134975
1.1757
1.187325
1.21865
1.22575
1.232925
1.236825
1.254225
1.27595
1.30215
1.37055
1.42
1.42695
1.448425
1.5138
1.51875
1.526875
1.555625
1.6908
1.69235
1.7058
1.795325
1.907075
1.95775
1.972925
2.0115
2.04245
2.09345
2.104575
2.18375
2.22515
2.22845
2.2401
2.285625
2.341225
2.361225
2.3832
2.40495
2.405325
2.41665
2.529475
2.533125
2.550325
2.55855
2.5838
2.608275
2.657075
2.684025
2.776
2.821675
2.861775
2.863125
2.897775
2.922925
2.925725
2.959125
2.973075
3.0128
3.01415
3.01965
3.041175
3.073125
3.126125
3.1869
3.2385
3.3063
3.31995
3.36325
3.446175
3.461475
3.508525
3.71205
3.854075
3.927175
4.051975
4.123625
4.12535
4.1879
4.29785
4.3027
4.307675
4.33145
4.338225
4.396025
4.583
4.64265
4.698825
4.706025
4.838625
4.84115
4.92735
4.9612
4.989875
4.99275
4.9929
5.1268
5.18345
5.3746
5.411125
5.511075
5.572475
5.59745
5.6387
5.753325
5.813925
6.116525
6.123625
6.2566
6.27365
6.304675
6.345975
6.480125
6.549925
6.602325
6.6601
6.776725
6.795725
6.80975
6.814175
6.884925
6.887625
6.891575
6.9298
6.980825
6.995975
7.0092
7.045475
7.099675
7.166275
7.1786
7.215
7.2979
7.5195
7.520475
7.536375
7.681275
8.08255
8.166875
8.281175
8.357025
8.41425
8.419525
8.554525
8.57445
9.002375
9.102975
9.139025
9.236125
9.31325
9.346575
9.371275
9.42195
9.552475
9.599475
9.874975
9.9413
9.986975
208
