0.000675
0.03965
0.2629
0.28175
0.31465
0.39985
0.5011
0.504125
0.504875
0.508525
0.5106
0.511075
0.518175
0.523475
0.52635
0.5294
0.53685
0.537125
0.537725
0.54905
0.550425
0.56845
0.582875
0.583625
0.594275
0.603725
0.6341
0.634275
0.6398
0.64625
0.649425
0.676025
0.676775
0.6924
0.7688
0.7874
0.787625
0.7906
0.80225
0.802275
0.8128
0.8283
0.879825
0.88605
0.891775
0.8975
0.903825
0.932725
0.935175
0.937325
0.94595
0.96485
1.009925
1.02595
1.02755
1.0607
1.081125
1.095775
1.123175
1.124625
1.143575
1.205675
1.212675
1.230075
1.261375
1.3034
1.384625
1.47385
1.479775
1.520075
1.53305
1.55035
1.6099
1.68065
1.741475
1.750025
1.76465
1.782325
1.824675
1.868925
1.9103
1.95225
2.00555
2.008625
2.043475
2.08175
2.1238
2.136175
2.150025
2.187725
2.1898
2.216425
2.228625
2.29435
2.4242
2.428875
2.456375
2.47115
2.4729
2.49955
2.508025
2.538725
2.59665
2.6512
2.677375
2.679725
2.8262
2.86625
2.867
2.8962
2.926625
2.95255
2.9679
3.0014
3.010275
3.1684
3.21435
3.272175
3.325775
3.43915
3.46125
3.483575
3.664525
3.671275
3.68525
3.754975
3.92285
3.945425
4.097925
4.126375
4.154375
4.221425
4.284425
4.326125
4.4133
4.506625
4.579425
4.69795
4.71595
4.757575
4.800675
4.82465
4.82925
4.871525
4.89015
4.91855
4.959225
4.983525
5.0529
5.13915
5.155925
5.157825
5.17605
5.2433
5.3606
5.370475
5.4212
5.462875
5.5539
5.563
5.641175
5.828525
6.030125
6.062475
6.250425
6.33365
6.37265
6.378975
6.449325
6.4857
6.533025
6.55235
6.578625
6.579025
6.6091
6.85
6.9074
7.0246
7.1552
7.1911
7.3712
7.5069
7.515875
7.62345
7.632025
7.69985
7.78725
7.861375
7.929925
8.073525
8.245225
8.399525
8.6271
8.869
8.945575
9.0172
9.0227
9.0315
9.2367
9.468525
9.475225
9.59795
9.71135
9.76775
9.8348
9.877775
9.889675
9.96515
9.98615
209
