0.00295
0.0535
0.1133
0.135825
0.2701
0.35215
0.5079
0.513675
0.5204
0.525675
0.52875
0.560975
0.584375
0.59025
0.593525
0.595725
0.610225
0.61045
0.61135
0.631825
0.64705
0.6616
0.664125
0.691775
0.7058
0.71025
0.74915
0.783275
0.813725
0.820425
0.8226
0.82605
0.830825
0.842
0.8533
0.8595
0.8597
0.8811
0.90535
0.9293
0.938325
0.9791
0.984375
0.992825
1.004225
1.009275
1.013925
1.03515
1.06855
1.07005
1.1401
1.167025
1.212275
1.2387
1.23925
1.247675
1.25705
1.261175
1.285275
1.30375
1.3096
1.32135
1.40735
1.41335
1.41365
1.43325
1.453875
1.493775
1.53325
1.542525
1.54435
1.5747
1.59105
1.603825
1.6235
1.732325
1.769875
1.875275
1.906625
1.947325
1.979275
2.069225
2.078725
2.0914
2.144225
2.189275
2.194925
2.19675
2.244425
2.256175
2.3229
2.339825
2.342975
2.372225
2.5315
2.6094
2.61665
2.6919
2.715
2.72725
2.742425
2.780225
2.955
2.9551
3.038125
3.12775
3.13485
3.144725
3.159575
3.211275
3.2818
3.44405
3.4712
3.473575
3.4861
3.493175
3.5528
3.559025
3.5914
3.68375
3.690075
3.690275
3.7632
3.765475
3.777025
3.78695
3.872275
3.901425
3.93055
3.935625
4.19445
4.23255
4.386525
4.4276
4.483775
4.524475
4.588175
4.753275
4.755625
4.853825
4.979875
4.9995
5.22735
5.242175
5.383325
5.436475
5.5292
5.545875
5.59265
5.83965
5.85005
5.88485
6.120725
6.170525
6.234075
6.46715
6.54585
6.563825
6.657
6.665625
6.804075
6.817275
6.82165
6.881175
7.21155
7.329725
7.3872
7.595925
7.729625
7.818575
7.828175
7.844275
7.871325
8.010675
8.12105
8.156275
8.217825
8.238275
8.245175
8.247125
8.248675
8.25385
8.334475
8.426975
8.5625
8.5695
8.59765
8.67355
8.689375
8.69055
8.7674
8.83295
8.835875
8.885625
9.148825
9.179625
9.267975
9.30325
9.33885
9.3902
9.410625
9.418275
9.457675
9.652825
9.712675
9.784975
9.87725
9.912925
9.921125
209
