0.09075
0.0935
0.096075
0.339925
0.507125
0.515775
0.520025
0.541375
0.54365
0.54625
0.567975
0.570025
0.605075
0.610375
0.6174
0.649475
0.67655
0.68225
0.686825
0.688325
0.6939
0.7011
0.7399
0.744575
0.75375
0.7587
0.774425
0.7745
0.77675
0.780275
0.7908
0.824525
0.91195
0.937125
0.981175
1.01535
1.0157
1.01945
1.04225
1.056
1.1308
1.151925
1.171775
1.185075
1.190875
1.19165
1.220875
1.2264
1.2799
1.3034
1.313525
1.318675
1.33065
1.34355
1.36775
1.39415
1.43195
1.445225
1.446225
1.498925
1.565325
1.61385
1.690975
1.77685
1.837825
1.86335
1.917025
1.9764
2.0059
2.007075
2.08715
2.165975
2.185425
2.2175
2.222225
2.266025
2.302325
2.364675
2.36485
2.39975
2.45625
2.526425
2.551625
2.67525
2.754225
2.76855
2.8566
2.908675
2.976475
2.9939
3.00245
3.0125
3.028075
3.032075
3.166025
3.190075
3.21045
3.2697
3.3284
3.35935
3.4682
3.5052
3.543025
3.5905
3.63385
3.68955
3.708425
3.752825
3.756475
3.919475
3.99875
4.123475
4.22645
4.3123
4.360325
4.4551
4.506175
4.606475
4.6619
4.70955
4.76325
5.02425
5.1341
5.1599
5.1786
5.197
5.2208
5.24745
5.25025
5.3384
5.353525
5.4648
5.50695
5.534525
5.72395
5.84045
5.8501
5.872
6.113325
6.2001
6.21325
6.23195
6.277725
6.283425
6.379625
6.47865
6.49695
6.550275
6.564375
6.602725
6.78965
6.7937
7.0031
7.02195
7.326175
7.38155
7.49805
7.5427
7.742525
7.787875
7.8276
8.040425
8.053475
8.06175
8.1003
8.215775
8.32965
8.61535
8.701475
8.888825
8.90905
9.115475
9.137925
9.173725
9.2147
9.36645
9.544575
9.551775
9.768375
9.79285
9.914725
181
