0.1515
0.209825
0.271775
0.392975
0.3978
0.5012
0.5049
0.512425
0.5151
0.51675
0.53405
0.551725
0.554825
0.55705
0.564425
0.5647
0.580675
0.60375
0.631575
0.6333
0.635625
0.6522
0.6534
0.66895
0.69335
0.69695
0.709125
0.7114
0.721275
0.746125
0.782525
0.7836
0.803175
0.811
0.83645
0.836575
0.846425
0.865025
0.876175
0.8998
0.94225
0.9768
1.014675
1.0227
1.0334
1.08105
1.097175
1.1029
1.1128
1.12705
1.19265
1.19785
1.244475
1.24665
1.344975
1.36125
1.397525
1.4271
1.490975
1.54445
1.566825
1.605825
1.66305
1.68065
1.698075
1.69845
1.79055
1.79885
1.821975
1.8838
1.892975
1.924825
1.9469
1.975275
2.0576
2.0896
2.13055
2.141325
2.149175
2.3003
2.317025
2.351125
2.4566
2.554725
2.683075
2.82725
2.885625
3.0072
3.111325
3.15675
3.216175
3.23985
3.24775
3.274375
3.281875
3.2901
3.29205
3.343375
3.34855
3.37545
3.463725
3.565825
3.600725
3.619375
3.65395
3.731475
3.775675
3.812875
3.860225
3.966375
4.0184
4.108525
4.259325
4.2602
4.2785
4.29645
4.348475
4.42745
4.480625
4.49905
4.5761
4.616475
4.6664
4.71945
4.76065
4.792775
4.80195
4.82405
5.045775
5.1298
5.219375
5.23845
5.304925
5.34015
5.403625
5.703475
5.8141
6.080125
6.150525
6.196725
6.2344
6.3561
6.405275
6.54085
6.57885
6.689625
7.00615
7.075025
7.21375
7.274175
7.322775
7.34635
7.402975
7.4281
7.660225
7.6642
7.8546
7.87245
7.885525
7.923175
7.944725
8.132575
8.30655
8.322025
8.49775
8.663175
8.728625
8.7781
8.826775
8.936525
9.061375
9.25305
9.292625
9.3082
9.3687
9.4132
9.4369
9.45755
9.620175
9.701875
9.78465
9.78685
9.81565
9.897575
184
