0.040225
0.1434
0.152625
0.254675
0.341925
0.370925
0.375375
0.47375
0.530075
0.53285
0.54345
0.550925
0.555875
0.5627
0.567275
0.610425
0.616
0.61675
0.62575
0.633075
0.653425
0.663925
0.6666
0.68095
0.698375
0.70715
0.71195
0.756875
0.76285
0.7704
0.7934
0.815325
0.822875
0.869325
0.877475
0.89565
0.903375
0.90785
0.9126
0.96605
0.970625
0.971125
0.998025
1.006525
1.01435
1.024475
1.0257
1.02665
1.040225
1.059925
1.067525
1.117225
1.127675
1.17375
1.1775
1.217175
1.217575
1.226275
1.239325
1.2398
1.25285
1.26795
1.309875
1.32375
1.32525
1.42655
1.459925
1.466475
1.508175
1.52215
1.5712
1.619325
1.622825
1.6258
1.685825
1.721525
1.726325
1.797075
1.89605
2.2234
2.331925
2.346325
2.372975
2.384975
2.39395
2.404825
2.4293
2.503025
2.545125
2.61245
2.61815
2.619625
2.63655
2.670775
2.68385
2.69145
2.7443
2.78125
2.825125
2.8515
2.9565
3.0333
3.08325
3.118975
3.160325
3.166375
3.1942
3.222925
3.270825
3.288825
3.300425
3.32385
3.375475
3.40525
3.459775
3.463875
3.505525
3.518675
3.897475
3.974025
3.9954
4.00735
4.270575
4.298675
4.34825
4.4265
4.458775
4.495
4.533375
4.601575
4.920675
4.9657
5.3972
5.407925
5.484675
5.505325
5.66865
5.685675
5.79335
5.8535
5.904775
5.958675
5.961525
6.021625
6.152525
6.214675
6.267175
6.65135
6.659725
6.740725
6.766125
6.795775
6.94815
6.997425
7.01705
7.07985
7.224825
7.259175
7.323275
7.460425
7.53265
7.725725
7.75615
7.75625
7.795675
7.807925
7.8913
8.041325
8.094925
8.147125
8.17095
8.2201
8.23075
8.404325
8.414
8.4383
8.443775
8.444275
8.529725
8.530775
8.603425
8.632925
8.788525
8.990275
9.038275
9.2899
9.2977
9.353825
9.37115
9.52795
9.552125
9.5801
9.64955
9.6623
9.8718
9.909875
9.980425
197
