0.0834
0.2474
0.46655
0.5
0.5086
0.5111
0.51745
0.522525
0.52925
0.531275
0.53725
0.54385
0.557525
0.562975
0.569
0.5714
0.57245
0.5906
0.59855
0.60345
0.609925
0.621275
0.637325
0.641975
0.65055
0.654175
0.661225
0.662325
0.66405
0.67335
0.68295
0.689175
0.7061
0.711175
0.727375
0.7396
0.773325
0.7774
0.7994
0.82225
0.847325
0.848925
0.868925
0.884525
0.9157
0.92065
0.931375
0.985425
0.999425
1.004075
1.050825
1.05145
1.055725
1.074025
1.085875
1.093925
1.126475
1.155425
1.181225
1.2584
1.27395
1.27775
1.3358
1.34275
1.352425
1.3732
1.37735
1.398225
1.424475
1.43565
1.477175
1.505875
1.51505
1.53855
1.629575
1.690675
1.84735
1.8633
1.88435
1.89355
1.9192
1.920675
1.93275
1.9424
1.956025
1.968325
2.002125
2.0024
2.0124
2.041375
2.07385
2.10945
2.14505
2.1588
2.2624
2.270475
2.29185
2.342525
2.360325
2.3679
2.462475
2.523775
2.584325
2.601625
2.633625
2.70315
2.81795
2.828025
2.841375
2.8592
2.8739
2.91755
2.942625
2.95855
2.96175
2.967775
2.96935
2.98545
2.985725
3.09725
3.139
3.1545
3.1902
3.41335
3.46165
3.5201
3.557925
3.601225
3.6073
3.612075
3.7709
3.779925
3.799775
3.801575
3.81565
3.92215
4.115975
4.1649
4.30925
4.36825
4.562225
4.564875
4.598125
4.619425
4.6218
4.724125
4.81155
4.8203
4.86245
4.86595
4.86915
4.8877
4.94095
5.093
5.2617
5.26845
5.3227
5.468875
5.7683
5.9641
6.1692
6.320575
6.5723
6.643675
6.6529
6.6631
6.6808
7.10845
7.1635
7.2315
7.394725
7.4808
7.5445
7.669075
7.825875
7.8657
7.9048
8.031075
8.0379
8.1811
8.39635
8.53545
8.616
8.692025
8.726375
8.73605
8.8548
9.163475
9.185375
9.22035
9.22625
9.323425
9.349125
9.486425
9.522775
9.547025
9.555825
9.592025
9.6393
9.93395
9.96435
201
