0.18075
0.29555
0.29655
0.3238
0.502825
0.51285
0.51725
0.52085
0.521
0.536525
0.537175
0.545375
0.558325
0.570725
0.572575
0.581875
0.585025
0.5979
0.6123
0.63265
0.637475
0.6413
0.64635
0.657175
0.664
0.66465
0.666025
0.683925
0.690375
0.695675
0.70725
0.71545
0.739125
0.740575
0.7632
0.7704
0.7804
0.8391
0.846875
0.864275
0.868
0.87185
0.901975
0.90355
0.9076
0.91115
0.944525
0.953725
0.975225
0.977225
1.02305
1.06105
1.070825
1.0973
1.1291
1.259025
1.271425
1.280175
1.328475
1.352425
1.5049
1.521625
1.593175
1.616225
1.617775
1.647875
1.659725
1.686075
1.699925
1.78105
1.80875
1.827325
2.00645
2.0537
2.0738
2.111575
2.202525
2.20565
2.299925
2.3587
2.43205
2.6758
2.798675
2.8225
2.834875
2.976525
3.012075
3.13025
3.16465
3.168725
3.21225
3.230725
3.243125
3.29575
3.304475
3.36585
3.39585
3.574425
3.641775
3.6645
3.782
3.817625
3.867275
3.93725
4.02315
4.0512
4.07515
4.081675
4.12045
4.1746
4.23065
4.305775
4.3634
4.378625
4.4693
4.4876
4.534125
4.542175
4.592075
4.644225
4.70625
4.71025
4.72135
4.7469
4.7967
4.813025
4.961275
5.04355
5.24515
5.2821
5.28735
5.2997
5.3085
5.488825
5.61775
5.74795
5.761825
5.8125
5.8275
5.8818
5.9806
6.004475
6.060775
6.1045
6.1283
6.2772
6.348725
6.631225
6.646675
6.72155
6.88965
6.898875
6.9952
7.00125
7.028675
7.06845
7.13485
7.146225
7.2868
7.345225
7.382375
7.856725
8.067075
8.112475
8.1426
8.170925
8.404075
8.480225
8.5681
8.6312
8.709175
8.742875
8.88615
8.9132
8.991525
9.015425
9.01995
9.09185
9.14125
9.2627
9.29535
9.683825
9.688325
9.786775
9.828275
9.896625
9.938125
9.9529
188
