0.088575
0.356675
0.439475
0.510025
0.5114
0.514725
0.518275
0.528175
0.5283
0.539575
0.5417
0.5418
0.54575
0.5525
0.591475
0.6042
0.630425
0.64225
0.646175
0.663375
0.680025
0.704475
0.7251
0.726975
0.7467
0.751025
0.762225
0.7775
0.7825
0.807675
0.81145
0.8149
0.824725
0.8509
0.866075
0.87765
0.88395
0.9183
0.988225
1.002625
1.0179
1.02385
1.070775
1.125425
1.163375
1.164725
1.238125
1.239425
1.28855
1.29035
1.364675
1.390475
1.433425
1.43365
1.443775
1.50425
1.5227
1.565925
1.565975
1.580075
1.6197
1.6555
1.688825
1.757475
1.763925
1.77325
1.773675
1.955
1.956125
1.957275
2.04255
2.138575
2.1495
2.1726
2.18105
2.228475
2.243775
2.246925
2.324025
2.3588
2.36575
2.419025
2.5912
2.623325
2.736225
2.759875
2.83905
2.9536
3.015
3.110125
3.250975
3.311475
3.33
3.4482
3.46395
3.65515
3.779525
3.865425
3.9113
3.975725
4.07165
4.077
4.08815
4.092975
4.130075
4.18355
4.2078
4.2159
4.23285
4.294675
4.309725
4.327925
4.456125
4.536775
4.71435
4.764625
4.7657
4.85615
4.8795
5.091375
5.3536
5.450925
5.4652
5.506975
5.50705
5.51485
5.87795
5.93765
6.02745
6.067975
6.07825
6.2285
6.3693
6.49125
6.611475
6.6429
6.714825
6.747425
6.7796
6.8094
7.1365
7.2277
7.2871
7.469675
7.4803
7.487675
7.662075
7.8926
7.950025
8.04665
8.069475
8.136025
8.4679
8.4774
8.5456
8.558725
8.63295
8.730775
8.741
8.77625
8.8617
9.0533
9.078525
9.098375
9.124125
9.1288
9.195425
9.329375
9.697
9.789225
9.8159
9.8515
9.99195
173
