0.002925
0.043025
0.1158
0.12875
0.13445
0.284
0.406875
0.506425
0.509125
0.5092
0.509775
0.50995
0.516325
0.518725
0.523875
0.525975
0.535875
0.53955
0.5461
0.5588
0.561775
0.563975
0.612825
0.62245
0.63335
0.655925
0.660975
0.675775
0.676625
0.70255
0.70955
0.7289
0.7296
0.734
0.73865
0.7493
0.75455
0.75465
0.76795
0.771825
0.79055
0.79735
0.82075
0.827275
0.828325
0.83665
0.839625
0.8477
0.8565
0.8865
0.90515
0.905725
0.90905
0.973925
0.98315
0.9897
1.00455
1.066625
1.166475
1.1691
1.199175
1.233225
1.23785
1.253475
1.2895
1.28955
1.307925
1.320525
1.350175
1.359675
1.43505
1.437675
1.451325
1.530875
1.53725
1.55065
1.638
1.65395
1.709775
1.743425
1.799525
1.910675
1.9296
1.92975
1.9555
1.989275
2.069325
2.155675
2.2729
2.35835
2.366675
2.398125
2.40355
2.413625
2.58195
2.658
2.66585
2.7199
2.866975
2.950725
2.95565
3.045475
3.0749
3.113575
3.173
3.27045
3.349925
3.393975
3.398375
3.43165
3.609275
3.693475
3.718675
3.8338
3.8726
3.9124
3.916075
3.9631
4.10175
4.117125
4.14475
4.254425
4.389575
4.438975
4.4479
4.569775
4.575225
4.6164
4.66835
4.747975
4.7779
4.840025
4.95305
5.177675
5.4045
5.4567
5.4845
5.51615
5.564025
5.663
5.7266
5.74415
5.796125
5.8279
6.00385
6.0107
6.05855
6.0717
6.08055
6.183575
6.3598
6.705675
6.841325
6.8449
6.930275
6.93185
6.969075
6.999125
7.016025
7.0281
7.137525
7.293475
7.377325
7.400025
7.605175
7.7721
7.825025
7.87195
7.8817
7.94145
8.02605
8.0502
8.144225
8.252225
8.353325
8.421175
8.509675
8.6058
8.681725
8.720225
8.74105
8.843925
8.881125
8.8827
8.88345
8.932225
8.942025
9.070425
9.112925
9.1871
9.219075
9.300225
9.43295
9.53665
9.699275
9.889325
9.9317
197
