0.302075
0.321875
0.35935
0.40635
0.419025
0.506475
0.51055
0.515125
0.534975
0.538725
0.57315
0.5822
0.59345
0.59565
0.597
0.5981
0.60685
0.613475
0.626425
0.657825
0.659
0.66925
0.67835
0.68085
0.709775
0.7486
0.7515
0.76125
0.77195
0.791625
0.802725
0.848925
0.8555
0.9254
0.93155
0.942
0.988575
0.9983
1.01415
1.016775
1.03705
1.053425
1.0831
1.118675
1.147275
1.1498
1.16775
1.17715
1.178825
1.372875
1.386675
1.446575
1.5271
1.549275
1.603575
1.668125
1.774875
1.797625
1.839475
1.985125
2.03815
2.0908
2.120575
2.17405
2.234325
2.26025
2.309875
2.343575
2.3605
2.39195
2.41185
2.427725
2.429375
2.42985
2.488075
2.695875
2.69605
2.70325
2.714
2.81685
2.827275
2.958275
2.990575
3.0268
3.040225
3.04285
3.10525
3.13565
3.264075
3.31955
3.367475
3.4212
3.4232
3.44945
3.45695
3.592375
3.628275
3.763275
3.780675
3.812525
3.831675
3.849
4.065925
4.071725
4.09435
4.184275
4.186775
4.25045
4.285975
4.287675
4.449975
4.45585
4.4977
4.7013
4.802425
5.010125
5.06305
5.1693
5.1752
5.206175
5.369825
5.43465
5.574875
5.6897
5.7663
5.7684
5.79535
5.817475
5.88245
6.2027
6.35225
6.4503
6.466775
6.4942
6.681575
6.682375
6.9187
7.0028
7.144725
7.239625
7.285025
7.3666
7.69255
7.884675
7.952475
8.015025
8.0612
8.0868
8.22425
8.3
8.313125
8.334375
8.395
8.409275
8.4221
8.445975
8.449825
8.51285
8.57505
8.592375
8.747125
8.9337
9.01335
9.226625
9.3849
9.4213
9.431625
9.5271
9.6115
169
