0.047325
0.1158
0.1276
0.244025
0.3088
0.369475
0.4228
0.475425
0.5159
0.52215
0.54205
0.54825
0.5572
0.5625
0.56425
0.5704
0.583425
0.584325
0.597125
0.600125
0.603275
0.6076
0.623375
0.644075
0.651925
0.65795
0.66115
0.685475
0.696725
0.7183
0.72565
0.7288
0.749125
0.754
0.769425
0.7697
0.784425
0.7997
0.8325
0.884375
0.95825
0.965125
1.055975
1.082825
1.10745
1.123925
1.12645
1.13485
1.137325
1.142725
1.156325
1.233175
1.246
1.252125
1.4304
1.44015
1.471775
1.49485
1.4975
1.5492
1.6317
1.64385
1.665275
1.667975
1.847225
1.978025
2.0854
2.1245
2.140575
2.206075
2.381825
2.38685
2.450475
2.4743
2.523125
2.6713
2.744175
2.796525
2.89165
2.913975
2.92865
3.07545
3.12145
3.189775
3.201275
3.3182
3.3224
3.379075
3.40755
3.50125
3.52635
3.6127
3.905975
3.992825
4.004125
4.034975
4.055675
4.10925
4.270975
4.341025
4.3451
4.552075
4.6113
4.83
4.832925
4.844925
4.9796
5.0818
5.33865
5.4427
5.4504
5.474675
5.596425
5.616775
5.6699
5.711025
5.73155
5.77365
5.85695
5.993525
6.033475
6.03605
6.081125
6.23225
6.237075
6.311875
6.38275
6.452475
6.6432
6.70525
6.743475
6.99585
7.00525
7.025525
7.1318
7.164025
7.261125
7.2844
7.287375
7.402025
7.47645
7.5688
7.734975
7.755275
7.786775
7.7887
7.8346
7.8497
8.05305
8.139675
8.289125
8.38885
8.391675
8.4652
8.49255
8.5579
8.664425
8.740325
8.779475
8.7893
8.837
8.928625
8.975675
9.159875
9.26665
9.3591
9.410375
9.489825
9.4928
9.4973
9.501275
9.777725
9.799575
9.808525
9.85075
9.88205
9.997925
177
