300
2190
2166
1994
1934
2082
2029
2039
1734
2130
2063
2175
2166
2065
2101
2089
2176
1185
1996
2131
2082
2082
1843
1843
2185
2139
2114
2089
2130
2082
2131
2113
1999
1884
1530
2029
2039
1934
2175
2176
1998
2001
1527
2115
2034
1588
1934
1999
2153
1939
2139
2079
2067
1999
1666
2102
2183
2031
2111
2039
1666
2082
2000
2000
1884
2065
1937
974
1934
1885
2102
1802
2028
1882
2113
2088
1845
2114
1938
2103
2082
2039
1999
2082
2000
1724
2130
2131
1588
1999
2082
2027
2153
2102
2129
1882
2039
2082
2175
1529
1076
2166
2032
2082
2082
2140
2166
2115
2039
2065
1997
1843
2063
1967
2089
2082
2032
2065
2029
1076
2082
2085
2130
2130
2039
2131
2000
1076
2140
2082
2101
2065
2039
2115
2139
1666
1723
2000
2063
2129
2032
2153
1962
2113
1076
2139
2166
2153
2113
1937
1845
2131
2153
1933
2130
1885
1997
2082
2082
1588
2082
1999
1802
2130
2131
2113
1884
2000
1595
2131
2063
2131
2184
2000
2065
2176
2153
2183
2031
2000
1967
2111
2082
1884
2183
2082
2175
1885
2190
2032
2131
2100
2176
2030
2082
2131
2166
2101
2115
1530
1997
2000
1994
1882
2065
2153
2039
1883
1997
2176
2082
2030
1963
2082
1884
2028
2115
2131
2000
2065
2032
1588
2183
1844
2000
2084
2190
2088
1962
1882
2141
2063
2063
1802
2129
2065
2131
2028
2028
2141
2176
1588
2153
2166
2030
1802
2082
2082
1843
1937
1597
1734
2085
2103
2058
1802
2130
2129
2030
2183
1994
1999
2065
2166
2153
2131
2028
2082
1597
1724
2153
2100
2039
1597
2063
2184
2082
2139
2166
1882
1076
2113
2101
2082
2030
2082
2129
1934
2120
2131
2063
1076
2131
1997
2102
2028
2067
2140
2039
2139
1936
