300
2139
2183
2120
2082
2067
2065
2176
2141
2028
2140
2085
2082
2001
2067
2063
1597
2082
2065
2183
2175
2082
2000
974
1962
1882
1802
1939
2176
1998
1962
2065
2130
2102
2140
1527
2176
2100
2175
2176
1802
2030
2065
1965
1934
2101
1843
2039
2000
2115
1527
1998
1968
1997
2030
2084
2153
2082
2063
1530
2082
1076
2131
2039
2065
2063
2138
2099
2139
2130
2032
1666
2130
1802
1185
2113
2140
2032
2103
2082
2131
2131
1843
1999
2183
2000
2183
2120
2029
2113
2131
2166
2063
2103
2039
2108
1934
1934
1996
1967
1588
2113
2030
1937
2082
2184
2082
1802
2030
2130
1962
2153
1998
2085
1802
2131
1076
2176
2139
2082
1999
2085
2065
1962
1076
2082
2166
2176
2065
2082
1844
2039
2166
2166
1185
2030
2030
2183
1934
1844
1999
2028
2139
2129
2082
2183
2166
2064
2139
2000
2039
1845
1884
2039
2131
2039
2099
2088
2103
2082
2039
2082
1076
2082
2176
2082
1597
2082
1937
1844
2085
1995
1802
2130
2102
2082
2082
2082
2139
1884
2039
1802
2082
2085
2101
2166
1885
2082
2139
2101
2131
1527
2100
2082
2166
1934
2082
2114
2082
2082
1185
2030
2082
2085
2111
2113
2139
2101
2082
2065
2082
2108
2082
2130
2111
2183
2139
2113
2183
2111
1933
1076
2113
2153
2113
1962
1885
2141
2184
2082
2082
2113
2103
2130
1934
1964
2129
2082
2141
1965
1934
2067
2000
2082
1962
2082
2138
1884
2101
2166
2039
2001
2039
2082
2166
1734
1962
1882
1588
2166
1962
2141
1185
2140
2039
2029
2082
2100
1999
2130
2113
2113
2176
2082
1844
2030
2108
2102
2129
1845
1940
2082
2063
2065
2140
2065
2028
2065
2131
2028
1998
2088
2028
2063
1595
2066
2131
2065
1597
1968
2139
