300
2035
2183
2183
2082
2103
2102
2176
2129
2000
2140
2139
2065
2101
2140
2034
2166
2028
2028
2113
2139
2184
1529
2176
2139
2082
1996
2129
2100
2000
2131
1934
2114
2102
2039
2129
2166
2079
1966
1933
2153
2153
1997
1996
2063
1883
2130
2063
2175
2113
2082
2120
2113
2063
2085
2099
2101
2039
2063
2082
2082
2129
2082
1995
1595
2082
2140
2129
2183
2176
2067
1666
1964
2129
2029
2039
2102
1997
2141
2140
2153
1995
2113
1588
1998
1530
1938
2176
2176
2082
1998
2176
2130
2082
2082
2085
2082
1596
2085
2031
2176
2112
1997
2176
2129
2153
2028
2185
1937
1998
2138
2140
2002
2082
2166
2028
2111
2113
1937
1940
974
2131
1885
2130
2082
1933
1724
2082
2176
2031
2103
2129
2183
1802
2032
2183
2082
2029
1999
2028
2039
2028
2153
2082
2166
1597
2000
2183
2176
1076
2140
1934
2028
2002
2153
2000
2069
2175
2176
2113
2175
2100
2065
2039
2032
1937
2084
1885
2176
2176
2131
2153
2029
1076
2030
2082
2000
2131
2082
2065
2082
2131
2183
2028
2085
2131
2176
2082
2176
2082
2085
2064
2082
2031
2131
2130
2082
2176
1998
1884
2183
2082
1996
2101
2153
2032
1884
2153
2000
1996
2130
2100
2082
2183
2030
2028
1933
2028
2129
2085
2082
2113
2082
2130
1530
2000
2000
1884
1527
2129
2166
1965
2183
2028
2101
2028
2130
2082
2166
2082
2111
2028
1994
2100
1962
1996
2130
1999
2131
2176
2065
1884
1998
2000
1939
1882
2131
2030
2111
2082
2028
2102
1666
2153
2030
1723
2065
2101
1595
1884
2175
1934
2065
2185
2183
2082
2175
2057
2176
2113
2103
2129
2176
2082
2082
2130
2000
2082
1530
2113
2065
2039
2108
2113
2028
1962
1666
2111
2114
1666
2131
