400
7120
8070
8059
9662
12760
11405
8671
20898
15049
5205
15048
5035
14310
17179
22167
14741
6342
6628
5333
14283
7197
15156
15437
11020
11441
13637
16002
642
20739
8003
20496
15612
8058
6037
821
2677
19271
7649
3435
9318
11078
731
9161
5264
22466
17613
20123
6386
10564
19683
6760
14351
8393
6280
18597
8329
15144
16826
221
8661
18929
10233
15316
19007
1663
3568
1063
19891
8395
9118
3172
3046
21409
6285
16827
5370
20401
412
18882
7423
5582
12685
10285
20040
9074
13299
10954
9243
773
1495
14739
11612
5625
741
4652
5690
20538
1713
17510
20162
20652
1989
8514
10558
16395
11178
3576
19361
19079
4891
2281
13306
4261
8788
18500
2616
7009
20002
6576
15651
3833
12478
10608
19894
6592
3299
1310
9292
5927
17551
2118
12150
475
17878
12991
13210
21700
7418
19470
18300
5345
15694
19531
6869
18049
4359
796
7107
11558
15536
7901
11236
6774
2713
21205
5999
15957
11052
13061
2724
14472
12774
15003
20811
13772
4741
7511
11149
2607
20796
15031
8303
2377
5718
5364
13052
10674
2783
5247
7728
4294
16483
12508
4946
21583
12271
4506
1082
6913
9143
9192
7513
1737
6274
12341
3257
13559
14682
12387
3485
8796
14391
18956
2610
6001
5544
7004
15959
20427
3727
2467
19237
5027
7001
6945
5596
7610
18901
3282
9858
11319
6905
5062
11013
730
201
13307
16307
6998
12748
2420
15408
13032
2469
2933
14786
6918
7967
9690
20725
3272
11379
10226
1225
5477
166
6094
11876
915
13943
6095
13964
20888
807
8761
16165
4077
9801
14947
7717
19893
16760
13692
11181
18012
5358
6451
1301
267
20514
11792
7270
17201
12621
6762
16489
6715
1837
504
6469
2556
10026
20880
9129
13662
18292
6770
19736
2038
17210
4474
5875
11905
7873
15024
21462
12074
3341
609
15269
17538
12433
9218
15813
14573
269
1804
14796
2790
5213
11923
19294
19508
736
11167
16789
14226
17449
22055
18933
10655
5505
10663
127
10685
10577
1903
16355
10442
14804
7005
15673
8487
16366
7207
9030
16402
14610
13689
3678
12531
7211
14826
5262
16877
19877
17617
9172
13436
15950
5352
18277
13305
8632
875
10881
3417
20006
1424
6114
3603
11542
15896
3600
18018
619
14797
5427
7289
10948
15099
12460
7830
2388
13073
13962
13445
15231
12518
19796
7259
181
13916
5960
14319
2646
13865
8770
17245
11447
7096
15372
14036
227
17287
4539
10324
5667
13343
5931
