400
73
3867
13847
3762
3980
19624
5610
3551
15399
17684
12011
10016
7407
7748
15348
12269
5987
11287
20268
15767
15318
15493
11973
1454
20628
6353
6387
19261
6391
2934
332
2417
17341
12989
875
15429
16829
16792
4891
15515
2438
17251
13600
12727
12451
9343
7235
5096
14841
21113
13869
2272
3828
805
19562
11774
11196
3449
42
8917
19119
4415
32
9369
5195
10108
712
1821
6348
5238
12815
12772
14817
20992
14117
17713
8196
16737
4737
2523
15955
13723
19772
7066
14259
6307
15433
10545
1534
11192
11121
4356
12470
5299
7184
18809
10336
15335
5757
8179
16383
1481
19631
9222
1244
21265
7322
727
3030
8190
10904
8135
2991
7800
1761
14388
11965
19614
13826
10517
6759
16908
12994
4833
679
17721
19370
19659
15733
11521
4941
21049
8638
14851
3174
1866
14012
10311
4117
14965
5283
19371
21467
12864
9935
7866
14279
13866
17258
19601
6270
9432
23
6771
12044
19493
13277
19534
10224
2953
8942
2785
17301
19907
9006
17705
706
22049
6015
7718
9332
13290
6924
7836
6383
7000
15161
6557
2469
8658
10939
5603
9838
107
11369
8346
2401
3991
9011
17771
10340
920
2912
1729
3152
1978
10480
3544
18268
15632
1515
4186
2229
8884
15670
5008
11845
18902
1763
9990
19284
12711
10312
9633
9021
2504
14375
1643
11729
13673
13188
17150
3988
10154
9721
20381
12636
2787
15535
11071
8123
10342
381
8126
3697
270
3072
17047
5100
941
7246
915
9047
10230
11357
12706
3888
764
18352
4145
1849
15101
15835
7797
4158
3663
11487
4894
5477
6611
5948
13680
13837
6221
8441
13797
2246
197
13080
8473
14007
8260
5543
8926
15523
211
15285
1663
9771
18265
2092
7164
5654
15966
16613
13802
12056
14212
7336
7520
12353
16417
17286
15480
8369
8293
3986
1628
9202
17510
14141
2661
876
5999
3908
7216
8490
19100
20419
14067
14901
10636
21262
4347
202
10504
10704
5922
19190
15360
18824
5839
7093
21275
2860
7749
20878
18120
13207
3679
1692
8887
7751
12104
2599
9830
5085
20019
7901
15473
21057
804
13582
18644
631
10961
12916
1152
18288
3838
9035
16398
1675
16713
9231
1915
7287
16254
445
14153
11648
16794
7047
3769
8694
6642
14933
762
10627
8706
14136
5342
6018
2420
15534
20139
16993
17018
4936
18825
16810
9658
11761
5390
6096
9161
1094
2496
607
19086
1011
18811
13827
6821
8254
18348
6735
3925
19345
5986
