100
398
15894
14280
2511
13787
19388
9586
13679
15061
7318
8338
13780
11745
3124
8426
1231
10549
17421
14925
4343
14827
8469
1499
803
17097
14902
4971
13771
8647
3447
19194
17977
11215
11076
17033
16115
8296
8321
1846
13160
15383
17109
9648
12865
8959
12847
12815
12150
19017
5915
7571
4248
10435
5083
16145
13224
17589
2514
3028
14876
8950
4676
9548
5027
18297
10590
8623
21956
14417
4307
12499
1555
7973
17894
12176
12762
8787
9609
10938
8153
5348
5927
3972
20629
6520
11336
10364
15822
9300
590
16708
11115
9608
6319
11744
17917
8279
17138
10020
10912
