100
2195
5949
383
18578
288
2727
39
6873
14028
11209
11071
7670
7127
11300
16106
3403
9749
531
2696
7187
8629
16988
17407
2998
15330
6256
12125
114
18177
4586
2955
2368
20132
14981
202
6496
16027
17714
12929
16493
215
20544
20893
13464
18004
4278
5022
16921
14987
7298
6603
12713
5524
10420
10475
10020
17282
6625
11194
17827
12565
3581
14804
18674
16808
15472
6505
9372
20056
5649
492
1602
17125
5060
2713
563
6384
11404
5921
2210
7401
3227
19792
13278
10130
2492
15154
6498
20248
14203
2382
15462
7641
12067
4821
111
1200
9408
15
7781
