100
19780
9715
11481
14597
4739
2058
2332
8759
17968
2334
2180
21344
3509
15135
1310
12251
9287
16014
7730
14057
9771
87
4976
4022
8826
5151
3096
7405
8994
6126
21847
10733
8653
119
7156
12563
13824
8380
5150
8305
9086
3972
13135
5589
9573
12774
15743
11383
6478
1993
2147
3619
2772
7285
4807
12377
7782
8735
10364
5423
10290
6916
13352
7304
12722
15319
15505
6709
16019
2713
9056
18888
9240
10300
8382
2202
12985
2920
20838
9108
13286
15891
726
18944
7903
6344
6434
1023
9416
79
17289
15801
5786
18569
18818
245
1309
7026
20733
9256
