100
3001
3489
10682
10344
9508
12868
9954
5089
3322
7861
6844
16733
8331
9182
9836
17909
20609
15944
10695
14835
910
15111
8056
8828
19808
7027
4204
18812
5122
3397
3009
2964
20516
8920
13821
17422
10537
978
5070
20506
12452
1834
11812
16252
7891
21137
442
298
3247
7393
6155
13027
10025
6300
7838
15951
13441
8512
7466
3245
12248
7078
12578
1524
18972
17191
6218
18175
2455
13677
3849
5554
14728
5104
11087
4312
14934
8929
5726
20280
19179
2046
20006
15526
10084
1602
12538
17190
236
14776
12511
16610
14183
2249
16504
3217
11611
4959
7037
1776
