100
428
9447
2855
5249
5008
6375
6023
9709
10914
1236
4688
10452
2610
6648
7389
3147
10989
5473
4254
658
10271
3450
4214
3703
1601
8488
2006
4330
5751
2333
1694
6376
5352
5088
4919
7875
6983
938
3561
4869
9463
9788
380
3373
7364
9944
5886
247
7059
9098
2914
10743
5784
1378
5212
9422
1268
752
6787
4448
6725
5815
9822
4348
6819
7448
1026
6885
5236
5746
4570
1534
3971
6017
5863
6369
4420
7824
8114
8115
1683
6132
2697
9116
7979
1543
9831
4849
579
7224
10133
4463
6052
1794
7280
11964
11372
7774
3350
11672
