300
7537
5467
7705
6893
3190
8956
7708
5645
5803
1706
1558
7242
6203
322
4995
9097
342
4526
3176
8331
11491
9470
11369
906
9631
7948
6253
4390
6304
2408
314
8312
9880
8017
4122
2752
2207
8662
104
4638
8491
341
8656
7034
11329
1655
1253
8033
2979
3239
399
8205
2439
4858
10986
8624
5932
9306
9105
1748
4680
438
4458
4866
5474
1652
5260
5426
7883
5621
8694
1158
6393
377
10547
7128
5854
4978
84
433
7368
6977
10662
3389
4518
1058
5671
4278
9626
6485
10490
8285
3827
7007
3356
3170
9454
6270
7559
10099
8489
4543
4021
10175
4143
3713
3378
1002
905
2081
6020
6969
5465
1654
1634
6662
3864
10771
4986
2741
5666
11157
8156
5687
10026
5613
6314
9499
456
4016
308
1820
4510
1005
9207
743
2216
3766
7580
4389
9108
3933
7917
9453
8500
7799
6790
2204
1700
7470
319
6746
4915
7578
400
4780
2726
871
6775
1182
1046
2736
5818
8447
6430
10292
10681
1294
5994
926
8830
3593
6191
8781
5216
2050
213
2230
10484
590
2032
757
5298
3120
4731
1075
850
1628
1987
4121
4002
5962
2432
6512
4252
771
4972
8873
534
10495
672
8860
2614
4457
5390
9892
1133
11484
6528
4784
8571
8292
6952
2626
7299
262
3796
4130
1220
4709
9032
7330
3159
4685
508
9661
6648
10738
10816
7434
1796
7189
10212
7429
1495
8851
10944
2610
1108
3869
1021
8360
7838
3237
9965
4763
1094
7680
11473
10732
2872
2625
9169
1209
266
8482
5567
9260
10767
4368
8356
7050
2447
775
7472
3053
8899
2464
8224
6232
6038
6412
2034
7702
4964
3879
5218
9465
6992
4349
1941
735
1522
2200
2520
5400
10664
9068
1247
9683
1060
8463
6922
9432
7717
2125
5014
1927
2560
8470
