100
2013
7370
5043
1333
2161
7225
1932
2036
2871
8742
5776
2745
10279
2955
4569
404
5787
3502
1849
6680
1588
3100
2403
8208
3134
6543
9088
2365
11165
9531
8738
1378
4095
3729
744
3852
7977
1665
497
6858
5663
6477
1801
2676
6387
1813
3083
9115
3834
5730
9667
7273
7477
3881
9007
4267
9159
897
7259
6768
2895
3588
4465
8473
9613
9174
8851
11175
7039
3009
11162
7997
8320
6929
2556
5628
11341
11488
1389
5325
7535
2419
3454
3471
1521
475
10688
4540
9790
2306
9056
6891
7347
10922
6833
9093
8433
5191
11622
7768
