300
7578
6266
6245
8428
10926
7468
5689
8737
4612
9286
8880
10512
8807
11173
1092
1873
5069
2705
4100
59
2675
740
9998
1045
4806
6234
9290
7815
10153
365
10273
3811
8682
2780
9918
5738
7628
2858
9577
3189
106
906
7919
9575
2743
5256
8423
1220
6126
7663
10911
5823
8004
8789
4238
15
7746
8152
5404
5765
4048
2456
2587
3997
913
10715
309
4383
1651
5181
7391
4997
6992
2725
3800
313
5328
1780
4454
8646
4950
8704
735
9158
10022
807
7377
6784
122
3423
7246
1087
5963
4206
10444
399
9880
267
5078
100
8775
10465
1191
6407
2911
7570
7381
980
699
8876
8304
354
1000
9384
7545
4069
493
6978
10165
1627
3879
1774
11773
9656
2263
7860
9937
7804
2264
4509
7943
1821
6606
1096
8676
5687
3822
3106
9574
11109
4977
3996
4007
3390
2297
5827
1167
2676
2594
1691
3700
7196
1214
2744
4635
6210
3484
2169
9503
3149
11494
9445
4285
6262
6877
1245
4798
829
2538
2470
6155
10166
6900
538
3531
1480
5600
2181
1218
4515
288
8801
592
1062
8797
3744
3546
1288
6027
2628
1557
5647
2798
3863
7350
8628
9660
23
7183
3246
8659
2614
1950
7029
4873
1175
3333
1006
5359
9800
1937
7359
6153
4017
3816
1409
3085
9986
1726
11308
5122
1942
2695
9118
801
2561
3103
7800
1934
3369
6651
5229
5745
5677
8540
6941
5472
9900
7445
2794
2509
4429
1571
2318
7831
5797
7552
9489
9859
4404
7859
7229
3015
6656
7565
3719
2510
5758
3093
86
8874
8205
11143
357
4431
9493
5763
8505
1710
10308
3278
6747
5397
1983
11644
2390
1093
1364
8307
9476
1448
6416
9689
4381
2073
7486
9123
8487
1242
3555
9288
1491
8767
574
4826
2723
3738
4030
7978
5099
