300
8440
7273
9663
8295
887
3728
1096
7330
2599
650
6048
948
5598
6259
6526
1312
4437
2240
5244
5775
6111
10228
8238
6093
2513
3534
9626
8048
8702
6602
9111
5122
3790
5747
4414
9643
2636
9824
645
5931
1000
9055
2600
1797
1318
2339
1051
10512
6343
6380
3776
1747
10310
4149
8155
10199
518
2034
8516
5399
7966
2208
1266
3621
577
5310
10031
6762
8380
5671
7495
4545
6465
10293
328
4815
1380
2325
2571
9632
23
6656
3491
3261
7083
10514
1027
1428
7944
1221
1162
2916
4891
8877
158
1677
9513
2942
11474
3425
6778
10478
9483
4868
245
6718
319
7348
7478
7455
1156
4186
9232
9685
130
6959
10818
8923
3435
1299
173
7011
9145
3686
6900
8500
2982
9128
352
6231
4975
4889
1075
11179
8860
6136
4848
7174
7861
1149
1368
7963
11962
9216
4346
10936
3734
5956
10296
918
1352
133
3321
9433
6877
4579
8751
10463
4293
3963
207
5383
263
3637
3104
3991
830
7746
4811
2660
6679
2480
2746
9986
1754
531
626
688
9600
3409
2579
3076
5241
1915
859
1124
3152
818
1026
2005
3883
6866
9798
8442
11473
628
1436
2965
698
9869
541
10744
7501
1130
4210
5615
4158
10136
8956
10780
11755
634
10769
6938
10174
9910
5776
10185
1524
7696
3012
4036
5905
4269
4390
3146
3199
8208
1360
7860
8464
1419
8205
7038
4484
562
7356
8924
10972
1114
9172
9900
6948
10474
379
5499
5834
5107
6580
11111
8207
11463
6044
10521
9533
4885
9258
1665
10440
5812
1466
11490
2102
664
9899
3190
9802
4247
9492
5689
3396
905
9905
8849
7914
180
9220
4921
2678
8811
25
10961
1823
5141
9179
7727
1134
2415
5001
734
6198
4786
7121
4164
3993
7400
3025
4015
464
5963
