100
8486
9603
10439
9496
9778
7501
2426
6327
9860
3221
6423
5173
7574
10458
5160
2844
10501
6239
7488
8749
5039
10528
3825
7503
2114
9694
9910
8197
7562
10271
5647
8212
4686
5649
2267
3128
6784
10068
3337
5407
2965
9833
3599
10683
2537
3476
9487
2027
1931
3234
705
6787
3443
7844
3009
53
7173
7737
11123
1222
9876
6742
7433
6491
4192
6891
5478
6135
3510
9811
9849
11302
4689
3564
449
1157
11633
9902
4446
7295
3315
9596
5145
4716
5809
3211
10207
5863
8349
10919
9936
1660
11491
1135
7712
8282
4921
3333
1861
10434
