300
3762
8004
375
4121
5075
4782
129
9469
1305
4085
2911
7997
1268
10908
10134
9929
4005
3991
8750
3282
3726
2487
4284
4087
3728
11270
1544
701
484
1005
7060
522
10436
4242
10070
3652
4430
3267
6979
3905
8671
9307
1470
306
1703
4906
1728
99
2164
5577
1246
8896
1693
5709
2670
1314
8418
11309
1402
6425
82
8296
7303
442
921
7057
2897
9304
6063
6159
10454
10975
7095
3942
8484
10278
9150
7647
6463
9880
1040
2796
5684
4920
1422
6806
7612
8779
5807
4293
8873
6810
2509
8911
6149
342
9795
3525
4424
4049
8009
9793
723
10549
8001
2165
6499
8260
10470
8702
3363
4998
2143
1850
9552
4414
8932
8161
10968
4202
3874
5228
837
4427
10457
7763
2201
5313
3987
7480
8411
4442
877
3930
2848
9834
2784
11314
5572
2174
4102
814
3663
5863
496
7013
5252
1364
8403
3938
7352
10315
8310
6106
813
3083
3546
2642
4882
8337
10998
2524
9425
8926
8854
963
1437
2915
234
5754
11637
2
8687
232
9757
6047
11132
9155
702
1383
8012
10138
113
3643
5678
2530
918
844
3854
17
5551
3866
3443
1804
10538
10479
2816
7072
1753
7506
357
2546
1269
5139
1782
2503
183
4716
5875
8400
1242
10171
1270
7794
3472
4204
8614
10430
4737
9994
2019
1542
3316
9557
6242
1898
892
774
4638
5406
7353
8745
10008
3903
11770
2636
1992
11320
5624
2372
180
4681
11370
9121
9178
6871
6614
7977
1137
1908
6230
1652
11764
1191
215
8618
2759
3969
2337
10761
11117
2308
6367
6603
6243
5734
8887
6379
9551
1585
4876
6440
217
7761
5828
4409
2272
9727
5570
9951
5368
6493
2413
945
8344
4386
6248
9296
4438
9265
8146
5272
8238
8294
2597
5392
2246
4174
1619
8720
